-5.821309983730316162e-02
-4.219838231801986694e-02
-4.497574269771575928e-02
-5.534537509083747864e-02
-5.224958434700965881e-02
-5.527926981449127197e-02
-6.144578382372856140e-02
-6.194788590073585510e-02
-6.558387726545333862e-02
-7.099829614162445068e-02
-7.288482040166854858e-02
-7.106862962245941162e-02
-7.670301198959350586e-02
-7.991307228803634644e-02
-8.069073408842086792e-02
-8.259960263967514038e-02
-8.131304383277893066e-02
-8.546289801597595215e-02
-8.910668641328811646e-02
-9.322889149188995361e-02
-9.650886803865432739e-02
-9.339892119169235229e-02
-9.829841554164886475e-02
-9.938208758831024170e-02
-1.006858721375465393e-01
-1.007306799292564392e-01
-1.015778109431266785e-01
-1.014006957411766052e-01
-9.938927739858627319e-02
-1.016555279493331909e-01
-9.985651820898056030e-02
-1.003760397434234619e-01
-1.007229015231132507e-01
-9.990652650594711304e-02
-1.001357659697532654e-01
-9.881292283535003662e-02
-9.599176794290542603e-02
-9.456220269203186035e-02
-9.396615624427795410e-02
-9.305211156606674194e-02
-9.281208366155624390e-02
-9.343175590038299561e-02
-9.057317674160003662e-02
-8.762391656637191772e-02
-8.674542605876922607e-02
-8.608072996139526367e-02
-8.579938113689422607e-02
-8.545605093240737915e-02
-8.492856472730636597e-02
-8.365469425916671753e-02
-8.264427632093429565e-02
-8.111471682786941528e-02
-8.048918098211288452e-02
-7.849734276533126831e-02
-7.754293829202651978e-02
-7.612656056880950928e-02
-7.555378228425979614e-02
-7.264342904090881348e-02
-7.250373810529708862e-02
-7.156838476657867432e-02
-7.008825242519378662e-02
-7.012327760457992554e-02
-6.905037164688110352e-02
-6.765633821487426758e-02
-6.601387262344360352e-02
-6.353416293859481812e-02
-6.324100494384765625e-02
-6.075574457645416260e-02
-5.973439291119575500e-02
-5.808016657829284668e-02
-5.701962113380432129e-02
-5.558145791292190552e-02
-5.491938441991806030e-02
-5.366195738315582275e-02
-5.241814255714416504e-02
-5.100216343998908997e-02
-4.978076741099357605e-02
-4.855808615684509277e-02
-4.739039391279220581e-02
-4.563048481941223145e-02
-4.494962841272354126e-02
-4.355679452419281006e-02
-4.233438149094581604e-02
-4.091204702854156494e-02
-4.000416025519371033e-02
-3.907062858343124390e-02
-3.806529194116592407e-02
-3.700593858957290649e-02
-3.605476394295692444e-02
-3.484781831502914429e-02
-3.380098193883895874e-02
-3.275426477193832397e-02
-3.159550577402114868e-02
-3.072780743241310120e-02
-3.028163500130176544e-02
-2.954331599175930023e-02
-2.879816293716430664e-02
-2.786799706518650055e-02
-2.720926143229007721e-02
-2.629503421485424042e-02
-2.543360367417335510e-02
-2.475165389478206635e-02
-2.387451939284801483e-02
-2.333569526672363281e-02
-2.264182083308696747e-02
-2.193755283951759338e-02
-2.129732817411422729e-02
-2.055613137781620026e-02
-1.995528303086757660e-02
-1.928922720253467560e-02
-1.870629377663135529e-02
-1.796867325901985168e-02
-1.750271208584308624e-02
-1.694118231534957886e-02
-1.634883321821689606e-02
-1.582440920174121857e-02
-1.525737065821886063e-02
-1.474769879132509232e-02
-1.416096650063991547e-02
-1.371497660875320435e-02
-1.325833238661289215e-02
-1.280026417225599289e-02
-1.236466597765684128e-02
-1.190678030252456665e-02
-1.147436536848545074e-02
-1.107238698750734329e-02
-1.069042645394802094e-02
-1.031771954149007797e-02
-9.947218932211399078e-03
-9.585737250745296478e-03
-9.255545213818550110e-03
-8.936170488595962524e-03
-8.632275275886058807e-03
-8.317486383020877838e-03
-8.004252798855304718e-03
-7.712914142757654190e-03
-7.433235179632902145e-03
-7.166827097535133362e-03
-6.898273248225450516e-03
-6.653467193245887756e-03
-6.413929630070924759e-03
-6.182457320392131805e-03
-5.951519124209880829e-03
-5.734879523515701294e-03
-5.533909425139427185e-03
-5.331206601113080978e-03
-5.137751344591379166e-03
-4.945844877511262894e-03
-4.762995522469282150e-03
-4.591514822095632553e-03
-4.416253883391618729e-03
-4.254508763551712036e-03
-4.098894074559211731e-03
-3.949954174458980560e-03
-3.806327935308218002e-03
-3.663890296593308449e-03
-3.526553045958280563e-03
-3.397464053705334663e-03
-3.268220461905002594e-03
-3.144727321341633797e-03
-3.030539024621248245e-03
-2.920128172263503075e-03
-2.813718048855662346e-03
-2.710331231355667114e-03
-2.610805211588740349e-03
-2.514227759093046188e-03
-2.421261277049779892e-03
-2.330064307898283005e-03
-2.243990311399102211e-03
-2.160327741876244545e-03
-2.080369507893919945e-03
-2.003678120672702789e-03
-1.928752521052956581e-03
-1.855865819379687309e-03
-1.786204753443598747e-03
-1.719119842164218426e-03
-1.654635649174451828e-03
-1.591971493326127529e-03
-1.532588968984782696e-03
-1.475474331527948380e-03
-1.420119893737137318e-03
-1.366175245493650436e-03
-1.314577180892229080e-03
-1.265027560293674469e-03
-1.217279932461678982e-03
-1.171195297501981258e-03
-1.127125578932464123e-03
-1.084301620721817017e-03
-1.043448923155665398e-03
-1.003895071335136890e-03
-9.659125353209674358e-04
-9.294092305935919285e-04
-8.941475534811615944e-04
-8.600449655205011368e-04
-8.272751001641154289e-04
-7.959112408570945263e-04
-7.656432571820914745e-04
-7.365772617049515247e-04
-7.085514371283352375e-04
-6.815536180511116982e-04
-6.555471336469054222e-04
-6.305488059297204018e-04
-6.065035122446715832e-04
-5.833820323459804058e-04
-5.611922242678701878e-04
-5.398865323513746262e-04
-5.192161188460886478e-04
-4.993906477466225624e-04
-4.802952171303331852e-04
-4.619694082066416740e-04
-4.443589423317462206e-04
-4.273873055353760719e-04
-4.110511799808591604e-04
-3.953541745431721210e-04
-3.802504215855151415e-04
-3.657494380604475737e-04
-3.517553559504449368e-04
-3.383003640919923782e-04
-3.253702307119965553e-04
-3.129418182652443647e-04
-3.009314241353422403e-04
-2.894194913096725941e-04
-2.783506643027067184e-04
-2.677089069038629532e-04
-2.574532700236886740e-04
-2.475820947438478470e-04
-2.381189551670104265e-04
-2.289946423843502998e-04
-2.202310861321166158e-04
-2.118005941156297922e-04
-2.036883961409330368e-04
-1.958900975296273828e-04
-1.883840741356834769e-04
-1.811622933018952608e-04
-1.742317981552332640e-04
-1.675578241702169180e-04
-1.611408806638792157e-04
-1.549595763208344579e-04
-1.490199356339871883e-04
-1.433119614375755191e-04
-1.378177403239533305e-04
-1.325379125773906708e-04
-1.274616661248728633e-04
-1.225727319251745939e-04
-1.178758684545755386e-04
-1.133594923885539174e-04
-1.090126825147308409e-04
-1.048387566697783768e-04
-1.008160397759638727e-04
-9.694731852505356073e-05
-9.323026461061090231e-05
-8.965519373305141926e-05
-8.621913002571091056e-05
-8.291220001410692930e-05
-7.973430911079049110e-05
-7.667516183573752642e-05
-7.373298285529017448e-05
-7.090584404068067670e-05
-6.818633119110018015e-05
-6.557074084412306547e-05
-6.305479473667219281e-05
-6.063776163500733674e-05
-5.830982991028577089e-05
-5.607364437310025096e-05
-5.392332604969851673e-05
-5.185420013731345534e-05
-4.986422572983428836e-05
-4.795126733370125294e-05
-4.611028634826652706e-05
-4.434130460140295327e-05
-4.264012022758834064e-05
-4.100440492038615048e-05
-3.943107731174677610e-05
-3.791820927290245891e-05
-3.646295590442605317e-05
-3.506378561723977327e-05
-3.371826460352167487e-05
-3.242398452130146325e-05
-3.118006861768662930e-05
-2.998380114149767905e-05
-2.883289926103316247e-05
-2.772658626781776547e-05
-2.666229738679248840e-05
-2.563941416156012565e-05
-2.465541183482855558e-05
-2.370912807236891240e-05
-2.279920408909674734e-05
-2.192464671679772437e-05
-2.108316584781277925e-05
-2.027400114457122982e-05
-1.949616307683754712e-05
-1.874792542366776615e-05
-1.802840961317997426e-05
-1.733662429614923894e-05
-1.667118158366065472e-05
-1.603140299266669899e-05
-1.541602978250011802e-05
-1.482441530242795125e-05
-1.425569735147291794e-05
-1.370846621284727007e-05
-1.318237445957493037e-05
-1.267638526769587770e-05
-1.218993020302150398e-05
-1.172207066701957956e-05
-1.127217456087237224e-05
-1.083954884961713105e-05
-1.042352778313215822e-05
-1.002356930257519707e-05
-9.638872143113985658e-06
-9.268906978832092136e-06
-8.913203600968699902e-06
-8.571044418204110116e-06
-8.242099283961579204e-06
-7.925757927296217531e-06
-7.621548775205155835e-06
-7.329056643357034773e-06
-7.047729923215229064e-06
-6.777258931833785027e-06
-6.517173915199236944e-06
-6.267065600695786998e-06
-6.026486516930162907e-06
-5.795187007606728002e-06
-5.572769623540807515e-06
-5.358884664019569755e-06
-5.153203801455674693e-06
-4.955422809871379286e-06
-4.765221547131659463e-06
-4.582331712299492210e-06
-4.406469543027924374e-06
-4.237339908286230639e-06
-4.074700427736388519e-06
-3.918305992556270212e-06
-3.767921270991791971e-06
-3.623305701694334857e-06
-3.484237140582990833e-06
-3.350497308929334395e-06
-3.221902034056256525e-06
-3.098238039456191473e-06
-2.979335476993583143e-06
-2.864989937734208070e-06
-2.755028390311053954e-06
-2.649283032951643690e-06
-2.547602434788132086e-06
-2.449825615258305334e-06
-2.355798187636537477e-06
-2.265382363475509919e-06
-2.178436943722772412e-06
-2.094829824272892438e-06
-2.014424580920604058e-06
-1.937108663696562871e-06
-1.862760427684406750e-06
-1.791266299733251799e-06
-1.722514866742130835e-06
-1.656401650507177692e-06
-1.592825469742820133e-06
-1.531690031697507948e-06
-1.472903818466875236e-06
-1.416373379470314831e-06
-1.362010038974403869e-06
-1.309733761445386335e-06
-1.259464283975830767e-06
-1.211124867950275075e-06
-1.164641048490011599e-06
-1.119940407079411671e-06
-1.076956323231570423e-06
-1.035622062772745267e-06
-9.958743021343252622e-07
-9.576510819897521287e-07
-9.208952747030707542e-07
-8.855500368554203305e-07
-8.515615377291396726e-07
-8.188777087525522802e-07
-7.874481298131286167e-07
-7.572248819087690208e-07
-7.281615808096830733e-07
-7.002137749623216223e-07
-6.733387181157013401e-07
-6.474950851043104194e-07
-6.226433129086217377e-07
-5.987454301248362754e-07
-5.757647727477888111e-07
-5.536663252314610872e-07
-5.324158678376988973e-07
-5.119811135045893025e-07
-4.923302867609891109e-07
-4.734340279810567154e-07
-4.552628638521127868e-07
-4.377896800633607199e-07
-4.209866517612681491e-07
-4.048289952152117621e-07
-3.892911024649947649e-07
-3.743496961305936566e-07
-3.599811861931812018e-07
-3.461641426838468760e-07
-3.328778745981253451e-07
-3.201016056664229836e-07
-3.078155259572668001e-07
-2.960014171549119055e-07
-2.846402367140399292e-07
-2.737157274168566801e-07
-2.632100120081304340e-07
-2.531079985601536464e-07
-2.433935435419698479e-07
-2.340515550258714939e-07
-2.250685184890244273e-07
-2.164298820162002812e-07
-2.081229411032836651e-07
-2.001348633484667516e-07
-1.924535553143869038e-07
-1.850669661962456303e-07
-1.779638409971084911e-07
-1.711331663045712048e-07
-1.645650655746067059e-07
-1.582488238227597321e-07
-1.521750760957729653e-07
-1.463343295426966506e-07
-1.407179439638639451e-07
-1.353170944184967084e-07
-1.301236807194072753e-07
-1.251291905646212399e-07
-1.203267885330205900e-07
-1.157085520731016004e-07
-1.112676812908830470e-07
-1.069970636535799713e-07
-1.028904179634082539e-07
-9.894137775745548424e-08
-9.514388921161298640e-08
-9.149203350489187869e-08
-8.798033235279945075e-08
-8.460362010964672663e-08
-8.135626927696648636e-08
-7.823387448979701730e-08
-7.523114220475690672e-08
-7.234370258402123000e-08
-6.956697973237169208e-08
-6.689698039963332121e-08
-6.432963317593021202e-08
-6.186046164202707587e-08
-5.948627901375402871e-08
-5.720316309520967479e-08
-5.500752919829210441e-08
-5.289638949079744634e-08
-5.086612731020068168e-08
-4.891382943128519400e-08
-4.703646538928296650e-08
-4.523110419540898874e-08
-4.349511684154094837e-08
-4.182567536759052018e-08
-4.022037458639715624e-08
-3.867667786039419298e-08
-3.719220842413051287e-08
-3.576466056642857438e-08
-3.439197726606835204e-08
-3.307194873514163191e-08
-3.180260321755667974e-08
-3.058205066963637364e-08
-2.940834775699840975e-08
-2.827958311968359340e-08
-2.719422553809636156e-08
-2.615047911547208059e-08
-2.514681973764254508e-08
-2.418155453653980658e-08
-2.325346137865835772e-08
-2.236097529362268688e-08
-2.150277822465795907e-08
-2.067746329714736930e-08
-1.988383857565168000e-08
-1.912066238674015040e-08
-1.838678187482400972e-08
-1.768105839516920241e-08
-1.700243323909944593e-08
-1.634986190879317292e-08
-1.572234076263612224e-08
-1.511890879157817835e-08
-1.453862275013761973e-08
-1.398059978896526445e-08
-1.344403788294812330e-08
-1.292803553099020064e-08
-1.243182801147213468e-08
-1.195468346537609250e-08
-1.149583983561797140e-08
-1.105459634942462799e-08
-1.063030374837126146e-08
-1.022229678682151643e-08
-9.829953739881602814e-09
-9.452676863475062419e-09
-9.089850649957043061e-09
-8.740991042088808172e-09
-8.405474538619728264e-09
-8.082877478443606378e-09
-7.772651855475487537e-09
-7.474321606082412472e-09
-7.187439532430062172e-09
-6.911590411107226828e-09
-6.646304839819094923e-09
-6.391214668610700755e-09
-6.145909559052142868e-09
-5.910021805277665408e-09
-5.683186365956771624e-09
-5.465059516041037568e-09
-5.255301083195718093e-09
-5.053597540438659053e-09
-4.859640689858224505e-09
-4.673134323951444458e-09
-4.493768912539053417e-09
-4.321291768860646698e-09
-4.155436883479524113e-09
-3.995948461010812025e-09
-3.842586249191981551e-09
-3.695105776913010232e-09
-3.553280336632269609e-09
-3.416910754339141931e-09
-3.285755667548073689e-09
-3.159644768047087382e-09
-3.038370666175183032e-09
-2.921753061713161514e-09
-2.809609211951169527e-09
-2.701778134550636423e-09
-2.598082637916832027e-09
-2.498361517666580767e-09
-2.402475329787989722e-09
-2.310259539228809444e-09
-2.221593575768565643e-09
-2.136329113611168395e-09
-2.054326708744724783e-09
-1.975480889981895416e-09
-1.899659318738144975e-09
-1.826746420796609982e-09
-1.756636058836136272e-09
-1.689211659439138202e-09
-1.624378187514707861e-09
-1.562031837210042795e-09
-1.502081348192518817e-09
-1.444429242880573838e-09
-1.388992476591965897e-09
-1.335680011038675730e-09
-1.284412021185232788e-09
-1.235116120490431513e-09
-1.187713483119523517e-09
-1.142127170616902276e-09
-1.098291790846417371e-09
-1.056137177712912489e-09
-1.015601713838520936e-09
-9.766223385554440028e-10
-9.391396549318642428e-10
-9.030951542143839106e-10
-8.684358787647283862e-10
-8.351009883611482110e-10
-8.030497378186396418e-10
-7.722286698985669773e-10
-7.425896009216614857e-10
-7.140871782773672294e-10
-6.866793245130509149e-10
-6.603231295088107800e-10
-6.349806791483558754e-10
-6.106083971779696640e-10
-5.871716446392838407e-10
-5.646366707523498008e-10
-5.429648397559105888e-10
-5.221256760279402442e-10
-5.020858173665487811e-10
-4.828152322389200890e-10
-4.642856932246530732e-10
-4.464658642788776888e-10
-4.293293498491834725e-10
-4.128509201173358178e-10
-3.970062611990954338e-10
-3.817686999862957009e-10
-3.671169757080150475e-10
-3.530271353024971859e-10
-3.394776681986400035e-10
-3.264481462927903976e-10
-3.139188353706856560e-10
-3.018700289736386821e-10
-2.902836304663480860e-10
-2.791424591475077932e-10
-2.684283073595139513e-10
-2.581264368917146612e-10
-2.482191119312915362e-10
-2.386918995789244491e-10
-2.295307277577762761e-10
-2.207213162241927762e-10
-2.122499537238198286e-10
-2.041038588140864363e-10
-1.962698059632117520e-10
-1.887366235520104851e-10
-1.814930011834192669e-10
-1.745270317154989925e-10
-1.678284733408474949e-10
-1.613867789407308351e-10
-1.551925671305909304e-10
-1.492362483590525812e-10
-1.435085383860723596e-10
-1.380005831830288798e-10
-1.327036813769666423e-10
-1.276105193737109289e-10
-1.227127288672136274e-10
-1.180029268743609805e-10
-1.134739871511136755e-10
-1.091188112090080153e-10
-1.049306891376389217e-10
-1.009031885823574726e-10
-9.703056413901123278e-11
-9.330639039184518424e-11
-8.972507459237277772e-11
-8.628149583689292967e-11
-8.296990178235930102e-11
-7.978551153087209968e-11
-7.672331520103270464e-11
-7.377851801715351598e-11
-7.094684562058972688e-11
-6.822392650818187576e-11
-6.560548632128515578e-11
-6.308745886807187730e-11
-6.066601387910708354e-11
-5.833764027407539743e-11
-5.609871248091202744e-11
-5.394561533589303792e-11
-5.187523674510252647e-11
-4.988405868933121212e-11
-4.796954847230416874e-11
-4.612845869167436774e-11
-4.435790623702473567e-11
-4.265548678161756868e-11
-4.101832762337664917e-11
-3.944398974109475375e-11
-3.793011044139760202e-11
-3.647439988929690458e-11
-3.507439824690372632e-11
-3.372823895175791620e-11
-3.243380911066573447e-11
-3.118893684983525816e-11
-2.999192214026003001e-11
-2.884075443743139289e-11
-2.773376320264198114e-11
-2.666928657080180898e-11
-2.564568869767303028e-11
-2.466135802514646258e-11
-2.371488595775961272e-11
-2.280464012072158653e-11
-2.192938018674706058e-11
-2.108770102982049366e-11
-2.027831548512271098e-11
-1.950003873651962039e-11
-1.875162525255547052e-11
-1.803195440186478038e-11
-1.733984310303693377e-11
-1.667428174700891219e-11
-1.603437001229668368e-11
-1.541896645085305551e-11
-1.482714472034185604e-11
-1.425806001043028459e-11
-1.371083628576297286e-11
-1.318461832766626429e-11
-1.267858647929775984e-11
-1.219197486024281574e-11
-1.172405662136499771e-11
-1.127406067807923407e-11
-1.084136773410460108e-11
-1.042525354238987845e-11
-1.002511962333585416e-11
-9.640363160534626275e-12
-9.270345775747035333e-12
-8.914544449845074325e-12
-8.572409275486858604e-12
-8.243405957841787313e-12
-7.927013212505329420e-12
-7.622762664138971189e-12
-7.330172926978129055e-12
-7.048839810452900423e-12
-6.778306648608234397e-12
-6.518139760575136776e-12
-6.267972686019307460e-12
-6.027400367009105864e-12
-5.796064149465873783e-12
-5.573604078268346029e-12
-5.359682316019576120e-12
-5.153974035748687399e-12
-4.956166119868266051e-12
-4.765949787599588205e-12
-4.583027967547392834e-12
-4.407126139721606606e-12
-4.237972819898239152e-12
-4.075318207896749811e-12
-3.918883446918375313e-12
-3.768481186827710161e-12
-3.623834088709032564e-12
-3.484748730894771107e-12
-3.350999382492614309e-12
-3.222391754473252767e-12
-3.098712042168272340e-12
-2.979777882772260966e-12
-2.865406046118068595e-12
-2.755428697709394470e-12
-2.649675834645592865e-12
-2.547969214089507162e-12
-2.450179165461308095e-12
-2.356143708956426330e-12
-2.265716043600707330e-12
-2.178759559920417921e-12
-2.095139166324866409e-12
-2.014727577479002996e-12
-1.937402495377771316e-12
-1.863041188335246012e-12
-1.791536211916133770e-12
-1.722775025934930593e-12
-1.656656691169378082e-12
-1.593071377939403455e-12
-1.531927254320997189e-12
-1.473131295767760029e-12
-1.416592320876985944e-12
-1.362223485054658845e-12
-1.309939136329152376e-12
-1.259663597388827050e-12
-1.211317287794222430e-12
-1.164824747074133526e-12
-1.120117453651259254e-12
-1.077125368065257049e-12
-1.035784847648602014e-12
-9.960292139676862888e-13
-9.578004622062818996e-13
-9.210411296492471145e-13
-8.856919646478556007e-13
-8.516968055295726092e-13
-8.190089773908726389e-13
-7.875734027613934263e-13
-7.573475809159735395e-13
-7.282789822593560558e-13
-7.003260276382261562e-13
-6.734471378992690216e-13
-6.476003002083008386e-13
-6.227459411860258864e-13
-5.988450295542346868e-13
-5.758598350773247443e-13
-5.537579943204473665e-13
-5.325045959736485202e-13
-5.120672766020795130e-13
-4.924135101405657799e-13
-4.735141857607760851e-13
-4.553388373816635859e-13
-4.378627180886413006e-13
-4.210571507342469877e-13
-4.048973612988393533e-13
-3.893572747201701212e-13
-3.744133096009877315e-13
-3.600424808552354916e-13
-3.462239718012016798e-13
-3.329360712903822739e-13
-3.201576644854681186e-13
-3.078695881130605327e-13
-2.960535191564445112e-13
-2.846905924978188063e-13
-2.737632711670434649e-13
-2.632563221235950657e-13
-2.531523439226052163e-13
-2.434361848387134319e-13
-2.340932081425911582e-13
-2.251083434240408465e-13
-2.164691765681875379e-13
-2.081604609819806551e-13
-2.001713275386410307e-13
-1.924889555474790237e-13
-1.851007005006580219e-13
-1.779967910260984998e-13
-1.711654635302289895e-13
-1.645963909873565667e-13
-1.582791650566253705e-13
-1.522042041013360603e-13
-1.463622246403867289e-13
-1.407450138423207986e-13
-1.353430849381290213e-13
-1.301484419367893164e-13
-1.251534141079313489e-13
-1.203497479625170730e-13
-1.157304368440068010e-13
-1.112885960686052500e-13
-1.070171173358190619e-13
-1.029100036523816764e-13
-9.896005862637322070e-14
-9.516209841615649867e-14
-9.150957037485155099e-14
-8.799756171136430272e-14
-8.462011609000966161e-14
-8.137234104848428684e-14
-7.824932379569410346e-14
-7.524596180516485155e-14
-7.235783695304365271e-14
-6.958084959986579610e-14
-6.691018859849087730e-14
-6.434233029185831843e-14
-6.187282945106092891e-14
-5.949802689376657017e-14
-5.721452771192264697e-14
-5.501849315221220282e-14
-5.290693827052911358e-14
-5.087627503530881001e-14
-4.892356932442200323e-14
-4.704590734453013845e-14
-4.524025671768204526e-14
-4.350390693844650991e-14
-4.183419154710557586e-14
-4.022844069580949755e-14
-3.868441144131394560e-14
-3.719974225576197502e-14
-3.577201401305622752e-14
-3.439898376995237372e-14
-3.307876094891214203e-14
-3.180921780317202963e-14
-3.058833500618578227e-14
-2.941434734129132200e-14
-2.828535745468679918e-14
-2.719977461849727024e-14
-2.615584039232423524e-14
-2.515201656433548039e-14
-2.418665480841564880e-14
-2.325832025075209170e-14
-2.236567457928814728e-14
-2.150727783801348325e-14
-2.068181543179396092e-14
-1.988800834087922631e-14
-1.912467580134080691e-14
-1.839064890771149180e-14
-1.768484345781879546e-14
-1.700603125388919917e-14
-1.635334493418471452e-14
-1.572570707279643404e-14
-1.512212325304428118e-14
-1.454177185296941927e-14
-1.398364913852935196e-14
-1.344695635765481845e-14
-1.293085748882687874e-14
-1.243454615667974675e-14
-1.195732271199899041e-14
-1.149838247348471815e-14
-1.105707322576754414e-14
-1.063270633106135066e-14
-1.022463465619443540e-14
-9.832229702719935682e-15
-9.454828243840151386e-15
-9.091951705939883832e-15
-8.742986837165320907e-15
-8.407457605000105694e-15
-8.084756686821056859e-15
-7.774452095825074710e-15
-7.476080504990011144e-15
-7.189134541580460835e-15
-6.913207629781741720e-15
-6.647899546526276141e-15
-6.392742729627179724e-15
-6.147388201510183697e-15
-5.911457761964339017e-15
-5.684569822646907619e-15
-5.466387687961355921e-15
-5.256575932860571218e-15
-5.054833013615330981e-15
-4.860821811112627996e-15
-4.674270427776393635e-15
-4.494873084712669095e-15
-4.322352802147702219e-15
-4.156452929098474955e-15
-3.996932484691493453e-15
-3.843522959482478102e-15
-3.696003277872195528e-15
-3.554158293492043139e-15
-3.417748084259711154e-15
-3.286575079740252509e-15
-3.160431756861589898e-15
-3.039134944748879581e-15
-2.922488343516595373e-15
-2.810329534597101261e-15
-2.702464759203712825e-15
-2.598746210087134190e-15
-2.499009351097361206e-15
-2.403093034216178744e-15
-2.310860463622605235e-15
-2.222163408550871175e-15
-2.136873967025941165e-15
-2.054856613776254518e-15
-1.975989799573880240e-15
-1.900150281124992832e-15
-1.827217144476371742e-15
-1.757087581004043979e-15
-1.689652111699576926e-15
-1.624798292939222573e-15
-1.562440256757953016e-15
-1.502474135740611196e-15
-1.444807709175064802e-15
-1.389354685579812301e-15
-1.336030361660128264e-15
-1.284749928242168854e-15
-1.235441281646299048e-15
-1.188026600720489857e-15
-1.142428276070949107e-15
-1.098582250831040691e-15
-1.056416633079366400e-15
-1.015872765784328873e-15
-9.768842627386870557e-16
-9.393910904823042987e-16
-9.033352272582936826e-16
-8.686648981777542883e-16
-8.353248872804369760e-16
-8.032640549521512675e-16
-7.724345438313772946e-16
-7.427891318313056303e-16
-7.142802792277716268e-16
-6.868671166810702642e-16
-6.605037985329314035e-16
-6.351536906083862961e-16
-6.107756059303747018e-16
-5.873335455986383128e-16
-5.647910342568859907e-16
-5.431154081970892417e-16
-5.222708802772265714e-16
-5.022257926408943505e-16
-4.829492285855177969e-16
-4.644132889633967223e-16
-4.465901805059493447e-16
-4.294486688732456620e-16
-4.129660165246078164e-16
-3.971159389688913230e-16
-3.818743222368790359e-16
-3.672169200104558008e-16
-3.531236946664631331e-16
-3.395704792961246835e-16
-3.265373686251799761e-16
-3.140040868024541109e-16
-3.019525284986995274e-16
-2.903637942912806139e-16
-2.792193818042557844e-16
-2.685027209555943765e-16
-2.581975857704005501e-16
-2.482876179248804565e-16
-2.387581531611347556e-16
-2.295946595701621159e-16
-2.207828964105368243e-16
-2.123091920410946046e-16
-2.041604174511530150e-16
-1.963248068236791012e-16
-1.887898796575906632e-16
-1.815435922031689289e-16
-1.745758727092754526e-16
-1.678753921102407081e-16
-1.614323433527222666e-16
-1.552363899877856656e-16
-1.492782146530111076e-16
-1.435490029117912278e-16
-1.380391462341306100e-16
-1.327411536724019741e-16
-1.276463166691163618e-16
-1.227472369208750988e-16
-1.180359470240180744e-16
-1.135057898289754618e-16
-1.091495324684710973e-16
-1.049601273636860291e-16
-1.009317710154425851e-16
-9.705764745549332853e-17
-9.333251566747712328e-17
-8.975042656842848799e-17
-8.630579503485146463e-17
-8.299331387593591298e-17
-7.980812588712492164e-17
-7.674485770315934616e-17
-7.379925430696821376e-17
-7.096689524535804107e-17
-6.824318139412303324e-17
-6.562392391064122174e-17
-6.310527805942546010e-17
-6.068323366886609125e-17
-5.835415776171278229e-17
-5.611451000494380626e-17
-5.396084270976604213e-17
-5.188991663690073225e-17
-4.989820799693840073e-17
-4.798309297297602936e-17
-4.614140511762876515e-17
-4.437040811743028269e-17
-4.266741528975100974e-17
-4.102989215319408382e-17
-3.945509577684827910e-17
-3.794082255156175430e-17
-3.648458762677440014e-17
-3.508425025906092938e-17
-3.373765977882870414e-17
-3.244273499965654101e-17
-3.119754362763351612e-17
-3.000024601307731153e-17
-2.884881721784839743e-17
-2.774153670627266352e-17
-2.667682125465768332e-17
-2.565297514274772310e-17
-2.466840522068300574e-17
-2.372157624124663283e-17
-2.281118953087689610e-17
-2.193562050685074141e-17
-2.109372435120039537e-17
-2.028412628974779486e-17
-1.950559547774146095e-17
-1.875699040593607048e-17
-1.803706203160666837e-17
-1.734479126823858930e-17
-1.667908458306203816e-17
-1.603889972850519813e-17
-1.542333176897793621e-17
-1.483136492668803727e-17
-1.426213562507599596e-17
-1.371475299062209266e-17
-1.318835510112804712e-17
-1.268216688835989715e-17
-1.219547945853268481e-17
-1.172739945658485283e-17
-1.127729160780596048e-17
-1.084446604356513854e-17
-1.042823041368968012e-17
-1.002800321020896044e-17
-9.643124342994162195e-18
-9.272986661475671454e-18
-8.917094684466568956e-18
-8.574860286551329498e-18
-8.245763171124657225e-18
-7.929281387220031178e-18
-7.624950059333196554e-18
-7.332290249889485150e-18
-7.050858590080568545e-18
-6.780248107045070647e-18
-6.520015431974663034e-18
-6.269777580245733655e-18
-6.029144536199463757e-18
-5.797738278295916606e-18
-5.575214285809963866e-18
-5.361235069051683902e-18
-5.155471823727586885e-18
-4.957595331953876711e-18
-4.767322697961060243e-18
-4.584342074658204991e-18
-4.408387523478375156e-18
-4.239202204841373023e-18
-4.076499087074642692e-18
-3.920035392668399848e-18
-3.769587782857255175e-18
-3.624910171408974146e-18
-3.485780046738779997e-18
-3.351986684585624844e-18
-3.223344382901990533e-18
-3.099626907790343811e-18
-2.980661585297814232e-18
-2.866266642484793270e-18
-2.756251621015240589e-18
-2.650472384667418825e-18
-2.548747780887178864e-18
-2.450923747285432705e-18
-2.356857388411361813e-18
-2.266395469056490738e-18
-2.179416186875621049e-18
-2.095767133840889849e-18
-2.015328575558630087e-18
-1.937978502888490193e-18
-1.863594493099812318e-18
-1.792070667074189674e-18
-1.723286566634919226e-18
-1.657146755818827670e-18
-1.593546182688120771e-18
-1.532383310822607644e-18
-1.473570665872510808e-18
-1.417014673031035199e-18
-1.362628064743556476e-18
-1.310327812756089626e-18
-1.260036368886207803e-18
-1.211676288349060732e-18
-1.165173124889518638e-18
-1.120452845842758026e-18
-1.077450000542810638e-18
-1.036094795625492312e-18
-9.963286046648883524e-19
-9.580903196932464038e-19
-9.213187293452375424e-19
-8.859582057246675771e-19
-8.519545685014142846e-19
-8.192559637908282469e-19
-7.878116233828140220e-19
-7.575758455485280551e-19
-7.284996198366765793e-19
-7.005382267953934466e-19
-6.736520134540643961e-19
-6.477964154571881336e-19
-6.229349851590240411e-19
-5.990255363483319145e-19
-5.760346199090916404e-19
-5.539254263040446094e-19
-5.326655920917246840e-19
-5.122211511682289057e-19
-4.925632039109062030e-19
-4.736580427097950401e-19
-4.554783189058928824e-19
-4.379966321414089109e-19
-4.211863316909824329e-19
-4.050202239919757674e-19
-3.894757425233027022e-19
-3.745276582762803699e-19
-3.601523707540568671e-19
-3.463298466761719250e-19
-3.330370542324447702e-19
-3.202554077084871020e-19
-3.079633745589783994e-19
-2.961442043765144634e-19
-2.847778638806350256e-19
-2.738481713506070172e-19
-2.633374199514429751e-19
-2.532299449502926762e-19
-2.435105727527946011e-19
-2.341644141079227951e-19
-2.251778722343584178e-19
-2.165358123118311632e-19
-2.082249994505401828e-19
-2.002332456611473904e-19
-1.925482595567381311e-19
-1.851577239010036074e-19
-1.780513118609839775e-19
-1.712173395105269300e-19
-1.646460099292525399e-19
-1.583266731667741869e-19
-1.522500751399889342e-19
-1.464065869495787816e-19
-1.407873551780499975e-19
-1.353838107512444154e-19
-1.301877464865218606e-19
-1.251911619963952970e-19
-1.203860827427718303e-19
-1.157656715609008271e-19
-1.113226001475429504e-19
-1.070499150156739262e-19
-1.029412701390318243e-19
-9.899028071726350106e-20
-9.519096261562501810e-20
-9.153755141922264654e-20
-8.802418577793462391e-20
-8.464574751172077835e-20
-8.139700858061583330e-20
-7.827292189041350817e-20
-7.526866652910626736e-20
-7.237977701385603163e-20
-6.960173616303643718e-20
-6.693038868653911216e-20
-6.436148882137618672e-20
-6.189132071713970783e-20
-5.951589710478322846e-20
-5.723169600435486267e-20
-5.503507265128054868e-20
-5.292279264011823346e-20
-5.089162156542586393e-20
-4.893836702702686827e-20
-4.706015327982291759e-20
-4.525392363295668703e-20
-4.351707699114260946e-20
-4.184688301212440631e-20
-4.024072767591943932e-20
-3.869622637591808296e-20
-3.721103974195046070e-20
-3.578281224797535707e-20
-3.440949209833272844e-20
-3.308877869694391171e-20
-3.181882381212773369e-20
-3.059759826644402524e-20
-2.942318920472625749e-20
-2.829387764226396867e-20
-2.720791874495255474e-20
-2.616364038010843683e-20
-2.515945119440473070e-20
-2.419375983451455210e-20
-2.326518820461269061e-20
-2.237227904510437509e-20
-2.151361387048604780e-20
-2.068789051752779128e-20
-1.989386336854937431e-20
-1.913028357469629788e-20
-1.839607353935025562e-20
-1.769002480333509583e-20
-1.701101776476703091e-20
-1.635810892075986758e-20
-1.573026752672218232e-20
-1.512651938361223789e-20
-1.454595491587365274e-20
-1.398766939471144698e-20
-1.345082756157739812e-20
-1.293457073190984224e-20
-1.243814604210438537e-20
-1.196074004403911256e-20
-1.150168711581486005e-20
-1.106023600941436777e-20
-1.063574856791974813e-20
-1.022752766548272646e-20
-9.834970688102360797e-21
-9.457498447791150645e-21
-9.094505907167453208e-21
-8.745445382192878885e-21
-8.409814425268787067e-21
-8.087024154884873890e-21
-7.776627861198618040e-21
-7.478153792766922869e-21
-7.191129390353124783e-21
-6.915120868811773609e-21
-6.649705348210572951e-21
-6.394484990217801749e-21
-6.149057513637120736e-21
-5.913054968498785867e-21
-5.686107789245919201e-21
-5.467866201264032983e-21
-5.258006683229565214e-21
-5.056197635883284432e-21
-4.862141387295770918e-21
-4.675527744737317287e-21
-4.496070345388441070e-21
-4.323503425165616930e-21
-4.157568490127422045e-21
-3.998000180087114550e-21
-3.844550098522858453e-21
-3.696993678823042679e-21
-3.555103930995355311e-21
-3.418655884531401802e-21
-3.287447994936229046e-21
-3.161274476798657468e-21
-3.039942873301362108e-21
-2.923267593872337051e-21
-2.811068096649369795e-21
-2.703182620970679340e-21
-2.599430826922444921e-21
-2.499660041520513685e-21
-2.403724861922835293e-21
-2.311471605403298211e-21
-2.222754465223068627e-21
-2.137440963237167346e-21
-2.055404881700759006e-21
-1.976516569746348723e-21
-1.900654656390502813e-21
-1.827706252482240529e-21
-1.757557863025405913e-21
-1.690097507636781032e-21
-1.625228554010919933e-21
-1.562849523080974985e-21
-1.502866205922201074e-21
-1.445186917964749794e-21
-1.389718762948422316e-21
-1.336380254697152933e-21
-1.285089099241308988e-21
-1.235765728914546270e-21
-1.188336432553880925e-21
-1.142727498996329104e-21
-1.098867842407999531e-21
-1.056692334432557158e-21
-1.016134534049120652e-21
-9.771351694047153254e-22
-9.396323433172739181e-22
-9.035666829596258754e-22
-8.688873983112494477e-22
-8.355386506418294709e-22
-8.034702557760194050e-22
-7.726319790513747762e-22
-7.429784325668527882e-22
-7.144616535794160034e-22
-6.870393843880935429e-22
-6.606703265467752761e-22
-6.353126767383717312e-22
-6.109287211007261020e-22
-5.874810991813671215e-22
-5.649323495536276542e-22
-5.432488982973814938e-22
-5.223982822086569854e-22
-5.023483914931680128e-22
-4.830672678179222623e-22
-4.645261335370972716e-22
-4.466974731823189316e-22
-4.295531654400379238e-22
-4.130669570193284929e-22
-3.972129227954014555e-22
-3.819675862677174344e-22
-3.673076728841287888e-22
-3.532102615021734170e-22
-3.396536679132886039e-22
-3.266171671637723829e-22
-3.140809178241366352e-22
-3.020265425907333322e-22
-2.904340485727805524e-22
-2.792871536811945343e-22
-2.685682126752472941e-22
-2.582600346980922557e-22
-2.483480037348774842e-22
-2.388160648884599214e-22
-2.296504351811035459e-22
-2.208362209189177850e-22
-2.123604974048314976e-22
-2.042097340965983329e-22
-1.963720917697527339e-22
-1.888352768159477365e-22
-1.815876014720115862e-22
-1.746179333328498039e-22
-1.679159225433858900e-22
-1.614710804090240260e-22
-1.552736124327649877e-22
-1.493139260660012878e-22
-1.435831860665944507e-22
-1.380721154302990775e-22
-1.327728634133864086e-22
-1.276770239140504089e-22
-1.227767714321112860e-22
-1.180644193069085663e-22
-1.135329119665059532e-22
-1.091755851139761394e-22
-1.049852254052017842e-22
-1.009556292380242294e-22
-9.708092748730863065e-23
-9.335492286178357177e-23
-8.977190400849525262e-23
-8.632631734667091725e-23
-8.301304474675749176e-23
-7.982694283565293513e-23
-7.676308912130866827e-23
-7.381676937095509039e-23
-7.098357227441020561e-23
-6.825914963036443570e-23
-6.563931732057648842e-23
-6.311994171390300567e-23
-6.069726783243513543e-23
-5.836771740310679519e-23
-5.612749758268568233e-23
-5.397328884448262683e-23
-5.190168330938707392e-23
-4.990963281886124960e-23
-4.799409236981100078e-23
-4.615204220269114142e-23
-4.438066135090460117e-23
-4.267728030914811215e-23
-4.103935263441962092e-23
-3.946421197685948046e-23
-3.794951068641375304e-23
-3.649295791101367684e-23
-3.509232275201928685e-23
-3.374541533155768952e-23
-3.245024140926048615e-23
-3.120483514375186597e-23
-3.000717389567084231e-23
-2.885545275126626950e-23
-2.774791412844131511e-23
-2.668295190639294917e-23
-2.565885267923503165e-23
-2.467404188060074139e-23
-2.372698280944670788e-23
-2.281632809134681362e-23
-2.194059466779924311e-23
-2.109850300641572787e-23
-2.028868837783023555e-23
-1.950997853473760773e-23
-1.876118071944915023e-23
-1.804110532971978977e-23
-1.734866689294394223e-23
-1.668279571373412794e-23
-1.604248836101890575e-23
-1.542675875866674940e-23
-1.483466342903501457e-23
-1.426529202663907621e-23
-1.371776891587413899e-23
-1.319128945861687748e-23
-1.268499142989788511e-23
-1.219812304527448626e-23
-1.172992936486038443e-23
-1.127973117941618432e-23
-1.084680037032636694e-23
-1.043049322709227193e-23
-1.003017156124157552e-23
-9.645196395441048661e-24
-9.274988705786259146e-24
-8.919000233948078370e-24
-8.576676410710135960e-24
-8.247490276987744281e-24
-7.930949583576045421e-24
-7.626556559243844921e-24
-7.333846564917967607e-24
-7.052365216717006175e-24
-6.781688896334856941e-24
-6.521406212809447148e-24
-6.271104591887346207e-24
-6.030416029956268517e-24
-5.798961084920802769e-24
-5.576391080260841277e-24
-5.362362467052160290e-24
-5.156546684727735258e-24
-4.958636471964982595e-24
-4.768317073262719119e-24
-4.585302132112349601e-24
-4.409316730488404519e-24
-4.240082400491340856e-24
-4.077341184605151342e-24
-3.920847352657859631e-24
-3.770361879795183755e-24
-3.625650868758725687e-24
-3.486495016216833983e-24
-3.352675413268309814e-24
-3.223990505951869211e-24
-3.100251953726390657e-24
-2.981263921872153036e-24
-2.866837872632808526e-24
-2.756808539648713326e-24
-2.650999218077097928e-24
-2.549249571938976163e-24
-2.451409717662356037e-24
-2.357322474711872264e-24
-2.266849595213884862e-24
-2.179842378887759670e-24
-2.096178946723640042e-24
-2.015724009076280574e-24
-1.938357264657635063e-24
-1.863960975977599271e-24
-1.792421547065821373e-24
-1.723628340180344123e-24
-1.657472886946699631e-24
-1.593855297852764286e-24
-1.532682388704108858e-24
-1.473856340748485939e-24
-1.417288505741671319e-24
-1.362891517338411771e-24
-1.310580967421848647e-24
-1.260280632307014966e-24
-1.211911034257709711e-24
-1.165396442627031666e-24
-1.120667141832481923e-24
-1.077655289836211475e-24
-1.036294326499342300e-24
-9.965206499113909531e-25
-9.582719400608449747e-25
-9.214933711147915044e-25
-8.861253840748863559e-25
-8.521157169061586370e-25
-8.194097902947283691e-25
-7.879608149281546309e-25
-7.577176627590177856e-25
-7.286355659309465407e-25
-7.006689677266643828e-25
-6.737766008600669377e-25
-6.479160640574985761e-25
-6.230484566155705868e-25
-5.991347792232811059e-25
-5.761396810513149171e-25
-5.540273675360976167e-25
-5.327628329749600225e-25
-5.123151145773722097e-25
-4.926522141728661510e-25
-4.737433661861382269e-25
-4.555603688398267864e-25
-4.380752175717964834e-25
-4.212611404150763799e-25
-4.050931403397322851e-25
-3.895453081954083463e-25
-3.745942986296906793e-25
-3.602170374611015694e-25
-3.463913872804882520e-25
-3.330963939700557941e-25
-3.203115717981717373e-25
-3.080178648435943367e-25
-2.961959460141456775e-25
-2.848277208128122526e-25
-2.738957603439693355e-25
-2.633834738767039967e-25
-2.532747144143624935e-25
-2.435540252135831519e-25
-2.342063686133601961e-25
-2.252172246426569022e-25
-2.165729607989549193e-25
-2.082607087887378297e-25
-2.002675756665859276e-25
-1.925811738510969142e-25
-1.851895964729826099e-25
-1.780817501757633442e-25
-1.712467018403308197e-25
-1.646739744077875697e-25
-1.583534236199305178e-25
-1.522757803611233172e-25
-1.464313071295671460e-25
-1.408110429584167593e-25
-1.354067417860222686e-25
-1.302096028829098020e-25
-1.252120334628666074e-25
-1.204062681763569153e-25
-1.157849237783459229e-25
-1.113410730840096581e-25
-1.070675300635396234e-25
-1.029581687189687117e-25
-9.900647478485302773e-26
-9.520654413035505794e-26
-9.155236169107249212e-26
-8.803854718911269009e-26
-8.465957859813910477e-26
-8.141019889977553675e-26
-7.828560713585661754e-26
-7.528095304441040232e-26
-7.239153427488467521e-26
-6.961310453693805124e-26
-6.694130044368852668e-26
-6.437201745323862347e-26
-6.190131742403805857e-26
-5.952539780000463384e-26
-5.724080731467800734e-26
-5.504389132339570985e-26
-5.293130949326219616e-26
-5.089979236560387448e-26
-4.894618757828777181e-26
-4.706758928821379666e-26
-4.526110397823350167e-26
-4.352393673881159206e-26
-4.185347446819952325e-26
-4.024709790167292859e-26
-3.870238807122165771e-26
-3.721695374222675943e-26
-3.578849612470661312e-26
-3.441491672539381447e-26
-3.309404309531109467e-26
-3.182387534880420202e-26
-3.060243825212217297e-26
-2.942788291251839576e-26
-2.829840665956492395e-26
-2.721228694151949759e-26
-2.616783818449478898e-26
-2.516348420742431160e-26
-2.419769659230419974e-26
-2.326894383964267668e-26
-2.237585776880724971e-26
-2.151705633246982655e-26
-2.069120216487702472e-26
-1.989705804863256985e-26
-1.913337752187645452e-26
-1.839902505631346802e-26
-1.769284971620884453e-26
-1.701377760302559374e-26
-1.636079028500912367e-26
-1.573284775998946521e-26
-1.512900401117793536e-26
-1.454834537740891681e-26
-1.398996744198052531e-26
-1.345302433646118600e-26
-1.293668097762701256e-26
-1.244015466754860602e-26
-1.196268967131578883e-26
-1.150355105406178282e-26
-1.106202776245112023e-26
-1.063746112844282061e-26
-1.022917476544041518e-26
-9.836567012929277356e-27
-9.459026965931047512e-27
-9.095976845462409475e-27
-8.746861213327401967e-27
-8.411140038769618807e-27
-8.088309498515608295e-27
-7.777877324871585051e-27
-7.479353561259696965e-27
-7.192292162304823951e-27
-6.916250164119756946e-27
-6.650797699140908719e-27
-6.395537640613746621e-27
-6.150068239551871475e-27
-5.914022028521894197e-27
-5.687037317880258864e-27
-5.468766669864998018e-27
-5.258867268946010731e-27
-5.057027499658295149e-27
-4.862932279862949520e-27
-4.676287327464471473e-27
-4.496808375203069455e-27
-4.324213466934885171e-27
-4.158247224349292877e-27
-3.998649261717811416e-27
-3.845178452611403507e-27
-3.697595981716965134e-27
-3.555679981904902886e-27
-3.419209356417601108e-27
-3.287978415936999244e-27
-3.161782819295997808e-27
-3.040431899430102465e-27
-2.923737300390752141e-27
-2.811524340331990915e-27
-2.703612174432040825e-27
-2.599844609772412067e-27
-2.500059483051787236e-27
-2.404106571734504126e-27
-2.311835268098911656e-27
-2.223103631108108487e-27
-2.137777616037965268e-27
-2.055728185582208052e-27
-1.976826880213546212e-27
-1.900955062647405495e-27
-1.827994673378194961e-27
-1.757833045504167959e-27
-1.690365601029344261e-27
-1.625487569364749202e-27
-1.563099283635760742e-27
-1.503106084385612248e-27
-1.445415334383978695e-27
-1.389939211225396025e-27
-1.336592299916830662e-27
-1.285291881767171177e-27
-1.235960534392653202e-27
-1.188523339118440073e-27
-1.142906629124158979e-27
-1.099041167228309198e-27
-1.056858582917864984e-27
-1.016295801987147655e-27
-9.772893650444896513e-28
-9.397798571511066264e-28
-9.037097892981586217e-28
-8.690244650752250395e-28
-8.356698621473658179e-28
-8.035958100395296695e-28
-7.727529567968916712e-28
-7.430937800980740681e-28
-7.145732131823781989e-28
-6.871472004023262054e-28
-6.607731787061471299e-28
-6.354123887537101791e-28
-6.110242415714373922e-28
-5.875719037491423631e-28
-5.650207085478261217e-28
-5.433343040397883589e-28
-5.224803346019633690e-28
-5.024268779455229338e-28
-4.831434562290971251e-28
-4.645996879078132344e-28
-4.467679358869693048e-28
-4.296206593683605988e-28
-4.131313286670031822e-28
-3.972749789159929355e-28
-3.820270063602903118e-28
-3.673644924335571030e-28
-3.532645426435794058e-28
-3.397058513903474363e-28
-3.266675223339645932e-28
-3.141297424701279926e-28
-3.020730117581507139e-28
-2.904790820118096879e-28
-2.793299939343735038e-28
-2.686093048989419554e-28
-2.582999222772586061e-28
-2.483858849249093466e-28
-2.388525557743168340e-28
-2.296851292390335913e-28
-2.208696423269628111e-28
-2.123924209354993441e-28
-2.042405854081401006e-28
-1.964015449778736490e-28
-1.888633588790447886e-28
-1.816145798655465675e-28
-1.746439893954529303e-28
-1.679408985575725277e-28
-1.614951841826351743e-28
-1.552968916202408186e-28
-1.493364875171647438e-28
-1.436048237061711106e-28
-1.380931010948264997e-28
-1.327927974431269975e-28
-1.276960525494870738e-28
-1.227948617675753691e-28
-1.180819306377275167e-28
-1.135497961814090160e-28
-1.091916694955659021e-28
-1.050007857512685148e-28
-1.009707713241071475e-28
-9.709538499735577050e-29
-9.336874666615292639e-29
-8.978516881863159664e-29
-8.633910236913951553e-29
-8.302534128829576131e-29
-7.983874575056125055e-29
-7.677446481988855789e-29
-7.382777996791393462e-29
-7.099420137045452798e-29
-6.826935355541793322e-29
-6.564911382901694642e-29
-6.312940764571297334e-29
-6.070641925680369675e-29
-5.837640513595971397e-29
-5.613585046103251830e-29
-5.398128855812221271e-29
-5.190943932779226269e-29
-4.991707683738581962e-29
-4.800119483063031655e-29
-4.615885325509502484e-29
-4.438721437337751142e-29
-4.268359692988332469e-29
-4.104535578020447029e-29
-3.946999323394432105e-29
-3.795508984161024048e-29
-3.649831041314465907e-29
-3.509744915690814581e-29
-3.375035745730649370e-29
-3.245498901377379128e-29
-3.120933363693058439e-29
-3.001145937830140958e-29
-2.885957271562555624e-29
-2.775191623782877101e-29
-2.668676262649218159e-29
-2.566250192455290178e-29
-2.467754072590850494e-29
-2.373039245338316719e-29
-2.281959009002706231e-29
-2.194374786905989291e-29
-2.110152967658274036e-29
-2.029162046355545274e-29
-1.951281501913001897e-29
-1.876388857223243032e-29
-1.804370662975482115e-29
-1.735116027734639977e-29
-1.668520830913098182e-29
-1.604480500533407579e-29
-1.542897987781964282e-29
-1.483680005427087031e-29
-1.426735222259694341e-29
-1.371976670505734973e-29
-1.319319187950480555e-29
-1.268681524424402251e-29
-1.219987470277747551e-29
-1.173162997578279068e-29
-1.128135432563251568e-29
-1.084836615368226969e-29
-1.043199890761536246e-29
-1.003160333839194781e-29
-9.646576840588020205e-30
-9.276336369005571796e-30
-8.920301887712132829e-30
-8.577930224278075343e-30
-8.248700023448922636e-30
-7.932105728614273060e-30
-7.627657581807800016e-30
-7.334903440882403220e-30
-7.053376117363291862e-30
-6.782658827973438391e-30
-6.522331780170277152e-30
-6.271996998586393752e-30
-6.031267416441949427e-30
-5.799781545714179309e-30
-5.577182788436817947e-30
-5.363124326756598734e-30
-5.157283793102752165e-30
-4.959341453011854580e-30
-4.768996756088287735e-30
-4.585955922783894123e-30
-4.409942852985552607e-30
-4.240684455845680153e-30
-4.077921934527999724e-30
-3.921406272309233130e-30
-3.770898232579101016e-30
-3.626167982682130610e-30
-3.486988699228387242e-30
-3.353153871370318455e-30
-3.224453602836641419e-30
-3.100696052949301937e-30
-2.981686183685611577e-30
-2.867245131825149217e-30
-2.757196291096647319e-30
-2.651371518788164261e-30
-2.549608126481546239e-30
-2.451752077397061501e-30
-2.357649898992266689e-30
-2.267161096182351523e-30
-2.180144985803409591e-30
-2.096468219776283614e-30
-2.016002340078315732e-30
-1.938626035692501084e-30
-1.864219500234603864e-30
-1.792669133930560605e-30
-1.723863782034557551e-30
-1.657700753360106869e-30
-1.594076604404336196e-30
-1.532893628076805183e-30
-1.474060229857697759e-30
-1.417483968871265259e-30
-1.363078892970575556e-30
-1.310762341392878829e-30
-1.260453910324578831e-30
-1.212076017138521293e-30
-1.165555216947666837e-30
-1.120820133735033535e-30
-1.077801648432793035e-30
-1.036434309515491554e-30
-9.966550164463769496e-31
-9.584024554401103327e-31
-9.216180398582467199e-31
-8.862452519323985758e-31
-8.522303010410722724e-31
-8.195209011955432345e-31
-7.880671173957885311e-31
-7.578205192745542841e-31
-7.287346042753219638e-31
-7.007649387116304878e-31
-6.738687345891099246e-31
-6.480049906648035931e-31
-6.231339282098796669e-31
-5.992169910096311750e-31
-5.762183029764710212e-31
-5.541023171612303396e-31
-5.328352263463794811e-31
-5.123843988087396191e-31
-4.927189425567711438e-31
-4.738076364605162152e-31
-4.556223156753291315e-31
-4.381349564158862891e-31
-4.213187103912149072e-31
-4.051476697058228624e-31
-3.895978072551793472e-31
-3.746444846776911265e-31
-3.602650854620483794e-31
-3.464378159429868608e-31
-3.331410470244514405e-31
-3.203549128519132220e-31
-3.080593359818601604e-31
-2.962358141332103131e-31
-2.848658450248817372e-31
-2.739324074986745259e-31
-2.634187390051459536e-31
-2.533083120937234587e-31
-2.435860334169424832e-31
-2.342368801569995182e-31
-2.252465818124755811e-31
-2.166012910599179854e-31
-2.082877718329364721e-31
-2.002933758123161934e-31
-1.926059248765826305e-31
-1.852134524932444123e-31
-1.781046504066466286e-31
-1.712688098632532883e-31
-1.646952926391894497e-31
-1.583740717676425986e-31
-1.522955081949359923e-31
-1.464502802508676101e-31
-1.408293954036536615e-31
-1.354242372797026191e-31
-1.302264833790106611e-31
-1.252281638498792124e-31
-1.204216497339714363e-31
-1.157997587608038087e-31
-1.113552381302317561e-31
-1.070812817299640174e-31
-1.029713655663535289e-31
-9.901925951934093254e-32
-9.521882163094318180e-32
-9.156425083653896872e-32
-8.804992239565960865e-32
-8.467048193153710607e-32
-8.142073375914082647e-32
-7.829571141483854569e-32
-7.529061300420715467e-32
-7.240088348663721707e-32
-6.962203835118034585e-32
-6.694983994070182666e-32
-6.438021516727606028e-32
-6.190924963471480849e-32
-5.953311710890614474e-32
-5.724815004747550350e-32
-5.505090425197497547e-32
-5.293797078878717601e-32
-5.090614055833436027e-32
-4.895230143932272626e-32
-4.707345298242180008e-32
-4.526671816520794418e-32
-4.352932869848497207e-32
-4.185860445513300895e-32
-4.025200930609015572e-32
-3.870708059069143970e-32
-3.722146438149933924e-32
-3.579286846452975090e-32
-3.441908878787488288e-32
-3.309803297159027151e-32
-3.182769973654364184e-32
-3.060611131348973539e-32
-2.943140748261837587e-32
-2.830179561504455930e-32
-2.721553010165731458e-32
-2.617096818910136756e-32
-2.516649357264433761e-32
-2.420057370152634016e-32
-2.327172598349740060e-32
-2.237852807039302396e-32
-2.151961198066244082e-32
-2.069365675252891461e-32
-1.989941195387675814e-32
-1.913564331563760800e-32
-1.840119591461178129e-32
-1.769493686811867304e-32
-1.701578619072346526e-32
-1.636270063118980318e-32
-1.573468395805536492e-32
-1.513076491911278354e-32
-1.455002956750429473e-32
-1.399158158878739649e-32
-1.345456434145392709e-32
-1.293816526503388060e-32
-1.244158061526488230e-32
-1.196405807576240592e-32
-1.150486149318924900e-32
-1.106329144840667228e-32
-1.063866835874310662e-32
-1.023034570230559978e-32
-9.837691650880584764e-33
-9.460110375768988530e-33
-9.097019272583184781e-33
-8.747864389610348514e-33
