7.753657341003417969e+00
9.532098770141601562e+00
1.100191020965576172e+01
1.222405815124511719e+01
1.315507698059082031e+01
1.399217605590820312e+01
1.479744338989257812e+01
1.548943614959716797e+01
1.622304534912109375e+01
1.692128562927246094e+01
1.755836105346679688e+01
1.817494773864746094e+01
1.874386787414550781e+01
1.929150962829589844e+01
1.983493804931640625e+01
2.033935165405273438e+01
2.090451049804687500e+01
2.139425277709960938e+01
2.183645248413085938e+01
2.235202217102050781e+01
2.283479690551757812e+01
2.321400833129882812e+01
2.360505867004394531e+01
2.395762443542480469e+01
2.426627159118652344e+01
2.456954574584960938e+01
2.486264228820800781e+01
2.517200660705566406e+01
2.543187522888183594e+01
2.569685173034667969e+01
2.586428833007812500e+01
2.614623641967773438e+01
2.635991668701171875e+01
2.652392196655273438e+01
2.677471160888671875e+01
2.690195274353027344e+01
2.708128738403320312e+01
2.722756958007812500e+01
2.728594017028808594e+01
2.737637519836425781e+01
2.747917556762695312e+01
2.750869750976562500e+01
2.758396720886230469e+01
2.762657165527343750e+01
2.759621810913085938e+01
2.759030723571777344e+01
2.760219573974609375e+01
2.757343482971191406e+01
2.757311439514160156e+01
2.753740119934082031e+01
2.756813430786132812e+01
2.765162849426269531e+01
2.761719894409179688e+01
2.763296508789062500e+01
2.759202575683593750e+01
2.755713653564453125e+01
2.754714584350585938e+01
2.748991394042968750e+01
2.754716873168945312e+01
2.747509956359863281e+01
2.751521110534667969e+01
2.750989532470703125e+01
2.754747581481933594e+01
2.744643402099609375e+01
2.745216751098632812e+01
2.746205520629882812e+01
2.743900108337402344e+01
2.743780326843261719e+01
2.738260459899902344e+01
2.740468978881835938e+01
2.748449516296386719e+01
2.747238540649414062e+01
2.743623352050781250e+01
2.742661857604980469e+01
2.747001075744628906e+01
2.751936340332031250e+01
2.749192237854003906e+01
2.746003913879394531e+01
2.748959732055664062e+01
2.757678985595703125e+01
2.752915191650390625e+01
2.746218109130859375e+01
2.748163223266601562e+01
2.754419898986816406e+01
2.749293708801269531e+01
2.758300209045410156e+01
2.760600471496582031e+01
2.763607025146484375e+01
2.772505569458007812e+01
2.770851135253906250e+01
2.771814727783203125e+01
2.762531280517578125e+01
2.758245086669921875e+01
2.770128631591796875e+01
2.767589950561523438e+01
2.772686576843261719e+01
2.774676513671875000e+01
2.776551055908203125e+01
2.773602485656738281e+01
2.787121391296386719e+01
2.776815032958984375e+01
2.776015663146972656e+01
2.778731727600097656e+01
2.782724761962890625e+01
2.784157752990722656e+01
2.786487770080566406e+01
2.786456298828125000e+01
2.770710372924804688e+01
2.797188949584960938e+01
2.799776077270507812e+01
2.794453620910644531e+01
2.804014396667480469e+01
2.804897689819335938e+01
2.812888336181640625e+01
2.813858795166015625e+01
2.816707038879394531e+01
2.826347351074218750e+01
2.843262290954589844e+01
2.851813125610351562e+01
2.854020881652832031e+01
2.856036758422851562e+01
2.862058639526367188e+01
2.860598945617675781e+01
2.850273513793945312e+01
2.876415252685546875e+01
2.873035430908203125e+01
2.865213203430175781e+01
2.873016929626464844e+01
2.881039428710937500e+01
2.888155174255371094e+01
2.896854209899902344e+01
2.885291290283203125e+01
2.885619354248046875e+01
2.880554008483886719e+01
2.874468994140625000e+01
2.874023437500000000e+01
2.868538093566894531e+01
2.869306945800781250e+01
2.877380561828613281e+01
2.880308341979980469e+01
2.876459121704101562e+01
2.877180480957031250e+01
2.883175849914550781e+01
2.890676689147949219e+01
2.890396118164062500e+01
2.874555206298828125e+01
2.879260826110839844e+01
2.892249679565429688e+01
2.894467926025390625e+01
2.910636520385742188e+01
2.919772148132324219e+01
2.913664627075195312e+01
2.921883010864257812e+01
2.922451019287109375e+01
2.924968719482421875e+01
2.916650390625000000e+01
2.915179061889648438e+01
2.925543594360351562e+01
2.936108779907226562e+01
2.926949691772460938e+01
2.929597854614257812e+01
2.926101684570312500e+01
2.930667114257812500e+01
2.924857139587402344e+01
2.932717323303222656e+01
2.938936233520507812e+01
2.931830787658691406e+01
2.924941253662109375e+01
2.933826828002929688e+01
2.934382820129394531e+01
2.950314521789550781e+01
2.936025619506835938e+01
2.950844192504882812e+01
2.949793052673339844e+01
2.949451065063476562e+01
2.944648742675781250e+01
2.933849716186523438e+01
2.944217300415039062e+01
2.937810134887695312e+01
2.947725677490234375e+01
2.959129142761230469e+01
2.971832275390625000e+01
2.969189453125000000e+01
2.956886863708496094e+01
2.967829513549804688e+01
2.968532752990722656e+01
2.970623397827148438e+01
2.954431343078613281e+01
2.962071800231933594e+01
2.962938308715820312e+01
2.966975212097167969e+01
2.960513496398925781e+01
2.970668983459472656e+01
2.969060897827148438e+01
2.977551269531250000e+01
3.001993179321289062e+01
3.002593040466308594e+01
3.002162170410156250e+01
3.000641632080078125e+01
2.992790222167968750e+01
2.993962478637695312e+01
2.994511413574218750e+01
3.000040817260742188e+01
2.992162322998046875e+01
3.000878143310546875e+01
2.996785545349121094e+01
3.008724594116210938e+01
3.016229248046875000e+01
3.022312545776367188e+01
3.010623168945312500e+01
3.021706771850585938e+01
3.029536056518554688e+01
3.020193481445312500e+01
3.027793121337890625e+01
3.031184768676757812e+01
3.025550651550292969e+01
3.031570816040039062e+01
3.032090759277343750e+01
3.031748199462890625e+01
3.052658462524414062e+01
3.033202743530273438e+01
3.056951332092285156e+01
3.079860305786132812e+01
3.061572074890136719e+01
3.069219207763671875e+01
3.063760185241699219e+01
3.070228195190429688e+01
3.047414398193359375e+01
3.065237808227539062e+01
3.063064956665039062e+01
3.076306533813476562e+01
3.066620063781738281e+01
3.069749832153320312e+01
3.074455833435058594e+01
3.080466461181640625e+01
3.064868927001953125e+01
3.073194694519042969e+01
3.074785614013671875e+01
3.071917152404785156e+01
3.080092239379882812e+01
3.075880622863769531e+01
3.081126976013183594e+01
3.072579193115234375e+01
3.089330101013183594e+01
3.083008575439453125e+01
3.074820899963378906e+01
3.066140747070312500e+01
3.069613265991210938e+01
3.071195983886718750e+01
3.066469001770019531e+01
3.070116424560546875e+01
3.075840759277343750e+01
3.086653900146484375e+01
3.088186454772949219e+01
3.091022491455078125e+01
3.092469215393066406e+01
3.098357391357421875e+01
3.099433135986328125e+01
3.099422073364257812e+01
3.114659118652343750e+01
3.116916656494140625e+01
3.107830429077148438e+01
3.097772216796875000e+01
3.115898323059082031e+01
3.119359397888183594e+01
3.106560134887695312e+01
3.104205322265625000e+01
3.094217300415039062e+01
3.097116470336914062e+01
3.103690719604492188e+01
3.105184173583984375e+01
3.100561141967773438e+01
3.110793304443359375e+01
3.107130050659179688e+01
3.109530639648437500e+01
3.095794105529785156e+01
3.103607559204101562e+01
3.103825187683105469e+01
3.114035224914550781e+01
3.113712692260742188e+01
3.107981491088867188e+01
3.127025413513183594e+01
3.114514541625976562e+01
3.112877082824707031e+01
3.108899307250976562e+01
3.113026809692382812e+01
3.116412162780761719e+01
3.098784065246582031e+01
3.102991294860839844e+01
3.121914672851562500e+01
3.111495971679687500e+01
3.108922576904296875e+01
3.104571533203125000e+01
3.116735076904296875e+01
3.123896026611328125e+01
3.126365852355957031e+01
3.143860626220703125e+01
3.130652046203613281e+01
3.150720214843750000e+01
3.151178169250488281e+01
3.141087722778320312e+01
3.157564163208007812e+01
3.166625404357910156e+01
3.164594650268554688e+01
3.155707931518554688e+01
3.170940017700195312e+01
3.171457672119140625e+01
3.170690917968750000e+01
3.173489189147949219e+01
3.178549957275390625e+01
3.172058486938476562e+01
3.154006767272949219e+01
3.165755653381347656e+01
3.168638610839843750e+01
3.175840950012207031e+01
3.176049232482910156e+01
3.163968849182128906e+01
3.175384902954101562e+01
3.190517807006835938e+01
3.180995368957519531e+01
3.191584777832031250e+01
3.184501457214355469e+01
3.185058021545410156e+01
3.190376281738281250e+01
3.193815231323242188e+01
3.193626594543457031e+01
3.188958358764648438e+01
3.196748733520507812e+01
3.192875289916992188e+01
3.188132476806640625e+01
3.191789627075195312e+01
3.199638938903808594e+01
3.222062683105468750e+01
3.215773773193359375e+01
3.222088623046875000e+01
3.222457504272460938e+01
3.216204071044921875e+01
3.216128921508789062e+01
3.206573486328125000e+01
3.202051925659179688e+01
3.207260131835937500e+01
3.213317489624023438e+01
3.196887016296386719e+01
3.203044891357421875e+01
3.207718658447265625e+01
3.197146415710449219e+01
3.204937362670898438e+01
3.197406959533691406e+01
3.217162704467773438e+01
3.217177581787109375e+01
3.211531448364257812e+01
3.214118194580078125e+01
3.212185287475585938e+01
3.219636154174804688e+01
3.222576141357421875e+01
3.217236328125000000e+01
3.231308746337890625e+01
3.236225891113281250e+01
3.239545440673828125e+01
3.229229736328125000e+01
3.241693878173828125e+01
3.247972106933593750e+01
3.254351806640625000e+01
3.254356384277343750e+01
3.255790710449218750e+01
3.271531677246093750e+01
3.256734466552734375e+01
3.261852264404296875e+01
3.258273696899414062e+01
3.259044647216796875e+01
3.282970046997070312e+01
3.295210266113281250e+01
3.294864654541015625e+01
3.289140319824218750e+01
3.307537460327148438e+01
3.282980728149414062e+01
3.278690338134765625e+01
3.275675201416015625e+01
3.273699188232421875e+01
3.276626586914062500e+01
3.265715789794921875e+01
3.281001281738281250e+01
3.290236282348632812e+01
3.305180358886718750e+01
3.298279190063476562e+01
3.296702575683593750e+01
3.288687896728515625e+01
3.282229614257812500e+01
3.297553253173828125e+01
3.296220397949218750e+01
3.301052474975585938e+01
3.310830688476562500e+01
3.296900558471679688e+01
3.305075836181640625e+01
3.317298507690429688e+01
3.328134536743164062e+01
3.303961181640625000e+01
3.302828979492187500e+01
3.301875305175781250e+01
3.300190734863281250e+01
3.286930084228515625e+01
3.300122070312500000e+01
3.307312011718750000e+01
3.294312286376953125e+01
3.288740921020507812e+01
3.302547454833984375e+01
3.296273803710937500e+01
3.286028289794921875e+01
3.286978912353515625e+01
3.276363372802734375e+01
3.278981399536132812e+01
3.282784271240234375e+01
3.286984252929687500e+01
3.290243530273437500e+01
3.300714111328125000e+01
3.302560806274414062e+01
3.288461685180664062e+01
3.301830673217773438e+01
3.295329666137695312e+01
3.298445129394531250e+01
3.306871414184570312e+01
3.314544677734375000e+01
3.312058639526367188e+01
3.304917907714843750e+01
3.322178268432617188e+01
3.307332992553710938e+01
3.318477630615234375e+01
3.323036193847656250e+01
3.330395889282226562e+01
3.333833694458007812e+01
3.333491516113281250e+01
3.346930694580078125e+01
3.337829971313476562e+01
3.333823394775390625e+01
3.348009490966796875e+01
3.340856933593750000e+01
3.330797576904296875e+01
3.331332778930664062e+01
3.337931823730468750e+01
3.329462432861328125e+01
3.327281188964843750e+01
3.336468887329101562e+01
3.326583099365234375e+01
3.339637756347656250e+01
3.339735794067382812e+01
3.338445663452148438e+01
3.332977294921875000e+01
3.335357666015625000e+01
3.351741027832031250e+01
3.344119262695312500e+01
3.354196929931640625e+01
3.355098342895507812e+01
3.348196792602539062e+01
3.337966918945312500e+01
3.335652542114257812e+01
3.346038818359375000e+01
3.350409698486328125e+01
3.338000106811523438e+01
3.338149261474609375e+01
3.338971710205078125e+01
3.336904144287109375e+01
3.351332473754882812e+01
3.353727340698242188e+01
3.330860137939453125e+01
3.330747222900390625e+01
3.340058898925781250e+01
3.337895202636718750e+01
3.336963272094726562e+01
3.350761032104492188e+01
3.355835723876953125e+01
3.336443710327148438e+01
3.331067657470703125e+01
3.350973510742187500e+01
3.346509933471679688e+01
3.337418365478515625e+01
3.320429229736328125e+01
3.326029205322265625e+01
3.326465606689453125e+01
3.313300704956054688e+01
3.320238494873046875e+01
3.322379684448242188e+01
3.327117919921875000e+01
3.339320373535156250e+01
3.332668304443359375e+01
3.344198226928710938e+01
3.351527786254882812e+01
3.352099990844726562e+01
3.351321411132812500e+01
3.352652740478515625e+01
3.344596099853515625e+01
3.350364303588867188e+01
3.366150665283203125e+01
3.362332916259765625e+01
3.355601119995117188e+01
3.375590133666992188e+01
3.392427062988281250e+01
3.393238830566406250e+01
3.399957656860351562e+01
3.388026046752929688e+01
3.389171981811523438e+01
3.379598236083984375e+01
3.370274734497070312e+01
3.392627334594726562e+01
3.375160217285156250e+01
3.383570861816406250e+01
3.383930206298828125e+01
3.389121627807617188e+01
3.399660491943359375e+01
3.378690338134765625e+01
3.392711639404296875e+01
3.399913406372070312e+01
3.406100463867187500e+01
3.419727325439453125e+01
3.440170288085937500e+01
3.434045028686523438e+01
3.435581970214843750e+01
3.429543304443359375e+01
3.445904159545898438e+01
3.450930786132812500e+01
3.434754180908203125e+01
3.450191497802734375e+01
3.440079498291015625e+01
3.424896621704101562e+01
3.411373138427734375e+01
3.417528533935546875e+01
3.432046508789062500e+01
3.436027526855468750e+01
3.431858062744140625e+01
3.419179153442382812e+01
3.411402130126953125e+01
3.407773590087890625e+01
3.417343902587890625e+01
3.425571441650390625e+01
3.430128097534179688e+01
3.425251007080078125e+01
3.429182434082031250e+01
3.420507812500000000e+01
3.437013626098632812e+01
3.438721466064453125e+01
3.435077667236328125e+01
3.429919052124023438e+01
3.442824554443359375e+01
3.431044769287109375e+01
3.427782821655273438e+01
3.444152450561523438e+01
3.426738357543945312e+01
3.427501678466796875e+01
3.421695709228515625e+01
3.407411193847656250e+01
3.421046447753906250e+01
3.434104919433593750e+01
3.428527069091796875e+01
3.419142150878906250e+01
3.435364532470703125e+01
3.442294692993164062e+01
3.455675506591796875e+01
3.445784759521484375e+01
3.417972946166992188e+01
3.432882690429687500e+01
3.420697784423828125e+01
3.413214111328125000e+01
3.437707519531250000e+01
3.418518066406250000e+01
3.411611557006835938e+01
3.419368743896484375e+01
3.431121444702148438e+01
3.425786209106445312e+01
3.434333038330078125e+01
3.443734741210937500e+01
3.425635528564453125e+01
3.420896911621093750e+01
3.416687011718750000e+01
3.427868652343750000e+01
3.429625701904296875e+01
3.413455200195312500e+01
3.435749053955078125e+01
3.419458007812500000e+01
3.415734100341796875e+01
3.416059875488281250e+01
3.429397583007812500e+01
3.417193984985351562e+01
3.412478256225585938e+01
3.421464538574218750e+01
3.422565460205078125e+01
3.440002441406250000e+01
3.426605987548828125e+01
3.441108703613281250e+01
3.433076477050781250e+01
3.436754989624023438e+01
3.454681777954101562e+01
3.441110992431640625e+01
3.432142639160156250e+01
3.423429107666015625e+01
3.438135910034179688e+01
3.449411773681640625e+01
3.452057647705078125e+01
3.443835449218750000e+01
3.453364944458007812e+01
3.451247406005859375e+01
3.441283416748046875e+01
3.446987152099609375e+01
3.441897201538085938e+01
3.452095031738281250e+01
3.461347198486328125e+01
3.444941711425781250e+01
3.431962585449218750e+01
3.453249359130859375e+01
3.445135116577148438e+01
3.447263717651367188e+01
3.445756530761718750e+01
3.459292602539062500e+01
3.449148559570312500e+01
3.459644317626953125e+01
3.454722976684570312e+01
3.428356933593750000e+01
3.443540191650390625e+01
3.439259338378906250e+01
3.443972015380859375e+01
3.437604522705078125e+01
3.442925262451171875e+01
3.430959701538085938e+01
3.439755249023437500e+01
3.436189270019531250e+01
3.435995864868164062e+01
3.447266769409179688e+01
3.442209625244140625e+01
3.446747970581054688e+01
3.453810119628906250e+01
3.471363067626953125e+01
3.447481918334960938e+01
3.440897369384765625e+01
3.451747894287109375e+01
3.458087539672851562e+01
3.449281311035156250e+01
3.449060440063476562e+01
3.442692565917968750e+01
3.447067642211914062e+01
3.425955963134765625e+01
3.415156936645507812e+01
3.430509185791015625e+01
3.459707641601562500e+01
3.466100692749023438e+01
3.458965301513671875e+01
3.462273406982421875e+01
3.482558059692382812e+01
3.487058258056640625e+01
3.508805084228515625e+01
3.497441864013671875e+01
3.466714477539062500e+01
3.468544769287109375e+01
3.476849365234375000e+01
3.484179687500000000e+01
3.472367095947265625e+01
3.482351684570312500e+01
3.461974334716796875e+01
3.443741607666015625e+01
3.439815521240234375e+01
3.435039138793945312e+01
3.427693176269531250e+01
3.444022369384765625e+01
3.444149017333984375e+01
3.439467620849609375e+01
3.447431182861328125e+01
3.439587402343750000e+01
3.448854064941406250e+01
3.452829360961914062e+01
3.444783782958984375e+01
3.434219360351562500e+01
3.432351303100585938e+01
3.453105926513671875e+01
3.431467056274414062e+01
3.462622833251953125e+01
3.440525054931640625e+01
3.445702362060546875e+01
3.440698623657226562e+01
3.449048614501953125e+01
3.451314544677734375e+01
3.458448410034179688e+01
3.450333786010742188e+01
3.447566604614257812e+01
3.452848815917968750e+01
3.448665618896484375e+01
3.436405944824218750e+01
3.445616149902343750e+01
3.427275848388671875e+01
3.435745239257812500e+01
3.435075759887695312e+01
3.435388946533203125e+01
3.420080184936523438e+01
3.442840576171875000e+01
3.443682098388671875e+01
3.455014038085937500e+01
3.465038299560546875e+01
3.464037704467773438e+01
3.450827407836914062e+01
3.442697906494140625e+01
3.449195480346679688e+01
3.444976806640625000e+01
3.446265029907226562e+01
3.448004150390625000e+01
3.462812042236328125e+01
3.460948181152343750e+01
3.448793029785156250e+01
3.457448577880859375e+01
3.474411773681640625e+01
3.470599365234375000e+01
3.464826965332031250e+01
3.452702331542968750e+01
3.464083862304687500e+01
3.470394897460937500e+01
3.461165237426757812e+01
3.487541961669921875e+01
3.481830596923828125e+01
3.481821441650390625e+01
3.478381729125976562e+01
3.468198013305664062e+01
3.464185714721679688e+01
3.485497283935546875e+01
3.479546737670898438e+01
3.480576324462890625e+01
3.491738128662109375e+01
3.490303039550781250e+01
3.486513137817382812e+01
3.483271026611328125e+01
3.492424011230468750e+01
3.498269653320312500e+01
3.498500061035156250e+01
3.492727661132812500e+01
3.478689193725585938e+01
3.475115966796875000e+01
3.484209060668945312e+01
3.507123184204101562e+01
3.514516448974609375e+01
3.487746429443359375e+01
3.496316909790039062e+01
3.480157089233398438e+01
3.469985198974609375e+01
3.470766067504882812e+01
3.459698867797851562e+01
3.494440460205078125e+01
3.484201431274414062e+01
3.490562057495117188e+01
3.492911529541015625e+01
3.486526489257812500e+01
3.491223907470703125e+01
3.486179351806640625e+01
3.499271392822265625e+01
3.463395690917968750e+01
3.483105468750000000e+01
3.478185653686523438e+01
3.454459381103515625e+01
3.454722976684570312e+01
3.456928253173828125e+01
3.459909820556640625e+01
3.469391632080078125e+01
3.478601837158203125e+01
3.472164916992187500e+01
3.491732788085937500e+01
3.499736022949218750e+01
3.486896514892578125e+01
3.494913482666015625e+01
3.473206710815429688e+01
3.489320373535156250e+01
3.500935363769531250e+01
3.501432037353515625e+01
3.480096054077148438e+01
3.459931182861328125e+01
3.459359359741210938e+01
3.444516754150390625e+01
3.454745864868164062e+01
3.454404067993164062e+01
3.478195571899414062e+01
3.469913864135742188e+01
3.486085891723632812e+01
3.482321929931640625e+01
3.497978591918945312e+01
3.496574783325195312e+01
3.501134109497070312e+01
3.500561904907226562e+01
3.507392501831054688e+01
3.496048736572265625e+01
3.492129898071289062e+01
3.485360717773437500e+01
3.486534881591796875e+01
3.491780853271484375e+01
3.485691452026367188e+01
3.488199234008789062e+01
3.494324111938476562e+01
3.485029220581054688e+01
3.486992645263671875e+01
3.481242370605468750e+01
3.476311874389648438e+01
3.471157836914062500e+01
3.459321594238281250e+01
3.456365966796875000e+01
3.455590057373046875e+01
3.461171722412109375e+01
3.463046264648437500e+01
3.480367660522460938e+01
3.481514739990234375e+01
3.469237136840820312e+01
3.458875656127929688e+01
3.453180313110351562e+01
3.454001235961914062e+01
3.441245269775390625e+01
3.444842529296875000e+01
3.449742507934570312e+01
3.444223785400390625e+01
3.450123596191406250e+01
3.462486267089843750e+01
3.452970504760742188e+01
3.445603561401367188e+01
3.452754974365234375e+01
3.455890655517578125e+01
3.447899246215820312e+01
3.438997650146484375e+01
3.445597076416015625e+01
3.443938827514648438e+01
3.442625808715820312e+01
3.441925430297851562e+01
3.425820922851562500e+01
3.425480270385742188e+01
3.424059295654296875e+01
3.413418579101562500e+01
3.415416717529296875e+01
3.420272064208984375e+01
3.427572631835937500e+01
3.441108703613281250e+01
3.438291549682617188e+01
3.420083618164062500e+01
3.410569381713867188e+01
3.406599044799804688e+01
3.414206695556640625e+01
3.405020904541015625e+01
3.431555175781250000e+01
3.413688659667968750e+01
3.429029083251953125e+01
3.415516662597656250e+01
3.404399108886718750e+01
3.377695083618164062e+01
3.381197738647460938e+01
3.375222778320312500e+01
3.379475402832031250e+01
3.384253311157226562e+01
3.375741195678710938e+01
3.378726959228515625e+01
3.385349273681640625e+01
3.403627395629882812e+01
3.436453628540039062e+01
3.421360015869140625e+01
3.411824035644531250e+01
3.416066360473632812e+01
3.412445831298828125e+01
3.389019775390625000e+01
3.400535583496093750e+01
3.420125579833984375e+01
3.416012954711914062e+01
3.408109283447265625e+01
3.413063812255859375e+01
3.417704010009765625e+01
3.401449584960937500e+01
3.423531341552734375e+01
3.415925598144531250e+01
3.410543823242187500e+01
3.428224945068359375e+01
3.428452682495117188e+01
3.443814086914062500e+01
3.458585739135742188e+01
3.445699310302734375e+01
3.434072113037109375e+01
3.456057739257812500e+01
3.447007369995117188e+01
3.437568283081054688e+01
3.438743209838867188e+01
3.423823928833007812e+01
3.437975311279296875e+01
3.446356582641601562e+01
3.453297042846679688e+01
3.470426940917968750e+01
3.464424514770507812e+01
3.457780456542968750e+01
3.466342163085937500e+01
3.463773727416992188e+01
3.457515716552734375e+01
3.444049072265625000e+01
3.450879669189453125e+01
3.430862045288085938e+01
3.432648086547851562e+01
3.437417602539062500e+01
3.439666366577148438e+01
3.424401855468750000e+01
3.416279220581054688e+01
3.417555999755859375e+01
3.421551895141601562e+01
3.424467849731445312e+01
3.435829925537109375e+01
3.423217391967773438e+01
3.427210617065429688e+01
3.403279876708984375e+01
3.425102996826171875e+01
3.421701049804687500e+01
3.437744140625000000e+01
3.437726593017578125e+01
3.432960128784179688e+01
3.418106079101562500e+01
3.416320800781250000e+01
3.414396286010742188e+01
3.427078247070312500e+01
3.412757873535156250e+01
3.414578247070312500e+01
3.411046981811523438e+01
3.433783721923828125e+01
3.415729522705078125e+01
3.424356842041015625e+01
3.402170562744140625e+01
3.400407409667968750e+01
3.403022766113281250e+01
3.398730850219726562e+01
3.406483459472656250e+01
3.421654510498046875e+01
3.413853836059570312e+01
3.414818954467773438e+01
3.424958801269531250e+01
3.402875900268554688e+01
3.410431289672851562e+01
3.393306732177734375e+01
3.393914794921875000e+01
3.384124374389648438e+01
3.416166687011718750e+01
3.416640472412109375e+01
3.424526214599609375e+01
3.419829177856445312e+01
3.405975723266601562e+01
3.392721176147460938e+01
3.382022857666015625e+01
3.395151901245117188e+01
3.384182357788085938e+01
3.379162597656250000e+01
3.379106140136718750e+01
3.380043792724609375e+01
3.403606414794921875e+01
3.390394973754882812e+01
3.389155960083007812e+01
3.400138473510742188e+01
3.392320251464843750e+01
3.383117294311523438e+01
3.374585342407226562e+01
3.392594146728515625e+01
3.382495498657226562e+01
3.377738952636718750e+01
3.388855743408203125e+01
3.381968688964843750e+01
3.380754852294921875e+01
3.386396789550781250e+01
3.376923751831054688e+01
3.376365661621093750e+01
3.383998107910156250e+01
3.410376739501953125e+01
3.405988311767578125e+01
3.408015441894531250e+01
3.406868362426757812e+01
3.378335952758789062e+01
3.387657165527343750e+01
3.375551605224609375e+01
3.372083282470703125e+01
3.356113433837890625e+01
3.381216049194335938e+01
3.382809066772460938e+01
3.369894409179687500e+01
3.358055114746093750e+01
3.345613861083984375e+01
3.359967803955078125e+01
3.371413421630859375e+01
3.371990203857421875e+01
3.352550506591796875e+01
3.376866149902343750e+01
3.358570861816406250e+01
3.338304901123046875e+01
3.372939300537109375e+01
3.379612731933593750e+01
3.378893280029296875e+01
3.362302398681640625e+01
3.363780975341796875e+01
3.383604049682617188e+01
3.396854019165039062e+01
3.388867187500000000e+01
3.388430786132812500e+01
3.388683319091796875e+01
3.379660797119140625e+01
3.405054473876953125e+01
3.410237503051757812e+01
3.409192657470703125e+01
3.427419281005859375e+01
3.422136306762695312e+01
3.411529922485351562e+01
3.394068145751953125e+01
3.404823303222656250e+01
3.398744964599609375e+01
3.404621124267578125e+01
3.398925018310546875e+01
3.414297103881835938e+01
3.405103302001953125e+01
3.401579284667968750e+01
3.385725784301757812e+01
3.405540084838867188e+01
3.416021347045898438e+01
3.424398422241210938e+01
3.446081161499023438e+01
3.457003402709960938e+01
3.436170959472656250e+01
3.455499649047851562e+01
3.427793502807617188e+01
3.425642013549804688e+01
3.431669616699218750e+01
3.433971786499023438e+01
3.427503967285156250e+01
3.428665161132812500e+01
3.428889846801757812e+01
3.418310546875000000e+01
3.417043685913085938e+01
3.414952087402343750e+01
3.408151245117187500e+01
3.408097839355468750e+01
3.404042434692382812e+01
3.399636840820312500e+01
3.404084777832031250e+01
3.410242080688476562e+01
3.416310882568359375e+01
3.387290191650390625e+01
3.385969543457031250e+01
3.414485549926757812e+01
3.406771850585937500e+01
3.399982452392578125e+01
3.412422943115234375e+01
3.422685241699218750e+01
3.428339004516601562e+01
3.427854919433593750e+01
3.437304687500000000e+01
3.416073608398437500e+01
3.388477325439453125e+01
3.409609603881835938e+01
3.380730056762695312e+01
3.380092620849609375e+01
3.380508041381835938e+01
3.383914947509765625e+01
3.386800765991210938e+01
3.390979385375976562e+01
3.412061309814453125e+01
3.403354644775390625e+01
3.428258132934570312e+01
3.416543960571289062e+01
3.421959686279296875e+01
3.423525619506835938e+01
3.413534927368164062e+01
3.406487274169921875e+01
3.388699340820312500e+01
3.390318679809570312e+01
3.382530975341796875e+01
3.395056533813476562e+01
3.388620758056640625e+01
3.392102813720703125e+01
3.368471527099609375e+01
3.372870635986328125e+01
3.372736358642578125e+01
3.375331497192382812e+01
3.381045532226562500e+01
3.375416564941406250e+01
3.368516540527343750e+01
3.377154541015625000e+01
3.375412368774414062e+01
3.368132019042968750e+01
3.393448638916015625e+01
3.413354492187500000e+01
3.391149520874023438e+01
3.394681167602539062e+01
3.394513320922851562e+01
3.387238693237304688e+01
3.376367187500000000e+01
3.402674484252929688e+01
3.390368652343750000e+01
3.394448089599609375e+01
3.416419982910156250e+01
3.409152984619140625e+01
3.424509429931640625e+01
3.412381744384765625e+01
3.427196502685546875e+01
3.419306182861328125e+01
3.412172698974609375e+01
3.386059570312500000e+01
3.392182159423828125e+01
3.411649322509765625e+01
3.399084472656250000e+01
3.402145004272460938e+01
3.417793273925781250e+01
3.397846603393554688e+01
3.402306747436523438e+01
3.389555740356445312e+01
3.396175384521484375e+01
3.386846542358398438e+01
3.383986282348632812e+01
3.397287368774414062e+01
3.379394912719726562e+01
3.384410476684570312e+01
3.391457366943359375e+01
3.369375228881835938e+01
3.369512557983398438e+01
3.359225463867187500e+01
3.361451721191406250e+01
3.355128097534179688e+01
3.369122314453125000e+01
3.362311172485351562e+01
3.363269042968750000e+01
3.342818450927734375e+01
3.367675018310546875e+01
3.360993194580078125e+01
3.366716384887695312e+01
3.371176147460937500e+01
3.366637802124023438e+01
3.365424728393554688e+01
3.362668609619140625e+01
3.359205245971679688e+01
3.349436187744140625e+01
3.345893859863281250e+01
3.349054336547851562e+01
3.353290557861328125e+01
3.352600097656250000e+01
3.359560394287109375e+01
3.371568298339843750e+01
3.364230346679687500e+01
3.362592315673828125e+01
3.370652008056640625e+01
3.368727874755859375e+01
3.369780731201171875e+01
3.361053848266601562e+01
3.373202514648437500e+01
3.361347198486328125e+01
3.352935791015625000e+01
3.353979492187500000e+01
3.350350952148437500e+01
3.343151092529296875e+01
3.345465850830078125e+01
3.347279739379882812e+01
3.329960632324218750e+01
3.342825698852539062e+01
3.343968200683593750e+01
3.335298156738281250e+01
3.347014617919921875e+01
3.345338439941406250e+01
3.356694030761718750e+01
3.347624969482421875e+01
3.352774047851562500e+01
3.362112808227539062e+01
3.366514587402343750e+01
3.381984710693359375e+01
3.386297988891601562e+01
3.373890304565429688e+01
3.361167526245117188e+01
3.365085220336914062e+01
3.359170532226562500e+01
3.358404541015625000e+01
3.358274841308593750e+01
3.364436721801757812e+01
3.374490737915039062e+01
3.351217651367187500e+01
3.341244125366210938e+01
3.357689285278320312e+01
3.352410125732421875e+01
3.339946746826171875e+01
3.341763305664062500e+01
3.341302490234375000e+01
3.347195434570312500e+01
3.348529052734375000e+01
3.345873260498046875e+01
3.359393310546875000e+01
3.377841567993164062e+01
3.355976104736328125e+01
3.354767608642578125e+01
3.324603271484375000e+01
3.327898406982421875e+01
3.343217086791992188e+01
3.344530487060546875e+01
3.362342071533203125e+01
3.358687973022460938e+01
3.367066574096679688e+01
3.375356292724609375e+01
3.363638305664062500e+01
3.355588531494140625e+01
3.337230682373046875e+01
3.346375656127929688e+01
3.351991271972656250e+01
3.328735733032226562e+01
3.334619903564453125e+01
3.337796020507812500e+01
3.350018692016601562e+01
3.352116394042968750e+01
3.353442001342773438e+01
3.342738342285156250e+01
3.341596221923828125e+01
3.353332519531250000e+01
3.355497360229492188e+01
3.341288757324218750e+01
3.354203033447265625e+01
3.345341873168945312e+01
3.333821105957031250e+01
3.357704162597656250e+01
3.346215820312500000e+01
3.363672637939453125e+01
3.353039550781250000e+01
3.355510711669921875e+01
3.369522857666015625e+01
3.373936080932617188e+01
3.366516876220703125e+01
3.361334228515625000e+01
3.348423385620117188e+01
3.349180221557617188e+01
3.368378448486328125e+01
3.373803710937500000e+01
3.357003784179687500e+01
3.342898941040039062e+01
3.350099563598632812e+01
3.343360137939453125e+01
3.358538055419921875e+01
3.348779678344726562e+01
3.335951232910156250e+01
3.329116821289062500e+01
3.348753356933593750e+01
3.340825653076171875e+01
3.335305023193359375e+01
3.344288635253906250e+01
3.324172592163085938e+01
3.325250244140625000e+01
3.353871917724609375e+01
3.346613311767578125e+01
3.352039718627929688e+01
3.319267272949218750e+01
3.343949890136718750e+01
3.341783905029296875e+01
3.339608764648437500e+01
3.343545532226562500e+01
3.345721435546875000e+01
3.336315155029296875e+01
3.340469741821289062e+01
3.322625732421875000e+01
3.313676071166992188e+01
3.316498947143554688e+01
3.324442291259765625e+01
3.313305664062500000e+01
3.328858947753906250e+01
3.330927276611328125e+01
3.339353561401367188e+01
3.339238739013671875e+01
3.342862701416015625e+01
3.327422332763671875e+01
3.323487854003906250e+01
3.341480255126953125e+01
3.330034255981445312e+01
3.344866943359375000e+01
3.350037765502929688e+01
3.364953613281250000e+01
3.361965179443359375e+01
3.364572143554687500e+01
3.358350372314453125e+01
3.340139770507812500e+01
3.339836502075195312e+01
3.354146575927734375e+01
3.352265548706054688e+01
3.352301025390625000e+01
3.342026519775390625e+01
3.332544326782226562e+01
3.342817687988281250e+01
3.345357513427734375e+01
3.344485855102539062e+01
3.332937240600585938e+01
3.351839447021484375e+01
3.349211120605468750e+01
3.368619537353515625e+01
3.369415283203125000e+01
3.358619689941406250e+01
3.353131866455078125e+01
3.364060592651367188e+01
3.363423919677734375e+01
3.365168380737304688e+01
3.369756698608398438e+01
3.348621368408203125e+01
3.355419921875000000e+01
3.359674835205078125e+01
3.338747787475585938e+01
3.341485977172851562e+01
3.342952728271484375e+01
3.366746520996093750e+01
3.349090576171875000e+01
3.371279144287109375e+01
3.362036895751953125e+01
3.368865585327148438e+01
3.374990844726562500e+01
3.365997314453125000e+01
3.376768493652343750e+01
3.376101684570312500e+01
3.366798400878906250e+01
3.375907135009765625e+01
3.370754241943359375e+01
3.369704818725585938e+01
3.373281860351562500e+01
3.375976562500000000e+01
3.370174789428710938e+01
3.381711578369140625e+01
3.369542312622070312e+01
3.379402542114257812e+01
3.380044937133789062e+01
3.380241394042968750e+01
3.362732696533203125e+01
3.354640960693359375e+01
3.373019409179687500e+01
3.384425354003906250e+01
3.367270660400390625e+01
3.381078338623046875e+01
3.373681259155273438e+01
3.360044479370117188e+01
3.362432479858398438e+01
3.359553909301757812e+01
3.348435211181640625e+01
3.354914093017578125e+01
3.367789459228515625e+01
3.371018218994140625e+01
3.375243759155273438e+01
3.371205139160156250e+01
3.364019775390625000e+01
3.350646209716796875e+01
3.345680236816406250e+01
3.361117553710937500e+01
3.361345672607421875e+01
3.342715835571289062e+01
3.345206451416015625e+01
3.359044647216796875e+01
3.357617187500000000e+01
3.365057373046875000e+01
3.346909332275390625e+01
3.361219024658203125e+01
3.366342926025390625e+01
3.354505920410156250e+01
3.343613052368164062e+01
3.353745269775390625e+01
3.364080047607421875e+01
3.357455444335937500e+01
3.348872756958007812e+01
3.361518096923828125e+01
3.368488311767578125e+01
3.356882858276367188e+01
3.351025390625000000e+01
3.368376922607421875e+01
3.373131561279296875e+01
3.378390121459960938e+01
3.363771820068359375e+01
3.374748229980468750e+01
3.351807022094726562e+01
3.353700256347656250e+01
3.349000549316406250e+01
3.349258804321289062e+01
3.372873306274414062e+01
3.353703689575195312e+01
3.367763900756835938e+01
3.377878570556640625e+01
3.355877304077148438e+01
3.351972961425781250e+01
3.358369827270507812e+01
3.352094650268554688e+01
3.366546630859375000e+01
3.350412750244140625e+01
3.351433944702148438e+01
3.359487152099609375e+01
3.343888092041015625e+01
3.353504180908203125e+01
3.360329437255859375e+01
3.341667938232421875e+01
3.342189788818359375e+01
3.334519195556640625e+01
3.329104232788085938e+01
3.341897201538085938e+01
3.335322570800781250e+01
3.320897674560546875e+01
3.324100112915039062e+01
3.314656829833984375e+01
3.333208847045898438e+01
3.329840087890625000e+01
3.325034713745117188e+01
3.319731140136718750e+01
3.328496170043945312e+01
3.329063796997070312e+01
3.329637908935546875e+01
3.337169647216796875e+01
3.332611083984375000e+01
3.340755844116210938e+01
3.353706359863281250e+01
3.337857818603515625e+01
3.334453201293945312e+01
3.353186416625976562e+01
3.357675170898437500e+01
3.347788238525390625e+01
3.335811996459960938e+01
3.343217849731445312e+01
3.340816879272460938e+01
3.328838729858398438e+01
3.317609405517578125e+01
3.309622192382812500e+01
3.325992584228515625e+01
3.328778076171875000e+01
3.335039138793945312e+01
3.340188980102539062e+01
3.343172454833984375e+01
3.351065063476562500e+01
3.328305816650390625e+01
3.338154602050781250e+01
3.335306549072265625e+01
3.345630645751953125e+01
3.334583282470703125e+01
3.354099273681640625e+01
3.346976470947265625e+01
3.363811874389648438e+01
3.364617919921875000e+01
3.362993240356445312e+01
3.370362854003906250e+01
3.364366149902343750e+01
3.346932220458984375e+01
3.361323928833007812e+01
3.343451309204101562e+01
3.334495925903320312e+01
3.337798309326171875e+01
3.338869476318359375e+01
3.334037017822265625e+01
3.347122192382812500e+01
3.333953094482421875e+01
3.329662322998046875e+01
3.338650131225585938e+01
3.341581726074218750e+01
3.336448287963867188e+01
3.336483764648437500e+01
3.335564422607421875e+01
3.325934600830078125e+01
3.326551818847656250e+01
3.315048980712890625e+01
3.330443572998046875e+01
3.329753112792968750e+01
3.339514160156250000e+01
3.312966918945312500e+01
3.314224243164062500e+01
3.304160308837890625e+01
3.323334884643554688e+01
3.321543121337890625e+01
3.335950851440429688e+01
3.330755615234375000e+01
3.335508728027343750e+01
3.336004257202148438e+01
3.347171020507812500e+01
3.354898071289062500e+01
3.335477447509765625e+01
3.328644180297851562e+01
3.343998336791992188e+01
3.322605133056640625e+01
3.320548248291015625e+01
3.308865356445312500e+01
3.307845687866210938e+01
3.321234893798828125e+01
3.300331878662109375e+01
3.301744842529296875e+01
3.298585510253906250e+01
3.286118698120117188e+01
3.298505783081054688e+01
3.301888275146484375e+01
3.320727157592773438e+01
3.321960449218750000e+01
3.326451110839843750e+01
3.326120758056640625e+01
3.320594024658203125e+01
3.316866302490234375e+01
3.320256042480468750e+01
3.302609252929687500e+01
3.313422393798828125e+01
3.314493560791015625e+01
3.301877212524414062e+01
3.306446838378906250e+01
3.299873352050781250e+01
3.311923980712890625e+01
3.312839508056640625e+01
3.304523086547851562e+01
3.308496856689453125e+01
3.304858779907226562e+01
3.310943603515625000e+01
3.318847274780273438e+01
3.319128036499023438e+01
3.310605621337890625e+01
3.324611282348632812e+01
3.319784545898437500e+01
3.306938552856445312e+01
3.308133697509765625e+01
3.301454162597656250e+01
3.301412963867187500e+01
3.288243865966796875e+01
3.295986938476562500e+01
3.284449768066406250e+01
3.288674163818359375e+01
3.287286376953125000e+01
3.302778625488281250e+01
3.287873840332031250e+01
3.254890060424804688e+01
3.246864318847656250e+01
3.278211593627929688e+01
3.269970703125000000e+01
3.270186614990234375e+01
3.274441528320312500e+01
3.273024749755859375e+01
3.279212188720703125e+01
3.278917694091796875e+01
3.273479080200195312e+01
3.286919403076171875e+01
3.277761840820312500e+01
3.301269531250000000e+01
3.305185699462890625e+01
3.295630645751953125e+01
3.291822814941406250e+01
3.301019287109375000e+01
3.303039550781250000e+01
3.290787506103515625e+01
3.298091506958007812e+01
3.289767456054687500e+01
3.290496826171875000e+01
3.291284942626953125e+01
3.304724884033203125e+01
3.305345916748046875e+01
3.298869323730468750e+01
3.297238922119140625e+01
3.308302307128906250e+01
3.305730056762695312e+01
3.302074432373046875e+01
3.295773696899414062e+01
3.296931457519531250e+01
3.303939056396484375e+01
3.309081268310546875e+01
3.334973526000976562e+01
3.355358123779296875e+01
3.370457077026367188e+01
3.346413421630859375e+01
3.342800903320312500e+01
3.327711486816406250e+01
3.324455261230468750e+01
3.329379272460937500e+01
3.331653976440429688e+01
3.330635833740234375e+01
3.327059555053710938e+01
3.311426162719726562e+01
3.331011199951171875e+01
3.336789703369140625e+01
3.317829895019531250e+01
3.331179046630859375e+01
3.312862014770507812e+01
3.314141845703125000e+01
3.328028106689453125e+01
3.338047027587890625e+01
3.344153976440429688e+01
3.355662536621093750e+01
3.357022857666015625e+01
3.363568496704101562e+01
3.342437362670898438e+01
3.343081665039062500e+01
3.352855682373046875e+01
3.361071777343750000e+01
3.374441909790039062e+01
3.380924224853515625e+01
3.383247375488281250e+01
3.376250457763671875e+01
3.374166107177734375e+01
3.367596435546875000e+01
3.368498992919921875e+01
3.373101806640625000e+01
3.362689208984375000e+01
3.372957611083984375e+01
3.360532760620117188e+01
3.375601959228515625e+01
3.361346435546875000e+01
3.351735305786132812e+01
3.371458435058593750e+01
3.370561981201171875e+01
3.370708465576171875e+01
3.365017318725585938e+01
3.368069458007812500e+01
3.352574920654296875e+01
3.342497634887695312e+01
3.348274230957031250e+01
3.375943756103515625e+01
3.365049743652343750e+01
3.347001647949218750e+01
3.347772979736328125e+01
3.340899658203125000e+01
3.350998306274414062e+01
3.355811309814453125e+01
3.369393920898437500e+01
3.362454605102539062e+01
3.367164611816406250e+01
3.343603134155273438e+01
3.382337951660156250e+01
3.353805541992187500e+01
3.355970001220703125e+01
3.352345275878906250e+01
3.359124374389648438e+01
3.365776062011718750e+01
3.349061965942382812e+01
3.338923263549804688e+01
3.332907867431640625e+01
3.335223007202148438e+01
3.324755859375000000e+01
3.319957733154296875e+01
3.331867980957031250e+01
3.333046722412109375e+01
3.334814834594726562e+01
3.343572998046875000e+01
3.354316711425781250e+01
3.363054275512695312e+01
3.377480316162109375e+01
3.387417602539062500e+01
3.382960891723632812e+01
3.370534515380859375e+01
3.373222732543945312e+01
3.360458374023437500e+01
3.362993240356445312e+01
3.356739044189453125e+01
3.350196075439453125e+01
3.339789199829101562e+01
3.360838317871093750e+01
3.352853393554687500e+01
3.344234466552734375e+01
3.351560974121093750e+01
3.336786651611328125e+01
3.336311721801757812e+01
3.339373016357421875e+01
3.319840240478515625e+01
3.311591339111328125e+01
3.327537155151367188e+01
3.335351562500000000e+01
3.337761306762695312e+01
3.334450531005859375e+01
3.321838760375976562e+01
3.341963195800781250e+01
3.337851715087890625e+01
3.330000305175781250e+01
3.340061187744140625e+01
3.334696960449218750e+01
3.332870864868164062e+01
3.313589096069335938e+01
3.316938781738281250e+01
3.341305160522460938e+01
3.341714477539062500e+01
3.343795013427734375e+01
3.317870712280273438e+01
3.306348419189453125e+01
3.307952880859375000e+01
3.319660186767578125e+01
3.314470672607421875e+01
3.321268081665039062e+01
3.287774658203125000e+01
3.300085449218750000e+01
3.286008071899414062e+01
3.305645751953125000e+01
3.296422195434570312e+01
3.305599975585937500e+01
3.312923431396484375e+01
3.324361419677734375e+01
3.323334503173828125e+01
3.308491516113281250e+01
3.307638549804687500e+01
3.316909790039062500e+01
3.325661087036132812e+01
3.317414474487304688e+01
3.308063125610351562e+01
3.320310211181640625e+01
3.306741333007812500e+01
3.290545654296875000e+01
3.327886581420898438e+01
3.315676116943359375e+01
3.317760086059570312e+01
3.331470489501953125e+01
3.324489593505859375e+01
3.318246459960937500e+01
3.331142425537109375e+01
3.308280944824218750e+01
3.321675872802734375e+01
3.313892364501953125e+01
3.324911499023437500e+01
3.306545639038085938e+01
3.312259292602539062e+01
3.325025177001953125e+01
3.327351379394531250e+01
3.319258117675781250e+01
3.328451538085937500e+01
3.321033477783203125e+01
3.319607162475585938e+01
3.325713729858398438e+01
3.316432571411132812e+01
3.314508819580078125e+01
3.301529693603515625e+01
3.336502075195312500e+01
3.314611434936523438e+01
3.319864273071289062e+01
3.328172683715820312e+01
3.314044189453125000e+01
3.318912124633789062e+01
3.306068038940429688e+01
3.316974639892578125e+01
3.304455947875976562e+01
3.305283355712890625e+01
3.299811935424804688e+01
3.299201202392578125e+01
3.301755142211914062e+01
3.297162246704101562e+01
3.291275024414062500e+01
3.311020660400390625e+01
3.300664138793945312e+01
3.315133666992187500e+01
3.315395355224609375e+01
3.315356826782226562e+01
3.320633697509765625e+01
3.324153137207031250e+01
3.325060272216796875e+01
3.321116638183593750e+01
3.295456695556640625e+01
3.317541503906250000e+01
3.317667770385742188e+01
3.310504913330078125e+01
3.322206878662109375e+01
3.315142059326171875e+01
3.315669631958007812e+01
3.323636627197265625e+01
3.314885711669921875e+01
3.319009780883789062e+01
3.324287796020507812e+01
3.301930999755859375e+01
3.302020263671875000e+01
3.284229278564453125e+01
3.279473114013671875e+01
3.300355148315429688e+01
3.318342590332031250e+01
3.313182830810546875e+01
3.313879776000976562e+01
3.306117630004882812e+01
3.297973251342773438e+01
3.301595306396484375e+01
3.310589218139648438e+01
3.308967208862304688e+01
3.305529022216796875e+01
3.305346679687500000e+01
3.295848846435546875e+01
3.296923065185546875e+01
3.308823394775390625e+01
3.320206451416015625e+01
3.310607147216796875e+01
3.319768524169921875e+01
3.323808288574218750e+01
3.315122222900390625e+01
3.322249603271484375e+01
3.316460418701171875e+01
3.312081527709960938e+01
3.303061676025390625e+01
3.297714996337890625e+01
3.293226242065429688e+01
3.291777420043945312e+01
3.296073150634765625e+01
3.293240356445312500e+01
3.281847000122070312e+01
3.291059112548828125e+01
3.306912231445312500e+01
3.316025543212890625e+01
3.321014785766601562e+01
3.310794830322265625e+01
3.297693634033203125e+01
3.306411743164062500e+01
3.319385528564453125e+01
3.299763488769531250e+01
3.303005981445312500e+01
3.283355331420898438e+01
3.300520706176757812e+01
3.304789352416992188e+01
3.302206420898437500e+01
3.286254882812500000e+01
3.286237716674804688e+01
3.281199645996093750e+01
3.279312515258789062e+01
3.281055450439453125e+01
3.271973419189453125e+01
3.274927520751953125e+01
3.278738403320312500e+01
3.273038864135742188e+01
3.267341995239257812e+01
3.265128707885742188e+01
3.255888366699218750e+01
3.273507690429687500e+01
3.286857604980468750e+01
3.277920150756835938e+01
3.294387817382812500e+01
3.290222549438476562e+01
3.296998596191406250e+01
3.298361587524414062e+01
3.285811614990234375e+01
3.273573684692382812e+01
3.272781753540039062e+01
3.280881500244140625e+01
3.267718124389648438e+01
3.253659057617187500e+01
3.270969390869140625e+01
3.277236557006835938e+01
3.274735260009765625e+01
3.283836364746093750e+01
3.294503784179687500e+01
3.286128616333007812e+01
3.285362243652343750e+01
3.274394607543945312e+01
3.278558731079101562e+01
3.281784057617187500e+01
3.281787872314453125e+01
3.267103576660156250e+01
3.263353347778320312e+01
3.257633209228515625e+01
3.256374359130859375e+01
3.275356292724609375e+01
3.258036804199218750e+01
3.271327209472656250e+01
3.279064559936523438e+01
3.270707321166992188e+01
3.260846710205078125e+01
3.277531051635742188e+01
3.274329757690429688e+01
3.271778106689453125e+01
3.260168457031250000e+01
3.269132995605468750e+01
3.267708969116210938e+01
3.278211975097656250e+01
3.285805130004882812e+01
3.279669570922851562e+01
3.271671676635742188e+01
3.258888244628906250e+01
3.262702941894531250e+01
3.262664794921875000e+01
3.265738296508789062e+01
3.261606597900390625e+01
3.251397323608398438e+01
3.244110107421875000e+01
3.242312240600585938e+01
3.241190719604492188e+01
3.242452621459960938e+01
3.242944717407226562e+01
3.253400421142578125e+01
3.260076141357421875e+01
3.241953277587890625e+01
3.260173034667968750e+01
3.241479492187500000e+01
3.247166442871093750e+01
3.229965209960937500e+01
3.234702301025390625e+01
3.234317016601562500e+01
3.244574737548828125e+01
3.225849151611328125e+01
3.220234298706054688e+01
3.222032165527343750e+01
3.242527389526367188e+01
3.236595153808593750e+01
3.228118133544921875e+01
3.234001922607421875e+01
3.238498306274414062e+01
3.222502899169921875e+01
3.216578292846679688e+01
3.209999465942382812e+01
3.225141143798828125e+01
3.224454116821289062e+01
3.222811126708984375e+01
3.230096435546875000e+01
3.224416351318359375e+01
3.222946929931640625e+01
3.221563339233398438e+01
3.232676696777343750e+01
3.227745819091796875e+01
3.227461242675781250e+01
3.226821899414062500e+01
3.219129180908203125e+01
3.230911636352539062e+01
3.221459960937500000e+01
3.211600112915039062e+01
3.207299804687500000e+01
3.215539932250976562e+01
3.209317398071289062e+01
3.222958374023437500e+01
3.227192687988281250e+01
3.227905654907226562e+01
3.252232360839843750e+01
3.241950225830078125e+01
3.234937667846679688e+01
3.236691284179687500e+01
3.250844192504882812e+01
3.237641906738281250e+01
3.238179016113281250e+01
3.236251068115234375e+01
3.242589950561523438e+01
3.233984375000000000e+01
3.225863647460937500e+01
3.226780319213867188e+01
3.212845230102539062e+01
3.238742828369140625e+01
3.233173370361328125e+01
3.245632171630859375e+01
3.249276351928710938e+01
3.248049163818359375e+01
3.234787368774414062e+01
3.251255416870117188e+01
3.237092590332031250e+01
3.250053405761718750e+01
3.240238189697265625e+01
3.238101959228515625e+01
3.243463516235351562e+01
3.260960769653320312e+01
3.253715515136718750e+01
3.263323593139648438e+01
3.268322753906250000e+01
3.254423904418945312e+01
3.268446731567382812e+01
3.255641937255859375e+01
3.260195922851562500e+01
3.273244094848632812e+01
3.260865783691406250e+01
3.262183761596679688e+01
3.276145172119140625e+01
3.264817047119140625e+01
3.274367523193359375e+01
3.278057479858398438e+01
3.274540710449218750e+01
3.271188354492187500e+01
3.265375900268554688e+01
3.286943817138671875e+01
3.279465484619140625e+01
3.293464660644531250e+01
3.289580535888671875e+01
3.306705093383789062e+01
3.294596099853515625e+01
3.294495010375976562e+01
3.268531799316406250e+01
3.265459823608398438e+01
3.263617706298828125e+01
3.259195709228515625e+01
3.283914947509765625e+01
3.277502441406250000e+01
3.261807632446289062e+01
3.250004959106445312e+01
3.249319076538085938e+01
3.278630447387695312e+01
3.283115386962890625e+01
3.276968765258789062e+01
3.269884490966796875e+01
3.291161727905273438e+01
3.271675872802734375e+01
3.288476562500000000e+01
3.307280731201171875e+01
3.313978195190429688e+01
3.307793807983398438e+01
3.320932006835937500e+01
3.305194091796875000e+01
3.307986450195312500e+01
3.294105529785156250e+01
3.311909484863281250e+01
3.297565460205078125e+01
3.288252258300781250e+01
3.288251113891601562e+01
3.283921051025390625e+01
3.273904418945312500e+01
3.276413726806640625e+01
3.278497314453125000e+01
3.275072860717773438e+01
3.263219451904296875e+01
3.255950164794921875e+01
3.253054046630859375e+01
3.243727874755859375e+01
3.259638977050781250e+01
3.251786041259765625e+01
3.252558135986328125e+01
3.258823394775390625e+01
3.239913177490234375e+01
3.244167709350585938e+01
3.242968750000000000e+01
3.215692901611328125e+01
3.227963638305664062e+01
3.225302505493164062e+01
3.242792510986328125e+01
3.254693603515625000e+01
3.254449844360351562e+01
3.249990844726562500e+01
3.238060760498046875e+01
3.251808547973632812e+01
3.237317276000976562e+01
3.250782012939453125e+01
3.269718933105468750e+01
3.264812088012695312e+01
3.249074554443359375e+01
3.268270874023437500e+01
3.272061920166015625e+01
3.268942260742187500e+01
3.273625946044921875e+01
