1.908851344463152744e+00
1.808806079167586178e+00
1.574869739397978252e+00
1.474138658474653196e+00
1.412264437858874899e+00
1.359103322946108250e+00
1.311506174466548824e+00
1.284349297101680998e+00
1.258920618509634881e+00
1.241458201561218555e+00
1.223885739002472217e+00
1.208139963639088155e+00
1.201830242841671614e+00
1.186422382868253189e+00
1.176583248682511185e+00
1.166727100732998901e+00
1.164121919870376498e+00
1.152958804368972690e+00
1.144830486560479255e+00
1.136953965058693505e+00
1.131299563096119787e+00
1.129555212992888302e+00
1.121675857060994819e+00
1.115785776804655072e+00
1.109854207283411220e+00
1.109932355544505977e+00
1.098421196295664926e+00
1.091069579582947924e+00
1.096906217550620122e+00
1.088492280244827359e+00
1.079057102784132249e+00
1.080009681903398855e+00
1.080174140746776867e+00
1.070226766054446887e+00
1.068689322777283568e+00
1.066940866983853820e+00
1.064726619537060159e+00
1.059397650834841498e+00
1.059590152135262198e+00
1.058626205187577440e+00
1.047293959519802087e+00
1.045670089049216989e+00
1.038858776214795165e+00
1.037126399920536901e+00
1.035817440503682851e+00
1.032278443146974700e+00
1.030706696174083614e+00
1.021964780948100948e+00
1.019719522580122328e+00
1.019183315680577184e+00
1.016580261939611152e+00
1.012227586905161569e+00
1.013790731857984406e+00
1.005848914232009506e+00
1.009103152690789651e+00
1.006816430886586566e+00
1.000298965435761689e+00
9.982769289077856323e-01
1.000662495845403344e+00
1.003410113621980626e+00
9.903859682572193623e-01
9.883862275343674453e-01
9.846460525806133290e-01
9.884674685123638893e-01
9.790335569626246182e-01
9.870252286776518558e-01
9.733537051922235284e-01
9.746212317393376789e-01
9.739706941140003904e-01
9.713341411871787567e-01
9.695973472717480668e-01
9.667680824414277563e-01
9.694661878622494733e-01
9.575935113124358633e-01
9.623478733576260602e-01
9.563868634211711850e-01
9.543262892808669351e-01
9.575898647308349609e-01
9.501700034508338000e-01
9.471814108200562465e-01
9.449769218762715806e-01
9.439736988299932685e-01
9.443904078923739398e-01
9.455294593786581769e-01
9.380235196688235799e-01
9.416582746383471703e-01
9.337495268919528968e-01
9.292943593783256073e-01
9.275858075190812624e-01
9.229433944592109196e-01
9.224672441299145431e-01
9.209929328698378548e-01
9.153776028217412986e-01
9.125236060374822822e-01
9.163356307225349884e-01
9.113170047601063528e-01
9.114984385478190898e-01
9.098938278662852541e-01
9.045778858355987273e-01
9.023275499160473556e-01
9.023789116969475055e-01
9.021038873073382591e-01
8.935910574900798320e-01
8.918491151088323576e-01
8.952747775958134202e-01
8.941365544612590588e-01
8.924808312685061917e-01
8.921720521572308327e-01
8.845379438155737128e-01
8.886679603503300218e-01
8.829952325576391203e-01
8.811181069948734734e-01
8.873154245890103597e-01
8.793294918842804453e-01
8.800250799227983256e-01
8.689603988940899360e-01
8.748534234670491960e-01
8.694182405105004285e-01
8.708568550073183534e-01
8.675720020746573447e-01
8.685116200875013792e-01
8.644512311006203875e-01
8.601697675692729916e-01
8.568322342175703765e-01
8.543562840192745478e-01
8.588349698445736369e-01
8.549681938611544130e-01
8.574943843560340895e-01
8.498988368572333307e-01
8.472893846340668889e-01
8.498978111988458872e-01
8.443775407778910669e-01
8.478966314059037668e-01
8.466141385909838890e-01
8.380357901255289788e-01
8.411667288878025284e-01
8.434780015395237918e-01
8.357528659013601091e-01
8.401325788253393156e-01
8.341376208342038412e-01
8.312956803884261614e-01
8.329996087612250300e-01
8.308919963164207445e-01
8.317643063190656161e-01
8.374614817973894398e-01
8.255055759197625909e-01
8.321036323522910116e-01
8.299329589574765409e-01
8.240464496306884046e-01
8.215646026990353068e-01
8.233789254457523077e-01
8.237592237117963290e-01
8.181962373164983759e-01
8.194528700449528191e-01
8.095436785465631724e-01
8.147233626781366089e-01
8.173675187123127239e-01
8.128366196766877438e-01
8.122208066475696819e-01
8.106335267042502624e-01
8.036050871396676065e-01
8.113320771700296419e-01
8.067274147119277705e-01
8.115707542651738882e-01
8.103685622031872038e-01
8.070712574017353536e-01
8.016137390564649357e-01
8.004969712251271963e-01
7.995282519322175485e-01
8.007679911760183789e-01
7.969970049002231827e-01
8.044395762376296277e-01
7.896014534510098493e-01
7.955392441688440286e-01
7.980009598609728583e-01
7.950118928383558270e-01
7.928913307495606411e-01
7.931841707382446538e-01
7.932132378602638756e-01
7.867325382354931618e-01
7.853192783319032921e-01
7.814901753113819849e-01
7.895976447142087906e-01
7.861699072978435288e-01
7.848187948648746026e-01
7.865698476632435598e-01
7.828665758554752552e-01
7.792933963812314069e-01
7.768597915386542541e-01
7.721135714115240356e-01
7.747013525320933791e-01
7.747231653103461291e-01
7.831781323139483941e-01
7.691784686767138002e-01
7.690538214567380626e-01
7.714485998337085038e-01
7.766567921027158761e-01
7.693267691593903557e-01
7.692487806081771406e-01
7.644224696434460675e-01
7.665543023592386040e-01
7.690949376576986518e-01
7.698215117821326503e-01
7.595082302888234160e-01
7.655972222487131829e-01
7.609217560444122563e-01
7.656963187150466199e-01
7.614926270949534670e-01
7.572510186678323985e-01
7.532280403069960828e-01
7.555278592384778724e-01
7.575650680523652314e-01
7.610741551105792979e-01
7.591738571723302131e-01
7.516983286692545674e-01
7.540354100557473682e-01
7.518001175843752604e-01
7.556809655366799605e-01
7.511171506001399489e-01
7.512673259545594728e-01
7.489539575118284720e-01
7.463918894529342207e-01
7.432733104015007974e-01
7.411809161687508141e-01
7.498072843521069730e-01
7.413253611479050376e-01
7.334102516755079959e-01
7.435708927802550106e-01
7.372710990600096492e-01
7.374707772945746642e-01
7.389385946286030071e-01
7.399841392651582694e-01
7.391402103962042558e-01
7.362874610301776146e-01
7.335257379672466271e-01
7.280142739797249574e-01
7.287534521176264324e-01
7.316771285656170631e-01
7.258340874543556254e-01
7.283876033165516128e-01
7.220168318503942251e-01
7.303249393518154164e-01
7.294747489385116079e-01
7.328218020689792889e-01
7.256927781380140274e-01
7.239411498491580277e-01
7.186505103722596877e-01
7.259898136059442786e-01
7.180355633680637339e-01
7.331506652709764982e-01
7.167921235928168544e-01
7.115315068990756275e-01
7.174302678077648654e-01
7.156326590440211799e-01
7.200557169241782463e-01
7.200839039606925507e-01
7.148889569899974372e-01
7.185208163964442729e-01
7.089159329732258596e-01
7.102401003623619591e-01
7.127686872696264997e-01
7.101459990709255710e-01
7.151156313144243493e-01
7.132715380344635259e-01
7.054250545990772281e-01
7.050156798118200063e-01
7.054061035315195571e-01
7.060978329334504089e-01
7.015368788670270916e-01
6.977939925896815554e-01
7.027046514627260931e-01
7.076112321554086648e-01
6.976740166162833656e-01
6.985171072758160626e-01
7.006940683493247946e-01
7.064566166737140662e-01
6.948621796491818436e-01
6.941681754894745149e-01
6.915176805013265593e-01
6.997954126351918491e-01
6.855106307145876210e-01
6.928553424584560361e-01
6.918211943828143085e-01
6.875120299748885833e-01
6.857836782932281716e-01
6.934131009456439010e-01
6.971292751721847036e-01
6.887807463224117077e-01
6.887408472788639768e-01
6.840675665017885709e-01
6.871364989341833818e-01
6.884706588127673665e-01
6.902228181942915430e-01
6.885430673758189402e-01
6.887581138274608827e-01
6.866217674353183309e-01
6.848222456681423154e-01
6.850711824038089315e-01
6.761611317212764538e-01
6.811963643019015580e-01
6.776659850126657281e-01
6.772312859694162857e-01
6.761805418974313753e-01
6.730484947944298524e-01
6.792497977996483360e-01
6.737667443660589894e-01
6.733856997428796509e-01
6.707329669059851618e-01
6.810354487254068889e-01
6.686616717240749797e-01
6.696142377761694631e-01
6.721400172282487873e-01
6.714686656609559767e-01
6.744065523911745297e-01
6.704426072346858501e-01
6.711525067304953129e-01
6.639112475590828177e-01
6.672993424611214364e-01
6.637695024410883438e-01
6.650380405095906999e-01
6.620313543539780854e-01
6.656988919545442362e-01
6.616054542553730933e-01
6.612980209099941220e-01
6.648048027203633525e-01
6.596292849534597380e-01
6.571241306952940731e-01
6.613650591709674398e-01
6.518625268569359088e-01
6.591092958664283019e-01
6.591800449750362390e-01
6.473933148842591079e-01
6.488427803302422303e-01
6.592142054667839979e-01
6.502736392693642120e-01
6.506114233762789745e-01
6.532645799410649046e-01
6.477547967281096497e-01
6.516761881418716706e-01
6.530425963493493580e-01
6.552895183746630936e-01
6.480836282937955106e-01
6.523791882472160797e-01
6.438286735461308252e-01
6.467237482468287668e-01
6.326629391083350429e-01
6.484785357346901646e-01
6.437599935592749345e-01
6.429298458955227114e-01
6.360206520710236511e-01
6.432739657469285222e-01
6.401894926260679464e-01
6.433178414136935253e-01
6.455502147093797882e-01
6.376160724040789152e-01
6.377897622493596819e-01
6.340377255127980227e-01
6.376579413047203104e-01
6.394420964595598500e-01
6.384319669161087063e-01
6.338901687126893281e-01
6.263531940105634410e-01
6.277122371471844930e-01
6.330762909008906814e-01
6.359801657688923804e-01
6.246353458135556203e-01
6.301455438137054665e-01
6.255361715952555413e-01
6.314906448890000856e-01
6.243415481004959133e-01
6.337548159635983946e-01
6.313901083591656471e-01
6.251060466735790522e-01
6.254995825198980119e-01
6.202313688320991725e-01
6.306793129596954817e-01
6.278024736887369839e-01
6.190142811108858556e-01
6.220423199427433936e-01
6.334502820021067349e-01
6.269923816888760548e-01
6.157308487555919196e-01
6.194373296621518143e-01
6.161980704619334226e-01
6.194813309571681748e-01
6.156495510003505700e-01
6.069912808827865325e-01
6.114812383284935482e-01
6.226808847525180379e-01
6.116243665417034903e-01
6.108912111856998894e-01
6.092859827555142660e-01
6.185596099266639225e-01
6.106166483500065079e-01
6.082345691246864305e-01
6.090455218767508727e-01
6.101750854498301235e-01
6.064688223294723013e-01
6.021298090616862275e-01
6.042336846009278561e-01
6.153115982428575270e-01
6.121434609859417453e-01
6.030889881727022894e-01
6.040438130880013690e-01
6.022947346552823822e-01
5.990013019396708271e-01
6.069840152294208035e-01
6.023835345720633949e-01
6.092629923270298509e-01
5.997185902717786510e-01
6.033795579121663533e-01
5.974101551068135008e-01
5.991434892018635550e-01
5.947665086923501487e-01
6.032623906930287827e-01
5.958255377335426317e-01
5.946332003061588489e-01
5.964964448641507655e-01
5.963129826845267045e-01
5.959991273207542184e-01
6.094568711060743826e-01
5.992333401472140775e-01
5.931059540846408407e-01
5.975286099391106109e-01
6.061885239986273266e-01
5.956154650602585310e-01
5.868457606969735840e-01
5.928781414643312653e-01
5.911627815319941970e-01
5.953144267583504456e-01
5.854587226341931849e-01
5.868311548844361569e-01
5.914729806857231820e-01
5.877714179265193239e-01
5.874941364312783465e-01
5.868098569221985583e-01
5.905782601008048305e-01
5.765893489886553258e-01
5.806773145993550100e-01
5.880721855622071947e-01
5.862366874248553517e-01
5.889065174720226059e-01
5.917597116568149573e-01
5.889070916634339126e-01
5.847626475951610558e-01
5.809228783998734436e-01
5.785408302759512678e-01
5.820473096309564109e-01
5.802736707222767576e-01
5.839490488553658043e-01
5.805470381027613147e-01
5.849576168335400839e-01
5.830804040034611724e-01
5.811433578148866852e-01
5.738386141948210728e-01
5.813558396620628343e-01
5.753531427719653646e-01
5.747642743281828892e-01
5.776727132308177026e-01
5.725587280132831136e-01
5.774562248052694802e-01
5.878423729768166295e-01
5.718007015112118729e-01
5.723590681950251335e-01
5.796983763193472861e-01
5.740671259470474519e-01
5.738082049748836067e-01
5.745640639311228037e-01
5.696809786252486907e-01
5.678263162955259347e-01
5.664041693394000765e-01
5.638695109349031176e-01
5.720647799663054478e-01
5.696551881539515527e-01
5.666602704769525545e-01
5.706800728272168888e-01
5.605593261046287745e-01
5.664423954792511262e-01
5.714519054461748571e-01
5.619557673350358273e-01
5.673974673717450123e-01
5.657317850834283623e-01
5.659984696369905199e-01
5.593658977594131443e-01
5.613416813887082135e-01
5.664515562546559302e-01
5.700274741038298121e-01
5.665792913008959042e-01
5.663308324722143849e-01
5.641617354674216545e-01
5.576386277492230148e-01
5.585041962372950808e-01
5.600988972645539743e-01
5.625189632941515194e-01
5.527647529657070402e-01
5.567533542712529426e-01
5.578170852783398415e-01
5.485441986566934602e-01
5.525161241109554089e-01
5.531980672707924596e-01
5.616369018187890028e-01
5.609635927356206864e-01
5.624050870155676840e-01
5.510038527158590549e-01
5.553687849105932717e-01
5.551706532637278313e-01
5.572377213300803156e-01
5.588117296114946120e-01
5.548828626290346344e-01
5.480978164153221810e-01
5.500928782499753256e-01
5.489314322288220138e-01
5.513151494356302029e-01
5.565864210709546844e-01
5.549594468031173733e-01
5.442676377602112536e-01
5.469977854154048913e-01
5.502586206564537008e-01
5.493729665493354286e-01
5.485349546640346796e-01
5.505360536850415487e-01
5.491028323387487919e-01
5.412843157083560008e-01
5.364551356205573551e-01
5.485869349577487952e-01
5.463658396250162808e-01
5.451825921734173575e-01
5.435966392358143606e-01
5.440304854741463414e-01
5.479691618528121921e-01
5.496240721299098242e-01
5.495997865994771692e-01
5.514843590748615965e-01
5.527601752907801425e-01
5.464206134661649950e-01
5.426615873972574500e-01
5.429937590391208380e-01
5.370689412722220446e-01
5.333685796994429573e-01
5.516211233077905618e-01
5.427905224836789833e-01
5.436228067446977619e-01
5.451942224533129489e-01
5.479499465379960021e-01
5.345341497888931315e-01
5.400874506204556003e-01
5.431340434612371704e-01
5.431291310450969689e-01
5.342203122683060190e-01
5.337346895382955037e-01
5.397759094452246886e-01
5.360819791372005705e-01
5.276459265213746530e-01
5.338387137804275762e-01
5.398625570994156631e-01
5.362551603561792612e-01
5.389837848070340165e-01
5.313377454494818686e-01
5.362815901637076887e-01
5.441872444290380972e-01
5.366848539847594024e-01
5.407535807444499021e-01
5.329174506358611563e-01
5.347815305376664163e-01
5.417713940143584761e-01
5.315655751488147507e-01
5.331386181788566603e-01
5.351930717627207956e-01
5.270673811435699907e-01
5.384860231326176194e-01
5.261112550894418982e-01
5.272133587262569643e-01
5.241091715219693414e-01
5.295028331952217338e-01
5.229477695929698466e-01
5.218973347009756569e-01
5.279178050083991325e-01
5.270760760857509108e-01
5.264877563867813581e-01
5.257092702847260268e-01
5.298424320343213534e-01
5.166165093962963306e-01
5.277711412081351749e-01
5.241833405616955766e-01
5.298293868700663101e-01
5.292852274118325928e-01
5.194809154822276343e-01
5.253702343274385678e-01
5.208535013290551685e-01
5.327379494905472024e-01
5.220976425287050526e-01
5.245587892257250751e-01
5.195573608080545913e-01
5.241461667494896615e-01
5.247574738967113461e-01
5.221655958738082859e-01
5.220925127084438122e-01
5.239687856955406176e-01
5.110947738091150550e-01
5.210948487887016034e-01
5.227116720798687943e-01
5.180382524163295033e-01
5.147861814651734091e-01
5.253141696636492997e-01
5.168208952133471756e-01
5.173263926536608714e-01
5.149977431847498899e-01
5.246797534135672070e-01
5.201453957038048026e-01
5.166336991848089477e-01
5.166656588896726410e-01
5.200727193783490909e-01
5.172867254568980222e-01
5.150440510266866001e-01
5.240802994523292568e-01
5.100912354695491535e-01
5.091320664454729306e-01
5.127389357640192991e-01
5.134918887263689724e-01
5.176116994558236373e-01
5.124702968658545466e-01
5.158219347397486887e-01
5.181724107418305136e-01
5.157745252817105275e-01
5.101726897251911419e-01
5.163597456919841733e-01
5.177345827221870866e-01
5.169980837366520143e-01
5.157481289062744167e-01
5.109877042281322224e-01
5.155091592134573020e-01
5.144748932276016484e-01
5.196356519674643071e-01
5.122827619314194170e-01
5.057576438937432250e-01
5.080259258930499566e-01
5.138107872162109846e-01
5.139771512303596968e-01
5.101211004532300031e-01
5.115870478061529392e-01
5.086131981550119363e-01
5.186474858950346212e-01
5.127563565969467385e-01
5.097988885182600516e-01
5.085763530853467662e-01
5.132656558583944539e-01
5.112276779917570568e-01
5.145681143571169125e-01
5.120203086198904519e-01
5.159938555497389778e-01
5.108136216417337172e-01
5.045165089460519336e-01
5.010404141667561539e-01
5.127717778468743326e-01
5.048003922670315502e-01
5.105311935528730194e-01
5.072392431589273221e-01
5.042943077591749423e-01
5.046604601236489573e-01
5.026148046056430063e-01
5.032002277099169030e-01
5.057542670995761602e-01
5.118217569895279206e-01
4.974695412776409253e-01
5.046798702998038788e-01
5.013637091486882191e-01
4.974919067743496792e-01
5.100555232702157493e-01
5.053739813657907032e-01
4.996557792791953556e-01
5.076750977681233623e-01
5.007067093482384657e-01
5.036697994440030302e-01
5.076731922916877249e-01
5.022074414369387396e-01
4.992004155348508943e-01
4.849312427716377383e-01
4.965788761010536678e-01
4.940991970208974959e-01
4.995225642736141336e-01
4.994022481716596240e-01
5.003371759102894778e-01
4.948638323789987803e-01
4.973553030154643784e-01
4.968129211893448360e-01
5.050882026935235025e-01
4.975284334940788256e-01
4.950171669324239243e-01
4.985080041182347044e-01
4.981278090140758286e-01
4.943495529584395753e-01
5.043286927999593994e-01
5.029822672788913929e-01
5.005903811791003744e-01
4.940569475675240518e-01
4.930552561695759062e-01
4.913808113489395724e-01
5.027292659649482687e-01
5.081679141674286804e-01
4.976200094589820488e-01
4.940277018226110206e-01
4.898558984964321850e-01
4.873674606665586717e-01
4.830904946877406236e-01
4.843745525830831511e-01
5.012393116950988325e-01
4.965963664727333082e-01
4.887437880803376933e-01
4.866908229314363954e-01
4.934282734608038679e-01
4.933241635560989269e-01
4.982265974084535975e-01
4.889888713757197247e-01
4.893287082131092536e-01
4.968000479997732866e-01
4.951618843353711719e-01
4.863258045453291434e-01
4.818089973468047127e-01
4.945320360553570049e-01
4.912803551707512484e-01
4.886851705037630333e-01
4.936104469192333921e-01
4.915604148537684459e-01
4.865951172816447845e-01
4.901684780915578354e-01
4.819909014762976396e-01
4.820133402179448967e-01
4.930406982317949161e-01
4.831822252426392073e-01
4.806658567908482782e-01
4.864995519702250970e-01
4.880882048836120979e-01
4.849736990836950312e-01
4.896433134873708348e-01
4.838021086958738670e-01
4.896305154913511148e-01
4.801363899157597426e-01
4.854358891646067264e-01
4.907094845404991745e-01
4.804975922291095380e-01
4.889719918370246665e-01
4.797398099532494409e-01
4.868654850965891123e-01
4.878988500206898338e-01
4.742680580570147741e-01
4.846378247707318065e-01
4.806542997176830312e-01
4.833966719798552525e-01
4.868369540342917801e-01
4.793025544056525589e-01
4.858417190802403196e-01
4.843229321333078485e-01
4.784231569522466310e-01
4.831378553158197642e-01
4.832966780051207167e-01
4.838381113914342890e-01
4.697829585426893106e-01
4.845910675250567068e-01
4.879171228561645646e-01
4.828860173622767094e-01
4.774005269392943007e-01
4.723179455751027600e-01
4.877111556438299411e-01
4.915499608486126881e-01
4.806068631318899387e-01
4.746382305255302803e-01
4.804660752797738077e-01
4.757046090486722334e-01
4.823338977801494010e-01
4.735691355589108364e-01
4.851395234847680205e-01
4.802853272511408700e-01
4.773199196809377320e-01
4.776866459693664413e-01
4.825936587957235235e-01
4.777536736849026799e-01
4.772261279515730981e-01
4.756198423795210961e-01
4.732763619759143836e-01
4.762595314245957612e-01
4.723280828350629457e-01
4.794900671411783111e-01
4.756738130098734363e-01
4.635328600804011212e-01
4.691558157786344663e-01
4.728103834467056732e-01
4.631981365191630839e-01
4.714642381056761145e-01
4.723506916409883627e-01
4.786394150593342167e-01
4.773115832836200001e-01
4.753098270067802056e-01
4.749045719703038348e-01
4.738869555485554219e-01
4.815754941640755793e-01
4.737662901863073928e-01
4.735661232318633673e-01
4.662193487852047680e-01
4.786295783825409988e-01
4.713862366783313496e-01
4.698113528581766007e-01
4.823810871212910190e-01
4.757748322609143266e-01
4.788444365828465332e-01
4.654733623449618940e-01
4.715930203596750969e-01
4.771912180460416431e-01
4.721689481765796170e-01
4.681707966786164410e-01
4.697487068481934203e-01
4.702927555029208784e-01
4.722738886490846499e-01
4.705216398605933659e-01
4.681098168477034194e-01
4.631259106672727111e-01
4.682938438959610705e-01
4.687506107183603277e-01
4.620681808162958037e-01
4.675810034458454112e-01
4.763277950959328155e-01
4.738071007606310947e-01
4.756986930584296003e-01
4.696350508011304381e-01
4.756692109199670560e-01
4.719056508479974044e-01
4.724035820899865623e-01
4.679274936517079930e-01
4.702803329015389222e-01
4.712792184490424141e-01
4.694654938120108589e-01
4.660977742610833419e-01
4.628443273978355421e-01
4.630244564742613811e-01
4.629587488678785223e-01
4.669608981945576054e-01
4.702896609520300641e-01
4.671619418339851837e-01
4.659367650747299194e-01
4.618559642479969640e-01
4.665253512370280964e-01
4.673048812227371673e-01
4.696529659705284132e-01
4.697365147945208319e-01
4.730859459592746119e-01
4.654676028551199551e-01
4.589529219346168976e-01
4.704588899627710208e-01
4.591627004436957260e-01
4.635062269293345194e-01
4.757556046430881369e-01
4.610932661172671421e-01
4.668827889439386980e-01
4.633401526472507581e-01
4.662097183175575865e-01
4.699925963695232856e-01
4.567536699466216432e-01
4.572124561820274935e-01
4.548641379445027000e-01
4.578376983602841510e-01
4.721075350657487624e-01
4.578897486512477633e-01
4.630888896110730291e-01
4.641590957458202604e-01
4.630741464786040651e-01
4.646020548848005527e-01
4.652499038821611421e-01
4.614397087922463281e-01
4.607161189883183239e-01
4.557811054281699081e-01
4.641892406420830008e-01
4.686980906396340241e-01
4.660528082113999382e-01
4.647448964225940338e-01
4.536283066639533179e-01
4.587125985286174545e-01
4.669758801658948077e-01
4.568154429013912554e-01
4.634149436003122680e-01
4.564587693948012337e-01
4.595315281397256979e-01
4.548793423252228130e-01
4.589127790087308423e-01
4.586578464660889254e-01
4.618557779452739376e-01
4.653103945346979131e-01
4.572527805199990136e-01
4.551296531389921185e-01
4.506881293960106616e-01
4.669437607893576758e-01
4.611049579122127873e-01
4.589998581088506335e-01
4.525270795210813990e-01
4.677743854431005710e-01
4.565031655705892311e-01
4.464179992675781361e-01
4.595294964619172084e-01
4.488778120432144747e-01
4.579625345193422681e-01
4.603732206882574785e-01
4.556344894262460699e-01
4.583520404039285179e-01
4.492330018526468627e-01
4.537091842828652744e-01
4.492034354271032814e-01
4.571248238667463548e-01
4.572774934845093009e-01
4.473935216283186911e-01
4.480425845736112356e-01
4.490956373703785531e-01
4.539957918417759641e-01
4.556054187508729592e-01
4.516223970514077202e-01
4.522509003296876773e-01
4.624117617423717519e-01
4.517878904556617004e-01
4.537516848017008053e-01
4.558010607193677677e-01
4.596041585390384654e-01
4.474160007941417327e-01
4.504709806961890717e-01
4.512251443205735346e-01
4.559879084428151708e-01
4.543494059107242578e-01
4.508755311369895824e-01
4.467871237641725668e-01
4.553525532285372379e-01
4.513426782993170128e-01
4.531382018174880399e-01
4.531263665893138781e-01
4.450094817158503635e-01
4.544696393303381821e-01
4.536621613380236728e-01
4.606322724849749584e-01
4.491638153409346357e-01
4.518701180051534760e-01
4.419886718575771201e-01
4.668928908996092808e-01
4.508286814276988852e-01
4.519225488106409783e-01
4.440500736618653299e-01
4.535283165100293390e-01
4.438643117363636481e-01
4.505023774428245087e-01
4.481315616995860118e-01
4.492956812183062087e-01
4.463026977502382864e-01
4.568013102962420469e-01
4.525233292426818488e-01
4.562315477392612229e-01
4.537032297024359839e-01
4.554100799636963126e-01
4.498401322043859007e-01
4.439301294394028541e-01
4.477544792187519440e-01
4.518470926926685949e-01
4.461177535546131390e-01
4.463376377637569559e-01
4.486947689300928577e-01
4.474321910968193650e-01
4.466503590345382579e-01
4.492001765431501981e-01
4.501921258293665185e-01
4.533134154402292948e-01
4.472934715640850545e-01
4.473160509497691173e-01
4.543181472099744322e-01
4.467485994864732746e-01
4.503700375939027056e-01
4.530864723981954945e-01
4.473946312681222337e-01
4.478927449156076546e-01
4.606813036478482615e-01
4.479863619193052426e-01
4.522529930258408770e-01
4.492435083939478879e-01
4.456014152902822989e-01
4.538557951649029865e-01
4.459409134892317050e-01
4.371106564234464864e-01
4.552953041134736312e-01
4.444966532481022248e-01
4.486048883352524164e-01
4.448619255652794258e-01
4.446030244231223838e-01
4.484292250413161041e-01
4.478044198491634709e-01
4.483695785968731529e-01
4.548911731212567089e-01
4.441023377653879889e-01
4.470439935341859461e-01
4.381960093592985883e-01
4.504517410428096058e-01
4.462490809269440417e-01
4.458715676497190250e-01
4.406600672465104118e-01
4.426477874700839865e-01
4.422081917524337547e-01
4.438315987204893842e-01
4.397653173941832305e-01
4.404776419584567893e-01
4.435985524684954995e-01
4.462062763097958684e-01
4.343547065288592690e-01
4.466943525733091946e-01
4.520433240976088896e-01
4.389306283532044550e-01
4.427027381383455973e-01
4.398665776619544165e-01
4.407554176373359445e-01
4.401961924555974348e-01
4.456527176193701978e-01
4.390057672292758117e-01
4.503477519521346673e-01
4.411450003584225787e-01
4.399432072272667638e-01
4.380080050000777492e-01
4.415378957604750854e-01
4.430770929043109652e-01
4.418674608071644916e-01
4.400283712607163666e-01
4.411109858598464828e-01
4.403749317312851685e-01
4.364243611311301452e-01
4.383373973461298090e-01
4.433916942431376795e-01
4.467364894273953557e-01
4.547591143311598416e-01
4.420001198083926552e-01
4.393525022344711428e-01
4.371216452656648266e-01
4.437427277748401400e-01
4.406801872910597329e-01
4.408089045912791382e-01
4.453493207311018942e-01
4.416969324533756014e-01
4.385389086527702318e-01
4.384973863378548997e-01
4.440883543246831877e-01
4.388794836707604063e-01
4.448240994642942425e-01
4.348752701129668941e-01
4.367766507543050514e-01
4.467770473697246780e-01
4.361208572601660838e-01
4.411130221226276515e-01
4.413589178751676778e-01
4.394141761156228898e-01
4.413217067718505637e-01
4.393009175856908421e-01
4.335913744492408406e-01
4.465128301045833692e-01
4.451176476020079487e-01
4.356036830406922467e-01
4.299122861944711937e-01
4.351895808791502729e-01
4.380668780742547619e-01
4.369129979839691535e-01
4.370898600954276070e-01
4.323439587385226601e-01
4.338062095336425172e-01
4.440041467547416465e-01
4.425059807224151487e-01
4.337655641329594136e-01
4.318100362634047507e-01
4.409020890410129678e-01
4.353768534003160107e-01
4.439599044047869425e-01
4.407027425674291954e-01
4.330711833177468550e-01
4.263297106975164064e-01
4.374240577985079037e-01
4.381478449090933092e-01
4.397469046406256576e-01
4.305780548315781830e-01
4.378784840687727220e-01
4.388259467024069327e-01
4.364498510956764110e-01
4.411958826275972356e-01
4.414241604315928824e-01
4.355958797228641766e-01
4.314747135608624218e-01
4.395623934574616198e-01
4.371745255513068695e-01
4.363293348596646304e-01
4.290392770981177328e-01
4.319540462050682206e-01
4.322605613332528574e-01
4.433041344086329216e-01
4.380344589933370947e-01
4.366716508681957598e-01
4.340238348031655313e-01
4.323028267576144446e-01
4.335895921175296763e-01
4.358117715670512538e-01
4.320059586411867381e-01
4.305682453589561587e-01
4.334325192448420516e-01
4.320330167428040880e-01
4.303981777185048596e-01
4.386847123885765920e-01
4.284825808726824281e-01
4.441104268798461430e-01
4.330242296824088344e-01
4.333542995345898152e-01
4.408303728470435723e-01
4.307997914078908197e-01
4.338048356847885589e-01
4.326118097473413693e-01
4.327916070436820251e-01
4.434469064840903529e-01
4.371763067749830367e-01
4.350899588603239776e-01
4.421429939377002349e-01
4.221234558102411882e-01
4.261565290964566821e-01
4.307227917588674071e-01
4.389235811355786665e-01
4.335315545399983650e-01
4.341251729772641066e-01
4.295792924670072677e-01
4.325647241412065025e-01
4.356701233066045398e-01
4.366833336078203565e-01
4.277178545410816324e-01
4.239212148846724371e-01
4.391532145249538166e-01
4.331478259120232210e-01
4.306297017595706600e-01
4.293109015394479533e-01
4.375613453296514632e-01
4.375596332244384157e-01
4.322987311161481383e-01
4.325989330044159309e-01
4.284409002615855444e-01
4.285792497870249407e-01
4.320607508604343283e-01
4.231294474540612804e-01
4.309438725694632044e-01
4.432936362349070292e-01
4.357615097593038334e-01
4.321491588384677174e-01
4.312953872558398238e-01
4.334307400461954729e-01
4.349782921564884774e-01
4.277261684720332635e-01
4.334413390511121511e-01
4.267171526566529982e-01
4.266516915880717020e-01
4.341475490194100506e-01
4.365991553052877561e-01
4.214079935581256375e-01
4.289451330900192483e-01
4.357589884446217421e-01
4.266726530515230764e-01
4.235670124108974477e-01
4.335143569952402132e-01
4.380006388976023790e-01
4.260613575195654756e-01
4.379848458445989023e-01
4.333249194881854671e-01
4.299950609222436548e-01
4.439112782096251708e-01
4.297124908902706375e-01
4.308401226233213310e-01
4.294614572173509615e-01
4.288401917769358862e-01
4.343433538308510422e-01
4.332756319489234342e-01
4.324901715303078875e-01
4.268614250497940188e-01
4.281853150480832704e-01
4.315654501318931802e-01
4.256181799066372506e-01
4.260765935748051514e-01
4.227423863151134609e-01
4.314731066807722670e-01
4.324560690384644523e-01
4.236660409432191354e-01
4.324038859743338237e-01
4.315052608648936028e-01
4.229811957631355868e-01
4.305424562249428044e-01
4.322854194885645263e-01
4.287013744314511765e-01
4.268293721935688123e-01
4.187013409840755207e-01
4.300027073193818938e-01
4.271684854076459037e-01
4.285543752022278885e-01
4.222032182873823869e-01
4.277931945064128993e-01
4.258637652565271381e-01
4.257468314507068530e-01
4.328773093147155748e-01
4.286593856337743147e-01
4.269743817356916327e-01
4.343077246577311534e-01
4.303415925456927638e-01
4.324150086977542884e-01
4.295356786403900506e-01
