7.816052436828613281e+00
9.556385040283203125e+00
1.092601013183593750e+01
1.198925399780273438e+01
1.288782119750976562e+01
1.359412860870361328e+01
1.433435249328613281e+01
1.496407794952392578e+01
1.557950401306152344e+01
1.617888259887695312e+01
1.676761054992675781e+01
1.731002044677734375e+01
1.787523841857910156e+01
1.838794898986816406e+01
1.891863441467285156e+01
1.936666107177734375e+01
1.989855575561523438e+01
2.037321853637695312e+01
2.085129547119140625e+01
2.128833770751953125e+01
2.167744445800781250e+01
2.211297607421875000e+01
2.242663764953613281e+01
2.273264312744140625e+01
2.314159393310546875e+01
2.344863700866699219e+01
2.381408882141113281e+01
2.409009361267089844e+01
2.435116767883300781e+01
2.455260467529296875e+01
2.476787757873535156e+01
2.489150810241699219e+01
2.504704856872558594e+01
2.523698425292968750e+01
2.537797355651855469e+01
2.552258682250976562e+01
2.565351486206054688e+01
2.572234344482421875e+01
2.590860748291015625e+01
2.593559837341308594e+01
2.600668525695800781e+01
2.610091209411621094e+01
2.614886093139648438e+01
2.629836845397949219e+01
2.628298377990722656e+01
2.636658859252929688e+01
2.638854598999023438e+01
2.643150138854980469e+01
2.639594459533691406e+01
2.635943222045898438e+01
2.628290939331054688e+01
2.629781723022460938e+01
2.634874343872070312e+01
2.640555191040039062e+01
2.630007553100585938e+01
2.629491424560546875e+01
2.619928932189941406e+01
2.619345283508300781e+01
2.606360244750976562e+01
2.614252853393554688e+01
2.612281990051269531e+01
2.611347198486328125e+01
2.618545722961425781e+01
2.611974906921386719e+01
2.603630447387695312e+01
2.607355308532714844e+01
2.600881576538085938e+01
2.598140335083007812e+01
2.595540428161621094e+01
2.595237731933593750e+01
2.607044982910156250e+01
2.608008956909179688e+01
2.607196807861328125e+01
2.606679153442382812e+01
2.616424942016601562e+01
2.618066406250000000e+01
2.612160301208496094e+01
2.609177780151367188e+01
2.616410827636718750e+01
2.613455963134765625e+01
2.619894409179687500e+01
2.618055725097656250e+01
2.627441024780273438e+01
2.630302047729492188e+01
2.629035949707031250e+01
2.627959632873535156e+01
2.637010574340820312e+01
2.637911224365234375e+01
2.632960128784179688e+01
2.643566131591796875e+01
2.646656799316406250e+01
2.646456909179687500e+01
2.650358772277832031e+01
2.653183364868164062e+01
2.644867706298828125e+01
2.649881553649902344e+01
2.646570014953613281e+01
2.653544616699218750e+01
2.658670425415039062e+01
2.650939178466796875e+01
2.664880180358886719e+01
2.662281036376953125e+01
2.655587196350097656e+01
2.662801361083984375e+01
2.674037170410156250e+01
2.674233627319335938e+01
2.674392700195312500e+01
2.676832199096679688e+01
2.683303260803222656e+01
2.683092689514160156e+01
2.693526649475097656e+01
2.702076530456542969e+01
2.705418968200683594e+01
2.718133926391601562e+01
2.702725219726562500e+01
2.701159858703613281e+01
2.702338218688964844e+01
2.704333686828613281e+01
2.712125968933105469e+01
2.712030410766601562e+01
2.696585464477539062e+01
2.705496406555175781e+01
2.700277328491210938e+01
2.700483703613281250e+01
2.713583755493164062e+01
2.710640335083007812e+01
2.716930389404296875e+01
2.722205543518066406e+01
2.731052017211914062e+01
2.725274848937988281e+01
2.730518341064453125e+01
2.729000473022460938e+01
2.735123443603515625e+01
2.723818588256835938e+01
2.739151763916015625e+01
2.740983200073242188e+01
2.735614013671875000e+01
2.732442474365234375e+01
2.732671165466308594e+01
2.727420043945312500e+01
2.737220764160156250e+01
2.737342071533203125e+01
2.734722518920898438e+01
2.749110412597656250e+01
2.753466415405273438e+01
2.758411407470703125e+01
2.757690620422363281e+01
2.764598464965820312e+01
2.760413551330566406e+01
2.757101821899414062e+01
2.763721084594726562e+01
2.765886878967285156e+01
2.780178070068359375e+01
2.765390777587890625e+01
2.777426910400390625e+01
2.781459236145019531e+01
2.775078964233398438e+01
2.777892684936523438e+01
2.770914840698242188e+01
2.756647491455078125e+01
2.767027282714843750e+01
2.772456741333007812e+01
2.792728805541992188e+01
2.794801712036132812e+01
2.791931152343750000e+01
2.800922012329101562e+01
2.795579338073730469e+01
2.798471069335937500e+01
2.803512573242187500e+01
2.798978805541992188e+01
2.788365173339843750e+01
2.787917518615722656e+01
2.780810546875000000e+01
2.786047172546386719e+01
2.787443923950195312e+01
2.795015525817871094e+01
2.783749198913574219e+01
2.789776992797851562e+01
2.795778846740722656e+01
2.809961318969726562e+01
2.820647048950195312e+01
2.811117744445800781e+01
2.811817169189453125e+01
2.819734191894531250e+01
2.817641067504882812e+01
2.810383796691894531e+01
2.822037124633789062e+01
2.834375572204589844e+01
2.829934310913085938e+01
2.843830490112304688e+01
2.852905082702636719e+01
2.861061859130859375e+01
2.855007934570312500e+01
2.864884376525878906e+01
2.864051818847656250e+01
2.870558929443359375e+01
2.862341690063476562e+01
2.857263183593750000e+01
2.871126556396484375e+01
2.876541137695312500e+01
2.868237686157226562e+01
2.861297988891601562e+01
2.864293861389160156e+01
2.881158065795898438e+01
2.871010589599609375e+01
2.867041778564453125e+01
2.859337234497070312e+01
2.864591598510742188e+01
2.861737251281738281e+01
2.862380599975585938e+01
2.860888481140136719e+01
2.855042648315429688e+01
2.850178146362304688e+01
2.860633277893066406e+01
2.879009819030761719e+01
2.876391029357910156e+01
2.880272483825683594e+01
2.878326416015625000e+01
2.885864639282226562e+01
2.894783020019531250e+01
2.888082313537597656e+01
2.893691062927246094e+01
2.906771850585937500e+01
2.896424865722656250e+01
2.905859375000000000e+01
2.906428146362304688e+01
2.909686279296875000e+01
2.909506607055664062e+01
2.889012527465820312e+01
2.889850044250488281e+01
2.896629524230957031e+01
2.886439895629882812e+01
2.899798583984375000e+01
2.889470100402832031e+01
2.902101135253906250e+01
2.919032859802246094e+01
2.915267944335937500e+01
2.915234184265136719e+01
2.914303779602050781e+01
2.924747467041015625e+01
2.920587921142578125e+01
2.919541549682617188e+01
2.926811599731445312e+01
2.922168731689453125e+01
2.922920989990234375e+01
2.918498611450195312e+01
2.929111480712890625e+01
2.917900085449218750e+01
2.919827842712402344e+01
2.928564262390136719e+01
2.922076416015625000e+01
2.924639129638671875e+01
2.913518905639648438e+01
2.914727020263671875e+01
2.924484252929687500e+01
2.939116287231445312e+01
2.932745361328125000e+01
2.927075958251953125e+01
2.923421478271484375e+01
2.938814544677734375e+01
2.941093826293945312e+01
2.927572822570800781e+01
2.949135208129882812e+01
2.958804512023925781e+01
2.955110359191894531e+01
2.963556861877441406e+01
2.973528289794921875e+01
2.970638275146484375e+01
2.978386878967285156e+01
2.989841842651367188e+01
2.984776687622070312e+01
3.002182388305664062e+01
3.013569259643554688e+01
3.018162536621093750e+01
3.028119277954101562e+01
3.028462600708007812e+01
3.027275085449218750e+01
3.033539962768554688e+01
3.043207168579101562e+01
3.033544540405273438e+01
3.037213516235351562e+01
3.027354812622070312e+01
3.030356979370117188e+01
3.036181640625000000e+01
3.040391731262207031e+01
3.024092864990234375e+01
3.020573043823242188e+01
3.019206237792968750e+01
3.029880523681640625e+01
3.023457717895507812e+01
3.014743423461914062e+01
3.018445396423339844e+01
3.028680992126464844e+01
3.027655029296875000e+01
3.051391983032226562e+01
3.050475502014160156e+01
3.047214889526367188e+01
3.032235717773437500e+01
3.035060501098632812e+01
3.038114547729492188e+01
3.034064674377441406e+01
3.018623733520507812e+01
3.027269744873046875e+01
3.052438354492187500e+01
3.059030532836914062e+01
3.047963523864746094e+01
3.043902969360351562e+01
3.045102691650390625e+01
3.031616401672363281e+01
3.046895599365234375e+01
3.049245452880859375e+01
3.058795166015625000e+01
3.040953636169433594e+01
3.039389801025390625e+01
3.056859207153320312e+01
3.044759941101074219e+01
3.049557876586914062e+01
3.059107208251953125e+01
3.052098655700683594e+01
3.043601226806640625e+01
3.048424148559570312e+01
3.051810073852539062e+01
3.049778938293457031e+01
3.041225433349609375e+01
3.051735687255859375e+01
3.064962768554687500e+01
3.063395690917968750e+01
3.060021972656250000e+01
3.079862594604492188e+01
3.070116806030273438e+01
3.060961723327636719e+01
3.065097808837890625e+01
3.056669998168945312e+01
3.053651618957519531e+01
3.051462173461914062e+01
3.047956466674804688e+01
3.046497344970703125e+01
3.052425193786621094e+01
3.058325576782226562e+01
3.046873092651367188e+01
3.052403831481933594e+01
3.069742202758789062e+01
3.066716384887695312e+01
3.067147636413574219e+01
3.077068328857421875e+01
3.071753692626953125e+01
3.063223648071289062e+01
3.068778038024902344e+01
3.075095558166503906e+01
3.078348922729492188e+01
3.076543807983398438e+01
3.092652130126953125e+01
3.082171249389648438e+01
3.091565704345703125e+01
3.095643234252929688e+01
3.088074874877929688e+01
3.077804756164550781e+01
3.083556365966796875e+01
3.082632446289062500e+01
3.078709793090820312e+01
3.093572235107421875e+01
3.103702163696289062e+01
3.087436103820800781e+01
3.095203399658203125e+01
3.105285072326660156e+01
3.101008033752441406e+01
3.100991439819335938e+01
3.101455307006835938e+01
3.104483032226562500e+01
3.108465957641601562e+01
3.101647377014160156e+01
3.094273376464843750e+01
3.101091003417968750e+01
3.103188896179199219e+01
3.119990539550781250e+01
3.127315139770507812e+01
3.136563110351562500e+01
3.119142723083496094e+01
3.132786560058593750e+01
3.137120246887207031e+01
3.127413940429687500e+01
3.118778610229492188e+01
3.122240447998046875e+01
3.126321411132812500e+01
3.127725219726562500e+01
3.115890502929687500e+01
3.117575073242187500e+01
3.135728454589843750e+01
3.124600601196289062e+01
3.125546264648437500e+01
3.128212547302246094e+01
3.117224884033203125e+01
3.121773147583007812e+01
3.111689758300781250e+01
3.121969985961914062e+01
3.130981445312500000e+01
3.132318305969238281e+01
3.137205314636230469e+01
3.140088462829589844e+01
3.123270988464355469e+01
3.146878433227539062e+01
3.134563064575195312e+01
3.150568771362304688e+01
3.164217758178710938e+01
3.165473937988281250e+01
3.167907333374023438e+01
3.154855346679687500e+01
3.167984580993652344e+01
3.162655258178710938e+01
3.156134796142578125e+01
3.165193939208984375e+01
3.175078773498535156e+01
3.172010421752929688e+01
3.164131927490234375e+01
3.158628082275390625e+01
3.157950019836425781e+01
3.164318847656250000e+01
3.157452011108398438e+01
3.173728752136230469e+01
3.184771537780761719e+01
3.172409820556640625e+01
3.166465377807617188e+01
3.178853607177734375e+01
3.173677825927734375e+01
3.178832054138183594e+01
3.189887619018554688e+01
3.181833267211914062e+01
3.213805389404296875e+01
3.203004837036132812e+01
3.195489311218261719e+01
3.196456527709960938e+01
3.192708587646484375e+01
3.180705070495605469e+01
3.171493911743164062e+01
3.164635086059570312e+01
3.152581596374511719e+01
3.151077270507812500e+01
3.156801605224609375e+01
3.167904281616210938e+01
3.186213111877441406e+01
3.195199203491210938e+01
3.188562393188476562e+01
3.180872726440429688e+01
3.184554862976074219e+01
3.183650588989257812e+01
3.177765464782714844e+01
3.179839324951171875e+01
3.177840805053710938e+01
3.187002563476562500e+01
3.193395042419433594e+01
3.178824234008789062e+01
3.189194107055664062e+01
3.199615287780761719e+01
3.198362922668457031e+01
3.184251594543457031e+01
3.168471717834472656e+01
3.200974655151367188e+01
3.187381362915039062e+01
3.200005340576171875e+01
3.191365051269531250e+01
3.206786346435546875e+01
3.205715179443359375e+01
3.216303253173828125e+01
3.208163833618164062e+01
3.210869598388671875e+01
3.197981643676757812e+01
3.215494537353515625e+01
3.205127716064453125e+01
3.214633560180664062e+01
3.198656463623046875e+01
3.200642776489257812e+01
3.207035064697265625e+01
3.203572845458984375e+01
3.201493072509765625e+01
3.200923156738281250e+01
3.194562721252441406e+01
3.200651168823242188e+01
3.182160568237304688e+01
3.205056762695312500e+01
3.196839332580566406e+01
3.188249588012695312e+01
3.192291641235351562e+01
3.190285301208496094e+01
3.185402679443359375e+01
3.186224555969238281e+01
3.179252624511718750e+01
3.180170822143554688e+01
3.187557220458984375e+01
3.203046798706054688e+01
3.210828781127929688e+01
3.209792327880859375e+01
3.222443389892578125e+01
3.207299041748046875e+01
3.216995239257812500e+01
3.216211700439453125e+01
3.218301010131835938e+01
3.227730178833007812e+01
3.208404159545898438e+01
3.190468597412109375e+01
3.199992561340332031e+01
3.180157470703125000e+01
3.190047836303710938e+01
3.201913070678710938e+01
3.195349884033203125e+01
3.183768463134765625e+01
3.175121498107910156e+01
3.172170257568359375e+01
3.155945777893066406e+01
3.139067459106445312e+01
3.147043991088867188e+01
3.159773254394531250e+01
3.182000160217285156e+01
3.174651336669921875e+01
3.190482711791992188e+01
3.177432250976562500e+01
3.187762451171875000e+01
3.182976913452148438e+01
3.183219909667968750e+01
3.189722442626953125e+01
3.204017257690429688e+01
3.196662521362304688e+01
3.210067749023437500e+01
3.201945114135742188e+01
3.204526901245117188e+01
3.190006637573242188e+01
3.208431625366210938e+01
3.191702651977539062e+01
3.207559967041015625e+01
3.201493072509765625e+01
3.208125686645507812e+01
3.199237442016601562e+01
3.185482025146484375e+01
3.188151550292968750e+01
3.191973876953125000e+01
3.200399398803710938e+01
3.198542022705078125e+01
3.208234024047851562e+01
3.217870330810546875e+01
3.201628112792968750e+01
3.190945434570312500e+01
3.204854583740234375e+01
3.211524581909179688e+01
3.199903106689453125e+01
3.195551109313964844e+01
3.193181991577148438e+01
3.192512321472167969e+01
3.189488601684570312e+01
3.203416061401367188e+01
3.190403938293457031e+01
3.196195411682128906e+01
3.209183502197265625e+01
3.224544525146484375e+01
3.218093109130859375e+01
3.206988525390625000e+01
3.234358978271484375e+01
3.228283691406250000e+01
3.215738677978515625e+01
3.222692871093750000e+01
3.230254364013671875e+01
3.230043411254882812e+01
3.229077911376953125e+01
3.228952407836914062e+01
3.252693939208984375e+01
3.260120391845703125e+01
3.239936065673828125e+01
3.237819671630859375e+01
3.260003280639648438e+01
3.259621047973632812e+01
3.276245498657226562e+01
3.266504287719726562e+01
3.272947692871093750e+01
3.286809539794921875e+01
3.269160461425781250e+01
3.259393692016601562e+01
3.260644531250000000e+01
3.269982528686523438e+01
3.261706161499023438e+01
3.261222076416015625e+01
3.247549438476562500e+01
3.249372100830078125e+01
3.247889709472656250e+01
3.259516143798828125e+01
3.249330139160156250e+01
3.253798675537109375e+01
3.252413177490234375e+01
3.237779998779296875e+01
3.242150497436523438e+01
3.254549026489257812e+01
3.264321899414062500e+01
3.249192810058593750e+01
3.246334838867187500e+01
3.244041442871093750e+01
3.248698806762695312e+01
3.244634246826171875e+01
3.254143524169921875e+01
3.261662673950195312e+01
3.243829727172851562e+01
3.248864746093750000e+01
3.255632781982421875e+01
3.250171661376953125e+01
3.262891387939453125e+01
3.266061401367187500e+01
3.276976776123046875e+01
3.266395568847656250e+01
3.254470825195312500e+01
3.258057022094726562e+01
3.271093750000000000e+01
3.267369461059570312e+01
3.243796920776367188e+01
3.266729736328125000e+01
3.260343551635742188e+01
3.262836074829101562e+01
3.265969085693359375e+01
3.274983978271484375e+01
3.297790527343750000e+01
3.283768844604492188e+01
3.264499282836914062e+01
3.277769470214843750e+01
3.284330749511718750e+01
3.294363403320312500e+01
3.297344589233398438e+01
3.273745727539062500e+01
3.273122024536132812e+01
3.261539459228515625e+01
3.258971786499023438e+01
3.271900177001953125e+01
3.279142761230468750e+01
3.290380859375000000e+01
3.287026977539062500e+01
3.291328430175781250e+01
3.281985855102539062e+01
3.284519958496093750e+01
3.290508651733398438e+01
3.281808471679687500e+01
3.294657135009765625e+01
3.309701156616210938e+01
3.316295623779296875e+01
3.322303771972656250e+01
3.321470642089843750e+01
3.321458816528320312e+01
3.328358078002929688e+01
3.324610137939453125e+01
3.310671615600585938e+01
3.318059921264648438e+01
3.313834381103515625e+01
3.326416778564453125e+01
3.315795135498046875e+01
3.328063201904296875e+01
3.304718399047851562e+01
3.310331726074218750e+01
3.312443161010742188e+01
3.321394729614257812e+01
3.307546234130859375e+01
3.302774429321289062e+01
3.293271636962890625e+01
3.297267913818359375e+01
3.306232833862304688e+01
3.305811309814453125e+01
3.288991165161132812e+01
3.295241546630859375e+01
3.291617202758789062e+01
3.289032363891601562e+01
3.295992660522460938e+01
3.316913986206054688e+01
3.304270935058593750e+01
3.309895324707031250e+01
3.315669631958007812e+01
3.308060455322265625e+01
3.317034149169921875e+01
3.306474304199218750e+01
3.293798828125000000e+01
3.280483245849609375e+01
3.284676361083984375e+01
3.284882736206054688e+01
3.297087097167968750e+01
3.286536026000976562e+01
3.277471923828125000e+01
3.261806869506835938e+01
3.263711929321289062e+01
3.265023803710937500e+01
3.258881378173828125e+01
3.257363128662109375e+01
3.252846527099609375e+01
3.253600692749023438e+01
3.250500488281250000e+01
3.267720794677734375e+01
3.248941421508789062e+01
3.265153503417968750e+01
3.255867004394531250e+01
3.245418548583984375e+01
3.242332458496093750e+01
3.243114089965820312e+01
3.254032897949218750e+01
3.233163452148437500e+01
3.237556457519531250e+01
3.234780883789062500e+01
3.232094955444335938e+01
3.221326446533203125e+01
3.247088241577148438e+01
3.244870758056640625e+01
3.263253021240234375e+01
3.250794219970703125e+01
3.237873077392578125e+01
3.241437911987304688e+01
3.236167526245117188e+01
3.237834930419921875e+01
3.240475463867187500e+01
3.236582565307617188e+01
3.232826232910156250e+01
3.236958694458007812e+01
3.230379867553710938e+01
3.232842254638671875e+01
3.239133071899414062e+01
3.238460922241210938e+01
3.255255508422851562e+01
3.266416931152343750e+01
3.274118423461914062e+01
3.279184722900390625e+01
3.271368408203125000e+01
3.273670578002929688e+01
3.274699783325195312e+01
3.273749160766601562e+01
3.269203186035156250e+01
3.282888031005859375e+01
3.266367340087890625e+01
3.270407485961914062e+01
3.280170059204101562e+01
3.276561355590820312e+01
3.264922714233398438e+01
3.272201538085937500e+01
3.271007537841796875e+01
3.261051559448242188e+01
3.272674942016601562e+01
3.277915191650390625e+01
3.247973251342773438e+01
3.245148468017578125e+01
3.241765213012695312e+01
3.237650680541992188e+01
3.225197601318359375e+01
3.217440795898437500e+01
3.222527313232421875e+01
3.238604736328125000e+01
3.235079193115234375e+01
3.228991699218750000e+01
3.224131393432617188e+01
3.216372680664062500e+01
3.209437179565429688e+01
3.223576354980468750e+01
3.236280822753906250e+01
3.223444366455078125e+01
3.228770065307617188e+01
3.222159957885742188e+01
3.226831817626953125e+01
3.236466979980468750e+01
3.242909240722656250e+01
3.244845199584960938e+01
3.244785690307617188e+01
3.239247512817382812e+01
3.228795623779296875e+01
3.213097381591796875e+01
3.232897186279296875e+01
3.237698745727539062e+01
3.224711990356445312e+01
3.210080718994140625e+01
3.232756805419921875e+01
3.221436691284179688e+01
3.238643264770507812e+01
3.250503158569335938e+01
3.244499588012695312e+01
3.251794815063476562e+01
3.253822708129882812e+01
3.260811233520507812e+01
3.256022262573242188e+01
3.271414184570312500e+01
3.253313446044921875e+01
3.248806762695312500e+01
3.241355514526367188e+01
3.274904251098632812e+01
3.250928497314453125e+01
3.270200729370117188e+01
3.269688796997070312e+01
3.278613281250000000e+01
3.294695281982421875e+01
3.301943206787109375e+01
3.305410385131835938e+01
3.308658981323242188e+01
3.282918548583984375e+01
3.289926528930664062e+01
3.280587005615234375e+01
3.291677474975585938e+01
3.261743545532226562e+01
3.274987792968750000e+01
3.278527450561523438e+01
3.281866836547851562e+01
3.265632629394531250e+01
3.265129089355468750e+01
3.268389511108398438e+01
3.248073196411132812e+01
3.229158020019531250e+01
3.253558731079101562e+01
3.259742736816406250e+01
3.249969482421875000e+01
3.248972702026367188e+01
3.259548568725585938e+01
3.239426422119140625e+01
3.245872879028320312e+01
3.235518646240234375e+01
3.256350708007812500e+01
3.268928146362304688e+01
3.257815551757812500e+01
3.265454101562500000e+01
3.255502700805664062e+01
3.248736190795898438e+01
3.245630645751953125e+01
3.251671218872070312e+01
3.267115020751953125e+01
3.257637786865234375e+01
3.259976959228515625e+01
3.272702789306640625e+01
3.273509597778320312e+01
3.254071426391601562e+01
3.272255325317382812e+01
3.262090682983398438e+01
3.257083892822265625e+01
3.254637908935546875e+01
3.249878311157226562e+01
3.273541259765625000e+01
3.253940582275390625e+01
3.230773544311523438e+01
3.241461944580078125e+01
3.231923675537109375e+01
3.235023498535156250e+01
3.229706573486328125e+01
3.229828643798828125e+01
3.221041107177734375e+01
3.226474380493164062e+01
3.231352233886718750e+01
3.207898330688476562e+01
3.205207443237304688e+01
3.228876876831054688e+01
3.211431884765625000e+01
3.230370330810546875e+01
3.239056015014648438e+01
3.231672668457031250e+01
3.255051422119140625e+01
3.249791717529296875e+01
3.258521270751953125e+01
3.275465011596679688e+01
3.282904434204101562e+01
3.274386215209960938e+01
3.243583679199218750e+01
3.267015075683593750e+01
3.275205993652343750e+01
3.268920898437500000e+01
3.281548690795898438e+01
3.285228729248046875e+01
3.278616714477539062e+01
3.265992355346679688e+01
3.264138793945312500e+01
3.275405120849609375e+01
3.267586898803710938e+01
3.273937606811523438e+01
3.285070800781250000e+01
3.289643478393554688e+01
3.291351318359375000e+01
3.276326751708984375e+01
3.290253448486328125e+01
3.277893829345703125e+01
3.282447814941406250e+01
3.282653808593750000e+01
3.280980300903320312e+01
3.275890350341796875e+01
3.284208679199218750e+01
3.286340332031250000e+01
3.287952804565429688e+01
3.280066299438476562e+01
3.297777175903320312e+01
3.286034774780273438e+01
3.291820907592773438e+01
3.285856628417968750e+01
3.287484741210937500e+01
3.285459518432617188e+01
3.296685028076171875e+01
3.303425216674804688e+01
3.302243041992187500e+01
3.290235519409179688e+01
3.290549850463867188e+01
3.273155212402343750e+01
3.258400726318359375e+01
3.258761596679687500e+01
3.268346786499023438e+01
3.275449371337890625e+01
3.283230209350585938e+01
3.272335433959960938e+01
3.257444763183593750e+01
3.262155914306640625e+01
3.247094726562500000e+01
3.257365036010742188e+01
3.255628967285156250e+01
3.254235839843750000e+01
3.255207443237304688e+01
3.263193130493164062e+01
3.266291809082031250e+01
3.266122817993164062e+01
3.257656097412109375e+01
3.265125656127929688e+01
3.242118072509765625e+01
3.241868209838867188e+01
3.241176605224609375e+01
3.253255844116210938e+01
3.255497741699218750e+01
3.240748214721679688e+01
3.242997360229492188e+01
3.265283966064453125e+01
3.257010650634765625e+01
3.251564788818359375e+01
3.242246246337890625e+01
3.236322402954101562e+01
3.247563934326171875e+01
3.223636627197265625e+01
3.245375061035156250e+01
3.222830200195312500e+01
3.208834838867187500e+01
3.220972824096679688e+01
3.213252258300781250e+01
3.217675018310546875e+01
3.205105209350585938e+01
3.217263793945312500e+01
3.225961303710937500e+01
3.217869567871093750e+01
3.214630126953125000e+01
3.233684539794921875e+01
3.218267822265625000e+01
3.214322662353515625e+01
3.226165390014648438e+01
3.239545822143554688e+01
3.253767013549804688e+01
3.260237121582031250e+01
3.261115264892578125e+01
3.241074371337890625e+01
3.239381027221679688e+01
3.269169998168945312e+01
3.251403045654296875e+01
3.264403533935546875e+01
3.258653640747070312e+01
3.257132339477539062e+01
3.252946090698242188e+01
3.262003707885742188e+01
3.256774139404296875e+01
3.271733856201171875e+01
3.264141082763671875e+01
3.242026901245117188e+01
3.257952880859375000e+01
3.252546310424804688e+01
3.273492813110351562e+01
3.270464706420898438e+01
3.257580566406250000e+01
3.247631835937500000e+01
3.257940673828125000e+01
3.250620269775390625e+01
3.270880889892578125e+01
3.274192810058593750e+01
3.259616851806640625e+01
3.266880798339843750e+01
3.245139312744140625e+01
3.256824111938476562e+01
3.248629379272460938e+01
3.260591888427734375e+01
3.255252456665039062e+01
3.259225463867187500e+01
3.265362548828125000e+01
3.266109466552734375e+01
3.248484802246093750e+01
3.250142669677734375e+01
3.255239868164062500e+01
3.259626770019531250e+01
3.249005889892578125e+01
3.253237533569335938e+01
3.261096572875976562e+01
3.226933288574218750e+01
3.231565093994140625e+01
3.245269775390625000e+01
3.247377777099609375e+01
3.239410400390625000e+01
3.234609603881835938e+01
3.230783462524414062e+01
3.228966522216796875e+01
3.211653137207031250e+01
3.240624237060546875e+01
3.245827865600585938e+01
3.238361358642578125e+01
3.227412033081054688e+01
3.248149871826171875e+01
3.243711090087890625e+01
3.242278289794921875e+01
3.256713485717773438e+01
3.260803604125976562e+01
3.250334930419921875e+01
3.247434997558593750e+01
3.254035568237304688e+01
3.272296905517578125e+01
3.252348327636718750e+01
3.267118835449218750e+01
3.275458908081054688e+01
3.275163269042968750e+01
3.277169418334960938e+01
3.263082885742187500e+01
3.257750701904296875e+01
3.260408782958984375e+01
3.246255493164062500e+01
3.228702545166015625e+01
3.240624237060546875e+01
3.263565063476562500e+01
3.260860061645507812e+01
3.250732421875000000e+01
3.257580947875976562e+01
3.255256271362304688e+01
3.242554473876953125e+01
3.258828735351562500e+01
3.243637466430664062e+01
3.241606140136718750e+01
3.247431945800781250e+01
3.241486740112304688e+01
3.239581298828125000e+01
3.250761413574218750e+01
3.245511627197265625e+01
3.250826644897460938e+01
3.252017974853515625e+01
3.251212692260742188e+01
3.263854598999023438e+01
3.257361984252929688e+01
3.256285095214843750e+01
3.244472503662109375e+01
3.246877288818359375e+01
3.258338546752929688e+01
3.240286636352539062e+01
3.245865249633789062e+01
3.251200485229492188e+01
3.256703186035156250e+01
3.247424316406250000e+01
3.235361480712890625e+01
3.240193557739257812e+01
3.251957321166992188e+01
3.243233489990234375e+01
3.239556503295898438e+01
3.244834136962890625e+01
3.258422851562500000e+01
3.249003219604492188e+01
3.253277969360351562e+01
3.251512145996093750e+01
3.227508544921875000e+01
3.226525878906250000e+01
3.225247955322265625e+01
3.190065956115722656e+01
3.202372741699218750e+01
3.187922668457031250e+01
3.193361663818359375e+01
3.196236419677734375e+01
3.209260940551757812e+01
3.206064224243164062e+01
3.208237838745117188e+01
3.191505050659179688e+01
3.195556259155273438e+01
3.195329856872558594e+01
3.184774398803710938e+01
3.184766769409179688e+01
3.171529769897460938e+01
3.170248031616210938e+01
3.188117599487304688e+01
3.185584640502929688e+01
3.178572463989257812e+01
3.184296798706054688e+01
3.163164901733398438e+01
3.171373367309570312e+01
3.188239669799804688e+01
3.177693939208984375e+01
3.198686408996582031e+01
3.201905822753906250e+01
3.224473190307617188e+01
3.226464080810546875e+01
3.210956192016601562e+01
3.214896011352539062e+01
3.223984527587890625e+01
3.224772644042968750e+01
3.231124114990234375e+01
3.210770034790039062e+01
3.217041778564453125e+01
3.228865051269531250e+01
3.221902465820312500e+01
3.225633239746093750e+01
3.209849548339843750e+01
3.221973800659179688e+01
3.244854736328125000e+01
3.230068588256835938e+01
3.235756301879882812e+01
3.244555282592773438e+01
3.237517547607421875e+01
3.220672988891601562e+01
3.228865051269531250e+01
3.214738845825195312e+01
3.205511093139648438e+01
3.218812179565429688e+01
3.249201965332031250e+01
3.231287765502929688e+01
3.231797790527343750e+01
3.236200714111328125e+01
3.255057144165039062e+01
3.260663223266601562e+01
3.254827880859375000e+01
3.245989608764648438e+01
3.238021850585937500e+01
3.223142242431640625e+01
3.226313018798828125e+01
3.218106842041015625e+01
3.210276412963867188e+01
3.198376846313476562e+01
3.214294433593750000e+01
3.214521026611328125e+01
3.223671722412109375e+01
3.223132324218750000e+01
3.227216720581054688e+01
3.231481933593750000e+01
3.205881500244140625e+01
3.202142333984375000e+01
3.208833312988281250e+01
3.209729003906250000e+01
3.204740905761718750e+01
3.204737854003906250e+01
3.219390869140625000e+01
3.199945640563964844e+01
3.194277000427246094e+01
3.205899810791015625e+01
3.202131652832031250e+01
3.222887420654296875e+01
3.205180358886718750e+01
3.213252258300781250e+01
3.205448150634765625e+01
3.208871459960937500e+01
3.217782592773437500e+01
3.199936294555664062e+01
3.201421737670898438e+01
3.213338851928710938e+01
3.209004592895507812e+01
3.214939117431640625e+01
3.206164550781250000e+01
3.204200363159179688e+01
3.205005264282226562e+01
3.212704086303710938e+01
3.215924072265625000e+01
3.230820846557617188e+01
3.226263809204101562e+01
3.218695831298828125e+01
3.206835556030273438e+01
3.203436660766601562e+01
3.228076171875000000e+01
3.221799468994140625e+01
3.223655319213867188e+01
3.218337249755859375e+01
3.220259094238281250e+01
3.204919433593750000e+01
3.207022476196289062e+01
3.208407211303710938e+01
3.218133163452148438e+01
3.202274322509765625e+01
3.195070457458496094e+01
3.195125198364257812e+01
3.192403602600097656e+01
3.207904052734375000e+01
3.208519744873046875e+01
3.197216415405273438e+01
3.197397613525390625e+01
3.220432281494140625e+01
3.222575378417968750e+01
3.240227508544921875e+01
3.248032379150390625e+01
3.241195678710937500e+01
3.251329040527343750e+01
3.234347152709960938e+01
3.217794799804687500e+01
3.228347778320312500e+01
3.223078155517578125e+01
3.230477905273437500e+01
3.228768539428710938e+01
3.255749511718750000e+01
3.230534744262695312e+01
3.232472229003906250e+01
3.219214630126953125e+01
3.218128204345703125e+01
3.220409393310546875e+01
3.202853393554687500e+01
3.215669250488281250e+01
3.229405212402343750e+01
3.224364471435546875e+01
3.240565490722656250e+01
3.223103332519531250e+01
3.232976913452148438e+01
3.252169799804687500e+01
3.233662796020507812e+01
3.235486984252929688e+01
3.225801467895507812e+01
3.226427078247070312e+01
3.238966369628906250e+01
3.234820556640625000e+01
3.250294876098632812e+01
3.253951263427734375e+01
3.250376892089843750e+01
3.253067016601562500e+01
3.260659027099609375e+01
3.251763153076171875e+01
3.257060623168945312e+01
3.222659683227539062e+01
3.231709671020507812e+01
3.233702468872070312e+01
3.234412765502929688e+01
3.231370162963867188e+01
3.225025939941406250e+01
3.218982696533203125e+01
3.219683837890625000e+01
3.224421691894531250e+01
3.202642822265625000e+01
3.202247238159179688e+01
3.202589797973632812e+01
3.170683288574218750e+01
3.182359695434570312e+01
3.180903625488281250e+01
3.179029846191406250e+01
3.181860733032226562e+01
3.191635704040527344e+01
3.205990219116210938e+01
3.198506927490234375e+01
3.206901550292968750e+01
3.196720123291015625e+01
3.202921295166015625e+01
3.199505996704101562e+01
3.194747161865234375e+01
3.215524291992187500e+01
3.214666748046875000e+01
3.199976730346679688e+01
3.217672348022460938e+01
3.201486968994140625e+01
3.210800170898437500e+01
3.210084915161132812e+01
3.184901809692382812e+01
3.180647659301757812e+01
3.185947799682617188e+01
3.180760383605957031e+01
3.187453079223632812e+01
3.199011230468750000e+01
3.197182846069335938e+01
3.206381607055664062e+01
3.197835540771484375e+01
3.191173171997070312e+01
3.177022743225097656e+01
3.192779922485351562e+01
3.208384323120117188e+01
3.208438110351562500e+01
3.208094787597656250e+01
3.187036895751953125e+01
3.187976455688476562e+01
3.172344970703125000e+01
3.185683822631835938e+01
3.190729522705078125e+01
3.178233718872070312e+01
3.178800964355468750e+01
3.191887092590332031e+01
3.200856781005859375e+01
3.208463287353515625e+01
3.212274551391601562e+01
3.222981262207031250e+01
3.200608825683593750e+01
3.216142272949218750e+01
3.209682846069335938e+01
3.218948745727539062e+01
3.221011734008789062e+01
3.207469558715820312e+01
3.222052001953125000e+01
3.229910278320312500e+01
3.224234771728515625e+01
3.234516906738281250e+01
3.211878585815429688e+01
3.206787490844726562e+01
3.220505523681640625e+01
3.207689285278320312e+01
3.219775390625000000e+01
3.213259124755859375e+01
3.223966217041015625e+01
3.210113143920898438e+01
3.216730499267578125e+01
3.210168457031250000e+01
3.214502716064453125e+01
3.219185638427734375e+01
3.218061828613281250e+01
3.214588546752929688e+01
3.213063049316406250e+01
3.193549537658691406e+01
3.191070175170898438e+01
3.215645599365234375e+01
3.223155212402343750e+01
3.226281356811523438e+01
3.236056518554687500e+01
3.245420837402343750e+01
3.244583129882812500e+01
3.225645446777343750e+01
3.224319839477539062e+01
3.226841735839843750e+01
3.205559158325195312e+01
3.212276840209960938e+01
3.206973266601562500e+01
3.193871307373046875e+01
3.208927154541015625e+01
3.230704116821289062e+01
3.214198303222656250e+01
3.199429321289062500e+01
3.185733222961425781e+01
3.183709716796875000e+01
3.172122573852539062e+01
3.160265731811523438e+01
3.168740463256835938e+01
3.183461570739746094e+01
3.165553665161132812e+01
3.164113998413085938e+01
3.175201416015625000e+01
3.178947448730468750e+01
3.171713256835937500e+01
3.169989204406738281e+01
3.190302658081054688e+01
3.187950325012207031e+01
3.192607116699218750e+01
3.180842590332031250e+01
3.175430297851562500e+01
3.172128677368164062e+01
3.184197998046875000e+01
3.179697418212890625e+01
3.188669967651367188e+01
3.196556663513183594e+01
3.179995727539062500e+01
3.190251541137695312e+01
3.154556083679199219e+01
3.153746414184570312e+01
3.145334625244140625e+01
3.171307754516601562e+01
3.169429016113281250e+01
3.162164306640625000e+01
3.155912590026855469e+01
3.154525184631347656e+01
3.158288192749023438e+01
3.160112190246582031e+01
3.152975463867187500e+01
3.174470520019531250e+01
3.146928405761718750e+01
3.155669021606445312e+01
3.157478332519531250e+01
3.164579772949218750e+01
3.173434448242187500e+01
3.185784530639648438e+01
3.181983375549316406e+01
3.188658523559570312e+01
3.155546188354492188e+01
3.154549789428710938e+01
3.160623931884765625e+01
3.166156387329101562e+01
3.141487121582031250e+01
3.149998474121093750e+01
3.133763504028320312e+01
3.149790954589843750e+01
3.160955429077148438e+01
3.149003601074218750e+01
3.132407760620117188e+01
3.128521347045898438e+01
3.119304656982421875e+01
3.141946029663085938e+01
3.134677505493164062e+01
3.119519805908203125e+01
3.118054962158203125e+01
3.135095596313476562e+01
3.139192199707031250e+01
3.127888298034667969e+01
3.128683853149414062e+01
3.100934219360351562e+01
3.114836692810058594e+01
3.088558769226074219e+01
3.098489761352539062e+01
3.100050544738769531e+01
3.109849548339843750e+01
3.108202552795410156e+01
3.126872253417968750e+01
3.128996086120605469e+01
3.123018646240234375e+01
3.126159095764160156e+01
3.109946823120117188e+01
3.127963066101074219e+01
3.139926528930664062e+01
3.141158485412597656e+01
3.137796783447265625e+01
3.143468093872070312e+01
3.158363723754882812e+01
3.163132286071777344e+01
3.155788803100585938e+01
3.159257316589355469e+01
3.162057113647460938e+01
3.151876449584960938e+01
3.152984619140625000e+01
3.155025100708007812e+01
3.160051345825195312e+01
3.147997474670410156e+01
3.163008117675781250e+01
3.170550727844238281e+01
3.143115615844726562e+01
3.156281852722167969e+01
3.154992675781250000e+01
3.165891647338867188e+01
3.152011871337890625e+01
3.167219161987304688e+01
3.161334991455078125e+01
3.139509963989257812e+01
3.147078132629394531e+01
3.142705345153808594e+01
3.134331703186035156e+01
3.133363723754882812e+01
3.149878120422363281e+01
3.133877944946289062e+01
3.132996749877929688e+01
3.144414520263671875e+01
3.129696655273437500e+01
3.125723648071289062e+01
3.137639617919921875e+01
3.124419784545898438e+01
3.111215209960937500e+01
3.124552726745605469e+01
3.114299392700195312e+01
3.120998573303222656e+01
3.133610916137695312e+01
3.125918197631835938e+01
3.122789955139160156e+01
3.125718688964843750e+01
3.131523895263671875e+01
3.128493118286132812e+01
3.122668266296386719e+01
3.121833419799804688e+01
3.123722267150878906e+01
3.125248146057128906e+01
3.120186233520507812e+01
3.124226951599121094e+01
3.134770774841308594e+01
3.140517044067382812e+01
3.124825096130371094e+01
3.141400527954101562e+01
3.150067520141601562e+01
3.139152908325195312e+01
3.144034385681152344e+01
3.134574890136718750e+01
3.143333435058593750e+01
3.151397705078125000e+01
3.136527252197265625e+01
3.133566665649414062e+01
3.144973945617675781e+01
3.135643005371093750e+01
3.142199325561523438e+01
3.129660415649414062e+01
3.111626815795898438e+01
3.104134750366210938e+01
3.122304725646972656e+01
3.128500747680664062e+01
3.121109390258789062e+01
3.144384002685546875e+01
3.152431488037109375e+01
3.153617286682128906e+01
3.137900733947753906e+01
3.130208778381347656e+01
3.125029563903808594e+01
3.129500389099121094e+01
3.120013809204101562e+01
3.115653610229492188e+01
3.111572647094726562e+01
3.102745056152343750e+01
3.088566207885742188e+01
3.102444076538085938e+01
3.093998336791992188e+01
3.089090538024902344e+01
3.102413749694824219e+01
3.099089431762695312e+01
3.117285919189453125e+01
3.109277153015136719e+01
3.113681221008300781e+01
3.099970626831054688e+01
3.104852294921875000e+01
3.091716766357421875e+01
3.079776000976562500e+01
3.076411819458007812e+01
3.073127365112304688e+01
3.070626068115234375e+01
3.082573127746582031e+01
3.084931945800781250e+01
3.093248367309570312e+01
3.078163528442382812e+01
3.076872634887695312e+01
3.062006568908691406e+01
3.071523857116699219e+01
3.066202354431152344e+01
3.071841430664062500e+01
3.082287979125976562e+01
3.076421356201171875e+01
3.074768066406250000e+01
3.072137260437011719e+01
3.086967468261718750e+01
3.075309753417968750e+01
3.084589385986328125e+01
3.092269134521484375e+01
3.080629348754882812e+01
3.088435363769531250e+01
3.085322189331054688e+01
3.091013145446777344e+01
3.090471267700195312e+01
3.089668655395507812e+01
3.081593322753906250e+01
3.084892082214355469e+01
3.076095199584960938e+01
3.074757003784179688e+01
3.076004409790039062e+01
3.094174003601074219e+01
3.070749664306640625e+01
3.074547576904296875e+01
3.068001174926757812e+01
3.075544738769531250e+01
3.064079666137695312e+01
3.056915664672851562e+01
3.057656478881835938e+01
3.077683448791503906e+01
3.074463272094726562e+01
3.076449012756347656e+01
3.091403198242187500e+01
3.075279235839843750e+01
3.088641738891601562e+01
3.081509399414062500e+01
3.095128250122070312e+01
3.090395545959472656e+01
3.079374313354492188e+01
3.073414230346679688e+01
3.067508888244628906e+01
3.086949920654296875e+01
3.078713989257812500e+01
3.111553764343261719e+01
3.096545791625976562e+01
3.100839996337890625e+01
3.105917358398437500e+01
3.099699401855468750e+01
3.093309020996093750e+01
3.079200935363769531e+01
3.082088088989257812e+01
3.088850402832031250e+01
3.084136581420898438e+01
3.085702896118164062e+01
3.080704498291015625e+01
3.090712356567382812e+01
3.095627593994140625e+01
3.104491043090820312e+01
3.111001968383789062e+01
3.116728782653808594e+01
3.107755279541015625e+01
3.105175399780273438e+01
3.104455947875976562e+01
3.095192718505859375e+01
3.109351348876953125e+01
3.099220466613769531e+01
3.101045227050781250e+01
3.076005172729492188e+01
3.101127243041992188e+01
3.108576011657714844e+01
3.093913650512695312e+01
3.102075576782226562e+01
3.102603912353515625e+01
3.097097396850585938e+01
3.102211761474609375e+01
3.079730224609375000e+01
3.083108329772949219e+01
3.074324035644531250e+01
3.093039894104003906e+01
3.084267044067382812e+01
3.084458541870117188e+01
3.093716812133789062e+01
3.089424133300781250e+01
3.094157218933105469e+01
3.088218688964843750e+01
3.104962348937988281e+01
3.084574508666992188e+01
3.083405303955078125e+01
3.083623886108398438e+01
3.068745613098144531e+01
3.087993621826171875e+01
3.082733535766601562e+01
3.083766555786132812e+01
3.085263252258300781e+01
3.096797943115234375e+01
3.098664474487304688e+01
3.089319992065429688e+01
3.089924430847167969e+01
3.096953964233398438e+01
3.096535873413085938e+01
3.094463157653808594e+01
3.102799987792968750e+01
3.088701820373535156e+01
3.081569671630859375e+01
3.101312255859375000e+01
3.101639175415039062e+01
3.098163986206054688e+01
3.109071350097656250e+01
3.095849037170410156e+01
3.105510520935058594e+01
3.103362083435058594e+01
3.119406890869140625e+01
3.099036407470703125e+01
3.111881256103515625e+01
3.120969200134277344e+01
3.116733932495117188e+01
3.110931777954101562e+01
3.097500991821289062e+01
3.108852577209472656e+01
3.109940719604492188e+01
3.114874267578125000e+01
3.103455924987792969e+01
3.102942085266113281e+01
3.091445922851562500e+01
3.073804283142089844e+01
3.078887939453125000e+01
3.089612770080566406e+01
3.080013656616210938e+01
3.081865692138671875e+01
3.111515808105468750e+01
3.096772575378417969e+01
3.115445899963378906e+01
3.101617813110351562e+01
3.108634567260742188e+01
3.101295089721679688e+01
3.111151123046875000e+01
3.099965476989746094e+01
3.103901672363281250e+01
3.097334671020507812e+01
3.115362358093261719e+01
3.108727073669433594e+01
3.119837379455566406e+01
3.106395721435546875e+01
3.114184951782226562e+01
3.119314193725585938e+01
3.097402191162109375e+01
3.108907890319824219e+01
3.099165725708007812e+01
3.117800521850585938e+01
3.133955764770507812e+01
3.110186767578125000e+01
3.104919242858886719e+01
3.109908866882324219e+01
3.121993446350097656e+01
3.112109375000000000e+01
3.124316406250000000e+01
3.119823265075683594e+01
3.129635238647460938e+01
3.112735939025878906e+01
3.119517135620117188e+01
3.122667694091796875e+01
3.116146087646484375e+01
3.130518341064453125e+01
3.139886856079101562e+01
3.161140632629394531e+01
3.143691635131835938e+01
3.152885246276855469e+01
3.154744529724121094e+01
3.156280517578125000e+01
3.154273033142089844e+01
3.160045433044433594e+01
3.145525741577148438e+01
3.148534774780273438e+01
3.146043777465820312e+01
3.150025939941406250e+01
3.139831924438476562e+01
3.142840576171875000e+01
3.140374183654785156e+01
3.140384674072265625e+01
3.137609863281250000e+01
3.133415412902832031e+01
3.157181167602539062e+01
3.148698997497558594e+01
3.134168052673339844e+01
3.139772224426269531e+01
3.131128883361816406e+01
3.141751670837402344e+01
3.142583084106445312e+01
3.125174331665039062e+01
3.130668258666992188e+01
3.149200057983398438e+01
3.123031997680664062e+01
3.135200119018554688e+01
3.149468612670898438e+01
3.135986900329589844e+01
3.140066337585449219e+01
3.161359024047851562e+01
3.145492553710937500e+01
3.162123870849609375e+01
3.159402465820312500e+01
3.159336280822753906e+01
3.168037033081054688e+01
3.144619560241699219e+01
3.157952499389648438e+01
3.139844322204589844e+01
3.155007362365722656e+01
3.147616577148437500e+01
3.138454437255859375e+01
3.143611907958984375e+01
3.152775955200195312e+01
3.157931137084960938e+01
3.152037239074707031e+01
3.157031250000000000e+01
3.164666366577148438e+01
3.164144325256347656e+01
3.156709671020507812e+01
3.148445892333984375e+01
3.160260963439941406e+01
3.165281105041503906e+01
3.165457534790039062e+01
3.161991691589355469e+01
3.149990463256835938e+01
3.144013023376464844e+01
3.151981163024902344e+01
3.156409645080566406e+01
3.159608459472656250e+01
3.154013061523437500e+01
3.155504417419433594e+01
3.145135879516601562e+01
3.122875404357910156e+01
3.126759529113769531e+01
3.155649185180664062e+01
3.148569107055664062e+01
3.156239318847656250e+01
3.169110870361328125e+01
3.154773712158203125e+01
3.165888595581054688e+01
3.174600982666015625e+01
3.174154853820800781e+01
3.184218025207519531e+01
3.157543945312500000e+01
3.169865798950195312e+01
3.148969650268554688e+01
3.158349609375000000e+01
3.172327613830566406e+01
3.178965759277343750e+01
3.183020782470703125e+01
3.178063583374023438e+01
3.181679916381835938e+01
3.180288696289062500e+01
3.175214385986328125e+01
3.180221939086914062e+01
3.170798683166503906e+01
3.165739059448242188e+01
3.169108772277832031e+01
3.151015853881835938e+01
3.149195098876953125e+01
3.141622543334960938e+01
3.138816070556640625e+01
3.139818954467773438e+01
3.139781188964843750e+01
3.129953193664550781e+01
3.135766983032226562e+01
3.131202316284179688e+01
3.127446746826171875e+01
3.132436180114746094e+01
3.135559844970703125e+01
3.146428871154785156e+01
3.158710861206054688e+01
3.176959991455078125e+01
3.168333053588867188e+01
3.158706283569335938e+01
3.165664672851562500e+01
3.166448783874511719e+01
3.192306900024414062e+01
3.172429656982421875e+01
3.157871246337890625e+01
3.177106094360351562e+01
3.169976425170898438e+01
3.159049224853515625e+01
3.147415924072265625e+01
3.147783088684082031e+01
3.142286300659179688e+01
3.135525321960449219e+01
3.166321182250976562e+01
3.162359428405761719e+01
3.141352653503417969e+01
3.169176864624023438e+01
3.170791625976562500e+01
3.160535240173339844e+01
3.145384216308593750e+01
3.134841918945312500e+01
3.137493133544921875e+01
3.129894256591796875e+01
3.145438385009765625e+01
3.129038238525390625e+01
3.116590690612792969e+01
3.123047256469726562e+01
3.131036758422851562e+01
3.146791648864746094e+01
3.135573196411132812e+01
3.135873413085937500e+01
3.141230392456054688e+01
3.138371276855468750e+01
3.135639190673828125e+01
3.139846038818359375e+01
3.143990135192871094e+01
3.143762969970703125e+01
3.150054168701171875e+01
3.149489974975585938e+01
3.168616485595703125e+01
3.159053421020507812e+01
3.164624404907226562e+01
3.163422393798828125e+01
3.140717697143554688e+01
3.145714950561523438e+01
3.157655715942382812e+01
3.173153686523437500e+01
3.164124298095703125e+01
3.160614967346191406e+01
3.169545745849609375e+01
3.172627449035644531e+01
3.169300842285156250e+01
3.153486633300781250e+01
3.156925964355468750e+01
3.137797546386718750e+01
3.140369224548339844e+01
3.143770217895507812e+01
3.144646835327148438e+01
3.144570922851562500e+01
3.135276794433593750e+01
3.121038818359375000e+01
3.115690612792968750e+01
3.134402275085449219e+01
3.116801452636718750e+01
3.118412399291992188e+01
3.123800659179687500e+01
3.138211822509765625e+01
3.153837966918945312e+01
3.156448745727539062e+01
3.145920944213867188e+01
3.142885971069335938e+01
3.132895660400390625e+01
3.123591995239257812e+01
3.120750045776367188e+01
3.139976501464843750e+01
3.127455902099609375e+01
3.140649795532226562e+01
3.131941032409667969e+01
3.124983215332031250e+01
3.132618331909179688e+01
3.130837631225585938e+01
3.136246490478515625e+01
3.150997543334960938e+01
3.147730636596679688e+01
3.150297355651855469e+01
3.143992614746093750e+01
3.138171768188476562e+01
3.129497528076171875e+01
3.140992927551269531e+01
3.153348159790039062e+01
3.129107284545898438e+01
3.131708908081054688e+01
3.147389221191406250e+01
3.155186080932617188e+01
3.152501869201660156e+01
3.146684646606445312e+01
3.156840515136718750e+01
3.153141975402832031e+01
3.161529541015625000e+01
3.150949096679687500e+01
3.149079895019531250e+01
3.149945831298828125e+01
3.135100364685058594e+01
3.149120712280273438e+01
3.129741668701171875e+01
3.164135742187500000e+01
3.139828681945800781e+01
3.128812408447265625e+01
3.121017074584960938e+01
3.136159515380859375e+01
3.131533432006835938e+01
3.143053627014160156e+01
3.148137092590332031e+01
3.147809791564941406e+01
3.137760734558105469e+01
3.136085128784179688e+01
3.136823654174804688e+01
3.116472625732421875e+01
3.128689575195312500e+01
3.128205299377441406e+01
3.129449462890625000e+01
3.125967788696289062e+01
3.128366088867187500e+01
3.122887420654296875e+01
3.125577163696289062e+01
3.119842147827148438e+01
3.118140792846679688e+01
3.121907234191894531e+01
3.118785858154296875e+01
3.128898239135742188e+01
3.128484725952148438e+01
