-6.462904810905456543e-02
-4.579490423202514648e-02
-4.797467216849327087e-02
-5.123405903577804565e-02
-5.177956819534301758e-02
-5.226307362318038940e-02
-5.609944835305213928e-02
-5.916998907923698425e-02
-5.463620647788047791e-02
-5.801463499665260315e-02
-5.920799449086189270e-02
-5.749337002635002136e-02
-6.233236938714981079e-02
-6.010788679122924805e-02
-6.256592273712158203e-02
-6.182603165507316589e-02
-6.209760159254074097e-02
-6.019333004951477051e-02
-6.114412844181060791e-02
-6.033668294548988342e-02
-6.089316308498382568e-02
-5.817737802863121033e-02
-5.727685987949371338e-02
-5.626612529158592224e-02
-5.774925276637077332e-02
-5.740876868367195129e-02
-5.778116732835769653e-02
-5.710286647081375122e-02
-5.468709021806716919e-02
-5.387200787663459778e-02
-5.323180928826332092e-02
-5.156547576189041138e-02
-5.127716436982154846e-02
-4.955654963850975037e-02
-4.958235472440719604e-02
-4.890646785497665405e-02
-4.760542884469032288e-02
-4.672994092106819153e-02
-4.539254680275917053e-02
-4.477475583553314209e-02
-4.415474086999893188e-02
-4.329191148281097412e-02
-4.257132858037948608e-02
-4.146293550729751587e-02
-4.058911651372909546e-02
-4.009441286325454712e-02
-3.912290558218955994e-02
-3.831651806831359863e-02
-3.714964911341667175e-02
-3.622058033943176270e-02
-3.511422127485275269e-02
-3.430024534463882446e-02
-3.340911120176315308e-02
-3.249670937657356262e-02
-3.183903172612190247e-02
-3.105641342699527740e-02
-3.017094172537326813e-02
-2.917390130460262299e-02
-2.835278399288654327e-02
-2.756678313016891479e-02
-2.670118585228919983e-02
-2.594393678009510040e-02
-2.532815001904964447e-02
-2.452417090535163879e-02
-2.379594184458255768e-02
-2.298227325081825256e-02
-2.231822162866592407e-02
-2.171058580279350281e-02
-2.116987854242324829e-02
-2.048996090888977051e-02
-1.978436484932899475e-02
-1.925191842019557953e-02
-1.866378076374530792e-02
-1.803838647902011871e-02
-1.741703227162361145e-02
-1.692272350192070007e-02
-1.639390736818313599e-02
-1.588408276438713074e-02
-1.535176020115613937e-02
-1.482702326029539108e-02
-1.436291355639696121e-02
-1.387998647987842560e-02
-1.345278602093458176e-02
-1.298451144248247147e-02
-1.256218552589416504e-02
-1.214041281491518021e-02
-1.174138952046632767e-02
-1.134649477899074554e-02
-1.096164807677268982e-02
-1.056865695863962173e-02
-1.020982302725315094e-02
-9.867310523986816406e-03
-9.518075734376907349e-03
-9.185186587274074554e-03
-8.877431973814964294e-03
-8.574399165809154510e-03
-8.270811289548873901e-03
-7.982712239027023315e-03
-7.699229288846254349e-03
-7.433734368532896042e-03
-7.169346790760755539e-03
-6.917200982570648193e-03
-6.668481975793838501e-03
-6.429709494113922119e-03
-6.196253933012485504e-03
-5.969302263110876083e-03
-5.756979808211326599e-03
-5.542203318327665329e-03
-5.343140102922916412e-03
-5.150835029780864716e-03
-4.960264079272747040e-03
-4.783404525369405746e-03
-4.607671406120061874e-03
-4.436641465872526169e-03
-4.272493068128824234e-03
-4.114448092877864838e-03
-3.960299771279096603e-03
-3.814344760030508041e-03
-3.672770690172910690e-03
-3.536738920956850052e-03
-3.405580297112464905e-03
-3.279873868450522423e-03
-3.155680838972330093e-03
-3.039358649402856827e-03
-2.927011344581842422e-03
-2.817032160237431526e-03
-2.711560344323515892e-03
-2.609532093629240990e-03
-2.511319471523165703e-03
-2.416294068098068237e-03
-2.325531095266342163e-03
-2.238197484984993935e-03
-2.153964247554540634e-03
-2.072523115202784538e-03
-1.994668971747159958e-03
-1.919689122587442398e-03
-1.847781706601381302e-03
-1.777813653461635113e-03
-1.709665404632687569e-03
-1.645398209802806377e-03
-1.582703203894197941e-03
-1.523146405816078186e-03
-1.465124194510281086e-03
-1.409266842529177666e-03
-1.356331864371895790e-03
-1.304693752899765968e-03
-1.255181618034839630e-03
-1.207299879752099514e-03
-1.161378924734890461e-03
-1.117355772294104099e-03
-1.075040316209197044e-03
-1.034123473800718784e-03
-9.947931393980979919e-04
-9.568856912665069103e-04
-9.205416426993906498e-04
-8.854471961967647076e-04
-8.516162051819264889e-04
-8.191556553356349468e-04
-7.878503529354929924e-04
-7.577876094728708267e-04
-7.288427441380918026e-04
-7.009588880464434624e-04
-6.741580436937510967e-04
-6.484466139227151871e-04
-6.236816989257931709e-04
-5.998997949063777924e-04
-5.769833805970847607e-04
-5.549570778384804726e-04
-5.337371258065104485e-04
-5.133132217451930046e-04
-4.936874029226601124e-04
-4.747634520754218102e-04
-4.566122661344707012e-04
-4.391772963572293520e-04
-4.223727155476808548e-04
-4.062369116581976414e-04
-3.906778001692146063e-04
-3.757453814614564180e-04
-3.613611042965203524e-04
-3.475205157883465290e-04
-3.342295240145176649e-04
-3.214100725017488003e-04
-3.091432736255228519e-04
-2.972947841044515371e-04
-2.859112573787570000e-04
-2.749535196926444769e-04
-2.644285850692540407e-04
-2.542862202972173691e-04
-2.445563441142439842e-04
-2.351895527681335807e-04
-2.261779882246628404e-04
-2.174976980313658714e-04
-2.091649803332984447e-04
-2.011480828514322639e-04
-1.934350730152800679e-04
-1.860249030869454145e-04
-1.788928930182009935e-04
-1.720355357974767685e-04
-1.654333318583667278e-04
-1.590914762346073985e-04
-1.529898436274379492e-04
-1.471245486754924059e-04
-1.414836733601987362e-04
-1.360568712698295712e-04
-1.308397040702402592e-04
-1.258208358194679022e-04
-1.209928232128731906e-04
-1.163548949989490211e-04
-1.118916625273413956e-04
-1.076003027264960110e-04
-1.034710730891674757e-04
-9.950290404958650470e-05
-9.568626410327851772e-05
-9.201631473843008280e-05
-8.848605648381635547e-05
-8.509078179486095905e-05
-8.182716555893421173e-05
-7.868705142755061388e-05
-7.566798740299418569e-05
-7.276437827385962009e-05
-6.997272430453449488e-05
-6.728811422362923622e-05
-6.470650259871035814e-05
-6.222521915333345532e-05
-5.983728988212533295e-05
-5.754097219323739409e-05
-5.533339208341203630e-05
-5.320956915966235101e-05
-5.116777538205496967e-05
-4.920446008327417076e-05
-4.731582157546654344e-05
-4.550018638838082552e-05
-4.375404751044698060e-05
-4.207488382235169411e-05
-4.046001049573533237e-05
-3.890709922416135669e-05
-3.741379987332038581e-05
-3.597779868869110942e-05
-3.459692379692569375e-05
-3.326904334244318306e-05
-3.199214552296325564e-05
-3.076424036407843232e-05
-2.958347795356530696e-05
-2.844802838808391243e-05
-2.735615998972207308e-05
-2.630619383126031607e-05
-2.529651646909769624e-05
-2.432560540910344571e-05
-2.339195816603023559e-05
-2.249415229016449302e-05
-2.163079989259131253e-05
-2.080058038700371981e-05
-2.000223685172386467e-05
-1.923452327901031822e-05
-1.849627733463421464e-05
-1.778636942617595196e-05
-1.710370452201459557e-05
-1.644724761717952788e-05
-1.581598189659416676e-05
-1.520894784334814176e-05
-1.462520867789862677e-05
-1.406387400493258610e-05
-1.352408617094624788e-05
-1.300501480727689341e-05
-1.250586774403927848e-05
-1.202587736770510674e-05
-1.156430880655534565e-05
-1.112045720219612122e-05
-1.069364043360110372e-05
-1.028320548357442021e-05
-9.888524800771847367e-06
-9.508989023743197322e-06
-9.144022442342247814e-06
-8.793067536316812038e-06
-8.455577699351124465e-06
-8.131043614412192255e-06
-7.818965059414040297e-06
-7.518862730648834258e-06
-7.230279607028933242e-06
-6.952772309887222946e-06
-6.685917014692677185e-06
-6.429305358324199915e-06
-6.182540801091818139e-06
-5.945247721683699638e-06
-5.717061867471784353e-06
-5.497633992490591481e-06
-5.286627583700465038e-06
-5.083720225229626521e-06
-4.888601779384771362e-06
-4.700970748672261834e-06
-4.520542915997793898e-06
-4.347038611740572378e-06
-4.180194537184434012e-06
-4.019753760076127946e-06
-3.865470716846175492e-06
-3.717108029377413914e-06
-3.574440597731154412e-06
-3.437249006310594268e-06
-3.305323161839623936e-06
-3.178461611241800711e-06
-3.056468131035217084e-06
-2.939157411674386822e-06
-2.826348008966306224e-06
-2.717869165280717425e-06
-2.613553988339845091e-06
-2.513242861823528074e-06
-2.416781853753491305e-06
-2.324022943867021240e-06
-2.234824478364316747e-06
-2.149049350919085555e-06
-2.066565912173246033e-06
-1.987248424484278075e-06
-1.910975015562144108e-06
-1.837628474277153146e-06
-1.767097842275688890e-06
-1.699274662314564921e-06
-1.634054342503077351e-06
-1.571337634231895208e-06
-1.511027676315279678e-06
-1.453032382414676249e-06
-1.397262735736148898e-06
-1.343634153272432741e-06
-1.292063529945153277e-06
-1.242472535523120314e-06
-1.194785113511898089e-06
-1.148927708527480718e-06
-1.104830744225182571e-06
-1.062425781128695235e-06
-1.021648017740517389e-06
-9.824361768551170826e-07
-9.447290381103812251e-07
-9.084691896532604005e-07
-8.736010954635275993e-07
-8.400712658840348013e-07
-8.078283144641318358e-07
-7.768230148030852433e-07
-7.470075047422142234e-07
-7.183365937635244336e-07
-6.907657166266290005e-07
-6.642532639489218127e-07
-6.387583653122419491e-07
-6.142418556009943131e-07
-5.906663886889873538e-07
-5.679958690052444581e-07
-5.461953946905850898e-07
-5.252317691883945372e-07
-5.050725349065032788e-07
-4.856872806158207823e-07
-4.670461066780262627e-07
-4.491203071665950119e-07
-4.318825119753455510e-07
-4.153062889145076042e-07
-3.993662858192692511e-07
-3.840381168629392050e-07
-3.692983057135279523e-07
-3.551242002686194610e-07
-3.414941431856277632e-07
-3.283871876647026511e-07
-3.157832395572768291e-07
-3.036630005226470530e-07
-2.920080248713929905e-07
-2.808003216614451958e-07
-2.700228947105642874e-07
-2.596590320536051877e-07
-2.496930449069623137e-07
-2.401095002824149560e-07
-2.308938888972988934e-07
-2.220319430534800631e-07
-2.135100487521413015e-07
-2.053152741154917749e-07
-1.974349714828349533e-07
-1.898572037362100673e-07
-1.825702469204770750e-07
-1.755630307798128342e-07
-1.688247124320696457e-07
-1.623449890075789881e-07
-1.561139839623137959e-07
-1.501221333910507383e-07
-1.443602855033532251e-07
-1.388195016716053942e-07
-1.334914543349441374e-07
-1.283679438301987830e-07
-1.234410120787288179e-07
-1.187032196980908338e-07
-1.141472552035338595e-07
-1.097661339599653729e-07
-1.055531768656692293e-07
-1.015019037708952965e-07
-9.760610453213303117e-08
-9.385983901211147895e-08
-9.025738023638041341e-08
-8.679322149873769376e-08
-8.346199109610097366e-08
-8.025860864790956839e-08
-7.717819983099616366e-08
-7.421599690360380919e-08
-7.136749502478778595e-08
-6.862831014586845413e-08
-6.599426427555954433e-08
-6.346134284740401199e-08
-6.102560945464574615e-08
-5.868337638048615190e-08
-5.643104117325492552e-08
-5.426515059525627294e-08
-5.218238285920051567e-08
-5.017955118091776967e-08
-4.825360022664426651e-08
-4.640156703317188658e-08
-4.462062364041230467e-08
-4.290803445883284439e-08
-4.126117403302487219e-08
-3.967752348899011849e-08
-3.815466342871332017e-08
-3.669024195573911129e-08
-3.528203507130456273e-08
-3.392786851463824860e-08
-3.262567105366542819e-08
-3.137346382686700963e-08
-3.016931060528804665e-08
-2.901137108324292058e-08
-2.789787423296274937e-08
-2.682711830459538760e-08
-2.579746372077806882e-08
-2.480732952392372681e-08
-2.385518982350731676e-08
-2.293960044141840626e-08
-2.205915272668335092e-08
-2.121249487174736714e-08
-2.039833191247453215e-08
-1.961542217543410516e-08
-1.886255951433213340e-08
-1.813858929722300672e-08
-1.744241373557997576e-08
-1.677295280444468517e-08
-1.612918687499131920e-08
-1.551013006917401071e-08
-1.491483203608368058e-08
-1.434237884012645736e-08
-1.379190273098629405e-08
-1.326255194555869821e-08
-1.275351735330332303e-08
-1.226402623899502942e-08
-1.179331743372813435e-08
-1.134067595387477922e-08
-1.090540635573233885e-08
-1.048684339366445784e-08
-1.008434580285211268e-08
-9.697298075650451210e-09
-9.325104244339854631e-09
-8.967194986553295166e-09
-8.623026737097916339e-09
-8.292063036208219273e-09
-7.973802951255493099e-09
-7.667757984108902747e-09
-7.373457844295217001e-09
-7.090454445801697148e-09
-6.818313025291899976e-09
-6.556616582997776277e-09
-6.304967659076510245e-09
-6.062975455023433824e-09
-5.830271376794371463e-09
-5.606498820753813561e-09
-5.391313617764126320e-09
-5.184387141810020694e-09
-4.985404089552503137e-09
-4.794058039436777108e-09
-4.610057224851971114e-09
-4.433118316882200816e-09
-4.262970421109457675e-09
-4.099353301256769555e-09
-3.942013382385312070e-09
-3.790713520857025287e-09
-3.645221013925947773e-09
-3.505313150853339721e-09
-3.370775214506238626e-09
-3.241400703402064210e-09
-3.116992219887038118e-09
-2.997358139467110050e-09
-2.882315053298611929e-09
-2.771687324099048055e-09
-2.665305753879465556e-09
-2.563008028033664232e-09
-2.464636716936752237e-09
-2.370040608212775624e-09
-2.279075816957742973e-09
-2.191602233025946589e-09
-2.107485519431406829e-09
-2.026597112347872098e-09
-1.948812888841189306e-09
-1.874015609359958034e-09
-1.802088922531197568e-09
-1.732922472186260165e-09
-1.666410898160108900e-09
-1.602452059934478257e-09
-1.540948035838596297e-09
-1.481804567937672346e-09
-1.424931284077501914e-09
-1.370240587661442078e-09
-1.317649211962645950e-09
-1.267076332744920819e-09
-1.218444012351937999e-09
-1.171678642997164843e-09
-1.126708060184000715e-09
-1.083463430084918855e-09
-1.041878583407651604e-09
-1.001890015395190403e-09
-9.634359976473660936e-10
-9.264581879442346235e-10
-8.908996873557839535e-10
-8.567059284203537572e-10
-8.238242865665768022e-10
-7.922049127806474189e-10
-7.617990682717845630e-10
-7.325604012287101341e-10
-7.044438365966243509e-10
-6.774064642556254512e-10
-6.514068173757436853e-10
-6.264049834392437788e-10
-6.023624932183224701e-10
-5.792430979312257477e-10
-5.570111039077119131e-10
-5.356322052563200486e-10
-5.150740389758823312e-10
-4.953049637101969438e-10
-4.762945593483891571e-10
-4.580138768250918702e-10
-4.404347442310552196e-10
-4.235302664135076611e-10
-4.072747139538535066e-10
-3.916428847894337650e-10
-3.766111589253995362e-10
-3.621563604561117700e-10
-3.482563404322291944e-10
-3.348898935939814692e-10
-3.220363697931105662e-10
-3.096762013488074672e-10
-2.977904867140779288e-10
-2.863609349645912516e-10
-2.753699213098315113e-10
-2.648008756711561773e-10
-2.546374777701032599e-10
-2.448642399954792381e-10
-2.354660078029979786e-10
-2.264285564601564715e-10
-2.177379665457834790e-10
-2.093809431391591147e-10
-2.013446492865611503e-10
-1.936166782456893998e-10
-1.861854420637243379e-10
-1.790393944212098631e-10
-1.721676690102924567e-10
-1.655596770788747563e-10
-1.592052600862814415e-10
-1.530948007255616972e-10
-1.472188204676427858e-10
-1.415683681393886673e-10
-1.361348256345706886e-10
-1.309097830137773144e-10
-1.258853160601702825e-10
-1.210536809681528325e-10
-1.164075016935051110e-10
-1.119396381143999974e-10
-1.076432484814482393e-10
-1.035117824788045482e-10
-9.953886326297123333e-11
-9.571845399625189543e-11
-9.204467743550992509e-11
-8.851187838221363791e-11
-8.511470001026921750e-11
-8.184788263809750219e-11
-7.870647189545110223e-11
-7.568564525106680208e-11
-7.278073282934727217e-11
-6.998732149376962752e-11
-6.730113688568906127e-11
-6.471802954655103690e-11
-6.223409287908765464e-11
-5.984548273607614988e-11
-5.754852497319440374e-11
-5.533974667404351067e-11
-5.321574084171665220e-11
-5.117326007386679976e-11
-4.920918186823719509e-11
-4.732046698929792683e-11
-4.550424967386668129e-11
-4.375773354770018386e-11
-4.207826448388019003e-11
-4.046325080553359044e-11
-3.891021532753669021e-11
-3.741679882596216089e-11
-3.598069411858695332e-11
-3.459971545383133673e-11
-3.327173953016071550e-11
-3.199472978221429287e-11
-3.076672944191116699e-11
-2.958586153845033095e-11
-2.845031328579938901e-11
-2.735835516465279227e-11
-2.630830449323884324e-11
-2.529855838706573934e-11
-2.432757467696333720e-11
-2.339385282712491687e-11
-2.249597036430017738e-11
-2.163254297915528923e-11
-2.080225748601893798e-11
-2.000384233258323263e-11
-1.923607280407413356e-11
-1.849777102325145250e-11
-1.778780248096190064e-11
-1.710508817920342040e-11
-1.644857340610261787e-11
-1.581725549149037846e-11
-1.521016645966710712e-11
-1.462637996829663223e-11
-1.406499482853318383e-11
-1.352516102587353330e-11
-1.300604849513442574e-11
-1.250686013087864978e-11
-1.202683438950025163e-11
-1.156522880935151321e-11
-1.112133996006292591e-11
-1.069448522794669287e-11
-1.028401842850801273e-11
-9.889303785592939988e-12
-9.509740217517048677e-12
-9.144744857192410592e-12
-8.793759123659761201e-12
-8.456245252641547694e-12
-8.131682827094977029e-12
-7.819575716105919838e-12
-7.519452074888910431e-12
-7.230845262828911046e-12
-6.953317262248237540e-12
-6.686440897490930624e-12
-6.429807641178397759e-12
-6.183024144762461205e-12
-5.945712672206227012e-12
-5.717508064218002062e-12
-5.498063809783459988e-12
-5.287039035739571347e-12
-5.084115854009363389e-12
-4.888980713324553307e-12
-4.701334807566404095e-12
-4.520890606318772598e-12
-4.347373155910716491e-12
-4.180515308926935347e-12
-4.020061627335591581e-12
-3.865764913041358497e-12
-3.717392713098455204e-12
-3.574715610327183768e-12
-3.437513728526964130e-12
-3.305577816678506586e-12
-3.178705562656425343e-12
-3.056702894271845494e-12
-2.939382678229796042e-12
-2.826565587490947884e-12
-2.718078149707703339e-12
-2.613755566149844611e-12
-2.513436724374540354e-12
-2.416967884513732123e-12
-2.324200944550658399e-12
-2.234995391883765059e-12
-2.149212882315842954e-12
-2.066723528426628320e-12
-1.987400261721505856e-12
-1.911121651557157186e-12
-1.837770604098953875e-12
-1.767235121262478170e-12
-1.699406457569829776e-12
-1.634180963293319078e-12
-1.571459108673511906e-12
-1.511144291296839803e-12
-1.453144679239293247e-12
-1.397371259502511176e-12
-1.343738922215953480e-12
-1.292164509072990519e-12
-1.242569523836334344e-12
-1.194878180774128218e-12
-1.149017187819512120e-12
-1.104916613932360736e-12
-1.062508154375807479e-12
-1.021727841221675703e-12
-9.825130075843957478e-13
-9.448030465625256724e-13
-9.085402243903806241e-13
-8.736695178077069635e-13
-8.401369877564235367e-13
-8.078915141040976522e-13
-7.768835488114467225e-13
-7.470654954030986339e-13
-7.183920342282434923e-13
-6.908192550988956349e-13
-6.643049825505453754e-13
-6.388081253208555133e-13
-6.142897605518338189e-13
-5.907126458988554152e-13
-5.680404063790334135e-13
-5.462383475228482776e-13
-5.252729674831702056e-13
-5.051122822959108749e-13
-4.857255548294803216e-13
-4.670826984735920728e-13
-4.491555239717615056e-13
-4.319164383786988637e-13
-4.153389600563411888e-13
-3.993976915687980078e-13
-3.840682383671883970e-13
-3.693272629997496059e-13
-3.551519430107508146e-13
-3.415207840921224980e-13
-3.284128882469899979e-13
-3.158080351048364598e-13
-3.036869529720459537e-13
-2.920311290965232898e-13
-2.808226199323138328e-13
-2.700443492952009361e-13
-2.596797559969998836e-13
-2.497129022657751385e-13
-2.401286363761662157e-13
-2.309121860735730003e-13
-2.220494702822803368e-13
-2.135269229226050003e-13
-2.053314929108956965e-13
-1.974506170544787498e-13
-1.898722471567124148e-13
-1.825847009391881604e-13
-1.755768924346923221e-13
-1.688380338316086693e-13
-1.623578116567714336e-13
-1.561263054603023726e-13
-1.501340013681379260e-13
-1.443716836618119670e-13
-1.388305025410915827e-13
-1.335020554391400105e-13
-1.283781024194463605e-13
-1.234507965687872688e-13
-1.187126026820639613e-13
-1.141562701572479410e-13
-1.097747855615359425e-13
-1.055615081566214919e-13
-1.015099191769425202e-13
-9.761385222264301609e-14
-9.386733062924715321e-14
-9.026458779645002428e-14
-8.680012817448984341e-14
-8.346863239645785359e-14
-8.026499793587979492e-14
-7.718433233045232655e-14
-7.422191252446155851e-14
-7.137318486878305168e-14
-6.863380577846328601e-14
-6.599957397008388016e-14
-6.346642368549801350e-14
-6.103049245446620641e-14
-5.868807366081127408e-14
-5.643554200351896810e-14
-5.426946191695522503e-14
-5.218652997262575310e-14
-5.018353083346277499e-14
-4.825743212151512029e-14
-4.640525905707203191e-14
-4.462416560943073540e-14
-4.291144466129180601e-14
-4.126444330546444328e-14
-3.968065771255656349e-14
-3.815766536833901934e-14
-3.669312846187738897e-14
-3.528480404992734298e-14
-3.393053389253927743e-14
-3.262824445305831378e-14
-3.137594012186072090e-14
-3.017168627569496997e-14
-2.901365671152678072e-14
-2.790006249577155206e-14
-2.682922819725961500e-14
-2.579949024328256207e-14
-2.480927484662439481e-14
-2.385706751237542250e-14
-2.294140287353689522e-14
-2.206087993761405436e-14
-2.121415192222076557e-14
-2.039991947881594075e-14
-1.961694593929658864e-14
-1.886402343467992460e-14
-1.813999661202589375e-14
-1.744376263443717101e-14
-1.677424915820253243e-14
-1.613043296752169481e-14
-1.551132303384637062e-14
-1.491597406840742407e-14
-1.434348144001718756e-14
-1.379296508144346387e-14
-1.326357372457426242e-14
-1.275450184107674440e-14
-1.226496931360648857e-14
-1.179422482393928037e-14
-1.134154754703700640e-14
-1.090624545698175990e-14
-1.048764939774520996e-14
-1.008512070648512685e-14
-9.698043590248856677e-15
-9.325818349709743410e-15
-8.967880860924915681e-15
-8.623681399511605450e-15
-8.292693110976620541e-15
-7.974407775551608374e-15
-7.668340043357792235e-15
-7.374017270010604225e-15
-7.090993492663314954e-15
-6.818834183413982966e-15
-6.557118790404296502e-15
-6.305447514083151531e-15
-6.063437495558389109e-15
-5.830714346267322837e-15
-5.606925276987421297e-15
-5.391724274759731109e-15
-5.184783961350138484e-15
-4.985785852370475807e-15
-4.794425439476205156e-15
-4.610406684652261153e-15
-4.433454725707259778e-15
-4.263293006383922501e-15
-4.099661487567442253e-15
-3.942311988604273523e-15
-3.791001834555027955e-15
-3.645498514875684243e-15
-3.505580106934061760e-15
-3.371031464361557914e-15
-3.241646969910226724e-15
-3.117228841386884310e-15
-2.997585014070740760e-15
-2.882534011152846840e-15
-2.771899014505463214e-15
-2.665509770506191770e-15
-2.563204919378580561e-15
-2.464825854203256221e-15
-2.370222650148554738e-15
-2.279250464580495628e-15
-2.191770384095729184e-15
-2.107646671664457905e-15
-2.026752272344593646e-15
-1.948963095809363652e-15
-1.874159922171441880e-15
-1.802227131433528119e-15
-1.733055562224544970e-15
-1.666538806030493612e-15
-1.602575218897703529e-15
-1.541066439125174815e-15
-1.481917704901933395e-15
-1.425039866010280754e-15
-1.370344831023702446e-15
-1.317749484834249141e-15
-1.267172829916339647e-15
-1.218536833359708162e-15
-1.171768015056180376e-15
-1.126794165447002859e-15
-1.083546251346974385e-15
-1.041958733581801154e-15
-1.001966920010136618e-15
-9.635102477762520941e-16
-9.265296363320765956e-16
-8.909682285910256773e-16
-8.567718673840342674e-16
-8.238878778496949891e-16
-7.922660732858830251e-16
-7.618578551772496599e-16
-7.326168484699327205e-16
-7.044982133572869325e-16
-6.774586982194431232e-16
-6.514570631397818487e-16
-6.264532858115453434e-16
-6.024093556312255706e-16
-5.792882678469393580e-16
-5.570545000144612284e-16
-5.356740649367826030e-16
-5.151143518454341912e-16
-4.953435440653347534e-16
-4.763317307455343722e-16
-4.580496892493527740e-16
-4.404690704428365416e-16
-4.235633251370451730e-16
-4.073064864781894036e-16
-3.916735934641048331e-16
-3.766407438838111294e-16
-3.621848031499364092e-16
-3.482836954662928575e-16
-3.349160861905215066e-16
-3.220616200621086514e-16
-3.097005241556918245e-16
-2.978138196392966092e-16
-2.863834011836754448e-16
-2.753916134458339994e-16
-2.648217539948436025e-16
-2.546575968558084137e-16
-2.448835248587634319e-16
-2.354845561084540967e-16
-2.264463704541158900e-16
-2.177550315567885184e-16
-2.093973177615609345e-16
-2.013603779904365142e-16
-1.936318905610106677e-16
-1.862001028911402416e-16
-1.790535270964780995e-16
-1.721812443929385413e-16
-1.655727065733502909e-16
-1.592177889470156992e-16
-1.531068300443801469e-16
-1.472304066239054298e-16
-1.415795454303065727e-16
-1.361455511409844182e-16
-1.309201519498134360e-16
-1.258952613391253078e-16
-1.210632295426151430e-16
-1.164166450219944666e-16
-1.119484271112198247e-16
-1.076516539629253735e-16
-1.035198404811086973e-16
-9.954662068377558796e-17
-9.572589990417275482e-17
-9.205183493845312329e-17
-8.851877448867173106e-17
-8.512129886745513070e-17
-8.185420676311158878e-17
-7.871254832685558797e-17
-7.569145973668531648e-17
-7.278632201606027819e-17
-6.999269485945228846e-17
-6.730629678001077282e-17
-6.472301172700766739e-17
-6.223884938116801637e-17
-5.985003118145367754e-17
-5.755290429827961672e-17
-5.534395486840370864e-17
-5.321979476003693612e-17
-5.117715495539848958e-17
-4.921291863794026921e-17
-4.732406825278768158e-17
-4.550771528524169150e-17
-4.376107048227677017e-17
-4.208147032232049684e-17
-4.046631745824945500e-17
-3.891316674417293791e-17
-3.741962928248189241e-17
-3.598340881979587131e-17
-3.460231498185283418e-17
-3.327423349500709549e-17
-3.199712618622932458e-17
-3.076903098310654566e-17
-2.958806853128703826e-17
-2.845244219448033721e-17
-2.736041323903885602e-17
-2.631028594470686101e-17
-2.530046550726334993e-17
-2.432940344460162352e-17
-2.339560586853541100e-17
-2.249765499149479649e-17
-2.163416776749559132e-17
-2.080382236191893576e-17
-2.000534822534394836e-17
-1.923752113046405064e-17
-1.849916151772574197e-17
-1.778913449532859960e-17
-1.710636638283752971e-17
-1.644979838906846442e-17
-1.581843458856388988e-17
-1.521130552564589394e-17
-1.462747814058351680e-17
-1.406605907831520117e-17
-1.352619055254572958e-17
-1.300703793803703601e-17
-1.250780962294290721e-17
-1.202774460109979441e-17
-1.156610337304007520e-17
-1.112218283524307950e-17
-1.069529973652283850e-17
-1.028480308573727299e-17
-9.890060089717779887e-18
-9.510466906617195487e-18
-9.145444510006732670e-18
-8.794429589889242823e-18
-8.456888614769629244e-18
-8.132300460861983525e-18
-7.820172955701836615e-18
-7.520027161714520312e-18
-7.231400684937617471e-18
-6.953849329382187118e-18
-6.686953714477664868e-18
-6.430300249917774206e-18
-6.183497265682471274e-18
-5.946167153822125615e-18
-5.717943059735069961e-18
-5.498480462696175977e-18
-5.287441873015522026e-18
-5.084504276663906152e-18
-4.889355412960089587e-18
-4.701694601751409304e-18
-4.521238533678065892e-18
-4.347708035283322705e-18
-4.180837995180856497e-18
-4.020371573790469552e-18
-3.866064339241152451e-18
-3.717680958648633858e-18
-3.574991062212317755e-18
-3.437778548997174663e-18
-3.305832694742156697e-18
-3.178950633402035229e-18
-3.056938391123166573e-18
-2.939609231882266884e-18
-2.826783037100952738e-18
-2.718287339621506831e-18
-2.613956289731112280e-18
-2.513629827981240074e-18
-2.417154098777955350e-18
-2.324381036791611117e-18
-2.235168780547154529e-18
-2.149380018062901785e-18
-2.066884261597222643e-18
-1.987555366106702768e-18
-1.911270288475224897e-18
-1.837913430212184744e-18
-1.767371881163968820e-18
-1.699538107850945233e-18
-1.634307471925626023e-18
-1.571580815112081398e-18
-1.511261564073795790e-18
-1.453257798365199245e-18
-1.397479872287406329e-18
-1.343842896430053786e-18
-1.292264566322192591e-18
-1.242665782817747360e-18
-1.194970652095516354e-18
-1.149106175466441767e-18
-1.105002249373609730e-18
-1.062590734814061187e-18
-1.021807525290323280e-18
-9.825893414855357010e-19
-9.448764196004414941e-19
-9.086108569921619474e-19
-8.737374393548091463e-19
-8.402020897558374365e-19
-8.079541433827279452e-19
-7.769438660011509216e-19
-7.471237981234611357e-19
-7.184484965147564555e-19
-6.908735002171121558e-19
-6.643569849108060241e-19
-6.388581085530932548e-19
-6.143379419563955708e-19
-5.907589001016300941e-19
-5.680850006321507680e-19
-5.462811400707123732e-19
-5.253142828916010734e-19
-5.051522207497155849e-19
-4.857638309745086001e-19
-4.671195418590813482e-19
-4.491909190698773190e-19
-4.319504071527408397e-19
-4.153714587798877866e-19
-3.994289741896060036e-19
-3.840982930598837538e-19
-3.693561509359929832e-19
-3.551798520498767680e-19
-3.415476053622731646e-19
-3.284386538096859202e-19
-3.158327056177133436e-19
-3.037106580840842881e-19
-2.920538479462280261e-19
-2.808444391221863830e-19
-2.700653451624313103e-19
-2.596999190571351782e-19
-2.497323668264770524e-19
-2.401473856291247020e-19
-2.309301896116287414e-19
-2.220667942517581962e-19
-2.135434993706176567e-19
-2.053474448946213377e-19
-1.974659775453365921e-19
-1.898869868816077606e-19
-1.825989311489503143e-19
-1.755905529362152893e-19
-1.688511376695307097e-19
-1.623703972900279473e-19
-1.561383539315680811e-19
-1.501455725652891781e-19
-1.443828120327853726e-19
-1.388411930671687905e-19
-1.335123146153431903e-19
-1.283879307205771838e-19
-1.234602607152339443e-19
-1.187216661033444272e-19
-1.141649478286400072e-19
-1.097831653287934813e-19
-1.055695719119337141e-19
-1.015176793801309926e-19
-9.762131619053384697e-20
-9.387449174604980342e-20
-9.027147394352781084e-20
-8.680673747496995644e-20
-8.347499613927414351e-20
-8.027112529405166464e-20
-7.719021355441548622e-20
-7.422757571767731962e-20
-7.137861059167983861e-20
-6.863900132760128209e-20
-6.600454093654499365e-20
-6.347119691302477727e-20
-6.103508538557075506e-20
-5.869247757907790283e-20
-5.643978042776044337e-20
-5.427354949984891758e-20
-5.219047930406738114e-20
-5.018734189732231657e-20
-4.826108381993066680e-20
-4.640876793448301501e-20
-4.462753142057810347e-20
-4.291467947887659927e-20
-4.126756254647891848e-20
-3.968367000097899196e-20
-3.816056230580464183e-20
-3.669591301548306271e-20
-3.528746030802680490e-20
-3.393308776429046907e-20
-3.263069512099999478e-20
-3.137827905010935517e-20
-3.017394608349762809e-20
-2.901583829596083699e-20
-2.790217531047743221e-20
-2.683125591379542480e-20
-2.580144028497391373e-20
-2.481114999538308591e-20
-2.385886800870421616e-20
-2.294312898740686385e-20
-2.206254514214301522e-20
-2.121575614854593267e-20
-2.040146953690850209e-20
-1.961843968955049227e-20
-1.886545814729575151e-20
-1.814137945886634994e-20
-1.744509048472703554e-20
-1.677552655295657306e-20
-1.613165691896353900e-20
-1.551250092135766054e-20
-1.491711182607847659e-20
-1.434457844198247171e-20
-1.379401219614600494e-20
-1.326458348457582243e-20
-1.275547320459504061e-20
-1.226590425879225712e-20
-1.179512297576951105e-20
-1.134240638028438545e-20
-1.090707107897924373e-20
-1.048844256422568571e-20
-1.008588429469295772e-20
-9.698776692715211905e-21
-9.326522798846474954e-21
-8.968560388764152228e-21
-8.624336931668452446e-21
-8.293323322773025770e-21
-7.975017114479231593e-21
-7.668925552711232662e-21
-7.374582540580900952e-21
-7.091538137071447365e-21
-6.819356941450287837e-21
-6.557621324443311122e-21
-6.305931428234878794e-21
-6.063902339190340933e-21
-5.831162068372118761e-21
-5.607354782713972426e-21
-5.392137977743516689e-21
-5.185181669788653980e-21
-4.986168799874357870e-21
-4.794792810341972233e-21
-4.610763299404179868e-21
-4.433797943209333036e-21
-4.263623303635020411e-21
-4.099980078946252225e-21
-3.942618660930842065e-21
-3.791295499828355619e-21
-3.645781182265780131e-21
-3.505853161115421893e-21
-3.371293736010988871e-21
-3.241899141025218857e-21
-3.117471264785818268e-21
-2.997819064114204300e-21
-2.882759371819071875e-21
-2.772115886954434960e-21
-2.665718367026059620e-21
-2.563404445526989643e-21
-2.465018016350412656e-21
-2.370407820150917959e-21
-2.279428454086455217e-21
-2.191941583508684873e-21
-2.107811902995143418e-21
-2.026911377265469862e-21
-1.949116413903921418e-21
-1.874306853617414821e-21
-1.802368595564618905e-21
-1.733191375923645498e-21
-1.666668868866245290e-21
-1.602700100196549992e-21
-1.541186317151000417e-21
-1.482033613727439056e-21
-1.425151618020563789e-21
-1.370452583454165073e-21
-1.317853004368259832e-21
-1.267272202380349304e-21
-1.218632427359614905e-21
-1.171859867168876916e-21
-1.126882628180677114e-21
-1.083631543070845722e-21
-1.042040574715284877e-21
-1.002045806448009953e-21
-9.635860479063247657e-22
-9.266022291856463664e-22
-8.910381076588761177e-22
-8.568387533634616701e-22
-8.239518616659432495e-22
-7.923275008264639868e-22
-7.619169507955174323e-22
-7.326736624688083045e-22
-7.045529042775669513e-22
-6.775112573175700080e-22
-6.515074736298052785e-22
-6.265015674327089201e-22
-6.024556734028303242e-22
-5.793326330360899604e-22
-5.570970548768359930e-22
-5.357151125694525451e-22
-5.151536865776948178e-22
-4.953815758750395096e-22
-4.763681347930405947e-22
-4.580844847116797422e-22
-4.405025548045055677e-22
-4.235955364225150402e-22
-4.073374287102720753e-22
-3.917033415284951396e-22
-3.766692935056655143e-22
-3.622123130122231635e-22
-3.483101857250770636e-22
-3.349416060888990055e-22
-3.220861520725746276e-22
-3.097239570030668440e-22
-2.978363406541400211e-22
-2.864050014527930314e-22
-2.754123698889447926e-22
-2.648416590025322014e-22
-2.546766876786673646e-22
-2.449018806476375985e-22
-2.355021927542585279e-22
-2.264632351756189216e-22
-2.177713006646296593e-22
-2.094130480056616432e-22
-2.013755398798692487e-22
-1.936464953006799952e-22
-1.862141129089517762e-22
-1.790669573770025080e-22
-1.721941361134528989e-22
-1.655851351801581632e-22
-1.592297814268845708e-22
-1.531183560872797987e-22
-1.472415064264515468e-22
-1.415901952538696029e-22
-1.361557387886892944e-22
-1.309299202557218390e-22
-1.259046364757488066e-22
-1.210722638969821414e-22
-1.164253682942510404e-22
-1.119568309867467893e-22
-1.076597983509248279e-22
-1.035277133749409592e-22
-9.955418944090651393e-23
-9.573316178618215286e-23
-9.205881177273096584e-23
-8.852545960203536159e-23
-8.512774733082707899e-23
-8.186044323358269229e-23
-7.871854908760672117e-23
-7.569724337504645480e-23
-7.279188128289195185e-23
-6.999804519007397467e-23
-6.731142476060639565e-23
-6.472793685044379083e-23
-6.224357404618763747e-23
-5.985459399170356708e-23
-5.755731112884238711e-23
-5.534821029341043273e-23
-5.322387729540990738e-23
-5.118108096057302582e-23
-4.921668793338425018e-23
-4.732769107607287796e-23
-4.551119369139493761e-23
-4.376440005630232587e-23
-4.208466275359712101e-23
-4.046940063039743989e-23
-3.891613981890450941e-23
-3.742249480374094124e-23
-3.598616211106349002e-23
-3.460497395110460840e-23
-3.327679408853295790e-23
-3.199959357310031006e-23
-3.077140656343085413e-23
-2.959035872601378498e-23
-2.845464830254157782e-23
-2.736252402180464200e-23
-2.631231349868390899e-23
-2.530241692326359056e-23
-2.433127708411678044e-23
-2.339741250046347357e-23
-2.249938744545616771e-23
-2.163583245656339918e-23
-2.080542066974258624e-23
-2.000688359665813350e-23
-1.923899850290694840e-23
-1.850058525257482030e-23
-1.779051104140185183e-23
-1.710769197450426931e-23
-1.645107886687812881e-23
-1.581966355428655787e-23
-1.521249151503423906e-23
-1.462861611603490717e-23
-1.406715225535290423e-23
-1.352723849687972889e-23
-1.300804417008218342e-23
-1.250877883633323638e-23
-1.202867730055482337e-23
-1.156700118893965754e-23
-1.112304683756028173e-23
-1.069613030401186935e-23
-1.028560077804761303e-23
-9.890826382082430770e-24
-9.511203637523828479e-24
-9.146150365023753056e-24
-8.795110417644023687e-24
-8.457545003386374420e-24
-8.132932685192454167e-24
-7.820783580440120680e-24
-7.520611750811757815e-24
-7.231961234704147827e-24
-6.954390270010366950e-24
-6.687472871841595838e-24
-6.430798438096666953e-24
-6.183976877057948506e-24
-5.946627957769123969e-24
-5.718389198644244286e-24
-5.498911528732749160e-24
-5.287856526706298778e-24
-5.084902337315562966e-24
-4.889737360502979424e-24
-4.702063406846374611e-24
-4.521592147684890245e-24
-4.348048664993056806e-24
-4.181165534924004369e-24
-4.020687560974893937e-24
-3.866369801834654387e-24
-3.717973627079456361e-24
-3.575273028059954041e-24
-3.438049095874948596e-24
-3.306092979599782762e-24
-3.179199575399099076e-24
-3.057177781718607749e-24
-2.939838863586734654e-24
-2.827004144008447230e-24
-2.718500862445502077e-24
-2.614161385955539730e-24
-2.513827153496610764e-24
-2.417342759470386642e-24
-2.324562264609401475e-24
-2.235342293444131345e-24
-2.149547359114104543e-24
-2.067045327417696550e-24
-1.987709586179619393e-24
-1.911419242466147951e-24
-1.838057150432856906e-24
-1.767510108539847041e-24
-1.699670437273555689e-24
-1.634434598640172592e-24
-1.571702900342800443e-24
-1.511379101351002281e-24
-1.453370510508414636e-24
-1.397588479570813296e-24
-1.343947417129981783e-24
-1.292364887221324500e-24
-1.242762102361932499e-24
-1.195062838866838799e-24
-1.149194718747989373e-24
-1.105087336169593245e-24
-1.062672553270961951e-24
-1.021885979280706825e-24
-9.826646039340233386e-25
-9.449488682325673063e-25
-9.086802978617392202e-25
-8.738037711657867620e-25
-8.402662372488338187e-25
-8.080159271139752614e-25
-7.770031918279887428e-25
-7.471809462555938835e-25
-7.185032392490615598e-25
-6.909262397243454291e-25
-6.644076450154030147e-25
-6.389068780894220108e-25
-6.143848410277874009e-25
-5.908039150260814581e-25
-5.681282562169232027e-25
-5.463227602900302997e-25
-5.253540485683505849e-25
-5.051902214890291837e-25
-4.858003655653427477e-25
-4.671547012981191837e-25
-4.492246324795442301e-25
-4.319828448007746092e-25
-4.154027635100656884e-25
-3.994591943622569714e-25
-3.841274361502537254e-25
-3.693841188697387779e-25
-3.552067106811067537e-25
-3.415733946499476343e-25
-3.284634138736927917e-25
-3.158565784435492257e-25
-3.037336845268554624e-25
-2.920760213290157907e-25
-2.808657901758561616e-25
-2.700856607793650011e-25
-2.597194368390819902e-25
-2.497511439216764035e-25
-2.401653006318832785e-25
-2.309474856062790438e-25
-2.220834993485697209e-25
-2.135596600524303831e-25
-2.053629638388765277e-25
-1.974808998669894152e-25
-1.899013517263029167e-25
-1.826126960444166663e-25
-1.756037778350927731e-25
-1.688638735204008890e-25
-1.623826662788149205e-25
-1.561502090673580963e-25
-1.501570109032644762e-25
-1.443937780189944252e-25
-1.388517589888806475e-25
-1.335224735581920174e-25
-1.283977126431335787e-25
-1.234696492644113416e-25
-1.187306783098609099e-25
-1.141736507275287181e-25
-1.097915407249776416e-25
-1.055775936807067255e-25
-1.015254185887885151e-25
-9.762874770281199673e-26
-9.388164607706054658e-26
-9.027835749211638010e-26
-8.681331678081219594e-26
-8.348132239155419305e-26
-8.027718509870021447e-26
-7.719605464027831537e-26
-7.423318552490552562e-26
-7.138400482452189215e-26
-6.864419845605198757e-26
-6.600956326998518115e-26
-6.347603170227892708e-26
-6.103975189304445086e-26
-5.869697059000613066e-26
-5.644409477825971765e-26
-5.427771633217562417e-26
-5.219447026695501686e-26
-5.019118573153745655e-26
-4.826478431949983470e-26
-4.641232629137503863e-26
-4.463096127084537523e-26
-4.291797138557332523e-26
-4.127072812637078894e-26
-3.968671083612655233e-26
-3.816348822087882097e-26
-3.669872759427895302e-26
-3.529018871461563727e-26
-3.393571762183907102e-26
-3.263322506714558300e-26
-3.138071732785674354e-26
-3.017629312593145357e-26
-2.901808816118354624e-26
-2.790433982252791836e-26
-2.683334404714977609e-26
-2.580344761678485743e-26
-2.481307743185458689e-26
-2.386072202253860937e-26
-2.294492076356710159e-26
-2.206426541496472759e-26
-2.121741707023414938e-26
-2.040306455626922812e-26
-1.961996757418577843e-26
-1.886693050667432473e-26
-1.814279471428032363e-26
-1.744645086135580811e-26
-1.677683891605938742e-26
-1.613292195770900347e-26
-1.551371853240499654e-26
-1.491828570484659462e-26
-1.434570365089235838e-26
-1.379509722797555826e-26
-1.326562364915253040e-26
-1.275646863124278788e-26
-1.226685949115264253e-26
-1.179604126434389457e-26
-1.134329365301734317e-26
-1.090792717425289769e-26
-1.048926775257002261e-26
-1.008667674959915911e-26
-9.699537867758103280e-27
-9.327255609508050590e-27
-8.969264521817328944e-27
-8.625013018349865839e-27
-8.293975705416832437e-27
-7.975644137512910507e-27
-7.669528358060247937e-27
-7.375163062384280770e-27
-7.092094501390111373e-27
-6.819891266770197007e-27
-6.558134276168639008e-27
-6.306421395413049321e-27
-6.064372831118394783e-27
-5.831614182503486517e-27
-5.607789922900590638e-27
-5.392556851593617340e-27
-5.185583708632132019e-27
-4.986554256319266292e-27
-4.795162656979851464e-27
-4.611118095192285064e-27
-4.434137459254742168e-27
-4.263949578231053052e-27
-4.100293681206747685e-27
-3.942919782475044604e-27
-3.791586370420917650e-27
-3.646060022335107090e-27
-3.506120026645986145e-27
-3.371549908827805692e-27
-3.242145135120471805e-27
-3.117708105111690355e-27
-2.998046803586005933e-27
-2.882978267198701752e-27
-2.772326080766871942e-27
-2.665921147641399304e-27
-2.563599571184016482e-27
-2.465205736255216990e-27
-2.370587301796399796e-27
-2.279600978619702490e-27
-2.192106944211162559e-27
-2.107970768660661773e-27
-2.027063799847915066e-27
-1.949262585663487215e-27
-1.874447333264837335e-27
-1.802503449820274385e-27
-1.733320386950990538e-27
-1.666793566661005566e-27
-1.602820336884283630e-27
-1.541302378897163761e-27
-1.482145322132370986e-27
-1.425258744179016323e-27
-1.370555400410619031e-27
-1.317951801764089923e-27
-1.267367251774759173e-27
-1.218724135465867977e-27
-1.171948208238060205e-27
-1.126967440311415776e-27
-1.083712979690422846e-27
-1.042118478088497275e-27
-1.002120668706965941e-27
-9.636580180841056733e-28
-9.266714964671210024e-28
-8.911047704051386017e-28
-8.569031434877378738e-28
-8.240141341239342665e-28
-7.923877644316709311e-28
-7.619749713456146026e-28
-7.327292918058569390e-28
-7.046062849789312049e-28
-6.775624729963428584e-28
-6.515567854020278418e-28
-6.265492591496401197e-28
-6.025015682332863864e-28
-5.793769273910288455e-28
-5.571397069188963332e-28
-5.357559623016190245e-28
-5.151930008783909460e-28
-4.954193336946213665e-28
-4.764042421676973094e-28
-4.581193188309390632e-28
-4.405362525141641354e-28
-4.236280320499024950e-28
-4.073686573839049144e-28
-3.917334284646346273e-28
-3.766981748712895738e-28
-3.622400502599044604e-28
-3.483368101396216144e-28
-3.349670766880583377e-28
-3.221105794925499544e-28
-3.097475777711664955e-28
-2.978591492622043563e-28
-2.864269494829432485e-28
-2.754334765450135530e-28
-2.648620230061477106e-28
-2.546962906841913442e-28
-2.449207517689678318e-28
-2.355203840069109530e-28
-2.264807910716864131e-28
-2.177881784900675386e-28
-2.094292091971894479e-28
-2.013910516847976610e-28
-1.936614281494967092e-28
-1.862284580109421539e-28
-1.790807782824621103e-28
-1.722074111633735712e-28
-1.655978723725417786e-28
-1.592420026295100898e-28
-1.531301120992458065e-28
-1.472527998362078885e-28
-1.416010741549684780e-28
-1.361662804078399847e-28
-1.309400769107507815e-28
-1.259144349432452041e-28
-1.210816748596700083e-28
-1.164344420150500654e-28
-1.119655382462182282e-28
-1.076681746501205316e-28
-1.035357428796352969e-28
-9.956189338447712241e-29
-9.574057754091441702e-29
-9.206593931821002828e-29
-8.853233333421447109e-29
-8.513437300361453740e-29
-8.186679813024961958e-29
-7.872466148157507292e-29
-7.570310610301239585e-29
-7.279752781828828764e-29
-7.000346087734420038e-29
-6.731662610458494869e-29
-6.473295497300301454e-29
-6.224841506677733713e-29
-5.985925684104743759e-29
-5.756179093626359910e-29
-5.535250253027731496e-29
-5.322800920862375509e-29
-5.118506096452176603e-29
-4.922050107842187557e-29
-4.733135940523797403e-29
-4.551472297592917571e-29
-4.376781423840380964e-29
-4.208796096486403853e-29
-4.047257217768155393e-29
-3.891918629764618591e-29
-3.742541998645175526e-29
-3.598898921155484023e-29
-3.460768517205047174e-29
-3.327940439132751432e-29
-3.200209755955451846e-29
-3.077382370045940637e-29
-2.959269600454978620e-29
-2.845689085690956627e-29
-2.736468093911987430e-29
-2.631438708101044764e-29
-2.530440835331501443e-29
-2.433318445185206717e-29
-2.339924535040624156e-29
-2.250114810615201623e-29
-2.163752199863678430e-29
-2.080705498808593199e-29
-2.000845459495084317e-29
-1.924050808521966151e-29
-1.850202980827037360e-29
-1.779189881269003533e-29
-1.710902273508831454e-29
-1.645235585569071974e-29
-1.582089608907306194e-29
-1.521367445173207132e-29
-1.462975656671816625e-29
-1.406825169143206764e-29
-1.352829315739880122e-29
-1.300905793049369528e-29
-1.250975156461469007e-29
-1.202961045863149144e-29
-1.156790035175280174e-29
-1.112391105731162820e-29
-1.069696172897997454e-29
-1.028640010845245648e-29
-9.891594249966071972e-30
-9.511940043464046420e-30
-9.146856700697525550e-30
-8.795789012174728978e-30
-8.458195310098797795e-30
-8.133558753113562457e-30
-7.821382812405235629e-30
-7.521189014753258608e-30
-7.232516942530301320e-30
-6.954921976753108744e-30
-6.687981315613577118e-30
-6.431288708264062261e-30
-6.184449188602687883e-30
-5.947082084538883696e-30
-5.718826284208077092e-30
-5.499331208175078832e-30
-5.288260194857813413e-30
-5.085290124369126805e-30
-4.890110666200401924e-30
-4.702421646114212791e-30
-4.521936807726247161e-30
-4.348380427081576161e-30
-4.181484303389116175e-30
-4.020992272919936012e-30
-3.866660961323641424e-30
-3.718253012780914376e-30
-3.575541603901820200e-30
-3.438307810618461751e-30
-3.306340984343171677e-30
-3.179439128126704675e-30
-3.057409084737333628e-30
-2.940061834683446310e-30
-2.827218514744621604e-30
-2.718706280231514599e-30
-2.614358681144048861e-30
-2.514016602566897084e-30
-2.417525631562135252e-30
-2.324738502197492349e-30
-2.235512086280812254e-30
-2.149710590704687976e-30
-2.067200855469058366e-30
-1.987859312607764985e-30
-1.911562958391937789e-30
-1.838194055307398419e-30
-1.767642200924717643e-30
-1.699798309368139155e-30
-1.634558184818406067e-30
-1.571821581117280254e-30
-1.511493330242119143e-30
-1.453480521119433742e-30
-1.397693910218109621e-30
-1.344048767905339511e-30
-1.292462245339277457e-30
-1.242856007576384661e-30
-1.195153600464083642e-30
-1.149282425471267615e-30
-1.105171388699598849e-30
-1.062753533990854505e-30
-1.021963880017321129e-30
-9.827396083608907759e-31
-9.450209098689936090e-31
-9.087492919427327110e-31
-8.738703997233260592e-31
-8.403303485497319600e-31
-8.080773226309661669e-31
-7.770623743822604399e-31
-7.472378257527454270e-31
-7.185580205418351906e-31
-6.909789012212609114e-31
-6.644578678757487895e-31
-6.389552358160150647e-31
-6.144312263132279107e-31
-5.908485997063532773e-31
-5.681711977891598712e-31
-5.463639908299931880e-31
-5.253937828683860065e-31
-5.052286474777699932e-31
-4.858373635281873082e-31
-4.671904026015452957e-31
-4.492590356159098589e-31
-4.320158500430198222e-31
-4.154346558687388648e-31
-3.994897332766709952e-31
-3.841568670831892743e-31
-3.694124298518421741e-31
-3.552339461306419724e-31
-3.415996222543244241e-31
-3.284886049531059417e-31
-3.158808402933614970e-31
-3.037569561281895388e-31
-2.920984031567340913e-31
-2.808873138648626557e-31
-2.701065495449402432e-31
-2.597395827463942923e-31
-2.497704737658276529e-31
-2.401839646865666516e-31
-2.309654558687740756e-31
-2.221007003209179588e-31
-2.135762268777378778e-31
-2.053789405321656723e-31
-1.974962634946475439e-31
-1.899160881733700229e-31
-1.826268947236950509e-31
-1.756174571745722752e-31
-1.688770432625786881e-31
-1.623953791670881031e-31
-1.561624261663444975e-31
-1.501686980209367358e-31
-1.444050376298719121e-31
-1.388626052756318430e-31
-1.335328903791165749e-31
-1.284077467644749096e-31
-1.234792986195563377e-31
-1.187400110255720883e-31
-1.141826311823775878e-31
-1.098001648985854437e-31
-1.055859001014524608e-31
-1.015333598171056082e-31
-9.763637857767482296e-32
-9.388896136197091150e-32
-9.028538351250536925e-32
-8.682010257341406912e-32
-8.348785820747708139e-32
-8.028349587196605031e-32
-7.720212551038155517e-32
-7.423900400301802805e-32
-7.138961157409655724e-32
-6.864959301704734617e-32
-6.601474006209445106e-32
-6.348102664108630556e-32
-6.104455011277817968e-32
-5.870158416007796678e-32
-5.644854940268741298e-32
-5.428197813227159254e-32
-5.219856720970469483e-32
-5.019511341288072912e-32
-4.826853694660054101e-32
-4.641592846234584534e-32
-4.463442269263651278e-32
-4.292130130678626680e-32
-4.127393413618514253e-32
-3.968979092924299500e-32
-3.816644429012537617e-32
-3.670156086254590381e-32
-3.529290426850213852e-32
-3.393831747586032140e-32
-3.263571985961949700e-32
-3.138312189559089860e-32
-3.017860165051093176e-32
-2.902031359824880548e-32
-2.790647392612714695e-32
-2.683539286101664913e-32
-2.580540707841089848e-32
-2.481496198703093253e-32
-2.386253532169243641e-32
-2.294666359192863638e-32
-2.206594355135823833e-32
-2.121902632021367368e-32
-2.040461885470903792e-32
-1.962146043715307414e-32
-1.886836675698732890e-32
-1.814416819733273401e-32
-1.744777154844302475e-32
-1.677810417172307578e-32
-1.613413604024797907e-32
-1.551488708560273654e-32
-1.491940368799524361e-32
-1.434677777803949006e-32
-1.379612920434029770e-32
-1.326661161096507448e-32
-1.275742272301938420e-32
-1.226777863270802224e-32
-1.179692996238233940e-32
-1.134414864022879511e-32
-1.090874700205215835e-32
-1.049005501607246040e-32
-1.008743277255247238e-32
-9.700265341009920396e-33
-9.327957627429700649e-33
-8.969940251735633598e-33
-8.625663670318709824e-33
-8.294600380088997826e-33
-7.976239775687859173e-33
-7.670102843167333781e-33
-7.375714976683277154e-33
-7.092623610910622709e-33
-6.820401159779258840e-33
-6.558625914690828051e-33
-6.306898942250020029e-33
-6.064834166030986578e-33
-5.832057999235356990e-33
-5.608215222163992155e-33
-5.392965308797138242e-33
-5.185975447296718690e-33
-4.986931927607857802e-33
-4.795527651831403255e-33
-4.611468746379649477e-33
-4.434476398686260807e-33
-4.264275469604747903e-33
-4.100607350377929862e-33
-3.943220411746333787e-33
-3.791875514077964270e-33
-3.646336823818687590e-33
-3.506386139829632359e-33
-3.371807832365819614e-33
-3.242393985863947663e-33
-3.117946970336284508e-33
-2.998277053647767740e-33
-2.883199279109135165e-33
-2.772538608264709651e-33
-2.666125145446598914e-33
-2.563794688787672467e-33
-2.465392587312400252e-33
-2.370768047136090847e-33
-2.279775233490845363e-33
-2.192274923764488284e-33
-2.108132303448659681e-33
-2.027219904874692260e-33
-1.949412464425826522e-33
-1.874591881654003290e-33
-1.802642443834063495e-33
-1.733454683054586812e-33
-1.666922621153006919e-33
-1.602944137057596130e-33
-1.541421150458457710e-33
-1.482259529972029717e-33
-1.425368542128108058e-33
-1.370661218711831113e-33
-1.318053438408718163e-33
-1.267464661488638651e-33
-1.218817746134819862e-33
-1.172038030088885351e-33
-1.127053973499328042e-33
-1.083796424237540967e-33
-1.042199168910794216e-33
-1.002198473684754142e-33
-9.637328087769948910e-34
-9.267435831409676648e-34
-8.911742261110391407e-34
-8.569698200605068400e-34
-8.240783860985453396e-34
-7.924492310312754285e-34
-7.620339116344737662e-34
-7.327860509825805671e-34
-7.046608333534707316e-34
-6.776150960639500038e-34
-6.516075590584953667e-34
-6.265979524720415411e-34
-6.025483482446752765e-34
-5.794217825891929817e-34
-5.571828529218257509e-34
-5.357974882734989694e-34
-5.152328574543361554e-34
-4.954577363956435919e-34
-4.764413142884602727e-34
-4.581550302934810626e-34
-4.405705072423931424e-34
-4.236608832525702997e-34
-4.074003525495921387e-34
-3.917638899607556071e-34
-3.767273657094451926e-34
-3.622681193869839108e-34
-3.483638120089313304e-34
-3.349931836579268764e-34
-3.221358238949494354e-34
-3.097718273762067626e-34
-2.978824596604826279e-34
-2.864493536485454330e-34
-2.754550605961251596e-34
-2.648827516485508558e-34
-2.547162407996246758e-34
-2.449399619327478398e-34
-2.355388999442985165e-34
-2.264986596202539406e-34
-2.178053738006942555e-34
-2.094457492975505920e-34
-2.014069291413608313e-34
-1.936766532933878816e-34
-1.862430520157533225e-34
-1.790948065835556816e-34
-1.722208852578189801e-34
-1.656108302714182269e-34
-1.592545052814649837e-34
-1.531421298076184244e-34
-1.472643595881444734e-34
-1.416121488266715686e-34
-1.361768994248719179e-34
-1.309502543525951444e-34
-1.259242354011125223e-34
-1.210911054298727411e-34
-1.164434946403091219e-34
-1.119742628225953808e-34
-1.076765797117047674e-34
-1.035438101930398666e-34
-9.956966353511385617e-35
-9.574802119799520989e-35
-9.207308606598895457e-35
-8.853921025608137376e-35
-8.514098121371765583e-35
-8.187316431561679531e-35
-7.873078322583073103e-35
-7.570898788221861908e-35
-7.280316929081703028e-35
-7.000886195062528232e-35
-6.732183568910159771e-35
-6.473794068976333723e-35
-6.225320506740166777e-35
-5.986385782695560180e-35
-5.756621406914179992e-35
-5.535674960679519924e-35
-5.323207800599497382e-35
-5.118893910662751496e-35
-4.922425067985302011e-35
-4.733497928443902059e-35
-4.551820053380473539e-35
-4.377115936306542477e-35
-4.209117245381772241e-35
-4.047566554230994964e-35
