-9.520155191421508789e-02
-9.865713864564895630e-02
-1.049990653991699219e-01
-1.085342615842819214e-01
-1.075038611888885498e-01
-1.097187027335166931e-01
-1.148423701524734497e-01
-1.186239048838615417e-01
-1.212989166378974915e-01
-1.220243647694587708e-01
-1.226551905274391174e-01
-1.239990144968032837e-01
-1.232467144727706909e-01
-1.233765855431556702e-01
-1.243759691715240479e-01
-1.239617764949798584e-01
-1.223375871777534485e-01
-1.203369721770286560e-01
-1.200018823146820068e-01
-1.179288998246192932e-01
-1.174478530883789062e-01
-1.157932728528976440e-01
-1.138125583529472351e-01
-1.140353754162788391e-01
-1.121427938342094421e-01
-1.111162453889846802e-01
-1.085154265165328979e-01
-1.073956340551376343e-01
-1.059095486998558044e-01
-1.045549586415290833e-01
-1.025904119014739990e-01
-1.005215644836425781e-01
-9.919078648090362549e-02
-9.653116762638092041e-02
-9.443503618240356445e-02
-9.298826754093170166e-02
-9.120252728462219238e-02
-8.913681656122207642e-02
-8.714059740304946899e-02
-8.516175299882888794e-02
-8.312389999628067017e-02
-8.136993646621704102e-02
-7.972823828458786011e-02
-7.764814049005508423e-02
-7.583718746900558472e-02
-7.396514713764190674e-02
-7.217373698949813843e-02
-7.030691206455230713e-02
-6.830821931362152100e-02
-6.646351516246795654e-02
-6.449532508850097656e-02
-6.304194033145904541e-02
-6.147180125117301941e-02
-5.974920466542243958e-02
-5.809979140758514404e-02
-5.638747289776802063e-02
-5.480584129691123962e-02
-5.319079384207725525e-02
-5.173365399241447449e-02
-5.017525330185890198e-02
-4.857582971453666687e-02
-4.710648208856582642e-02
-4.566515609622001648e-02
-4.434709250926971436e-02
-4.292369633913040161e-02
-4.162935912609100342e-02
-4.020649567246437073e-02
-3.897514939308166504e-02
-3.771975636482238770e-02
-3.651817142963409424e-02
-3.530004620552062988e-02
-3.419923782348632812e-02
-3.311474621295928955e-02
-3.201780095696449280e-02
-3.103350847959518433e-02
-3.000103309750556946e-02
-2.902466617524623871e-02
-2.806689962744712830e-02
-2.710785716772079468e-02
-2.625380270183086395e-02
-2.538323216140270233e-02
-2.447507530450820923e-02
-2.366963028907775879e-02
-2.286452613770961761e-02
-2.205576002597808838e-02
-2.132330276072025299e-02
-2.058587595820426941e-02
-1.989423669874668121e-02
-1.920601166784763336e-02
-1.852939091622829437e-02
-1.788060367107391357e-02
-1.726661063730716705e-02
-1.667626388370990753e-02
-1.609088666737079620e-02
-1.553634274750947952e-02
-1.497366372495889664e-02
-1.445238105952739716e-02
-1.392655074596405029e-02
-1.342095900326967239e-02
-1.293859537690877914e-02
-1.246634311974048615e-02
-1.201688870787620544e-02
-1.158438343554735184e-02
-1.116078346967697144e-02
-1.075274404138326645e-02
-1.035892777144908905e-02
-9.979670867323875427e-03
-9.611111134290695190e-03
-9.260596707463264465e-03
-8.912461809813976288e-03
-8.586504496634006500e-03
-8.261688053607940674e-03
-7.956895045936107635e-03
-7.658337242901325226e-03
-7.377433124929666519e-03
-7.101089693605899811e-03
-6.835664156824350357e-03
-6.579229608178138733e-03
-6.335506215691566467e-03
-6.097769830375909805e-03
-5.870189983397722244e-03
-5.648172460496425629e-03
-5.436071194708347321e-03
-5.231315270066261292e-03
-5.036938469856977463e-03
-4.846835974603891373e-03
-4.663728177547454834e-03
-4.487369675189256668e-03
-4.317798186093568802e-03
-4.155201837420463562e-03
-3.997588995844125748e-03
-3.846048144623637199e-03
-3.700878471136093140e-03
-3.560233861207962036e-03
-3.425539471209049225e-03
-3.295765956863760948e-03
-3.170202253386378288e-03
-3.049565944820642471e-03
-2.933698240667581558e-03
-2.822131151333451271e-03
-2.714337781071662903e-03
-2.611597999930381775e-03
-2.512015169486403465e-03
-2.415953669697046280e-03
-2.324022585526108742e-03
-2.235417021438479424e-03
-2.150552812963724136e-03
-2.068480709567666054e-03
-1.989663811400532722e-03
-1.913565909489989281e-03
-1.840548473410308361e-03
-1.770208007656037807e-03
-1.702628098428249359e-03
-1.637669280171394348e-03
-1.575157279148697853e-03
-1.514921663329005241e-03
-1.457049744203686714e-03
-1.401405432261526585e-03
-1.347811659798026085e-03
-1.296354574151337147e-03
-1.246788771823048592e-03
-1.199037651531398296e-03
-1.153237302787601948e-03
-1.109133008867502213e-03
-1.066755037754774094e-03
-1.025958335958421230e-03
-9.866859763860702515e-04
-9.489291696809232235e-04
-9.125532815232872963e-04
-8.776829345151782036e-04
-8.441240061074495316e-04
-8.118013502098619938e-04
-7.807126967236399651e-04
-7.507889531552791595e-04
-7.220283150672912598e-04
-6.943718180991709232e-04
-6.677848286926746368e-04
-6.422100705094635487e-04
-6.175996968522667885e-04
-5.939195398241281509e-04
-5.711717531085014343e-04
-5.492633790709078312e-04
-5.282189813442528248e-04
-5.079577094875276089e-04
-4.884955706074833870e-04
-4.697642289102077484e-04
-4.517694760579615831e-04
-4.344592161942273378e-04
-4.178050148766487837e-04
-4.017832980025559664e-04
-3.863813180942088366e-04
-3.715656348504126072e-04
-3.573153808247298002e-04
-3.436082042753696442e-04
-3.304333076812326908e-04
-3.177648468408733606e-04
-3.055851266253739595e-04
-2.938653924502432346e-04
-2.825963892973959446e-04
-2.717589668463915586e-04
-2.613389515317976475e-04
-2.513110521249473095e-04
-2.416715287836268544e-04
-2.324011002201586962e-04
-2.234867279184982181e-04
-2.149126667063683271e-04
-2.066684392048045993e-04
-1.987411233130842447e-04
-1.911157014546915889e-04
-1.837853196775540709e-04
-1.767350186128169298e-04
-1.699530257610604167e-04
-1.634327927604317665e-04
-1.571618922753259540e-04
-1.511312002548947930e-04
-1.453322911402210593e-04
-1.397566375089809299e-04
-1.343945041298866272e-04
-1.292372035095468163e-04
-1.242779690073803067e-04
-1.195085715153254569e-04
-1.149224772234447300e-04
-1.105118717532604933e-04
-1.062715091393329203e-04
-1.021929201669991016e-04
-9.827063331613317132e-05
-9.449888602830469608e-05
-9.087190846912562847e-05
-8.738413453102111816e-05
-8.403023821301758289e-05
-8.080506086116656661e-05
-7.770368392812088132e-05
-7.472131983377039433e-05
-7.185343565652146935e-05
-6.909561489010229707e-05
-6.644365203101187944e-05
-6.389347254298627377e-05
-6.144116196082904935e-05
-5.908296952839009464e-05
-5.681530092260800302e-05
-5.463466004584915936e-05
-5.253771814750507474e-05
-5.052126653026789427e-05
-4.858219108427874744e-05
-4.671754504670388997e-05
-4.492447260417975485e-05
-4.320021253079175949e-05
-4.154213820584118366e-05
-3.994771032012067735e-05
-3.841446596197783947e-05
-3.694006591103971004e-05
-3.552226917236112058e-05
-3.415888204472139478e-05
-3.284781996626406908e-05
-3.158708204864524305e-05
-3.037473106815014035e-05
-2.920890437962953001e-05
-2.808783392538316548e-05
-2.700978438952006400e-05
-2.597311504359822720e-05
-2.497623972885776311e-05
-2.401762321824207902e-05
-2.309579758730251342e-05
-2.220934766228310764e-05
-2.135692739102523774e-05
-2.053722346317954361e-05
-1.974898259504698217e-05
-1.899099333968479186e-05
-1.826209336286410689e-05
-1.756117490003816783e-05
-1.688715383352246135e-05
-1.623900061531458050e-05
-1.561572753416839987e-05
-1.501636870671063662e-05
-1.444002191419713199e-05
-1.388579494232544675e-05
-1.335284105152823031e-05
-1.284034715354209766e-05
-1.234751925949240103e-05
-1.187360612675547600e-05
-1.141788197855930775e-05
-1.097964650398353115e-05
-1.055823304341174662e-05
-1.015299494611099362e-05
-9.763309208210557699e-06
-9.388582839164882898e-06
-9.028239219333045185e-06
-8.681723556946963072e-06
-8.348509254574310035e-06
-8.028079719224479049e-06
-7.719952009210828692e-06
-7.423651823046384379e-06
-7.138723503885557875e-06
-6.864730949018849060e-06
-6.601253971894038841e-06
-6.347890575852943584e-06
-6.104250132921151817e-06
-5.869960659765638411e-06
-5.644661086989799514e-06
-5.428011263575172052e-06
-5.219677404966205359e-06
-5.019338459533173591e-06
-4.826689746550982818e-06
-4.641434770746855065e-06
-4.463290679268538952e-06
-4.291983259463449940e-06
-4.127250122110126540e-06
-3.968840246670879424e-06
-3.816512617049738765e-06
-3.670031219371594489e-06
-3.529170726324082352e-06
-3.393716951904934831e-06
-3.263461849201121368e-06
-3.138205784125602804e-06
-3.017757762791006826e-06
-2.901932703025522642e-06
-2.790553480735979974e-06
-2.683449110918445513e-06
-2.580455429779249243e-06
-2.481413275745580904e-06
-2.386173264312674291e-06
-2.294588966833543964e-06
-2.206519184255739674e-06
-2.121830902979127131e-06
-2.040392473645624705e-06
-1.962079750228440389e-06
-1.886772906800615601e-06
-1.814356210161349736e-06
-1.744718701957026497e-06
-1.677754312368051615e-06
-1.613359586372098420e-06
-1.551436980662401766e-06
-1.491890884608437773e-06
-1.434630462426866870e-06
-1.379567834192130249e-06
-1.326618303210125305e-06
-1.275701265512907412e-06
-1.226737936121935491e-06
-1.179654191219015047e-06
-1.134377498601679690e-06
-1.090838395612081513e-06
-1.048970830197504256e-06
-1.008710341920959763e-06
-9.699948577690520324e-07
-9.327653174295846839e-07
-8.969645932666026056e-07
-8.625380587545805611e-07
-8.294327926705591381e-07
-7.975978064678201918e-07
-7.669849537705886178e-07
-7.375471682280476671e-07
-7.092392024787841365e-07
-6.820178555244638119e-07
-6.558410632351296954e-07
-6.306690352175792214e-07
-6.064633453206624836e-07
-5.831865905747690704e-07
-5.608029596260166727e-07
-5.392785737967642490e-07
-5.185804070606536698e-07
-4.986767407899606042e-07
-4.795367658516624942e-07
-4.611315773672686191e-07
-4.434328104707674356e-07
-4.264133508513623383e-07
-4.100470789580867859e-07
-3.943088131563854404e-07
-3.791747928971744841e-07
-3.646215986918832641e-07
-3.506270331854466349e-07
-3.371695243004069198e-07
-3.242286084059742279e-07
-3.117844187272567069e-07
-2.998177421886794036e-07
-2.883103036310785683e-07
-2.772446521248639328e-07
-2.666036493792489637e-07
-2.563711234415677609e-07
-2.465312718413770199e-07
-2.370691021269522025e-07
-2.279700765939196572e-07
-2.192202970263679163e-07
-2.108063625883005443e-07
-2.027153698236361379e-07
-1.949349126562083256e-07
-1.874530823897657683e-07
-1.802583966536985827e-07
-1.733398846681666328e-07
-1.666868740812788019e-07
-1.602892041319137206e-07
-1.541371545954461908e-07
-1.482211473557981662e-07
-1.425322437853537849e-07
-1.370617042084631976e-07
-1.318011442208444350e-07
-1.267424636353098322e-07
-1.218779459577490343e-07
-1.172001020677271299e-07
-1.127018194324591605e-07
-1.083761773656988225e-07
-1.042165678200035472e-07
-1.002166314378882817e-07
-9.637018649755191291e-08
-9.267138523227913538e-08
-8.911454330018386827e-08
-8.569421794391018921e-08
-8.240517246349554625e-08
-7.924236200551604270e-08
-7.620094777394115226e-08
-7.327626150299693109e-08
-7.046384808973016334e-08
-6.775935190717063961e-08
-6.515867312373302411e-08
-6.265779717296027229e-08
-6.025291554578871001e-08
-5.794031565642399073e-08
-5.571649097646513837e-08
-5.357800958449843165e-08
-5.152161364208041050e-08
-4.954416610303269408e-08
-4.764259742273679876e-08
-4.581401569225818093e-08
-4.405561071507690940e-08
-4.236470729779284738e-08
-4.073869419585207652e-08
-3.917509516782047285e-08
-3.767150857925116725e-08
-3.622563582439397578e-08
-3.483525645719964814e-08
-3.349824595488826162e-08
-3.221253663809875434e-08
-3.097618161973514361e-08
-2.978726953983823478e-08
-2.864398496171816078e-08
-2.754459593745650636e-08
-2.648740426991480490e-08
-2.547078636894184456e-08
-2.449318792230315012e-08
-2.355310790846942837e-08
-2.264910747840076510e-08
-2.177979574469190993e-08
-2.094386175599538547e-08
-2.014000877181842952e-08
-1.936700755322817713e-08
-1.862367859928326652e-08
-1.790888148889280274e-08
-1.722151843353003642e-08
-1.656053427723236382e-08
-1.592491294388764800e-08
-1.531369697715945222e-08
-1.472594313156605494e-08
-1.416074280058410295e-08
-1.361723711568174622e-08
-1.309459207732288633e-08
-1.259200654857295376e-08
-1.210871047874206852e-08
-1.164396401520662039e-08
-1.119705572705242957e-08
-1.076729549964738908e-08
-1.035403318638827841e-08
-9.956632851526592276e-09
-9.574481651952737593e-09
-9.206997830801810778e-09
-8.853621835669400753e-09
-8.513806548648972239e-09
-8.187036826257099165e-09
-7.872807294972972159e-09
-7.570639226628372853e-09
-7.280070768445057183e-09
-7.000652946231866736e-09
-6.731959434347345450e-09
-6.473577673915542618e-09
-6.225113313718111385e-09
-5.986185769302210247e-09
-5.756428222980503051e-09
-5.535490288366418099e-09
-5.323031793125210243e-09
-5.118728108044479086e-09
-4.922263041606811385e-09
-4.733340386309237147e-09
-4.551669707808514431e-09
-4.376969009456388449e-09
-4.208975834529837812e-09
-4.047429502662680534e-09
-3.892085320700289230e-09
-3.742701704112505467e-09
-3.599053277625330338e-09
-3.460917330500024036e-09
-3.328082698317302857e-09
-3.200346876397475171e-09
-3.077512689131367551e-09
-2.959394285184657747e-09
-2.845808921847492456e-09
-2.736583848417240006e-09
-2.631550310994157371e-09
-2.530547993373488680e-09
-2.433422352510206110e-09
-2.340024396474404966e-09
-2.250211350585118453e-09
-2.163844436964268425e-09
-2.080793537473368815e-09
-2.000930976464587729e-09
-1.924132186914562226e-09
-1.850281816651033751e-09
-1.779265734747070837e-09
-1.710975250368562683e-09
-1.645306002551194524e-09
-1.582156738955120545e-09
-1.521431203244105745e-09
-1.463036580773291462e-09
-1.406883387566892907e-09
-1.352885692362804093e-09
-1.300960228434178134e-09
-1.251027614834754331e-09
-1.203011801287345861e-09
-1.156838957960815151e-09
-1.112437808536981265e-09
-1.069741073500551920e-09
-1.028682916626166843e-09
-9.892011654244470265e-10
-9.512343135398282357e-10
-9.147249624419373504e-10
-8.796167128011234126e-10
-8.458558853341457962e-10
-8.133907991592081999e-10
-7.821717717959586480e-10
-7.521511746766407214e-10
-7.232827115011275509e-10
-6.955223064153415180e-10
-6.688273268551370165e-10
-6.431570276355103033e-10
-6.184719403279359540e-10
-5.947343728607279445e-10
-5.719077988963761072e-10
-5.499574129430584435e-10
-5.288492976873726548e-10
-5.085513676839070740e-10
-4.890326477102746594e-10
-4.702629952113568379e-10
-4.522137109219670492e-10
-4.348572057999433582e-10
-4.181668622482703768e-10
-4.021171173818061106e-10
-3.866834352717063439e-10
-3.718420293896684825e-10
-3.575702511859901733e-10
-3.438462847782375320e-10
-3.306490636845182962e-10
-3.179583540902086725e-10
-3.057547826035289518e-10
-2.940195309442117377e-10
-2.827346690104093341e-10
-2.718830161008156665e-10
-2.614478356033345108e-10
-2.514131403064112646e-10
-2.417636091323061009e-10
-2.324844344814280817e-10
-2.235613222323351579e-10
-2.149807831752781340e-10
-2.067295501451127393e-10
-1.987949943549338627e-10
-1.911650421293487057e-10
-1.838279112265084336e-10
-1.767723745160765247e-10
-1.699876073235628837e-10
-1.634632706970506888e-10
-1.571893587515305057e-10
-1.511562541800515191e-10
-1.453546866203581089e-10
-1.397757742882532739e-10
-1.344110378553864393e-10
-1.292521645268607244e-10
-1.242912855969890984e-10
-1.195208376714163023e-10
-1.149334308281346750e-10
-1.105221331121342132e-10
-1.062801582851768956e-10
-1.022009976647808571e-10
-9.827842012422038920e-11
-9.450638188690518859e-11
-9.087910285421330059e-11
-8.739105272770331112e-11
-8.403684692570578818e-11
-8.081139923898916777e-11
-7.770976223619996404e-11
-7.472716889722619271e-11
-7.185903955209127503e-11
-6.910101657542355724e-11
-6.644882560857823250e-11
-6.389844903198493853e-11
-6.144592473722454429e-11
-5.908755429384626723e-11
-5.681970866033836387e-11
-5.463890104251412083e-11
-5.254180077129966264e-11
-5.052518126102967244e-11
-4.858597205115167128e-11
-4.672117900894612319e-11
-4.492794677957157035e-11
-4.320354143882987330e-11
-4.154532620703754731e-11
-3.995076491847271427e-11
-3.841739773524643908e-11
-3.694288971956005696e-11
-3.552497532255394219e-11
-3.416147573154226791e-11
-3.285031274780081390e-11
-3.158947062265049510e-11
-3.037701340469212141e-11
-2.921111269538201327e-11
-2.808996091285820285e-11
-2.701183374198556919e-11
-2.597508666490888629e-11
-2.497812894020068342e-11
-2.401943748064905293e-11
-2.309754297546984247e-11
-2.221103335975360693e-11
-2.135854861029518048e-11
-2.053878594976410454e-11
-1.975048423419334398e-11
-1.899243089187319100e-11
-1.826347580113907298e-11
-1.756249659590203294e-11
-1.688842295177739317e-11
-1.624022964719085138e-11
-1.561691054252634103e-11
-1.501751153987207488e-11
-1.444112364412664107e-11
-1.388685694214686350e-11
-1.335386141942951355e-11
-1.284132349066435808e-11
-1.234845559139330362e-11
-1.187450485162777625e-11
-1.141874702431655564e-11
-1.098048041381360918e-11
-1.055903715158068579e-11
-1.015376845103777015e-11
-9.764055015903938539e-12
-9.389295764494764995e-12
-9.028924309595343090e-12
-8.682382937608146278e-12
-8.349138221064311693e-12
-8.028688824879282038e-12
-7.720540352862403921e-12
-7.424216623419521710e-12
-7.139267909489488417e-12
-6.865252723947667945e-12
-6.601756034202432843e-12
-6.348373216003011521e-12
-6.104712655524702214e-12
-5.870405290347990857e-12
-5.645092032713350250e-12
-5.428426371606454026e-12
-5.220078275885997598e-12
-5.019724219623711292e-12
-4.827060626211299166e-12
-4.641793460019583151e-12
-4.463636057994158080e-12
-4.292314767506688611e-12
-4.127569813716647218e-12
-3.969147926996541287e-12
-3.816808414464079036e-12
-3.670313619003051642e-12
-3.529442580210706559e-12
-3.393978240812112190e-12
-3.263713301351889307e-12
-3.138447834949431581e-12
-3.017989504139340085e-12
-2.902155729275768259e-12
-2.790767183319387001e-12
-2.683654730731288574e-12
-2.580652705419517190e-12
-2.481604331749931447e-12
-2.386358471939686865e-12
-2.294766807131587427e-12
-2.206690559447554989e-12
-2.121995070977766851e-12
-2.040550454301959249e-12
-1.962231809329861854e-12
-1.886919006460763271e-12
-1.814496795003728291e-12
-1.744854044236077151e-12
-1.677884177084254524e-12
-1.613484953283395029e-12
-1.551557385175150738e-12
-1.492006930330080916e-12
-1.434742082084827786e-12
-1.379674911643202773e-12
-1.326721284916621002e-12
-1.275799995162363309e-12
-1.226833088244227987e-12
-1.179745971052748033e-12
-1.134465568361497922e-12
-1.090923467013393822e-12
-1.049052663314176126e-12
-1.008789080915450942e-12
-9.700704866125176018e-13
-9.328382250678446397e-13
-8.970345625157472025e-13
-8.626053430577096393e-13
-8.294973865771715360e-13
-7.976602776731123168e-13
-7.670453356679873824e-13
-7.376051267167504921e-13
-7.092949816898952431e-13
-6.820713156600877181e-13
-6.558926036841217222e-13
-6.307186218613980433e-13
-6.065108810147934459e-13
-5.832324098502261744e-13
-5.608471044353524615e-13
-5.393212460826080079e-13
-5.186213871549716359e-13
-4.987161399995498900e-13
-4.795747132746441821e-13
-4.611680503620319005e-13
-4.434677451647939250e-13
-4.264468823639983031e-13
-4.100792513721251975e-13
-3.943398613290988175e-13
-3.792046971567986091e-13
-3.646503400882988855e-13
-3.506546181891723180e-13
-3.371960371513493815e-13
-3.242540513436614757e-13
-3.118087385511891796e-13
-2.998411794460226210e-13
-2.883329425912295463e-13
-2.772664097015070661e-13
-2.666245859078014702e-13
-2.563912623876341002e-13
-2.465506368943409798e-13
-2.370876932278331850e-13
-2.279879572891080342e-13
-2.192373886600318400e-13
-2.108228007316817476e-13
-2.027311830779879309e-13
-1.949501080315482748e-13
-1.874677171311012192e-13
-1.802724500709826372e-13
-1.733533428567232693e-13
-1.666997567545056014e-13
-1.603016222366526744e-13
-1.541490188532862460e-13
-1.482325818081414726e-13
-1.425432444605509441e-13
-1.370722654304989963e-13
-1.318112692562031785e-13
-1.267521921840056298e-13
-1.218872279582644547e-13
-1.172090582143153759e-13
-1.127104594551842087e-13
-1.083844995632306241e-13
-1.042245716814660383e-13
-1.002243128983906773e-13
-9.637759069546641966e-14
-9.267851649964395366e-14
-8.912139147325415234e-14
-8.570081493422532226e-14
-8.241149462070301857e-14
-7.924843642643022990e-14
-7.620678177042150558e-14
-7.328184147828084583e-14
-7.046917709736463808e-14
-6.776448570030083052e-14
-6.516357955619819786e-14
-6.266252165591790213e-14
-6.025745630548404175e-14
-5.794469721751016600e-14
-5.572072073493569699e-14
-5.358209468025836031e-14
-5.152554950630175434e-14
-4.954792747423851507e-14
-4.764621314677641717e-14
-4.581749273057690586e-14
-4.405896085251867489e-14
-4.236792394782945559e-14
-4.074179687195422783e-14
-3.917808257176448594e-14
-3.767437547369002770e-14
-3.622837503624611044e-14
-3.483789252629702904e-14
-3.350075615136602347e-14
-3.221495674930220654e-14
-3.097850548674542515e-14
-2.978951856242098573e-14
-2.864615622076745194e-14
-2.754668882050653050e-14
-2.648941551948013479e-14
-2.547271509662722005e-14
-2.449504086978609996e-14
-2.355488512031066184e-14
-2.265082144471772946e-14
-2.178145393271022773e-14
-2.094546121289043994e-14
-2.014154732484906701e-14
-1.936848745894437923e-14
-1.862509915718200959e-14
-1.791024400728084831e-14
-1.722282764267304284e-14
-1.656178618997684177e-14
-1.592612523251216855e-14
-1.531486560019199722e-14
-1.472706200424719197e-14
-1.416181743678661051e-14
-1.361827046530289520e-14
-1.309558422124415880e-14
-1.259295995254114051e-14
-1.210962601217889165e-14
-1.164483870522972295e-14
-1.119789330028151883e-14
-1.076810370064700331e-14
-1.035481260875910706e-14
-9.957382208808547575e-15
-9.575203484106249024e-15
-9.207697911149236719e-15
-8.854295436764008514e-15
-8.514456500963163421e-15
-8.187661025517087299e-15
-7.873406719888058347e-15
-7.571217551559719650e-15
-7.280625111312239578e-15
-7.001186400914204133e-15
-6.732472821694302639e-15
-6.474071868607222252e-15
-6.225588400783068840e-15
-5.986642100428525223e-15
-5.756867896343324797e-15
-5.535912575788462520e-15
-5.323437749101510297e-15
-5.119118155630722478e-15
-4.922640816702088598e-15
-4.733703765069912500e-15
-4.552020280081548603e-15
-4.377307876249087598e-15
-4.209303126325933397e-15
-4.047744720647858049e-15
-3.892387019660157807e-15
-3.742992430621127839e-15
-3.599332254635009484e-15
-3.461185416102569370e-15
-3.328341003819941177e-15
-3.200595094605073430e-15
-3.077752659121860829e-15
-2.959625444297776103e-15
-2.846030914532685953e-15
-2.736796698621824127e-15
-2.631755084041634274e-15
-2.530745346290374891e-15
-2.433612266580461626e-15
-2.340207614146124979e-15
-2.250387605144568530e-15
-2.164014808480100270e-15
-2.080957722287658969e-15
-2.001088021075735600e-15
-1.924283732099925544e-15
-1.850427329538797266e-15
-1.779405946252129132e-15
-1.711109573835896489e-15
-1.645435191907889533e-15
-1.582281262393556154e-15
-1.521551011778672548e-15
-1.463152536988461625e-15
-1.406995099618448767e-15
-1.352992937582724476e-15
-1.301063147531576238e-15
-1.251126743642672588e-15
-1.203107069434287014e-15
-1.156930433040008390e-15
-1.112526001329622576e-15
-1.069825799909112415e-15
-1.028764818999776138e-15
-9.892794252514512665e-16
-9.513094793248827452e-16
-9.147970653423020612e-16
-8.796857497335983968e-16
-8.459221694230947310e-16
-8.134545495218901447e-16
-7.822332327234518545e-16
-7.522103087267007892e-16
-7.233396142360115893e-16
-6.955769447194494210e-16
-6.688797897109739592e-16
-6.432071739917617770e-16
-6.185199752275615664e-16
-5.947804475126613078e-16
-5.719520625512106594e-16
-5.499998802341353812e-16
-5.288902839413413184e-16
-5.085907687834775870e-16
-4.890704709975286085e-16
-4.702992150347484485e-16
-4.522485723518448845e-16
-4.348906967406769315e-16
-4.181990919518632907e-16
-4.021481617085291213e-16
-3.867132097063060402e-16
-3.718707307809077404e-16
-3.575978815125379576e-16
-3.438727184539068851e-16
-3.306743834186883857e-16
-3.179825740859279579e-16
-3.057780204560755664e-16
-2.940418495762752013e-16
-2.827561149359569120e-16
-2.719035847085999940e-16
-2.614675564632757765e-16
-2.514320689228844363e-16
-2.417817696152569891e-16
-2.325017560544776797e-16
-2.235780521969168121e-16
-2.149969334618509064e-16
-2.067450855501403091e-16
-1.988099617862538158e-16
-1.911793728366848453e-16
-1.838416719984086508e-16
-1.767856096150945112e-16
-1.700003860166649340e-16
-1.634755721099568509e-16
-1.572012152578400237e-16
-1.511676672256496339e-16
-1.453655974160760833e-16
-1.397862972716304138e-16
-1.344210847046032687e-16
-1.292618202577671262e-16
-1.243006159368006806e-16
-1.195298352102888424e-16
-1.149421062446125390e-16
-1.105304939575161259e-16
-1.062882154679766682e-16
-1.022087327404325467e-16
-9.828583199412226318e-17
-9.451349135418643153e-17
-9.088593379122698141e-17
-8.739762050386225777e-17
-8.404318474427801655e-17
-8.081751122756622983e-17
-7.771563025260667902e-17
-7.473281696374046122e-17
-7.186446561931688118e-17
-6.910622194059145977e-17
-6.645384414538302504e-17
-6.390322941785331399e-17
-6.145055287484988142e-17
-5.909202272044478425e-17
-5.682398612505298830e-17
-5.464303510455077511e-17
-5.254576167481442620e-17
-5.052898946229173794e-17
-4.858963142893666244e-17
-4.672467663731950667e-17
-4.493132590824739118e-17
-4.320680322358458802e-17
-4.154847153153827814e-17
-3.995380296815649948e-17
-3.842032260904649338e-17
-3.694569780488086031e-17
-3.552769185928325688e-17
-3.416409123693449118e-17
-3.285282798630318065e-17
-3.159188709541714611e-17
-3.037934950525526454e-17
-2.921335902252296694e-17
-2.809210908476243750e-17
-2.701389735427304209e-17
-2.597707112419089977e-17
-2.498004055337868360e-17
-2.402127535770317050e-17
-2.309930150131279096e-17
-2.221272601205600568e-17
-2.136017080703230133e-17
-2.054034548448609518e-17
-1.975198445808018109e-17
-1.899388169848145676e-17
-1.826487915283234794e-17
-1.756385020113855741e-17
-1.688972612604866666e-17
-1.624147791488065971e-17
-1.561810964217702274e-17
-1.501866839587209465e-17
-1.444223435112471646e-17
-1.388792407904068156e-17
-1.335488806513089797e-17
-1.284230905495016331e-17
-1.234940619000022752e-17
-1.187542094565937947e-17
-1.141962953889163527e-17
-1.098133052053754994e-17
-1.055985387430095554e-17
-1.015455357212344815e-17
-9.764807574184387884e-18
-9.390022791984574234e-18
-9.029623507817670288e-18
-8.683053856312040412e-18
-8.349787750598100880e-18
-8.029313993057293921e-18
-7.721141238405763036e-18
-7.424794684971902788e-18
-7.139823519321871777e-18
-6.865787267779485515e-18
-6.602269858496629830e-18
-6.348865972973153737e-18
-6.105188490682382420e-18
-5.870866007529279570e-18
-5.645534564044321854e-18
-5.428852534634524872e-18
-5.220485324742110925e-18
-5.020117364963391031e-18
-4.827439289749270359e-18
-4.642155795621067478e-18
-4.463985227580208082e-18
-4.292651720892405736e-18
-4.127895127255012513e-18
-3.969461502219974634e-18
-3.817108895458120338e-18
-3.670603214856097118e-18
-3.529721121648515656e-18
-3.394245274129427646e-18
-3.263969497531154243e-18
-3.138693820940610755e-18
-3.018226545250838016e-18
-2.902384036365849256e-18
-2.790986796092720466e-18
-2.683865252405878276e-18
-2.580855209953730910e-18
-2.481798677239280740e-18
-2.386544073415277423e-18
-2.294945814693911627e-18
-2.206863073575896198e-18
-2.122161226416538132e-18
-2.040710405859666603e-18
-1.962385707632786104e-18
-1.887066983751923307e-18
-1.814638842521627066e-18
-1.744990234944662136e-18
-1.678014661517162314e-18
-1.613610482421360149e-18
-1.551678332586172706e-18
-1.492122982843579820e-18
-1.434853753518930363e-18
-1.379782239684257733e-18
-1.326824068917081518e-18
-1.275898384312524662e-18
-1.226927844483313456e-18
-1.179836762403399298e-18
-1.134553069961913505e-18
-1.091007594180131331e-18
-1.049133436826012549e-18
-1.008866491402084300e-18
-9.701449261575582453e-19
-9.329091840883305662e-19
-8.971029135151710881e-19
-8.626712103249216038e-19
-8.295609798620138657e-19
-7.977214022175641473e-19
-7.671039839281615272e-19
-7.376616790964670521e-19
-7.093493546803082974e-19
-6.821236353963145136e-19
-6.559430071174931957e-19
-6.307669379938292454e-19
-6.065572743195686543e-19
-5.832768963647231051e-19
-5.608898217726465413e-19
-5.393619810418594350e-19
-5.186606488393776570e-19
-4.987536685188882084e-19
-4.796108479880329037e-19
-4.612027706362778258e-19
-4.435012089252196027e-19
-4.264792277861619764e-19
-4.101104349876856769e-19
-3.943699117138375441e-19
-3.792334370823062598e-19
-3.646779792829110506e-19
-3.506811785897188425e-19
-3.372216058549856835e-19
-3.242785815633977481e-19
-3.118324343260127595e-19
-2.998640097417712866e-19
-2.883548254938615978e-19
-2.772873039942669412e-19
-2.666447206849772603e-19
-2.564104802549532099e-19
-2.465691247664977055e-19
-2.371055064746433695e-19
-2.280051238692763819e-19
-2.192540182775599101e-19
-2.108387997133282522e-19
-2.027465693289044093e-19
-1.949648806410088726e-19
-1.874818946271244769e-19
-1.802860566080696220e-19
-1.733664581395162650e-19
-1.667124363463807144e-19
-1.603138453414621245e-19
-1.541607977315010725e-19
-1.482439101864239098e-19
-1.425541354182808378e-19
-1.370826975577605517e-19
-1.318213118740404500e-19
-1.267617711844803583e-19
-1.218965145412936589e-19
-1.172179939213908055e-19
-1.127190361178973148e-19
-1.083927199555315908e-19
-1.042324861505300294e-19
-1.002319111284482735e-19
-9.638489443226874442e-20
-9.268552301308139526e-20
-8.912809061712931720e-20
-8.570722703277945111e-20
-8.241767837067237817e-20
-7.925440399895035336e-20
-7.621251838212048536e-20
-7.328738155393423454e-20
-7.047452803155352165e-20
-6.776963450380805001e-20
-6.516855214293798334e-20
-6.266730660459394578e-20
-6.026203986670020170e-20
-5.794912008937976048e-20
-5.572496713154391605e-20
-5.358617856668869051e-20
-5.152947798410654961e-20
-4.955170852653786715e-20
-4.764985227721653170e-20
-4.582098825460446536e-20
-4.406232472413430168e-20
-4.237116042411817216e-20
-4.074490072161904526e-20
-3.918107053714779745e-20
-3.767725941470066092e-20
-3.623116029585043700e-20
-3.484057598209503170e-20
-3.350335451137210005e-20
-3.221746024389293732e-20
-3.098091570100565893e-20
-2.979182741458934273e-20
-2.864837946470549338e-20
-2.754882378607523906e-20
-2.649146562779512640e-20
-2.547469101831839666e-20
-2.449694253164797734e-20
-2.355672090292361609e-20
-2.265258987518328234e-20
-2.178315358114329287e-20
-2.094708885494098961e-20
-2.014311453597919571e-20
-1.936999954686188497e-20
-1.862655643104564631e-20
-1.791164619960108543e-20
-1.722417671562569091e-20
-1.656308976954676307e-20
-1.592738208175415459e-20
-1.531606975968332486e-20
-1.472821899397088393e-20
-1.416293151817038750e-20
-1.361934299316520301e-20
-1.309661169805857241e-20
-1.259394841853558914e-20
-1.211057686497841778e-20
-1.164575709847973553e-20
-1.119878068408133044e-20
-1.076895857387059733e-20
-1.035563322388404189e-20
-9.958170516171611249e-21
-9.575962182177394846e-21
-9.208426610533191327e-21
-8.854996730155004381e-21
-8.515130511559413027e-21
-8.188308543482870786e-21
-7.874033225088138727e-21
-7.571817456854348220e-21
-7.281199988654772920e-21
-7.001738149614726245e-21
-6.733002193556592754e-21
-6.474579337967662882e-21
-6.226076187380833771e-21
-5.987112271026073707e-21
-5.757320446727205588e-21
-5.536348112592257349e-21
-5.323855995323111536e-21
-5.119520169699422677e-21
-4.923024788436514761e-21
-4.734072583501751545e-21
-4.552373153107815829e-21
-4.377647808474111132e-21
-4.209627958239627805e-21
-4.048057935740427339e-21
-3.892688132764323322e-21
-3.743282269692983956e-21
-3.599609721463046069e-21
-3.461451979914650682e-21
-3.328597403133257861e-21
-3.200841821294821922e-21
-3.077990152252925333e-21
-2.959853170364510917e-21
-2.846250737664149646e-21
-2.737007966844597644e-21
-2.631957442689105285e-21
-2.530939424019808936e-21
-2.433797804729896222e-21
-2.340385566390182912e-21
-2.250558315900577354e-21
-2.164178930303090408e-21
-2.081114729504351144e-21
-2.001238889914348990e-21
-1.924428828859299842e-21
-1.850566608478429538e-21
-1.779538531827190383e-21
-1.711237970154745466e-21
-1.645558799581237212e-21
-1.582400247859189069e-21
-1.521665783657350952e-21
-1.463262207792936431e-21
-1.407100561999385541e-21
-1.353094210416643291e-21
-1.301161061023468762e-21
-1.251221041282538399e-21
-1.203197814701775775e-21
-1.157017872066588777e-21
-1.112609622672106787e-21
-1.069906221600664997e-21
-1.028841732702361413e-21
-9.893533500273659611e-22
-9.513808929549411393e-22
-9.148657964514833400e-22
-8.797521208124815308e-22
-8.459860467915379134e-22
-8.135162794971513968e-22
-7.822924328055837044e-22
-7.522670488447767403e-22
-7.233941338685124985e-22
-6.956292087435109975e-22
-6.689300662558992922e-22
-6.432556603950569231e-22
-6.185668131729869938e-22
-5.948254573178471591e-22
-5.719953935804186372e-22
-5.500412809921475268e-22
-5.289301009909848973e-22
-5.086291379374694228e-22
-4.891070898308819336e-22
-4.703346236673226916e-22
-4.522826588783816293e-22
-4.349235285343908356e-22
-4.182307016653859173e-22
-4.021784803385183947e-22
-3.867423783112902076e-22
-3.718987676218681763e-22
-3.576246766406922650e-22
-3.438985726204935608e-22
-3.306993014672376571e-22
-3.180066430982019290e-22
-3.058012357113286319e-22
-2.940641971319903957e-22
-2.827776296839695661e-22
-2.719243677539685338e-22
-2.614875738948262617e-22
-2.514513446706934940e-22
-2.418002310296023825e-22
-2.325196169567009924e-22
-2.235952650903718946e-22
-2.150133672093301008e-22
-2.067608850205341180e-22
-1.988251588841769593e-22
-1.911940087878820124e-22
-1.838557469684775228e-22
-1.767990769378007256e-22
-1.700133459181875162e-22
-1.634879894843951748e-22
-1.572131500305520597e-22
-1.511791340338548151e-22
-1.453767149771559761e-22
-1.397970071312191330e-22
-1.344314529329444485e-22
-1.292717851200452063e-22
-1.243101781923416140e-22
-1.195389959762711322e-22
-1.149509430861822769e-22
-1.105389891936877186e-22
-1.062963816494387653e-22
-1.022165886851401870e-22
-9.829337514419711695e-23
-9.452075830550435893e-23
-9.089294477457396984e-23
-8.740436834885871022e-23
-8.404968370686480249e-23
-8.082376009726468919e-23
-7.772164347357358236e-23
-7.473858173769843064e-23
-7.187002473993791922e-23
-6.911157379188453575e-23
-6.645898166642457030e-23
-6.390819677394880774e-23
-6.145533791880356070e-23
-5.909661856864376833e-23
-5.682842258507989751e-23
-5.464728529101621755e-23
-5.254985560532734959e-23
-5.053292128640723368e-23
-4.859340262128188698e-23
-4.672832718206043673e-23
-4.493484560315322462e-23
-4.321019371594835623e-23
-4.155173672502239339e-23
-3.995692503192966178e-23
-3.842332894508208069e-23
-3.694859765898209149e-23
-3.553046556510989945e-23
-3.416676802914157811e-23
-3.285540352562561870e-23
-3.159437465875000160e-23
-3.038174714157512491e-23
-2.921565926236466702e-23
-2.809432504002920758e-23
-2.701603106868260655e-23
-2.597911285181484758e-23
-2.498200213394635131e-23
-2.402315748086831588e-23
-2.310111634446246154e-23
-2.221447139687387399e-23
-2.136185317557108957e-23
-2.054195848233868316e-23
-1.975353460605916379e-23
-1.899536670093849112e-23
-1.826629987461142156e-23
-1.756521867775797263e-23
-1.689104394865980196e-23
-1.624274701269650136e-23
-1.561933390512749236e-23
-1.501984694881383665e-23
-1.444336790966185697e-23
-1.388901168573589534e-23
-1.335593104042374441e-23
-1.284330792496668997e-23
-1.235036610023399455e-23
-1.187634589317393033e-23
-1.142051760744916786e-23
-1.098218467888039698e-23
-1.056067578683727463e-23
-1.015534090993389868e-23
-9.765561581220575863e-24
-9.390746943879295640e-24
-9.030317974005625788e-24
-8.683722468965911599e-24
-8.350430314231844553e-24
-8.029932694519557098e-24
-7.721734205180570438e-24
-7.425363896254467629e-24
-7.140367383859841368e-24
-6.866310005637914877e-24
-6.602773665308921021e-24
-6.349352493937123589e-24
-6.105656794235343401e-24
-5.871315012717221361e-24
-5.645967428809976687e-24
-5.429268521437122575e-24
-5.220886574588013591e-24
-5.020502888456940446e-24
-4.827809018429961724e-24
-4.642511113819882598e-24
-4.464326367992181335e-24
-4.292978285199577972e-24
-4.128206935773802183e-24
-3.969761461946993689e-24
-3.817396527977628753e-24
-3.670879419898667178e-24
-3.529986495643478806e-24
-3.394500818463127860e-24
-3.264216890091804266e-24
-3.138932367707318834e-24
-3.018456346970608080e-24
-2.902604037214623981e-24
-2.791197944735691809e-24
-2.684068464439189048e-24
-2.581050724395924506e-24
-2.481986755209627675e-24
-2.386725292801722426e-24
-2.295120397904742873e-24
-2.207030864416654453e-24
-2.122321205476985458e-24
-2.040864414479995305e-24
-1.962532893174264496e-24
-1.887208312424009878e-24
-1.814774906891390269e-24
-1.745121841619222116e-24
-1.678141831524395361e-24
-1.613733113550136494e-24
-1.551796094007161363e-24
-1.492236010979230293e-24
-1.434962145462242868e-24
-1.379886243642427486e-24
-1.326924587656217569e-24
-1.275995431792309589e-24
-1.227021369074378734e-24
-1.179926866070750093e-24
-1.134639742008595942e-24
-1.091090872951096290e-24
-1.049213304328920505e-24
-1.008943237016358836e-24
-9.702183510018988248e-25
-9.329801719709409626e-25
-8.971713102926304210e-25
-8.627369401340543400e-25
-8.296239119917234537e-25
-7.977820345905430753e-25
-7.671621520353566205e-25
-7.377175243175297444e-25
-7.094030877578516966e-25
-6.821749619684695583e-25
-6.559921261823118371e-25
-6.308142991894056848e-25
-6.066029254130084247e-25
-5.833208297829615165e-25
-5.609321684318839804e-25
-5.394029710370447367e-25
-5.187000561366179266e-25
-4.987916720791684043e-25
-4.796474970236517372e-25
-4.612378993823155610e-25
-4.435351211120574114e-25
-4.265117492964208582e-25
-4.101417022217270317e-25
-3.943999828580417411e-25
-3.792623830363360167e-25
-3.647058039232288555e-25
-3.507079601981477642e-25
-3.372473307495221819e-25
-3.243034051938163623e-25
-3.118562401412701867e-25
-2.998868536263517746e-25
-2.883768799811114492e-25
-2.773086437908916023e-25
-2.666652831538431347e-25
-2.564303552504728460e-25
-2.465882554259993330e-25
-2.371239460194168202e-25
-2.280228084520754306e-25
-2.192710130062305086e-25
-2.108551736983965849e-25
-2.027622619976858689e-25
-1.949799889303092144e-25
-1.874964353010267978e-25
-1.803001133229063380e-25
-1.733800035951780290e-25
-1.667254564956213872e-25
-1.603263277660333361e-25
-1.541728059489051895e-25
-1.482554863431325154e-25
-1.425652600704503402e-25
-1.370934250089979444e-25
-1.318316241635606431e-25
-1.267717347320049885e-25
-1.219061392762149403e-25
-1.172272203580744581e-25
-1.127278905553881969e-25
-1.084012596611871168e-25
-1.042406839875350598e-25
-1.002397786914803932e-25
-9.639245475291094229e-26
-9.269278955206172751e-26
-8.913511931415229486e-26
-8.571402678343507191e-26
-8.242421796367892704e-26
-7.926068235554054240e-26
-7.621854504514468504e-26
-7.329317763764900355e-26
-7.048010581260669749e-26
-6.777500316099069538e-26
-6.517370351114529876e-26
-6.267226255854440256e-26
-6.026683460627505435e-26
-5.795371570586820860e-26
-5.572936830920201483e-26
-5.359040277957435152e-26
-5.153353733235998280e-26
-4.955559495352264750e-26
-4.765358659978865663e-26
-4.582458177615463056e-26
-4.406578557308527455e-26
-4.237449244419471339e-26
-4.074810777666186862e-26
-3.918414480974254742e-26
-3.768019690137824351e-26
-3.623398375051480240e-26
-3.484327744139255694e-26
-3.350594866586499260e-26
-3.221994823447128136e-26
-3.098331015792419273e-26
-2.979413315818262763e-26
-2.865059915737908451e-26
-2.755094862591637119e-26
-2.649350523437089302e-26
-2.547665736456518676e-26
-2.449883037617672141e-26
-2.355853899203238554e-26
-2.265433337207004442e-26
-2.178483609119347232e-26
-2.094870670216137570e-26
-2.014466484674672595e-26
-1.937148563350489277e-26
-1.862797498587035609e-26
-1.791300970149954926e-26
-1.722548506697637176e-26
-1.656434721343525491e-26
-1.592858541284138428e-26
-1.531722437427092217e-26
-1.472933040688682965e-26
-1.416399755324326697e-26
-1.362035837449328211e-26
-1.309759473559649938e-26
-1.259489389411638736e-26
-1.211148701881914667e-26
-1.164663378223415485e-26
-1.119962081991001088e-26
-1.076976558227442392e-26
-1.035640863091443577e-26
-9.958919031180265185e-27
-9.576685107721574770e-27
-9.209119837091315297e-27
-8.855664699605614470e-27
-8.515770420044333047e-27
-8.188924701042264025e-27
-7.874621408210022438e-27
-7.572382910921400250e-27
-7.281746985989744527e-27
-7.002263736180046409e-27
-6.733508686532562950e-27
-6.475068147295239770e-27
-6.226548843573432998e-27
-5.987565589378265185e-27
-5.757755154322224899e-27
-5.536765478411478154e-27
-5.324256057231857285e-27
-5.119904104924682993e-27
-4.923396080095009034e-27
-4.734430767299533246e-27
-4.552717351116653156e-27
-4.377978497634377002e-27
-4.209945732218457204e-27
-4.048362906186290258e-27
-3.892981574575050211e-27
-3.743562536885644169e-27
-3.599880459314578826e-27
-3.461713089546271893e-27
-3.328848575286840776e-27
-3.201083730927152621e-27
-3.078222304205874368e-27
-2.960076324360433823e-27
-2.846465139162047464e-27
-2.737213296392781613e-27
-2.632155551263407846e-27
-2.531129740472608757e-27
-2.433981982217827806e-27
-2.340563209521369421e-27
-2.250729362823393437e-27
-2.164343508504853921e-27
-2.081273912957554787e-27
-2.001392116654205406e-27
-1.924575823043337188e-27
-1.850707935584331389e-27
-1.779675209596458040e-27
-1.711369407816842578e-27
-1.645684604098543706e-27
-1.582521227863436603e-27
-1.521782115945826932e-27
-1.463374342225898011e-27
-1.407208062071744175e-27
-1.353197379007845752e-27
-1.301260152122074627e-27
-1.251315973839252633e-27
-1.203289155112565352e-27
-1.157105547639153875e-27
-1.112694566086556410e-27
-1.069988225127736087e-27
-1.028920850551589302e-27
-9.894294644489345925e-28
-9.514540741020042953e-28
-9.149361312404890388e-28
-8.798195913030071545e-28
-8.460512023265963353e-28
-8.135787716097636872e-28
-7.823525620116954096e-28
-7.523248104697706993e-28
-7.234496798513131399e-28
-6.956828737676018251e-28
-6.689817810186171872e-28
-6.433053792965437782e-28
-6.186146203717591468e-28
-5.948714671278616451e-28
-5.720394713406537447e-28
-5.500838699746392559e-28
-5.289711037005372313e-28
-5.086684317092930878e-28
-4.891451354182938489e-28
-4.703712666169042931e-28
-4.523178882077100023e-28
-4.349574112442576293e-28
-4.182632097450660205e-28
-4.022098373607449596e-28
-3.867724736691361561e-28
-3.719276463990423906e-28
-3.576526055029955888e-28
-3.439254916761269555e-28
-3.307252641337940604e-28
-3.180316283892079227e-28
-3.058251325499302316e-28
-2.940871913919976501e-28
-2.827997974704301576e-28
-2.719455933416039641e-28
-2.615080400821216442e-28
-2.514710080286989549e-28
-2.418192341865266272e-28
-2.325379851915300989e-28
-2.236128887914993802e-28
-2.150303431062022362e-28
-2.067772036637682241e-28
-1.988407713636265405e-28
-1.912090211806869176e-28
-1.838701447569778312e-28
-1.768129596617596829e-28
-1.700267167985303614e-28
-1.635008596637821941e-28
-1.572254937924258918e-28
-1.511910136088638229e-28
-1.453880903899278619e-28
-1.398079009690602848e-28
-1.344419231062571779e-28
-1.292818753027576763e-28
-1.243198973569762494e-28
-1.195483577715082629e-28
-1.149599741237515025e-28
-1.105476686211603452e-28
-1.063047005089294355e-28
-1.022245818105586191e-28
-9.830102316107325636e-29
-9.452810834442543269e-29
-9.090001744106445295e-29
-8.741116525415159415e-29
-8.405623140221548656e-29
-8.083004596706166568e-29
-7.772767375320763923e-29
-7.474435410257212500e-29
-7.187556709831688920e-29
-6.911688310156984120e-29
-6.646408914057763390e-29
-6.391312270686382549e-29
-6.146006573669780319e-29
-5.910115664815693567e-29
-5.683277830406442065e-29
-5.465145801198928490e-29
-5.255385548718423181e-29
-5.053677488964779381e-29
-4.859712269440679890e-29
-4.673191070078190876e-29
-4.493828612504299980e-29
-4.321350451701932021e-29
-4.155492073230287564e-29
-3.995999194151396732e-29
-3.842628364883226826e-29
-3.695142756227928978e-29
-3.553318177902914361e-29
-3.416937360936331791e-29
-3.285790258593621534e-29
-3.159676754716499604e-29
-3.038403955383973467e-29
-2.921786188912342042e-29
-2.809643802148980456e-29
-2.701805868811324342e-29
-2.598107481147885543e-29
-2.498389298548421396e-29
-2.402498299860319260e-29
-2.310287632925319607e-29
-2.221615711799854595e-29
-2.136346969071432590e-29
-2.054351254005530550e-29
-1.975502929765932588e-29
-1.899680722951453070e-29
-1.826768776838874952e-29
-1.756655447676734536e-29
-1.689232853295490756e-29
-1.624397174034078987e-29
-1.562051210615618437e-29
-1.502097462836674501e-29
-1.444444900414719500e-29
-1.389005351869486959e-29
-1.335693654986248502e-29
-1.284427957742367673e-29
-1.235130395392046003e-29
-1.187724683053892529e-29
-1.142138146965162015e-29
-1.098301498786839590e-29
-1.056147105275956344e-29
-1.015610944308189092e-29
-9.766304231603452490e-30
-9.391462593013241450e-30
-9.031008252960710682e-30
-8.684386001954079805e-30
-8.351068466207795906e-30
-8.030542565947612074e-30
-7.722320800156355290e-30
-7.425925447929851376e-30
-7.140909633335691731e-30
-6.866832498972543965e-30
-6.603276509246996001e-30
-6.349834660995019131e-30
-6.106120639753159117e-30
-5.871760168120114144e-30
-5.646394767338657446e-30
-5.429679500346483731e-30
-5.221278834036094287e-30
-5.020879428633333923e-30
-4.828171329787777819e-30
-4.642860757951268469e-30
-4.464662585214070420e-30
-4.293302216095831583e-30
-4.128520477602082663e-30
-3.970063086794853780e-30
-3.817687421640135216e-30
-3.671159887900531565e-30
-3.530255542977069475e-30
-3.394760352858351222e-30
-3.264465549747670770e-30
-3.139171769803128657e-30
-3.018686420030286161e-30
-2.902825182914934347e-30
-2.791411076027613411e-30
-2.684272947390843628e-30
-2.581247732428278930e-30
-2.482176504303688144e-30
-2.386907295107396965e-30
-2.295295283935384086e-30
-2.207199223386454703e-30
-2.122484448827778613e-30
-2.041021749920313431e-30
-1.962684549432362613e-30
-1.887354357533363271e-30
-1.814916069816482889e-30
-1.745257026903138658e-30
-1.678272280657689163e-30
-1.613858387577262044e-30
-1.551916135938647900e-30
-1.492351674272877079e-30
-1.435073502099681575e-30
-1.379993786481167945e-30
-1.327028079903173117e-30
-1.276095132196168254e-30
-1.227117078614354889e-30
-1.180018781558828460e-30
-1.134728300775318643e-30
-1.091176046998256759e-30
-1.049295346188064168e-30
-1.009022345491604204e-30
-9.702946026489611852e-31
-9.330538131403343275e-31
-8.972419545645670426e-31
-8.628046720628773077e-31
-8.296893034883482845e-31
-7.978447853663802528e-31
-7.672223581913011041e-31
-7.377754253670442428e-31
-7.094586598314419617e-31
-6.822287093528359347e-31
-6.560441024905291516e-31
-6.308643552190792927e-31
-6.066510053633274528e-31
-5.833669073017876476e-31
-5.609765611050650441e-31
-5.394456423381156314e-31
-5.187410960997942868e-31
-4.988311840426288086e-31
-4.796853903332718501e-31
-4.612746097315970516e-31
-4.435702542149924150e-31
-4.265454284727111263e-31
-4.101740835499389638e-31
-3.944310638675683303e-31
-3.792921307320852704e-31
-3.647343855135357659e-31
-3.507354467994801604e-31
-3.372738265531854225e-31
-3.243289301136251458e-31
-3.118807740768353513e-31
-2.999104094738807838e-31
-2.883993575335665170e-31
-2.773302444493873973e-31
-2.666859315137084359e-31
-2.564502204143753016e-31
-2.466073360171999594e-31
-2.371422319944918840e-31
-2.280404497657359611e-31
-2.192879774382703893e-31
-2.108713908666087778e-31
-2.027778771623271639e-31
-1.949950583699113887e-31
-1.875108856722655239e-31
-1.803140155489041345e-31
-1.733933395782119496e-31
-1.667383135758620936e-31
-1.603386989860589042e-31
-1.541846686760295070e-31
-1.482668539557978486e-31
-1.425761212342580396e-31
-1.371038541378185528e-31
-1.318416243719839923e-31
-1.267813680455077173e-31
-1.219153386506178088e-31
-1.172360600432430372e-31
-1.127363969726739110e-31
-1.084094140222405789e-31
-1.042484578939173867e-31
-1.002472867127014681e-31
-9.639969974589223538e-32
-9.269976074701803612e-32
-8.914183322066667740e-32
-8.572045111810683560e-32
-8.243039524442085977e-32
-7.926661685137196816e-32
-7.622427877970652708e-32
-7.329870256190826382e-32
-7.048541544197229958e-32
-6.778011511057462477e-32
-6.517862268529806618e-32
-6.267697087270859857e-32
-6.027133343869429541e-32
-5.795804284088059115e-32
-5.573354908632800250e-32
-5.359441973153212836e-32
-5.153740453461294511e-32
-4.955934141576674081e-32
-4.765720347704014805e-32
-4.582805492129198819e-32
-4.406911276564668944e-32
-4.237768512804086878e-32
-4.075117122722333189e-32
-3.918708783137796669e-32
-3.768303693202909571e-32
-3.623672043772086138e-32
-3.484591078665845547e-32
-3.350848327280276669e-32
-3.222237490356810193e-32
-3.098564317453972736e-32
-2.979638084613343380e-32
-2.865274533095430734e-32
-2.755302040725014743e-32
-2.649550748568401587e-32
-2.547857850658002378e-32
-2.450068181739508574e-32
-2.356031719346396482e-32
-2.265604318483896518e-32
-2.178647711628993211e-32
-2.095028039362486672e-32
-2.014617760547312684e-32
-1.937294182960604170e-32
-1.862938287799340374e-32
-1.791436933732254650e-32
-1.722679183479988145e-32
-1.656560418045317676e-32
-1.592980132661247936e-32
-1.531839585802309855e-32
-1.473045472604406911e-32
-1.416508014686495055e-32
-1.362140372403407288e-32
-1.309860114213792198e-32
-1.259585837133855342e-32
-1.211241354435984050e-32
-1.164752389570885739e-32
-1.120047825130335660e-32
-1.077058894694810710e-32
-1.035719770580664841e-32
-9.959677842453198386e-33
-9.577411487669606072e-33
-9.209819710488091490e-33
-8.856336069568352150e-33
-8.516420572192979063e-33
-8.189550858059825575e-33
-7.875228076753761479e-33
-7.572966602171103317e-33
-7.282307256831061132e-33
-7.002803352880322456e-33
-6.734025100196867890e-33
-6.475566953229663744e-33
-6.227026305163553384e-33
-5.988025528438335152e-33
-5.758196913727392450e-33
-5.537190751461355648e-33
-5.324666882962455546e-33
-5.120300210574292855e-33
-4.923776656900007246e-33
-4.734796470880139035e-33
-4.553069085004844338e-33
-4.378316421391756757e-33
-4.210271055076064223e-33
-4.048676581352493623e-33
-3.893282840329510590e-33
-3.743853631110996770e-33
-3.600160834324495713e-33
-3.461982575411289712e-33
-3.329108000072200020e-33
-3.201332866163771264e-33
-3.078462298763156186e-33
-2.960306565735292378e-33
-2.846686220520687123e-33
-2.737426959347632555e-33
-2.632360906929151865e-33
-2.531328269501930150e-33
-2.434172926722498823e-33
-2.340746288758074256e-33
-2.250905459576634614e-33
-2.164513053275927541e-33
-2.081436459399500899e-33
-2.001548944962656660e-33
-1.924726899387566168e-33
-1.850853140581131826e-33
-1.779815812909033200e-33
-1.711504162762903753e-33
-1.645814599703077271e-33
-1.582645921012787649e-33
-1.521901791256565152e-33
-1.463489181076801736e-33
-1.407318459029247201e-33
-1.353303667089497668e-33
-1.301362428817499419e-33
-1.251414479989610369e-33
-1.203383688979515543e-33
-1.157196495554792391e-33
-1.112781635370422311e-33
-1.070071701172225339e-33
-1.029000938744952351e-33
-9.895067162802235985e-34
-9.515285141860709650e-34
-9.150076495804494939e-34
-8.798887456591759167e-34
-8.461176194795170185e-34
-8.136424758216396923e-34
-7.824137235176186229e-34
-7.523833785207112597e-34
-7.235059363425713182e-34
-6.957369945208064096e-34
-6.690337577142069101e-34
-6.433555427979748294e-34
-6.186627227555179944e-34
-5.949175991156635498e-34
-5.720837131864367729e-34
-5.501263511502899432e-34
-5.290117634623849988e-34
-5.087076240280743269e-34
-4.891827546964122894e-34
-4.704074007666436971e-34
-4.523526340574787829e-34
-4.349907661668259124e-34
-4.182952566362954261e-34
-4.022404374447111655e-34
-3.868020181033393420e-34
-3.719561213831788777e-34
-3.576800179989306699e-34
-3.439518281436350771e-34
-3.307505674064199985e-34
-3.180559860603825968e-34
-3.058485920214633385e-34
-2.941098115605642699e-34
-2.828214612494461087e-34
-2.719663908092013500e-34
-2.615280009738994369e-34
-2.514901516550906025e-34
-2.418375752015385807e-34
-2.325555549749840535e-34
-2.236297416791523347e-34
-2.150465207017380021e-34
-2.067927366079164234e-34
-1.988557849758399145e-34
-1.912234746433935019e-34
-1.838841080642540615e-34
-1.768264353901422394e-34
-1.700395970736373531e-34
-1.635132501419846089e-34
-1.572373960055398055e-34
-1.512024493343914525e-34
-1.453991003051165336e-34
-1.398185327100838817e-34
-1.344521369715286850e-34
-1.292917052919818231e-34
-1.243292709421515902e-34
-1.195573722879751496e-34
-1.149686050925747633e-34
-1.105559554199313646e-34
-1.063126733610773411e-34
-1.022322730340965349e-34
-9.830847518693914311e-35
-9.453529329319936682e-35
-9.090691301802670317e-35
-8.741777831390359370e-35
-8.406258568092691441e-35
-8.083614067384522892e-35
-7.773354731276961433e-35
-7.475003589161836497e-35
-7.188103759445762078e-35
-6.912217301606434755e-35
