-7.037501037120819092e-02
-7.515220344066619873e-02
-9.445744752883911133e-02
-9.875117242336273193e-02
-9.953268617391586304e-02
-9.675955772399902344e-02
-9.904321283102035522e-02
-1.026652380824089050e-01
-1.032613590359687805e-01
-1.095378845930099487e-01
-1.074831709265708923e-01
-1.099968403577804565e-01
-1.121813431382179260e-01
-1.135827898979187012e-01
-1.152378916740417480e-01
-1.162892132997512817e-01
-1.155710443854331970e-01
-1.152906641364097595e-01
-1.128823682665824890e-01
-1.145595982670783997e-01
-1.140908449888229370e-01
-1.152125075459480286e-01
-1.174404993653297424e-01
-1.160734593868255615e-01
-1.140459403395652771e-01
-1.133198067545890808e-01
-1.130485385656356812e-01
-1.119499728083610535e-01
-1.106438189744949341e-01
-1.089785769581794739e-01
-1.093861684203147888e-01
-1.063195243477821350e-01
-1.054964512586593628e-01
-1.045142859220504761e-01
-1.023702025413513184e-01
-1.014743372797966003e-01
-1.009415388107299805e-01
-9.884036332368850708e-02
-9.777645766735076904e-02
-9.604008495807647705e-02
-9.393554180860519409e-02
-9.237592667341232300e-02
-9.100778400897979736e-02
-9.013031423091888428e-02
-8.768434822559356689e-02
-8.639978617429733276e-02
-8.477175980806350708e-02
-8.362845331430435181e-02
-8.251981437206268311e-02
-8.104827255010604858e-02
-7.994798570871353149e-02
-7.857868820428848267e-02
-7.692511379718780518e-02
-7.554513216018676758e-02
-7.401616871356964111e-02
-7.295701652765274048e-02
-7.200831919908523560e-02
-7.075504213571548462e-02
-6.844680011272430420e-02
-6.766409426927566528e-02
-6.595524400472640991e-02
-6.467924267053604126e-02
-6.346915662288665771e-02
-6.264033913612365723e-02
-6.106688082218170166e-02
-6.033877283334732056e-02
-5.858961492776870728e-02
-5.721348524093627930e-02
-5.590205267071723938e-02
-5.500579252839088440e-02
-5.382309854030609131e-02
-5.242228135466575623e-02
-5.135484412312507629e-02
-5.006354302167892456e-02
-4.897057265043258667e-02
-4.754338786005973816e-02
-4.665042459964752197e-02
-4.539596661925315857e-02
-4.412001371383666992e-02
-4.305002465844154358e-02
-4.213795065879821777e-02
-4.103339836001396179e-02
-4.016950353980064392e-02
-3.929235413670539856e-02
-3.804933279752731323e-02
-3.688151016831398010e-02
-3.610128909349441528e-02
-3.505275025963783264e-02
-3.408330678939819336e-02
-3.326152265071868896e-02
-3.218953311443328857e-02
-3.135611861944198608e-02
-3.065056353807449341e-02
-2.970341965556144714e-02
-2.887214347720146179e-02
-2.805183455348014832e-02
-2.723816409707069397e-02
-2.637830376625061035e-02
-2.555931173264980316e-02
-2.487618848681449890e-02
-2.422763407230377197e-02
-2.351863496005535126e-02
-2.281329222023487091e-02
-2.207302860915660858e-02
-2.136471495032310486e-02
-2.072188071906566620e-02
-2.006590366363525391e-02
-1.945264264941215515e-02
-1.883032731711864471e-02
-1.824014075100421906e-02
-1.768280938267707825e-02
-1.709413342177867889e-02
-1.657137461006641388e-02
-1.604473218321800232e-02
-1.553121395409107208e-02
-1.501953043043613434e-02
-1.456845458596944809e-02
-1.407186500728130341e-02
-1.360458973795175552e-02
-1.315555162727832794e-02
-1.273955870419740677e-02
-1.232687663286924362e-02
-1.192441303282976151e-02
-1.153959706425666809e-02
-1.114094071090221405e-02
-1.076250337064266205e-02
-1.040434837341308594e-02
-1.003101374953985214e-02
-9.689237922430038452e-03
-9.346858598291873932e-03
-9.014040231704711914e-03
-8.716632612049579620e-03
-8.410814218223094940e-03
-8.117155171930789948e-03
-7.821816951036453247e-03
-7.557086180895566940e-03
-7.278411649167537689e-03
-7.025174796581268311e-03
-6.776096299290657043e-03
-6.536283995956182480e-03
-6.300475448369979858e-03
-6.074736360460519791e-03
-5.853018257766962051e-03
-5.633871536701917648e-03
-5.430978257209062576e-03
-5.231441929936408997e-03
-5.041997414082288742e-03
-4.863244015723466873e-03
-4.688438028097152710e-03
-4.515520762652158737e-03
-4.351419862359762192e-03
-4.191010259091854095e-03
-4.041035193949937820e-03
-3.889485029503703117e-03
-3.748627146705985069e-03
-3.610557876527309418e-03
-3.474551718682050705e-03
-3.344581928104162216e-03
-3.220872022211551666e-03
-3.102175658568739891e-03
-2.986376872286200523e-03
-2.876260085031390190e-03
-2.770240418612957001e-03
-2.666241489350795746e-03
-2.566380193457007408e-03
-2.470112405717372894e-03
-2.376971067860722542e-03
-2.288157120347023010e-03
-2.202105941250920296e-03
-2.120408462360501289e-03
-2.040432533249258995e-03
-1.963854767382144928e-03
-1.890426385216414928e-03
-1.818514429032802582e-03
-1.749992719851434231e-03
-1.684225630015134811e-03
-1.620475319214165211e-03
-1.559446100145578384e-03
-1.500285346992313862e-03
-1.443975139409303665e-03
-1.389227923937141895e-03
-1.336638350039720535e-03
-1.286183716729283333e-03
-1.237303949892520905e-03
-1.190465758554637432e-03
-1.145069603808224201e-03
-1.101733534596860409e-03
-1.059782691299915314e-03
-1.019502291455864906e-03
-9.806869784370064735e-04
-9.433326194994151592e-04
-9.076009155251085758e-04
-8.731308043934404850e-04
-8.397971978411078453e-04
-8.077841484919190407e-04
-7.770188385620713234e-04
-7.474928279407322407e-04
-7.190260221250355244e-04
-6.916410638950765133e-04
-6.652164738625288010e-04
-6.398566183634102345e-04
-6.154204020276665688e-04
-5.920004332438111305e-04
-5.693920538760721684e-04
-5.477147642523050308e-04
-5.268107634037733078e-04
-5.066724843345582485e-04
-4.873248690273612738e-04
-4.687077307607978582e-04
-4.508155980147421360e-04
-4.335915436968207359e-04
-4.170249740127474070e-04
-4.010844859294593334e-04
-3.857419651467353106e-04
-3.709920856636017561e-04
-3.567947715055197477e-04
-3.431483637541532516e-04
-3.300159587524831295e-04
-3.173746808897703886e-04
-3.052311658393591642e-04
-2.935376251116394997e-04
-2.822993264999240637e-04
-2.714836737141013145e-04
-2.610904048196971416e-04
-2.511020866222679615e-04
-2.414997579762712121e-04
-2.322472428204491735e-04
-2.233543491456657648e-04
-2.147978811990469694e-04
-2.065703010885044932e-04
-1.986508577829226851e-04
-1.910377031890675426e-04
-1.837168383644893765e-04
-1.766785135259851813e-04
-1.699050189927220345e-04
-1.633911160752177238e-04
-1.571279135532677174e-04
-1.511012233095243573e-04
-1.453130971640348434e-04
-1.397407759213820100e-04
-1.343875046586617827e-04
-1.292299275519326329e-04
-1.242778380401432514e-04
-1.195115182781592011e-04
-1.149260860984213650e-04
-1.105207411455921829e-04
-1.062826922861859202e-04
-1.022063661366701126e-04
-9.828393376665189862e-05
-9.451276127947494388e-05
-9.088668593904003501e-05
-8.739902114029973745e-05
-8.404766413150355220e-05
-8.082469139480963349e-05
-7.772329263389110565e-05
-7.474044105038046837e-05
-7.187257142504677176e-05
-6.911472883075475693e-05
-6.646269321208819747e-05
-6.391235365299507976e-05
-6.145935913082212210e-05
-5.910043546464294195e-05
-5.683208655682392418e-05
-5.465079811983741820e-05
-5.255323776509612799e-05
-5.053618951933458447e-05
-4.859655018663033843e-05
-4.673135481425561011e-05
-4.493774395086802542e-05
-4.321298547438345850e-05
-4.155441638431511819e-05
-3.995951919932849705e-05
-3.842582009383477271e-05
-3.695098712341859937e-05
-3.553277201717719436e-05
-3.416898471186868846e-05
-3.285753336967900395e-05
-3.159642074024304748e-05
-3.038371323782484978e-05
-2.921753912232816219e-05
-2.809613397403154522e-05
-2.701776247704401612e-05
-2.598078935989178717e-05
-2.498361573088914156e-05
-2.402471727691590786e-05
-2.310262061655521393e-05
-2.221590875706169754e-05
-2.136323382728733122e-05
-2.054328433587215841e-05
-1.975481245608534664e-05
-1.899659946502652019e-05
-1.826748484745621681e-05
-1.756635901983827353e-05
-1.689213968347758055e-05
-1.624379729037173092e-05
-1.562033867230638862e-05
-1.502080158388707787e-05
-1.444428380636963993e-05
-1.388989585393574089e-05
-1.335678553004981950e-05
-1.284413883695378900e-05
-1.235116269526770338e-05
-1.187710950034670532e-05
-1.142124983743997291e-05
-1.098288339562714100e-05
-1.056134533428121358e-05
-1.015598809317452833e-05
-9.766187758941669017e-06
-9.391350431542377919e-06
-9.030899491335731000e-06
-8.684283784532453865e-06
-8.350969437742605805e-06
-8.030445314943790436e-06
-7.722227564954664558e-06
-7.425839612551499158e-06
-7.140827619878109545e-06
-6.866754119982942939e-06
-6.603199835808482021e-06
-6.349761861201841384e-06
-6.106050477683311328e-06
-5.871692792425164953e-06
-5.646330009767552838e-06
-5.429616066976450384e-06
-5.221220817475114018e-06
-5.020822300139116123e-06
-4.828115834243362769e-06
-4.642806288757128641e-06
-4.464608991838758811e-06
-4.293251549825072289e-06
-4.128470663999905810e-06
-3.970014404330868274e-06
-3.817640390479937196e-06
-3.671116019177134149e-06
-3.530214371494366787e-06
-3.394719897187314928e-06
-3.264426595706027001e-06
-3.139133468721411191e-06
-3.018649977093446068e-06
-2.902790129155619070e-06
-2.791377937683137134e-06
-2.684241280803689733e-06
-2.581217131591984071e-06
-2.482145418980508111e-06
-2.386878122706548311e-06
-2.295266313012689352e-06
-2.207170609835884534e-06
-2.122456635333946906e-06
-2.040994104390847497e-06
-1.962658643606118858e-06
-1.887329403871262912e-06
-1.814891675167018548e-06
-1.745233703331905417e-06
-1.678249418546329252e-06
-1.613835820535314269e-06
-1.551894797557906713e-06
-1.492331193730933592e-06
-1.435053604836866725e-06
-1.379974946758011356e-06
-1.327009499618725386e-06
-1.276077227885252796e-06
-1.227099687639565673e-06
-1.180002186629280914e-06
-1.134711965278256685e-06
-1.091160015675995965e-06
-1.049280058396107052e-06
-1.009007519314764068e-06
-9.702805527922464535e-07
-9.330400985163578298e-07
-8.972288583208865020e-07
-8.627921488368883729e-07
-8.296771056848228909e-07
-7.978326834745530505e-07
-7.672108495171414688e-07
-7.377642532446770929e-07
-7.094479883562598843e-07
-6.822185696364613250e-07
-6.560340466421621386e-07
-6.308546858235786203e-07
-6.066418336558854207e-07
-5.833581440128909890e-07
-5.609681466012261808e-07
-5.394374511524802074e-07
-5.187330884837138001e-07
-4.988235673408780713e-07
-4.796781922777881846e-07
-4.612675752468931023e-07
-4.435635219124378636e-07
-4.265390316504635848e-07
-4.101678712231660029e-07
-3.944251432130840840e-07
-3.792866323237831239e-07
-3.647291464403679129e-07
-3.507304882077733055e-07
-3.372690002834133338e-07
-3.243242758799169678e-07
-3.118763913789734943e-07
-2.999062473918456817e-07
-2.883954550725320587e-07
-2.773265350697329268e-07
-2.666823775143711828e-07
-2.564468104537809268e-07
-2.466040882609377149e-07
-2.371391332189887180e-07
-2.280374360452697147e-07
-2.192850701021598070e-07
-2.108686629753719899e-07
-2.027752827871154295e-07
-1.949925234612237546e-07
-1.875084763014456257e-07
-1.803116589371711598e-07
-1.733910863777055056e-07
-1.667361289037216920e-07
-1.603365831215342041e-07
-1.541827145956631284e-07
-1.482649594208851340e-07
-1.425743789695843589e-07
-1.371022193552562385e-07
-1.318400677519093733e-07
-1.267799092374843895e-07
-1.219139278418879258e-07
-1.172346841826765740e-07
-1.127350870433474483e-07
-1.084081731050900999e-07
-1.042473201096072444e-07
-1.002462042265506170e-07
-9.639864373411910492e-08
-9.269874112760589924e-08
-8.914085469768906478e-08
-8.571949194902117597e-08
-8.242948723591325688e-08
-7.926574596694990760e-08
-7.622343645152795943e-08
-7.329788331844611093e-08
-7.048463146475114627e-08
-6.777933947432757122e-08
-6.517787909388061962e-08
-6.267627128409003490e-08
-6.027067200875535491e-08
-5.795738289293694834e-08
-5.573290096094751789e-08
-5.359380494951437868e-08
-5.153681215119831904e-08
-4.955877841439360054e-08
-4.765665195805013354e-08
-4.582753021509233804e-08
-4.406859588357292523e-08
-4.237719153366015234e-08
-4.075069881537274341e-08
-3.918663438184921688e-08
-3.768260370407006121e-08
-3.623630107085773489e-08
-3.484551314159034519e-08
-3.350809762991957541e-08
-3.222201172548011527e-08
-3.098529077760758810e-08
-2.979603586084067501e-08
-2.865242620941899077e-08
-2.755271388821256551e-08
-2.649521135822396900e-08
-2.547829147658831062e-08
-2.450040526014163333e-08
-2.356004458192728634e-08
-2.265577947468955244e-08
-2.178621016923898424e-08
-2.095002393787126493e-08
-2.014593825094834756e-08
-1.937270788232581253e-08
-1.862915866013281629e-08
-1.791414661056478508e-08
-1.722657927416548773e-08
-1.656539794225864171e-08
-1.592958831508894946e-08
-1.531819471267681365e-08
-1.473026678411315515e-08
-1.416490036376671924e-08
-1.362123480674881648e-08
-1.309843433716650907e-08
-1.259569870626364718e-08
-1.211226141606402962e-08
-1.164737906123036737e-08
-1.120033932267006094e-08
-1.077045830299994122e-08
-1.035707697383259074e-08
-9.959560287597923889e-09
-9.577296289364767290e-09
-9.209706774981896160e-09
-8.856225086617541820e-09
-8.516312099970946292e-09
-8.189446454309745604e-09
-7.875124552469969785e-09
-7.572867666283400467e-09
-7.282214387061003436e-09
-7.002713520165571026e-09
-6.733940072223276729e-09
-6.475482816625799387e-09
-6.226944293530323193e-09
-5.987946583019265745e-09
-5.758121979226871190e-09
-5.537118319409728429e-09
-5.324597207589931713e-09
-5.120232682287451098e-09
-4.923711216520132439e-09
-4.734732605982117093e-09
-4.553008192687002520e-09
-4.378256424075743780e-09
-4.210213955246899786e-09
-4.048619661745078702e-09
-3.893230182683282692e-09
-3.743803933531353323e-09
-3.600112430390822738e-09
-3.461935627058210230e-09
-3.329062137069627170e-09
-3.201288789611567154e-09
-3.078418187030251829e-09
-2.960264255946754020e-09
-2.846645807963454899e-09
-2.737388538065488319e-09
-2.632324136442321105e-09
-2.531292064844592460e-09
-2.434138224316484411e-09
-2.340713400883487338e-09
-2.250873931686214746e-09
-2.164481927025008190e-09
-2.081405936493752051e-09
-2.001519616712243987e-09
-1.924698400657121056e-09
-1.850825936955402540e-09
-1.779788982858576674e-09
-1.711478514465625267e-09
-1.645789948767628630e-09
-1.582622255469345873e-09
-1.521879178234541996e-09
-1.463467347306846023e-09
-1.407297833821985478e-09
-1.353284262428644524e-09
-1.301343699466883663e-09
-1.251396652968139733e-09
-1.203366850610620986e-09
-1.157180129496282461e-09
-1.112765879440757999e-09
-1.070056820928755315e-09
-1.028986562623401824e-09
-9.894930430576209801e-10
-9.515150889427559378e-10
-9.149946911257700322e-10
-8.798760053885246180e-10
-8.461052969366278376e-10
-8.136307738659809274e-10
-7.824026981850806806e-10
-7.523731082592632902e-10
-7.234961518776117373e-10
-6.957274756302922469e-10
-6.690245579754616756e-10
-6.433465982169650488e-10
-6.186540724151257109e-10
-5.949094550317113317e-10
-5.720759976846068184e-10
-5.501192834600487913e-10
-5.290050064665763330e-10
-5.087011922810802389e-10
-4.891766991477197735e-10
-4.704015510448300574e-10
-4.523468821737708367e-10
-4.349852700258338700e-10
-4.182899582261256910e-10
-4.022354671562311523e-10
-3.867972886428816537e-10
-3.719514973798965229e-10
-3.576755835954514851e-10
-3.439474816069321150e-10
-3.307464024882023068e-10
-3.180519458911845732e-10
-3.058447939352504363e-10
-2.941060728289812687e-10
-2.828179079816806052e-10
-2.719630631808911403e-10
-2.615248295700922654e-10
-2.514871644265781470e-10
-2.418347744281845735e-10
-2.325528658531084147e-10
-2.236271168243320062e-10
-2.150440103765305366e-10
-2.067902932223475432e-10
-1.988534337193925694e-10
-1.912212194143947386e-10
-1.838819235766564475e-10
-1.768243190758411743e-10
-1.700375534818832080e-10
-1.635113155984413424e-10
-1.572355579071427201e-10
-1.512006631010365254e-10
-1.453974163290183697e-10
-1.398168664179522125e-10
-1.344505617950630949e-10
-1.292901896654541360e-10
-1.243278813234383051e-10
-1.195560039857213042e-10
-1.149672509970223189e-10
-1.105546557078618264e-10
-1.063114388188957093e-10
-1.022310847087481989e-10
-9.830734837290577843e-11
-9.453417909588424095e-11
-9.090583147353115123e-11
-8.741674745182947959e-11
-8.406154244910979401e-11
-8.083515107282224221e-11
-7.773259813603772272e-11
-7.474911661864425128e-11
-7.188016848402867254e-11
-6.912131977898638979e-11
-6.646836553381163526e-11
-6.391721873999500758e-11
-6.146396586137470308e-11
-5.910491540639384311e-11
-5.683641404741202052e-11
-5.465496111245471411e-11
-5.255723981023585623e-11
-5.054003396343098586e-11
-4.860025229480591236e-11
-4.673491107998195560e-11
-4.494117231135241752e-11
-4.321627777859049502e-11
-4.155757335477794356e-11
-3.996254369087459679e-11
-3.842872201009761568e-11
-3.695376990520138349e-11
-3.553543223566713039e-11
-3.417153712770293339e-11
-3.285998903534981253e-11
-3.159877220992868274e-11
-3.038597151672206564e-11
-2.921972386271676214e-11
-2.809824074800904015e-11
-2.701979785746377871e-11
-2.598274373433184792e-11
-2.498549110663272899e-11
-2.402651515243103830e-11
-2.310435003038957547e-11
-2.221757500198151547e-11
-2.136484045234254836e-11
-2.054483146107788372e-11
-1.975630076200829421e-11
-1.899801843618931230e-11
-1.826885344391460109e-11
-1.756767301075434773e-11
-1.689339987342997063e-11
-1.624500881036716748e-11
-1.562150755973767957e-11
-1.502193508473581574e-11
-1.444537545136626022e-11
-1.389094655274147883e-11
-1.335779403754955297e-11
-1.284510432048024953e-11
-1.235209157179895101e-11
-1.187800292151708348e-11
-1.142211065313647467e-11
-1.098371480573456793e-11
-1.056215011285832617e-11
-1.015675998167209215e-11
-9.766931187427108085e-12
-9.392063515800685991e-12
-9.031584508045753523e-12
-8.684939920011736092e-12
-8.351598058953246806e-12
-8.031054120338776414e-12
-7.722813707977671527e-12
-7.426402374999252487e-12
-7.141369093299765325e-12
-6.867273676797180926e-12
-6.603699791857264856e-12
-6.350241513186638542e-12
-6.106508528003207203e-12
-5.872132641249194762e-12
-5.646752163079860054e-12
-5.430023184566090677e-12
-5.221613072481368079e-12
-5.021200035620898561e-12
-4.828479630014648194e-12
-4.643157820033438909e-12
-4.464947508941996546e-12
-4.293578079878068721e-12
-4.128784987511568971e-12
-3.970315829576742672e-12
-3.817931647914774018e-12
-3.671394785409454187e-12
-3.530482546934554655e-12
-3.394978092055578323e-12
-3.264674771838449452e-12
-3.139372008881258225e-12
-3.018878983601647192e-12
-2.903011164789859322e-12
-2.791589875927869002e-12
-2.684445764636333998e-12
-2.581413381663733020e-12
-2.482336168216359162e-12
-2.387061902309195460e-12
-2.295443566127652879e-12
-2.207341731272349783e-12
-2.122621522993028975e-12
-2.041152620188557698e-12
-1.962810773289969113e-12
-1.887476069536986323e-12
-1.815032390876936130e-12
-1.745369040268007765e-12
-1.678379549056863151e-12
-1.613961568558419657e-12
-1.552015677433460361e-12
-1.492447766933413522e-12
-1.435165788293835121e-12
-1.380082246399405577e-12
-1.327113007161540015e-12
-1.276176863837519271e-12
-1.227195645450707140e-12
-1.180094433630984874e-12
-1.134800912093447689e-12
-1.091245691899056514e-12
-1.049362745135506980e-12
-1.009086911252232710e-12
-9.703570412467055206e-13
-9.331133955792214607e-13
-8.972992162660509141e-13
-8.628598053075919871e-13
-8.297421994277187629e-13
-7.978956037546502955e-13
-7.672716086613851072e-13
-7.378227260927683329e-13
-7.095041784990763212e-13
-6.822725977934096520e-13
-6.560859711415845119e-13
-6.309046709541965559e-13
-6.066897743732535542e-13
-5.834043643147823754e-13
-5.610126078969823737e-13
-5.394802443312030071e-13
-5.187743138714007163e-13
-4.988631036040303002e-13
-4.797160932379362919e-13
-4.613039551043529585e-13
-4.435983102114154919e-13
-4.265724329755721245e-13
-4.102000585991943948e-13
-3.944561149070435757e-13
-3.793164784007818646e-13
-3.647578929438094475e-13
-3.507579968663188108e-13
-3.372953771754033658e-13
-3.243495424500031366e-13
-3.119005975802530140e-13
-2.999294335028629410e-13
-2.884178085162808491e-13
-2.773479688099322882e-13
-2.667030550400351085e-13
-2.564666415436761548e-13
-2.466231429146259480e-13
-2.371574074275240029e-13
-2.280550151934762626e-13
-2.193019800044576639e-13
-2.108849119636380109e-13
-2.027909226176918822e-13
-1.950075436416356944e-13
-1.875229572317893556e-13
-1.803255624249072708e-13
-1.734044087790473365e-13
-1.667488440078648826e-13
-1.603487985836829499e-13
-1.541944198192590765e-13
-1.482762209455840141e-13
-1.425851895320989771e-13
-1.371125706462611449e-13
-1.318500159313423792e-13
-1.267894209761033508e-13
-1.219230066299564763e-13
-1.172434816332917906e-13
-1.127435479502357507e-13
-1.084163208969930736e-13
-1.042551732877844417e-13
-1.002537286585829246e-13
-9.640586126711397918e-14
-9.270568254032829358e-14
-8.914754107440178710e-14
-8.572594809583625186e-14
-8.243569943420375745e-14
-7.927173322061151217e-14
-7.622919087407406535e-14
-7.330338999645899523e-14
-7.048990568764984532e-14
-6.778440791522025166e-14
-6.518275638212403522e-14
-6.268096664537731177e-14
-6.027519656353133581e-14
-5.796175984919965662e-14
-5.573712945718990730e-14
-5.359786643373623538e-14
-5.154070800792581730e-14
-4.956251338159023412e-14
-4.766023323611937035e-14
-4.583097410696540530e-14
-4.407192384474345470e-14
-4.238038549654946086e-14
-4.075378069409198167e-14
-3.918959883171535541e-14
-3.768544788837653592e-14
-3.623903071072256954e-14
-3.484813484869522804e-14
-3.351060883860848549e-14
-3.222443335391608765e-14
-3.098761278499430338e-14
-2.979828365935917323e-14
-2.865458589265852674e-14
-2.755479661987764867e-14
-2.649720822259487435e-14
-2.548021133821042061e-14
-2.450225081423312856e-14
-2.356181554388509652e-14
-2.265748251181493728e-14
-2.178785919585736475e-14
-2.095162083648287321e-14
-2.014746977921626908e-14
-1.937418290848171715e-14
-1.863058115441663942e-14
-1.791551594034455908e-14
-1.722789967596120159e-14
-1.656666679381892104e-14
-1.593081271284227385e-14
-1.531937181547139010e-14
-1.473139373073945046e-14
-1.416598314482120716e-14
-1.362227608411046079e-14
-1.309943568005532410e-14
-1.259666318058653631e-14
-1.211318609165620147e-14
-1.164826580053431385e-14
-1.120118995251223257e-14
-1.077127668606741792e-14
-1.035786277440216979e-14
-9.960316330937836471e-15
-9.578029186018289370e-15
-9.210414345811081260e-15
-8.856906839340393522e-15
-8.516966259585877913e-15
-8.190076763482656563e-15
-7.875730978295324147e-15
-7.573452024474576494e-15
-7.282773186866476484e-15
-7.003251043723136490e-15
-6.734457419889719465e-15
-6.475980233837386191e-15
-6.227424768212716163e-15
-5.988409434672971321e-15
-5.758567044435516924e-15
-5.537546502343716065e-15
-5.325008148185719770e-15
-5.120627991859203268e-15
-4.924091784140735215e-15
-4.735098404817566706e-15
-4.553360286204104906e-15
-4.378596213361861389e-15
-4.210541488494819184e-15
-4.048936072488171223e-15
-3.893533478754266502e-15
-3.744095267518452938e-15
-3.600393163401445495e-15
-3.462204608496353107e-15
-3.329321020939914402e-15
-3.201537418758893840e-15
-3.078658560858949303e-15
-2.960496405925790338e-15
-2.846868841875757269e-15
-2.737602862229373407e-15
-2.632529695671898332e-15
-2.531490311767485048e-15
-2.434328644695601951e-15
-2.340896251932242725e-15
-2.251049984909321393e-15
-2.164651777256435504e-15
-2.081570338866760642e-15
-2.001677344248787779e-15
-1.924850397141638671e-15
-1.850972183482118595e-15
-1.779929624371769104e-15
-1.711613134923039171e-15
-1.645919165358126959e-15
-1.582746283481598765e-15
-1.521998351053941226e-15
-1.463582512088311589e-15
-1.407408451696708866e-15
-1.353390407793223556e-15
-1.301445477028143147e-15
-1.251494567700017768e-15
-1.203460599810647277e-15
-1.157270410889212585e-15
-1.112853061926381143e-15
-1.070140366769898981e-15
-1.029067315641064330e-15
-9.895704869479515255e-16
-9.515894237139502915e-16
-9.150663159404105219e-16
-8.799446771176621957e-16
-8.461710382909098851e-16
-8.136939951481670947e-16
-7.824635198059866174e-16
-7.524317019632893819e-16
-7.235524312640092322e-16
-6.957815031762113345e-16
-6.690764601734145670e-16
-6.433961682181178927e-16
-6.187018226134252240e-16
-5.949553068767101174e-16
-5.721200927121222312e-16
-5.501615047083833424e-16
-5.290456615476032791e-16
-5.087403230382271744e-16
-4.892141489612066192e-16
-4.704372284655916961e-16
-4.523813977058861995e-16
-4.350185457761531274e-16
-4.183220176083335710e-16
-4.022663492744506979e-16
-3.868268974096953283e-16
-3.719800245008831469e-16
-3.577029665375566943e-16
-3.439739388911037740e-16
-3.307717657378430286e-16
-3.180763035754975666e-16
-3.058681235858397426e-16
-2.941285116346911569e-16
-2.828393888625838504e-16
-2.719835763825563220e-16
-2.615445305823575111e-16
-2.515061048964303825e-16
-2.418529468526059521e-16
-2.325702863138664729e-16
-2.236439619481250373e-16
-2.150603021142173687e-16
-2.068060454525630170e-16
-1.988685791131817736e-16
-1.912357269974568580e-16
-1.838958556372533243e-16
-1.768377021413506506e-16
-1.700504536047815437e-16
-1.635237338739421384e-16
-1.572474976674735907e-16
-1.512121629251600863e-16
-1.454083725799124255e-16
-1.398274313091314508e-16
-1.344607099646670089e-16
-1.292998970357241671e-16
-1.243371971722102257e-16
-1.195650135473794976e-16
-1.149759478578333085e-16
-1.105630319340915118e-16
-1.063195093649107743e-16
-1.022388354972845765e-16
-9.831477669811671872e-17
-9.454133094488251622e-17
-9.091270135584919739e-17
-8.742336236452490799e-17
-8.406794060565050356e-17
-8.084133402920775703e-17
-7.773853322940704725e-17
-7.475483320292417261e-17
-7.188564144299823869e-17
-6.912658381855006509e-17
-6.647341192995357946e-17
-6.392205604859502090e-17
-6.146865158665254167e-17
-5.910942660053289995e-17
-5.684072164320616116e-17
-5.465911218693635576e-17
-5.256122995226916782e-17
-5.054386878715034180e-17
-4.860392841864402897e-17
-4.673842768782258820e-17
-4.494454756315843878e-17
-4.321950871779340253e-17
-4.156069395226936168e-17
-3.996555224157720269e-17
-3.843161527876906732e-17
-3.695656034068490667e-17
-3.553813418733612630e-17
-3.417413651829333515e-17
-3.286249607330270044e-17
-3.160118791422469235e-17
-3.038828967331573766e-17
-2.922195839217106822e-17
-2.810038419961041799e-17
-2.702185979484947754e-17
-2.598472419921824038e-17
-2.498739915210795534e-17
-2.402834940630172399e-17
-2.310611250647655259e-17
-2.221927231942375034e-17
-2.136646896021628008e-17
-2.054640044656998334e-17
-1.975780450087010419e-17
-1.899947840250599054e-17
-1.827026078989761794e-17
-1.756903000613436447e-17
-1.689470906205868609e-17
-1.624627225371101706e-17
-1.562271869255016821e-17
-1.502310042959415377e-17
-1.444649764000181477e-17
-1.389202193179526926e-17
-1.335882875356910059e-17
-1.284610085087810639e-17
-1.235305322932097382e-17
-1.187892653709537920e-17
-1.142300278142962652e-17
-1.098457306853875781e-17
-1.056297069084905535e-17
-1.015755127466334032e-17
-9.767692780160972844e-18
-9.392796328578464536e-18
-9.032291992473766355e-18
-8.685620597752792457e-18
-8.352255230365346561e-18
-8.031687174234708557e-18
-7.723420948173959180e-18
-7.426987540775780865e-18
-7.141930348342044339e-18
-6.867813033099627880e-18
-6.604217455248885933e-18
-6.350739950650892621e-18
-6.106990090056522915e-18
-5.872597296551353057e-18
-5.647200092207697376e-18
-5.430453542710121257e-18
-5.222025948632990939e-18
-5.021597604669554674e-18
-4.828862453993167843e-18
-4.643525606715455292e-18
-4.465301685525086226e-18
-4.293918134410224422e-18
-4.129111909936078017e-18
-3.970631962786737168e-18
-3.818233861091192456e-18
-3.671684753507010202e-18
-3.530760474088188536e-18
-3.395244301514238565e-18
-3.264930474607787723e-18
-3.139618195275138763e-18
-3.019116177999638798e-18
-2.903239341119229086e-18
-2.791809634007057590e-18
-2.684656243866632108e-18
-2.581615595731820281e-18
-2.482529491310471340e-18
-2.387246763345641220e-18
-2.295621414459214312e-18
-2.207512410356750325e-18
-2.122785334188709392e-18
-2.041310938984380101e-18
-1.962962666110041841e-18
-1.887621815147793251e-18
-1.815171960426417492e-18
-1.745503500514751289e-18
-1.678509108728315887e-18
-1.614085904478425001e-18
-1.552135453272184823e-18
-1.492562629339151754e-18
-1.435276442811944961e-18
-1.380188695557750977e-18
-1.327215015154089393e-18
-1.276274027708200306e-18
-1.227289012218269422e-18
-1.180184074863095000e-18
-1.134886940736655221e-18
-1.091328540257801906e-18
-1.049441975194494829e-18
-1.009163035651684561e-18
-9.704298898785827633e-19
-9.331830842686621875e-19
-8.973663705402692274e-19
-8.629244826887276839e-19
-8.298045845524107323e-19
-7.979556494272815078e-19
-7.673290804523525199e-19
-7.378780385254379534e-19
-7.095573389055770993e-19
-6.823237614057640617e-19
-6.561353783087000592e-19
-6.309521747522528391e-19
-6.067355834403621163e-19
-5.834483812454630047e-19
-5.610546892084860166e-19
-5.395205929243164780e-19
-5.188131085660288369e-19
-4.989003896800398017e-19
-4.797520373788380486e-19
-4.613385833531013761e-19
-4.436318517632146965e-19
-4.266048558416934675e-19
-4.102311516583301343e-19
-3.944858979453539639e-19
-3.793450806156067763e-19
-3.647852542686015214e-19
-3.507843435217406904e-19
-3.373208158297037623e-19
-3.243739658277827691e-19
-3.119241738258237187e-19
-2.999521044770081841e-19
-2.884396115066482831e-19
-2.773688846821799836e-19
-2.667231477468049442e-19
-2.564858829376662469e-19
-2.466416581664609491e-19
-2.371752222906451044e-19
-2.280722288964697462e-19
-2.193185383653390463e-19
-2.109008511839668004e-19
-2.028062168058877253e-19
-1.950222533713076678e-19
-1.875370701589211781e-19
-1.803390866401525138e-19
-1.734174460694619165e-19
-1.667614597223715524e-19
-1.603609817116805760e-19
-1.542061375688266353e-19
-1.482874922649477974e-19
-1.425960760602766905e-19
-1.371230613867137252e-19
-1.318601247393450866e-19
-1.267991235590159559e-19
-1.219323935003631464e-19
-1.172524899378736810e-19
-1.127522008905818628e-19
-1.084245987208575602e-19
-1.042631435319827760e-19
-1.002613923624675462e-19
-9.641323829294575676e-20
-9.271278119920443175e-20
-8.915432775218373354e-20
-8.573246896615938960e-20
-8.244195741412051665e-20
-7.927775246420936968e-20
-7.623497504328159295e-20
-7.330899164743718238e-20
-7.049533033148952318e-20
-6.778962901017710522e-20
-6.518777116748277010e-20
-6.268579538375421306e-20
-6.027983071221862737e-20
-5.796622592595341567e-20
-5.574140734621840747e-20
-5.360197900885816045e-20
-5.154467096551367593e-20
-4.956631666540252433e-20
-4.766390465410712981e-20
-4.583452041243795005e-20
-4.407532696938786958e-20
-4.238366506853450114e-20
-4.075692392106947423e-20
-3.919262521632939755e-20
-3.768836172948477109e-20
-3.624183286445693173e-20
-3.485083172922098213e-20
-3.351320959288884511e-20
-3.222693727802035150e-20
-3.099003407478934895e-20
-2.980060328390064750e-20
-2.865682252306721627e-20
-2.755694372701018343e-20
-2.649926891365182781e-20
-2.548219380496819404e-20
-2.450415451261367405e-20
-2.356365500290228326e-20
-2.265925901887199113e-20
-2.178956746206484662e-20
-2.095325878220532558e-20
-2.014904374076058167e-20
-1.937569933827025817e-20
-1.863203650260381012e-20
-1.791691947600611098e-20
-1.722924481246471210e-20
-1.656796399592971714e-20
-1.593207051561671101e-20
-1.532057886337401919e-20
-1.473255684542538565e-20
-1.416710134856296438e-20
-1.362335126484439063e-20
-1.310046568116647328e-20
-1.259765295983360494e-20
-1.211413681122795020e-20
-1.164917971982288707e-20
-1.120207244286663668e-20
-1.077212350906589300e-20
-1.035867537445716171e-20
-9.961096344471090806e-21
-9.578778150551769703e-21
-9.211131911188894540e-21
-8.857598633234138465e-21
-8.517633056029812715e-21
-8.190716576105937754e-21
-7.876348361451006869e-21
-7.574044543718419213e-21
-7.283342257194314550e-21
-7.003799638797573243e-21
-6.734982903382745121e-21
-6.476484115198522295e-21
-6.227908667087451489e-21
-5.988875280485934041e-21
-5.759015197630658959e-21
-5.537976624423221122e-21
-5.325422307049420443e-21
-5.121025089114643664e-21
-4.924471546714915613e-21
-4.735464007920816575e-21
-4.553710859254678928e-21
-4.378933411935906194e-21
-4.210864690190622615e-21
-4.049247007870972316e-21
-3.893832776248686252e-21
-3.744382080634381366e-21
-3.600666315448611851e-21
-3.462468992015436094e-21
-3.329575843091221586e-21
-3.201782698851922644e-21
-3.078894881047905207e-21
-2.960722962087720363e-21
-2.847087409851114293e-21
-2.737812529237276175e-21
-2.632732116719806802e-21
-2.531684613585316913e-21
-2.434514923468952814e-21
-2.341075220147963330e-21
-2.251221918315823752e-21
-2.164816481375802788e-21
-2.081727440924879925e-21
-2.001827973373044591e-21
-1.924995092149729209e-21
-1.851111263290943091e-21
-1.780063193748922016e-21
-1.711742033340519967e-21
-1.646043879618188474e-21
-1.582866748644100566e-21
-1.522114412009593762e-21
-1.463693670531881632e-21
-1.407515162047620738e-21
-1.353492957516127167e-21
-1.301544258096788920e-21
-1.251589698071653524e-21
-1.203552133155077603e-21
-1.157358458029252518e-21
-1.112936981015111782e-21
-1.070221261091774060e-21
-1.029144958212553887e-21
-9.896447615566418447e-22
-9.516608944000839061e-22
-9.151350946318640681e-22
-8.800111196248836934e-22
-8.462350996456470495e-22
-8.137557902897509795e-22
-7.825228559205551411e-22
-7.524886367176097016e-22
-7.236071894217945893e-22
-6.958340348998298227e-22
-6.691271173991362592e-22
-6.434451384736037684e-22
-6.187491220836271905e-22
-5.950006980347765755e-22
-5.721638185391269441e-22
-5.502034455507119998e-22
-5.290859546623076021e-22
-5.087789836441379644e-22
-4.892511800083859827e-22
-4.704731097769560506e-22
-4.524158943298298373e-22
-4.350515133276538926e-22
-4.183537892101493622e-22
-4.022968725831739641e-22
-3.868562519606806711e-22
-3.720081984066404351e-22
-3.577298917527870226e-22
-3.439997740083025539e-22
-3.307965648614077870e-22
-3.181001704471249321e-22
-3.058911784762983108e-22
-2.941506310436536515e-22
-2.828607566907181354e-22
-2.720042635864493179e-22
-2.615644405014309971e-22
-2.515252830256180490e-22
-2.418714178376895266e-22
-2.325880522179507256e-22
-2.236611002660780194e-22
-2.150767032736884854e-22
-2.068218103259661471e-22
-1.988837365395550508e-22
-1.912503271456275509e-22
-1.839098817592374095e-22
-1.768511796228687630e-22
-1.700634417411126713e-22
-1.635362046629222831e-22
-1.572594971864556046e-22
-1.512236888977816979e-22
-1.454195659015275814e-22
-1.398382172249078787e-22
-1.344710726830482686e-22
-1.293099028789854856e-22
-1.243468696907652537e-22
-1.195742738359526158e-22
-1.149848704159940222e-22
-1.105716291025021432e-22
-1.063277467590303527e-22
-1.022467547261558385e-22
-9.832239891462200842e-23
-9.454867135977469921e-23
-9.091978497801320955e-23
-8.743018618856478349e-23
-8.407449811549943463e-23
-8.084761525103857258e-23
-7.774458985958465115e-23
-7.476065722127013544e-23
-7.189125456461922709e-23
-6.913198951211165554e-23
-6.647861483663371084e-23
-6.392708525946341965e-23
-6.147350065228536928e-23
-5.911406817186725711e-23
-5.684519692336851710e-23
-5.466341591880617680e-23
-5.256535829983675292e-23
-5.054782760207228992e-23
-4.860774726798242586e-23
-4.674211647068370001e-23
-4.494809846636093762e-23
-4.322294170817672779e-23
-4.156398931260228615e-23
-3.996871692474090547e-23
-3.843466014312467530e-23
-3.695949025036138322e-23
-3.554094479337485538e-23
-3.417684336062306088e-23
-3.286509073754173272e-23
-3.160368637287523043e-23
-3.039070544601481472e-23
-2.922427046800605959e-23
-2.810260176864678644e-23
-2.702398909749447611e-23
-2.598676006943006007e-23
-2.498935747302663202e-23
-2.403023198546633791e-23
-2.310792579179632931e-23
-2.222101894238720839e-23
-2.136815144103837413e-23
-2.054801377864715965e-23
-1.975935482181788442e-23
-1.900095972475650809e-23
-1.827167990598502886e-23
-1.757039044985260158e-23
-1.689601692780631522e-23
-1.624752750978214069e-23
-1.562392980876130998e-23
-1.502426299216126388e-23
-1.444761355905375646e-23
-1.389309167433769842e-23
-1.335985799000993460e-23
-1.284709209072903516e-23
-1.235400511558977908e-23
-1.187984449128858552e-23
-1.142388131034903025e-23
-1.098542137517451879e-23
-1.056378626538656108e-23
-1.015833227048649676e-23
-9.768436979220106451e-24
-9.393511901352095286e-24
-9.032977224117125819e-24
-8.686278378298827677e-24
-8.352888404812513226e-24
-8.032293755208883586e-24
-7.724003758004891289e-24
-7.427545096657403726e-24
-7.142464176145918817e-24
-6.868325545250754562e-24
-6.604711896553049047e-24
-6.351217361117066061e-24
-6.107449480642458151e-24
-5.873037884934224051e-24
-5.647623642280488201e-24
-5.430860442743858577e-24
-5.222418148035500186e-24
-5.021975297336535465e-24
-4.829226207046191272e-24
-4.643875448755462338e-24
-4.465638638108016488e-24
-4.294240462647931590e-24
-4.129421387137389931e-24
-3.970928976086720786e-24
-3.818519077045758253e-24
-3.671960159338819964e-24
-3.531026214316560100e-24
-3.395500699660495493e-24
-3.265178117104816069e-24
-3.139856518257785249e-24
-3.019344209919434328e-24
-2.903458176359752031e-24
-2.792019346153253188e-24
-2.684858114205315281e-24
-2.581810003017199730e-24
-2.482716648762183416e-24
-2.387427379007369127e-24
-2.295794873978706838e-24
-2.207679505295972429e-24
-2.122945391668241583e-24
-2.041464540413642190e-24
-1.963109944926433666e-24
-1.887763276070832860e-24
-1.815308571293772283e-24
-1.745635390068520994e-24
-1.678635855666290020e-24
-1.614207909207466391e-24
-1.552252548648444871e-24
-1.492675209288212091e-24
-1.435384580476988719e-24
-1.380292211185776850e-24
-1.327314679373849360e-24
-1.276370732367968486e-24
-1.227382174330904195e-24
-1.180273964869047338e-24
-1.134973430171504430e-24
-1.091411840731908090e-24
-1.049522143373314531e-24
-1.009240243147174547e-24
-9.705042144724282890e-25
-9.332547941735710273e-25
-8.974353814806531547e-25
-8.629908547379223532e-25
-8.298678672266630516e-25
-7.980166221022331737e-25
-7.673877662542498299e-25
-7.379345103702720989e-25
-7.096116921634760779e-25
-6.823756777650417295e-25
-6.561852984964778323e-25
-6.310001252363918094e-25
-6.067816517118475602e-25
-5.834926535488799681e-25
-5.610975827029475113e-25
-5.395621237246730759e-25
-5.188530458484242266e-25
-4.989387946379921230e-25
-4.797889989485257562e-25
-4.613740271922727618e-25
-4.436660227185175230e-25
-4.266375726108036096e-25
-4.102626691111620162e-25
-3.945162658858519759e-25
-3.793742040696510951e-25
-3.648133848291783710e-25
-3.508114488881514457e-25
-3.373468751349997583e-25
-3.243991038823809863e-25
-3.119482656962448754e-25
-2.999753046553496805e-25
-2.884618797436490132e-25
-2.773903155464852652e-25
-2.667437994658159135e-25
-2.565057654226313171e-25
-2.466607813254730897e-25
-2.371937109057223034e-25
-2.280899848885356574e-25
-2.193356009928454789e-25
-2.109172718427794514e-25
-2.028219812334014283e-25
-1.950374155390189752e-25
-1.875516432384406245e-25
-1.803531642187824510e-25
-1.734310330349845132e-25
-1.667745261091164629e-25
-1.603735361608301561e-25
-1.542181901028586858e-25
-1.482991078860009086e-25
-1.426072176098467828e-25
-1.371337801746806568e-25
-1.318704385852878457e-25
-1.268090700395349017e-25
-1.219420201214508523e-25
-1.172617330226778774e-25
-1.127610843431656998e-25
-1.084331592240419915e-25
-1.042713756071288148e-25
-1.002692685307888505e-25
-9.642081060466814444e-26
-9.272004223114678465e-26
-8.916132428734760534e-26
-8.573921486561974594e-26
-8.244844462163536295e-26
-7.928396607819620633e-26
-7.624094129928197533e-26
-7.331472956409867447e-26
-7.050081957434457109e-26
-6.779491573587170389e-26
-6.519286420297601849e-26
-6.269068985625229963e-26
-6.028455316176341692e-26
-5.797076249699196890e-26
-5.574576798786446102e-26
-5.360617999767877176e-26
-5.154869517139428811e-26
-4.957017347282968113e-26
-4.766761045127170673e-26
-4.583807869320489631e-26
-4.407875863719066697e-26
-4.238696322577060962e-26
-4.076009476463573477e-26
-3.919566341155393860e-26
-3.769127176893044787e-26
-3.624463029124737504e-26
-3.485351722572087500e-26
-3.351579093825278913e-26
-3.222941764682184452e-26
-3.099241595470125558e-26
-2.980289382831365629e-26
-2.865901778235198999e-26
-2.755903753168279758e-26
-2.650128907283412847e-26
-2.548414692093291984e-26
-2.450603181342477417e-26
-2.356546309536844653e-26
-2.266099246744575773e-26
-2.179123788232861549e-26
-2.095486351500759282e-26
-2.015059208874357211e-26
-1.937718946762819001e-26
-1.863346311583988196e-26
-1.791828829029112579e-26
-1.723056181830977652e-26
-1.656922520879839890e-26
-1.593327389669800056e-26
-1.532173259108474381e-26
-1.473366451963367868e-26
-1.416816680638687645e-26
-1.362437509398529613e-26
-1.310145429920505140e-26
-1.259860785742114370e-26
-1.211505769293604060e-26
-1.165006733013900842e-26
-1.120292186383469061e-26
-1.077293951482277408e-26
-1.035946084469030066e-26
-9.961851837299578068e-27
-9.579505439532135438e-27
-9.211832316824990280e-27
-8.858272408750314787e-27
-8.518277210459947473e-27
-8.191335194960659089e-27
-7.876941768607020179e-27
-7.574613137797000670e-27
-7.283890160831858643e-27
-7.004325251592518506e-27
-6.735491624003304048e-27
-6.476974047568205379e-27
-6.228381558508511892e-27
-5.989328970835346138e-27
-5.759450743045263422e-27
-5.538396355888385265e-27
-5.325824149392577373e-27
-5.121412878443115953e-27
-4.924846305343132623e-27
-4.735825910951247360e-27
-4.554058568729924428e-27
-4.379268100325138696e-27
-4.211186416288631461e-27
-4.049555442007854834e-27
-3.894128658449927249e-27
-3.744665324371800301e-27
-3.600940491155969560e-27
-3.462733062044819373e-27
-3.329828488442545002e-27
-3.202025895855946857e-27
-3.079128261651714124e-27
-2.960947615067274609e-27
-2.847302726094861473e-27
-2.738018912888518794e-27
-2.632929775101051515e-27
-2.531874304989108862e-27
-2.434697850378156542e-27
-2.341251536883493419e-27
-2.251391112352284891e-27
-2.164979835758479464e-27
-2.081885780900886612e-27
-2.001980295659221268e-27
-1.925141661260998157e-27
-1.851252588572604099e-27
-1.780198869948336929e-27
-1.711873038497299840e-27
-1.646169168072551534e-27
-1.582987495502972752e-27
-1.522230472436880281e-27
-1.463805269050954655e-27
-1.407622522195776308e-27
-1.353596239099328348e-27
-1.301643701070499345e-27
-1.251684982016597228e-27
-1.203643911408321481e-27
-1.157446629832304855e-27
-1.113022648252582776e-27
-1.070303499859632278e-27
-1.029224280814327511e-27
-9.897214354285036974e-28
-9.517348746878959543e-28
-9.152060503221949099e-28
-8.800793029560077733e-28
-8.463008991438861405e-28
-8.138189350738287755e-28
-7.825835291602760489e-28
-7.525469664888557669e-28
-7.236633136303942940e-28
-6.958882741961707238e-28
-6.691793814309113176e-28
-6.434953722855575790e-28
-6.187971985304870567e-28
-5.950470637905411513e-28
-5.722084235450251149e-28
-5.502464184619455387e-28
-5.291274410637728652e-28
-5.088187986897011212e-28
-4.892896764606201109e-28
-4.705102706106404419e-28
-4.524514514493532571e-28
-4.350857744750510386e-28
-4.183867100027498520e-28
-4.023285227935678231e-28
-3.868865609442167950e-28
-3.720374244058724630e-28
-3.577581223898237045e-28
-3.440269159618232484e-28
-3.308227884113529690e-28
-3.181254452516238860e-28
-3.059153864419490784e-28
-2.941739304618679902e-28
-2.828831902370221249e-28
-2.720258083237876924e-28
-2.615851254281457433e-28
-2.515452044798064731e-28
-2.418905417427175646e-28
-2.326065482975502845e-28
-2.236787796697217285e-28
-2.150936821272482715e-28
-2.068381352723837753e-28
-1.988993196339359125e-28
-1.912653064833116346e-28
-1.839242994996015698e-28
-1.768650801408796624e-28
-1.700768270882708867e-28
-1.635490801347647895e-28
-1.572718485187748620e-28
-1.512355627758899302e-28
-1.454309062200040207e-28
-1.398490797586837144e-28
-1.344815009666143356e-28
-1.293199244562214766e-28
-1.243564779888574545e-28
-1.195835300671176348e-28
-1.149937741942754985e-28
-1.105801566519097274e-28
-1.063359366852149660e-28
-1.022546263176910600e-28
-9.832997831408090321e-29
-9.455596210624613309e-29
-9.092679990435358795e-29
-8.743691854862669722e-29
-8.408099163906301496e-29
-8.085385527599915288e-29
-7.775056222689046628e-29
-7.476636387071782538e-29
-7.189672825358084396e-29
-6.913724379220066001e-29
-6.648365538510639298e-29
-6.393193061647698209e-29
-6.147813336698858595e-29
-5.911852612884287805e-29
-5.684946769073875129e-29
-5.466750943436953727e-29
-5.256928098233255833e-29
-5.055161658728172795e-29
-4.861139865011956929e-29
-4.674562994237012972e-29
-4.495147573589651427e-29
-4.322618255273135681e-29
-4.156710524846666301e-29
-3.997171002151934841e-29
-3.843755033900693359e-29
-3.696227596454415850e-29
-3.554362393044636815e-29
-3.417942154699505069e-29
-3.286756232831353257e-29
-3.160606015914666445e-29
-3.039297707248790669e-29
-2.922645334223471035e-29
-2.810471049245405536e-29
-2.702601819546153129e-29
-2.598872436447671848e-29
-2.499124913509211177e-29
-2.403205627725050853e-29
-2.310967275547100634e-29
-2.222269474738007918e-29
-2.136975604642342737e-29
-2.054955815452135856e-29
-1.976084018941340674e-29
-1.900239393098602274e-29
-1.827306081200703610e-29
-1.757171837643073364e-29
-1.689729532572554996e-29
-1.624875195864806976e-29
-1.562510424536733268e-29
-1.502539223017668323e-29
-1.444869658245423029e-29
-1.389413859666284720e-29
-1.336086815528801928e-29
-1.284806071957230573e-29
-1.235493914669049094e-29
-1.188074058782866526e-29
-1.142474357157406802e-29
-1.098624769137270525e-29
-1.056457811942765691e-29
-1.015909538681207566e-29
-9.769177327875958293e-30
-9.394224346460837365e-30
-9.033664682114472920e-30
-8.686940116079546471e-30
-8.353524026886889631e-30
-8.032907848660562648e-30
-7.724595052586778186e-30
-7.428113183976053752e-30
-7.143011605314058113e-30
-6.868853973097766037e-30
-6.605220494784611868e-30
-6.351702662577797844e-30
-6.107916042804831046e-30
-5.873487110380794183e-30
-5.648055881915691437e-30
-5.431276291872640727e-30
-5.222815440251489181e-30
-5.022357730328928032e-30
-4.829593583912724721e-30
-4.644228845296529481e-30
-4.465977258096030066e-30
-4.294568364570989286e-30
-4.129739230145015210e-30
-3.971234443405561173e-30
-3.818813263109578770e-30
-3.672242847336057122e-30
-3.531297125011446087e-30
-3.395762062124347943e-30
-3.265428890878056651e-30
-3.140097683193384357e-30
-3.019576598392276863e-30
-2.903681130881429104e-30
-2.792234486310477407e-30
-2.685065324622845915e-30
-2.582009452767611772e-30
-2.482908884304024462e-30
-2.387611651322409679e-30
-2.295972368681457724e-30
-2.207849977059069921e-30
-2.123109811822416070e-30
-2.041622474553357653e-30
-1.963262140336582652e-30
-1.887909755104239786e-30
-1.815450026370400405e-30
-1.745771235151962359e-30
-1.678766364443226787e-30
-1.614333663453186512e-30
-1.552373168142247606e-30
-1.492791309160084615e-30
-1.435496021789141138e-30
-1.380399849249715996e-30
-1.327418814225386445e-30
-1.276470726151142992e-30
-1.227478284518475561e-30
-1.180366163649383462e-30
-1.135062235210500238e-30
-1.091497192054901408e-30
-1.049604266103460265e-30
-1.009319322384395946e-30
-9.705802947959850339e-31
-9.333284086206864139e-31
-8.975061116550838270e-31
-8.630586728822029876e-31
-8.299334301551270572e-31
-7.980795080783524472e-31
-7.674481001264330162e-31
-7.379924216242060371e-31
-7.096672395490518684e-31
-6.824292486890862170e-31
-6.562369776036120725e-31
-6.310497071683169510e-31
-6.068292573266861445e-31
-5.835383413979115700e-31
-5.611414594525983946e-31
-5.396041459963805086e-31
-5.188934871874348881e-31
-4.989777916980633643e-31
-4.798264026355964917e-31
-4.614102147599079107e-31
-4.437007340879336889e-31
-4.266709712693789466e-31
-4.102947833098813962e-31
-3.945471086698815065e-31
-3.794037086558653219e-31
-3.648417316576528572e-31
-3.508387257331434066e-31
-3.373731088060558729e-31
-3.244243567450248991e-31
-3.119725096559735226e-31
-2.999985715501924554e-31
-2.884841106762608039e-31
-2.774117532276734147e-31
-2.667643134770212660e-31
-2.565255460923759938e-31
-2.466797934889846452e-31
-2.372119388094956456e-31
-2.281074999635068644e-31
-2.193524180385824671e-31
-2.109333159090100959e-31
-2.028374277061398209e-31
-1.950523637195139752e-31
-1.875660046023755810e-31
-1.803670068342392032e-31
-1.734443207682071123e-31
-1.667873199353478748e-31
-1.603858363095268779e-31
-1.542300310030277391e-31
-1.483105118159873883e-31
-1.426181334023564282e-31
-1.371442676335998231e-31
-1.318804979701656854e-31
-1.268187252559768496e-31
-1.219512147382049050e-31
-1.172705725573831795e-31
-1.127695694232541160e-31
-1.084413286938654041e-31
-1.042792088261348978e-31
-1.002768386406811404e-31
-9.642811732182336419e-32
-9.272709099067465430e-32
-8.916811139687930964e-32
-8.574571836917776067e-32
-8.245468683518060234e-32
-7.928997392412280702e-32
-7.624672484433547866e-32
-7.332029051566111513e-32
-7.050617467220782117e-32
-6.780006912717983310e-32
-6.519780087563173180e-32
-6.269542025654475437e-32
-6.028910103580697428e-32
-5.797511101885453077e-32
-5.574995310999372752e-32
-5.361019486572016346e-32
-5.155258604415381496e-32
-4.957392930066044540e-32
-4.767123006338133500e-32
-4.584155253517530510e-32
-4.408209022327976750e-32
-4.239016887804660147e-32
-4.076317008580935039e-32
-3.919863412463891861e-32
-3.769413947617261222e-32
-3.624739980389808187e-32
-3.485617872981288815e-32
-3.351835154787791980e-32
-3.223187583665862307e-32
-3.099477382690973947e-32
-2.980515885019819924e-32
-2.866118538039321137e-32
-2.756113425700669827e-32
-2.650331276817347586e-32
-2.548608109927414703e-32
-2.450789200586944195e-32
-2.356724967139793926e-32
-2.266270970717606608e-32
-2.179288649923779063e-32
-2.095644586149492962e-32
-2.015210503573714823e-32
-1.937864003847165274e-32
-1.863486215103617413e-32
-1.791963702138216888e-32
-1.723185821545192551e-32
-1.657047660453733514e-32
-1.593448273286462912e-32
-1.532290094012262496e-32
-1.473478642272684924e-32
-1.416924874370655408e-32
-1.362541215977037688e-32
-1.310245529424068056e-32
-1.259956705601539774e-32
-1.211598190439855541e-32
-1.165095560452928921e-32
-1.120377698232535165e-32
-1.077376131232738875e-32
-1.036024958301497077e-32
-9.962612170226438522e-33
-9.580235612847456618e-33
-9.212535102438490974e-33
-8.858947136395116156e-33
-8.518930987315953910e-33
-8.191965029582826848e-33
-7.877549678096635497e-33
-7.575200041437665663e-33
-7.284456207441158127e-33
-7.004869284201892627e-33
-6.736013155017696083e-33
-6.477477131549749961e-33
-6.228864484454651736e-33
-5.989793178068384167e-33
-5.759897339774253815e-33
-5.538825790634952523e-33
-5.326239106656680356e-33
-5.121812557525022655e-33
-4.925230596475180563e-33
-4.736193839789679029e-33
-4.554413189326612697e-33
-4.379609465177661274e-33
-4.211514875036028056e-33
-4.049872279512470669e-33
-3.894433355425377904e-33
-3.744959697826723616e-33
-3.601224656711989883e-33
-3.463004888154520471e-33
-3.330090639881090526e-33
-3.202277669748244678e-33
-3.079370735491151035e-33
-2.961179921303754874e-33
-2.847526331639540426e-33
-2.738234560700845929e-33
-2.633137467884663839e-33
-2.532075075756686934e-33
-2.434891080302454315e-33
-2.341437075360174666e-33
-2.251569430213856890e-33
-2.165151493645217896e-33
-2.082050287855820913e-33
-2.002139079860967912e-33
-1.925294442753822554e-33
-1.851399010770294925e-33
-1.780340560934079962e-33
-1.712008523307803441e-33
-1.646299491122791465e-33
-1.583112261662277928e-33
-1.522349856642319991e-33
-1.463920073224775030e-33
-1.407732912623408215e-33
-1.353702416813815666e-33
-1.301746025684951348e-33
-1.251783475013173177e-33
-1.203738449501173863e-33
-1.157537480752027012e-33
-1.113109396256210182e-33
-1.070386696924047249e-33
-1.029303995882273722e-33
-9.897981103095329047e-34
-9.518083369428643642e-34
-9.152769112551847242e-34
-8.801474462518529780e-34
-8.463663100031128587e-34
-8.138816154536351015e-34
-7.826437714354943908e-34
-7.526050234906885715e-34
-7.237191324469020948e-34
-6.959420172659791250e-34
-6.692308826067100382e-34
-6.435450912620449233e-34
-6.188450162153916070e-34
-5.950927753245849180e-34
-5.722521854041386078e-34
-5.502883030477645607e-34
-5.291675164638689519e-34
-5.088573618045599316e-34
-4.893267527543880196e-34
-4.705457509416057109e-34
-4.524855659381674752e-34
-4.351185093419816782e-34
-4.184181325301548184e-34
-4.023585378927703422e-34
-3.869155267765906191e-34
-3.720653597058588082e-34
-3.577850318887873328e-34
-3.440528012716607885e-34
-3.308475916081109162e-34
-3.181492679656050764e-34
-3.059383153012096959e-34
-2.941960680503306631e-34
-2.829044805379729327e-34
-2.720463336086068813e-34
-2.616048672841836755e-34
-2.515640792294977854e-34
-2.419087247521869844e-34
-2.326239265018736779e-34
-2.236954958944014564e-34
-2.151098183174648975e-34
-2.068536694596172506e-34
-1.989143530635146734e-34
-1.912797927614123900e-34
-1.839382565686762170e-34
-1.768784601987157414e-34
-1.700896474190434583e-34
