-6.631898880004882812e-02
-7.426919043064117432e-02
-7.833167910575866699e-02
-6.953919678926467896e-02
-6.049161776900291443e-02
-5.667183920741081238e-02
-5.413654074072837830e-02
-5.104490369558334351e-02
-5.623330175876617432e-02
-5.700421705842018127e-02
-6.545048952102661133e-02
-6.832174956798553467e-02
-7.386934012174606323e-02
-7.426506280899047852e-02
-7.583399862051010132e-02
-7.579064369201660156e-02
-7.819793373346328735e-02
-8.172898739576339722e-02
-8.254143595695495605e-02
-8.258730173110961914e-02
-7.912568747997283936e-02
-8.175972849130630493e-02
-8.092258870601654053e-02
-8.380560576915740967e-02
-8.225230872631072998e-02
-8.353463560342788696e-02
-8.010248094797134399e-02
-8.229571580886840820e-02
-8.206380158662796021e-02
-8.349677175283432007e-02
-8.180796355009078979e-02
-8.295854181051254272e-02
-8.388847857713699341e-02
-8.428218215703964233e-02
-8.331698924303054810e-02
-8.158442378044128418e-02
-8.138996362686157227e-02
-8.207309246063232422e-02
-8.073610812425613403e-02
-8.055074512958526611e-02
-7.950192689895629883e-02
-7.938948273658752441e-02
-7.915536314249038696e-02
-7.931943982839584351e-02
-7.872724533081054688e-02
-7.729281485080718994e-02
-7.482651621103286743e-02
-7.386447489261627197e-02
-7.263553887605667114e-02
-7.118657231330871582e-02
-7.060734927654266357e-02
-7.002062350511550903e-02
-6.862715631723403931e-02
-6.803047657012939453e-02
-6.583631038665771484e-02
-6.464177370071411133e-02
-6.369233876466751099e-02
-6.264613568782806396e-02
-6.190149858593940735e-02
-6.070057675242424011e-02
-5.991581454873085022e-02
-5.834070593118667603e-02
-5.662484467029571533e-02
-5.600475147366523743e-02
-5.454966798424720764e-02
-5.320223793387413025e-02
-5.196427926421165466e-02
-5.165287852287292480e-02
-5.045918375253677368e-02
-4.985895752906799316e-02
-4.899838194251060486e-02
-4.757557064294815063e-02
-4.704771935939788818e-02
-4.602621123194694519e-02
-4.501124471426010132e-02
-4.375031217932701111e-02
-4.247099533677101135e-02
-4.166354238986968994e-02
-4.069323465228080750e-02
-3.993340581655502319e-02
-3.861423954367637634e-02
-3.790724650025367737e-02
-3.696012496948242188e-02
-3.599616140127182007e-02
-3.507549315690994263e-02
-3.442852199077606201e-02
-3.350568190217018127e-02
-3.243196010589599609e-02
-3.169053792953491211e-02
-3.087416104972362518e-02
-3.007371909916400909e-02
-2.932165190577507019e-02
-2.855520881712436676e-02
-2.765179611742496490e-02
-2.683056332170963287e-02
-2.602811343967914581e-02
-2.542365156114101410e-02
-2.451765723526477814e-02
-2.389900758862495422e-02
-2.323684841394424438e-02
-2.256786078214645386e-02
-2.190283127129077911e-02
-2.121879719197750092e-02
-2.058659866452217102e-02
-1.999937556684017181e-02
-1.936283707618713379e-02
-1.872266642749309540e-02
-1.818800158798694611e-02
-1.764101907610893250e-02
-1.712617650628089905e-02
-1.657744683325290680e-02
-1.599882356822490692e-02
-1.553151663392782211e-02
-1.499227620661258698e-02
-1.448436174541711807e-02
-1.400114130228757858e-02
-1.356403343379497528e-02
-1.310082338750362396e-02
-1.264353189617395401e-02
-1.225984748452901840e-02
-1.183719187974929810e-02
-1.142658106982707977e-02
-1.104810554534196854e-02
-1.065345760434865952e-02
-1.028549764305353165e-02
-9.938642382621765137e-03
-9.595380164682865143e-03
-9.263765998184680939e-03
-8.937831968069076538e-03
-8.618972264230251312e-03
-8.329435251653194427e-03
-8.033827878534793854e-03
-7.745159789919853210e-03
-7.478901185095310211e-03
-7.205289788544178009e-03
-6.952660158276557922e-03
-6.697765551507472992e-03
-6.455759517848491669e-03
-6.225783843547105789e-03
-6.004352588206529617e-03
-5.782976280897855759e-03
-5.581449251621961594e-03
-5.373171996325254440e-03
-5.173654761165380478e-03
-4.987578839063644409e-03
-4.801142029464244843e-03
-4.625458270311355591e-03
-4.458986222743988037e-03
-4.292063415050506592e-03
-4.132599104195833206e-03
-3.981313202530145645e-03
-3.832815913483500481e-03
-3.692021127790212631e-03
-3.555941162630915642e-03
-3.424463327974081039e-03
-3.295425791293382645e-03
-3.173182951286435127e-03
-3.055741544812917709e-03
-2.941204234957695007e-03
-2.832415746524930000e-03
-2.727161161601543427e-03
-2.624496584758162498e-03
-2.527105156332254410e-03
-2.431754721328616142e-03
-2.341061132028698921e-03
-2.252918435260653496e-03
-2.168292878195643425e-03
-2.087183063849806786e-03
-2.008169656619429588e-03
-1.932409708388149738e-03
-1.858890522271394730e-03
-1.788866007700562477e-03
-1.721541397273540497e-03
-1.656100037507712841e-03
-1.593369757756590843e-03
-1.533282571472227573e-03
-1.475242665037512779e-03
-1.419006031937897205e-03
-1.365056959912180901e-03
-1.313311979174613953e-03
-1.263461192138493061e-03
-1.215349650010466576e-03
-1.169299823231995106e-03
-1.124885398894548416e-03
-1.082062139175832272e-03
-1.040769508108496666e-03
-1.001366996206343174e-03
-9.631380671635270119e-04
-9.264767868444323540e-04
-8.911584736779332161e-04
-8.571745129302144051e-04
-8.244726341217756271e-04
-7.929726853035390377e-04
-7.627981249243021011e-04
-7.337054121308028698e-04
-7.056391914375126362e-04
-6.786940502934157848e-04
-6.528768572025001049e-04
-6.278784712776541710e-04
-6.039176369085907936e-04
-5.808766582049429417e-04
-5.586346960626542568e-04
-5.373017047531902790e-04
-5.167566123418509960e-04
-4.969935980625450611e-04
-4.779896698892116547e-04
-4.597551014740020037e-04
-4.421583435032516718e-04
-4.252343496773391962e-04
-4.090121365152299404e-04
-3.933430125471204519e-04
-3.782875719480216503e-04
-3.637898771557956934e-04
-3.498645673971623182e-04
-3.364668518770486116e-04
-3.235897165723145008e-04
-3.111991973128169775e-04
-2.992933732457458973e-04
-2.878283557947725058e-04
-2.767902333289384842e-04
-2.661877952050417662e-04
-2.559820422902703285e-04
-2.461772237438708544e-04
-2.367438864894211292e-04
-2.276740997331216931e-04
-2.189495135098695755e-04
-2.105593594023957849e-04
-2.024897839874029160e-04
-1.947215205291286111e-04
-1.872617285698652267e-04
-1.800827012630179524e-04
-1.731771335471421480e-04
-1.665358286118134856e-04
-1.601463445695117116e-04
-1.540115044917911291e-04
-1.481056242482736707e-04
-1.424302317900583148e-04
-1.369669917039573193e-04
-1.317132264375686646e-04
-1.266608451260253787e-04
-1.218040051753632724e-04
-1.171300900750793517e-04
-1.126344868680462241e-04
-1.083114475477486849e-04
-1.041543146129697561e-04
-1.001567579805850983e-04
-9.631262946641072631e-05
-9.261602826882153749e-05
-8.906130824470892549e-05
-8.564301970181986690e-05
-8.235593122662976384e-05
-7.919502240838482976e-05
-7.615541107952594757e-05
-7.323246973101049662e-05
-7.042174547677859664e-05
-6.771888001821935177e-05
-6.511975516332313418e-05
-6.262037641135975718e-05
-6.021692024660296738e-05
-5.790572322439402342e-05
-5.568323103943839669e-05
-5.354604218155145645e-05
-5.149089702172204852e-05
-4.951460505253635347e-05
-4.761417585541494191e-05
-4.578668813337571919e-05
-4.402933336677961051e-05
-4.233943400322459638e-05
-4.071439252584241331e-05
-3.915173510904423892e-05
-3.764904613490216434e-05
-3.620403367676772177e-05
-3.481447856756858528e-05
-3.347825622768141329e-05
-3.219331483705900609e-05
-3.095769352512434125e-05
-2.976948599098250270e-05
-2.862689689209219068e-05
-2.752815635176375508e-05
-2.647159089974593371e-05
-2.545558527344837785e-05
-2.447857150400523096e-05
-2.353905438212677836e-05
-2.263559326820541173e-05
-2.176681118726264685e-05
-2.093137118208687752e-05
-2.012799814110621810e-05
-1.935546424647327513e-05
-1.861257987911812961e-05
-1.789820817066356540e-05
-1.721125408948864788e-05
-1.655066807870753109e-05
-1.591542968526482582e-05
-1.530457302578724921e-05
-1.471716223022667691e-05
-1.415230053680716082e-05
-1.360911937808850780e-05
-1.308678292843978852e-05
-1.258449901797575876e-05
-1.210149002872640267e-05
-1.163701654149917886e-05
-1.119036824093200266e-05
-1.076086755347205326e-05
-1.034785236697643995e-05
-9.950687854143325239e-06
-9.568769200996030122e-06
-9.201507964462507516e-06
-8.848342986311763525e-06
-8.508730388712137938e-06
-8.182149940694216639e-06
-7.868112334108445793e-06
-7.566125077573815361e-06
-7.275727966771228239e-06
-6.996477168286219239e-06
-6.727944310114253312e-06
-6.469717845902778208e-06
-6.221402145456522703e-06
-5.982617494737496600e-06
-5.752996912633534521e-06
-5.532189334189752117e-06
-5.319858246366493404e-06
-5.115675776323769242e-06
-4.919328148389467970e-06
-4.730517503048758954e-06
-4.548954166239127517e-06
-4.374358923087129369e-06
-4.206465291645145044e-06
-4.045015430165221915e-06
-3.889762410835828632e-06
-3.740469082913477905e-06
-3.596905116864945740e-06
-3.458851324467104860e-06
-3.326096020828117616e-06
-3.198436161255813204e-06
-3.075676431762985885e-06
-2.957628566946368665e-06
-2.844110895239282399e-06
-2.734950840022065677e-06
-2.629980144774890505e-06
-2.529037828935543075e-06
-2.431969278404721990e-06
-2.338627609788090922e-06
-2.248867531307041645e-06
-2.162553528251009993e-06
-2.079551677525159903e-06
-1.999736696234322153e-06
-1.922983983604353853e-06
-1.849178374868643004e-06
-1.778204591573739890e-06
-1.709954631223808974e-06
-1.644324811422848143e-06
-1.581213155077421106e-06
-1.520524278930679429e-06
-1.462164505028340500e-06
-1.406045385010656901e-06
-1.352079266325745266e-06
-1.300184749197796918e-06
-1.250282252840406727e-06
-1.202294697577599436e-06
-1.156149437520070933e-06
-1.111774395212705713e-06
-1.069102950168598909e-06
-1.028069732456060592e-06
-9.886110774459666573e-07
-9.506669016445812304e-07
-9.141792816080851480e-07
-8.790920560386439320e-07
-8.453513942185963970e-07
-8.129056823236169294e-07
-7.817050686753646005e-07
-7.517021458625094965e-07
-7.228509844026120845e-07
-6.951071895855420735e-07
-6.684280720037349965e-07
-6.427729317692865152e-07
-6.181025469231826719e-07
-5.943790029050433077e-07
-5.715659199267975055e-07
-5.496286803463590331e-07
-5.285331212689925451e-07
-5.082475240669737104e-07
-4.887402837994159199e-07
-4.699818703102209838e-07
-4.519433787208981812e-07
-4.345972399733000202e-07
-4.179169081908185035e-07
-4.018767469915474067e-07
-3.864522568619577214e-07
-3.716197625180939212e-07
-3.573565265924116829e-07
-3.436407780554873170e-07
-3.304514564206328942e-07
-3.177682970090245362e-07
-3.055720583233778598e-07
-2.938438399269216461e-07
-2.825658498295524623e-07
-2.717206086799706100e-07
-2.612916318867064547e-07
-2.512630032924789703e-07
-2.416192330656485865e-07
-2.323455419173114933e-07
-2.234278753121543559e-07
-2.148524345102487132e-07
-2.066061597361112945e-07
-1.986763891181908548e-07
-1.910509155322870356e-07
-1.837181571318069473e-07
-1.766668162872520043e-07
-1.698861353816027986e-07
-1.633657120692078024e-07
-1.570955276974927983e-07
-1.510660325720891706e-07
-1.452679185831584618e-07
-1.396923892116319621e-07
-1.343308184686975437e-07
-1.291750351128939656e-07
-1.242171236981448601e-07
-1.194495240497417399e-07
-1.148648678395147726e-07
-1.104562130649355822e-07
-1.062167456211682293e-07
-1.021400066747446544e-07
-9.821977187129959930e-08
-9.444998028129703016e-08
-9.082488361400464782e-08
-8.733889700351937790e-08
-8.398672690645980765e-08
-8.076321478256431874e-08
-7.766343657067409367e-08
-7.468262452903218218e-08
-7.181620986784764682e-08
-6.905982985472292057e-08
-6.640921412781608524e-08
-6.386033390981538105e-08
-6.140929542652884265e-08
-5.905231148517486872e-08
-5.678579739765154955e-08
-5.460627860998101823e-08
-5.251042267673255992e-08
-5.049501439202686015e-08
-4.855695934224968369e-08
-4.669327680062451691e-08
-4.490112814892199822e-08
-4.317774937590002082e-08
-4.152053634243202396e-08
-3.992692754195559246e-08
-3.839447870745971159e-08
-3.692085570605740941e-08
-3.550379190642161120e-08
-3.414111660049456987e-08
-3.283073723991947190e-08
-3.157063588332675863e-08
-3.035891893432562938e-08
-2.919370878373683809e-08
-2.807321841657994810e-08
-2.699573720121861697e-08
-2.595960957307852368e-08
-2.496324924550208380e-08
-2.400512855160741310e-08
-2.308378377335884579e-08
-2.219779560164170107e-08
-2.134581222890119534e-08
-2.052653158557404822e-08
-1.973869601101796434e-08
-1.898109580622531212e-08
-1.825257456289364200e-08
-1.755201850528465002e-08
-1.687834938479682023e-08
-1.623053513810646109e-08
-1.560757922902666905e-08
-1.500854374114624079e-08
-1.443250230437342907e-08
-1.387856585211011406e-08
-1.334589061485758066e-08
-1.283365680393444563e-08
-1.234108548686663198e-08
-1.186741815928371580e-08
-1.141193362030890057e-08
-1.097393020899062321e-08
-1.055273823880042983e-08
-1.014771200402719842e-08
-9.758225338885040401e-09
-9.383693821973793092e-09
-9.023536584606972610e-09
-8.677200291629105777e-09
-8.344158253237310419e-09
-8.023902431375518063e-09
-7.715933669771857240e-09
-7.419787895202034633e-09
-7.135009028047534230e-09
-6.861157419990604467e-09
-6.597818291709245386e-09
-6.344584857487234331e-09
-6.101071647890421445e-09
-5.866905183893322828e-09
-5.641725753235959928e-09
-5.425191407226748197e-09
-5.216965082155411437e-09
-5.016731918772165955e-09
-4.824182830986956105e-09
-4.639025164010490698e-09
-4.460973368480836143e-09
-4.289754329533934651e-09
-4.125109143160443637e-09
-3.966783790332328863e-09
-3.814533133805753096e-09
-3.668127357414618928e-09
-3.527339975661902827e-09
-3.391956493459247213e-09
-3.261769077056442256e-09
-3.136576776086030804e-09
-3.016190630589221655e-09
-2.900425233320902407e-09
-2.789103392686342886e-09
-2.682055022518170517e-09
-2.579114033451901378e-09
-2.480124106085668245e-09
-2.384934694177331949e-09
-2.293397916020012417e-09
-2.205374549646421656e-09
-2.120729147847555396e-09
-2.039332702707952194e-09
-1.961061091293458958e-09
-1.885793077249786620e-09
-1.813413974538491402e-09
-1.743812871879413251e-09
-1.676883187862188151e-09
-1.612522226857038277e-09
-1.550631290037074450e-09
-1.491116230489808459e-09
-1.433885232771103801e-09
-1.378851144373527404e-09
-1.325929255280300367e-09
-1.275038630232927517e-09
-1.226101442597382629e-09
-1.179042197207991194e-09
-1.133789062635059963e-09
-1.090273094028759715e-09
-1.048426900851495702e-09
-1.008187200390864291e-09
-9.694917091351840099e-10
-9.322812521972423383e-10
-8.964991526916321618e-10
-8.620903435563320727e-10
-8.290023112422773011e-10
-7.971840965126375522e-10
-7.665873491546904006e-10
-7.371647736675868146e-10
-7.088715170411319377e-10
-6.816641695550629265e-10
-6.555009313125026438e-10
-6.303419453068670464e-10
-6.061488533326553352e-10
-5.828840188293327174e-10
-5.605122477270185755e-10
-5.389991786231007609e-10
-5.183117823825966752e-10
-4.984184176493045015e-10
-4.792884977788958167e-10
-4.608927406390961323e-10
-4.432030853429580475e-10
-4.261924146931050927e-10
-4.098346384484585769e-10
-3.941047765909644340e-10
-3.789785707475346044e-10
-3.644329005236812691e-10
-3.504455059477606937e-10
-3.369949874709732285e-10
-3.240606949450608454e-10
-3.116228664001852167e-10
-2.996624615114740209e-10
-2.881610783322940961e-10
-2.771011198277051335e-10
-2.664656828521572152e-10
-2.562383916160371200e-10
-2.464035919746976333e-10
-2.369462959173063155e-10
-2.278519595222405769e-10
-2.191067050016926032e-10
-2.106970709014888143e-10
-2.026102480234825975e-10
-1.948338573809493823e-10
-1.873558946874354092e-10
-1.801649385235748468e-10
-1.732499976814239062e-10
-1.666004278977339936e-10
-1.602060706318297889e-10
-1.540571836766702063e-10
-1.481442746253947007e-10
-1.424583367937160006e-10
-1.369906549308907984e-10
-1.317327913419319430e-10
-1.266767524210621332e-10
-1.218147110959577617e-10
-1.171392843835050712e-10
-1.126433044063013256e-10
-1.083199155371694644e-10
-1.041624703157495446e-10
-1.001645918985438755e-10
-9.632016018112921074e-11
-9.262328404258113324e-11
-8.906825971211063120e-11
-8.564966097468484918e-11
-8.236232529323928020e-11
-7.920115258075455245e-11
-7.616131336707354649e-11
-7.323814471549283667e-11
-7.042718491723221064e-11
-6.772410410249563029e-11
-6.512475281272855909e-11
-6.262515506172405821e-11
-6.022152915230449821e-11
-5.791015930678433676e-11
-5.568750668927258118e-11
-5.355015042507460521e-11
-5.149483270350252440e-11
-4.951840326672396486e-11
-4.761782634865596719e-11
-4.579019455275279427e-11
-4.403271150477117146e-11
-4.234267450553552692e-11
-4.071751963374836691e-11
-3.915473500981647703e-11
-3.765191630700215342e-11
-3.620678062921101059e-11
-3.481711793873465410e-11
-3.348079105625068053e-11
-3.219575300805743723e-11
-3.096003661773316651e-11
-2.977175103668905365e-11
-2.862908174416922691e-11
-2.753025758750471397e-11
-2.647361149743510111e-11
-2.545751977278687406e-11
-2.448042636660208160e-11
-2.354083941669138369e-11
-2.263731563312276762e-11
-2.176846376766850000e-11
-2.093296889993379040e-11
-2.012953692620556012e-11
-1.935694139698629357e-11
-1.861398882252451870e-11
-1.789956377562518242e-11
-1.721254909436975566e-11
-1.655191261829003224e-11
-1.591662912581170986e-11
-1.530573411068214540e-11
-1.471828041388345554e-11
-1.415337552018725020e-11
-1.361015206785554099e-11
-1.308777652225812105e-11
-1.258545351268125501e-11
-1.210240414828422928e-11
-1.163789984520713361e-11
-1.119122156056917561e-11
-1.076169275221472432e-11
-1.034864381688205270e-11
-9.951449386758071114e-12
-9.569503175987925658e-12
-9.202211909142832269e-12
-8.849021342072216356e-12
-8.509379832710717295e-12
-8.182779107079873882e-12
-7.868715228009914853e-12
-7.566705075012780668e-12
-7.276283742196909543e-12
-6.997012778203748340e-12
-6.728459369526040845e-12
-6.470212820380849550e-12
-6.221878481177389730e-12
-5.983072110665732524e-12
-5.753433753724612743e-12
-5.532609526764931118e-12
-5.320262893432348150e-12
-5.116064256266428245e-12
-4.919701798722364572e-12
-4.730878883085765096e-12
-4.549301907408320744e-12
-4.374693749614744220e-12
-4.206788563332342079e-12
-4.045325706358848805e-12
-3.890062317407627646e-12
-3.740756402553779836e-12
-3.597181797224124900e-12
-3.459117757856344788e-12
-3.326352431345935834e-12
-3.198682855046208751e-12
-3.075913872566116147e-12
-2.957856182206342055e-12
-2.844330456927557371e-12
-2.735161272818253941e-12
-2.630182963786475980e-12
-2.529233333187219657e-12
-2.432158424311992029e-12
-2.338809701463162583e-12
-2.249043399432659740e-12
-2.162722691906315831e-12
-2.079714872538218629e-12
-1.999892872833752833e-12
-1.923134828468731072e-12
-1.849322561406352428e-12
-1.778343097780243909e-12
-1.710088342633808711e-12
-1.644453019936098492e-12
-1.581337166246810089e-12
-1.520643745471506048e-12
-1.462279407803135367e-12
-1.406155140243336987e-12
-1.352185182400267305e-12
-1.300286701227948427e-12
-1.250380224707137167e-12
-1.202389099744238798e-12
-1.156239925852176054e-12
-1.111861904629085629e-12
-1.069187598699838926e-12
-1.028150763311697080e-12
-9.886890568397421752e-13
-9.507418723825322715e-13
-9.142513135440566430e-13
-8.791608391810201706e-13
-8.454175944375141860e-13
-8.129693207688248879e-13
-7.817664701356696888e-13
-7.517615002727850992e-13
-7.229080073271887397e-13
-6.951619726906776986e-13
-6.684806787976560472e-13
-6.428235764868728275e-13
-6.181512007992495672e-13
-5.944259299194010193e-13
-5.716111178138971738e-13
-5.496720158031098702e-13
-5.285750136196920579e-13
-5.082875309883605475e-13
-4.887787223573081263e-13
-4.700188263769000674e-13
-4.519788406390223834e-13
-4.346311721983853182e-13
-4.179493936270345378e-13
-4.019080261739166327e-13
-3.864823229244446212e-13
-3.716486753763126316e-13
-3.573843423889527804e-13
-3.436674772885894846e-13
-3.304769381328592770e-13
-3.177928298118970485e-13
-3.055955282663808115e-13
-2.938664123239981274e-13
-2.825874571236314248e-13
-2.717414238507381841e-13
-2.613116971070250649e-13
-2.512822307003392819e-13
-2.416376018547772286e-13
-2.323632551561732873e-13
-2.234448791358506492e-13
-2.148687992939088409e-13
-2.066218967840607879e-13
-1.986914864408884096e-13
-1.910655065152228049e-13
-1.837321663084381940e-13
-1.766802985381579760e-13
-1.698990882877116082e-13
-1.633780865586617614e-13
-1.571074271112388177e-13
-1.510774469935804998e-13
-1.452788762771120568e-13
-1.397028651616005757e-13
-1.343408755549377331e-13
-1.291847081781941076e-13
-1.242264212504562426e-13
-1.194584118039895837e-13
-1.148734563418199461e-13
-1.104645143260897522e-13
-1.062247552831123432e-13
-1.021477214336978523e-13
-9.822715828656375381e-14
-9.445707562470706531e-14
-9.083169329529572344e-14
-8.734546831472289607e-14
-8.399305421102551406e-14
-8.076930102388427124e-14
-7.766928240967793662e-14
-7.468820077379326183e-14
-7.182159055853232221e-14
-6.906498620619719309e-14
-6.641417288084233705e-14
-6.386511192937524561e-14
-6.141390700023854898e-14
-5.905676338582854790e-14
-5.679009305458067314e-14
-5.461043672393833814e-14
-5.251441303837610375e-14
-5.049885070653944985e-14
-4.856063603531426964e-14
-4.669681118564875111e-14
-4.490453351497190881e-14
-4.318104169587569374e-14
-4.152371331435540658e-14
-3.992997677838318327e-14
-3.839741634999345454e-14
-3.692367388946106443e-14
-3.550649967727810552e-14
-3.414371853283602876e-14
-3.283322642629385446e-14
-3.157305146495037462e-14
-3.036124886115869337e-14
-2.919594158990769517e-14
-2.807537290486477460e-14
-2.699780469442216585e-14
-2.596159879685987909e-14
-2.496516109617118173e-14
-2.400695338052385996e-14
-2.308553569390758148e-14
-2.219948163283917003e-14
-2.134743763866891325e-14
-2.052810266878982853e-14
-1.974020617378103443e-14
-1.898255044905511335e-14
-1.825398014167201044e-14
-1.755337208594366649e-14
-1.687965224409296305e-14
-1.623178723592424988e-14
-1.560878942102102845e-14
-1.500970842841647945e-14
-1.443361591000041216e-14
-1.387963603370536564e-14
-1.334691922548524382e-14
-1.283464725151299904e-14
-1.234203660631242108e-14
-1.186833088946161185e-14
-1.141281181702129971e-14
-1.097477296351347456e-14
-1.055354856104159453e-14
-1.014849147643395733e-14
-9.758981681573172806e-15
-9.384422018231426688e-15
-9.024236504004586046e-15
-8.677874567476935586e-15
-8.344809354155283132e-15
-8.024524173941803562e-15
-7.716534523990667416e-15
-7.420364371785517776e-15
-7.135561401732520848e-15
-6.861688968347367037e-15
-6.598328213837639095e-15
-6.345076374036917599e-15
-6.101545084338886454e-15
-5.867360803213806514e-15
-5.642163541659094700e-15
-5.425611098364060275e-15
-5.217369742347485045e-15
-5.017119718671780512e-15
-4.824556095475935127e-15
-4.639384528810778022e-15
-4.461319145056610869e-15
-4.290088470153838665e-15
-4.125430347405286205e-15
-3.967091513959724453e-15
-3.814829718394238678e-15
-3.668412450164807576e-15
-3.527613763232751061e-15
-3.392219146504176983e-15
-3.262021923939955291e-15
-3.136821560489823531e-15
-3.016426838465939043e-15
-2.900653104685800392e-15
-2.789322270472247359e-15
-2.682264929235829085e-15
-2.579316121310067794e-15
-2.480318722083247815e-15
-2.385121112657810627e-15
-2.293577815125065304e-15
-2.205547374982820379e-15
-2.120895961025409671e-15
-2.039493977211903272e-15
-1.961215639149633920e-15
-1.885941303434801944e-15
-1.813556620619528013e-15
-1.743949358838300934e-15
-1.677014486005661172e-15
-1.612648134706451668e-15
-1.550752684393501366e-15
-1.491233161497599376e-15
-1.433997874702205421e-15
-1.378959261976397087e-15
-1.326033255300159384e-15
-1.275138115994082274e-15
-1.226196658180847207e-15
-1.179133813565503772e-15
-1.133877266710180132e-15
-1.090357878550556655e-15
-1.048508733483800252e-15
-1.008265774643274815e-15
-9.695674862611860026e-16
-9.323540466356339783e-16
-8.965689163173895179e-16
-8.621573028626771090e-16
-8.290666372892077814e-16
-7.972461505597054805e-16
-7.666468206423478638e-16
-7.372221136645951481e-16
-7.089266604242100249e-16
-6.817169975430865080e-16
-6.555514615881315264e-16
-6.303906125877385518e-16
-6.061954340867746829e-16
-5.829288683937975443e-16
-5.605553401250224551e-16
-5.390405973856448197e-16
-5.183515529511625169e-16
-4.984564430860535106e-16
-4.793249334228942560e-16
-4.609277483854452764e-16
-4.432368829468879765e-16
-4.262249938248938034e-16
-4.098659553469958822e-16
-3.941348065110298129e-16
-3.790074862873376530e-16
-3.644607012698699092e-16
-3.504722433135407577e-16
-3.370206718968728242e-16
-3.240853670615563868e-16
-3.116466088217881812e-16
-2.996852859966957824e-16
-2.881829226801172058e-16
-2.771220488175153316e-16
-2.664857502197246755e-16
-2.562576685629513887e-16
-2.464221337376712668e-16
-2.369641373788501475e-16
-2.278691211077070976e-16
-2.191232809341798322e-16
-2.107130510962224815e-16
-2.026256069856180236e-16
-1.948485607455128642e-16
-1.873700274448658414e-16
-1.801785456691094205e-16
-1.732630907550394947e-16
-1.666130350861459828e-16
-1.602182407368414347e-16
-1.540688874188936210e-16
-1.481555254209847359e-16
-1.424690491389317957e-16
-1.370009485385928548e-16
-1.317426341764871625e-16
-1.266862048234036124e-16
-1.218238254245801021e-16
-1.171481241463975592e-16
-1.126518217994655169e-16
-1.083281156504263391e-16
-1.041703485497101991e-16
-1.001721545153228888e-16
-9.632743888051111740e-17
-9.263024594486450321e-17
-8.907498396744218771e-17
-8.565616708642171924e-17
-8.236860060755626478e-17
-7.920718909827249767e-17
-7.616711505868290909e-17
-7.324373965991230165e-17
-7.043253656964878519e-17
-6.772925738826628735e-17
-6.512970003825303876e-17
-6.262993375733818743e-17
-6.022612704492438774e-17
-5.791458736675720296e-17
-5.569173468514550360e-17
-5.355423380785947584e-17
-5.149875946883665653e-17
-4.952217499919424456e-17
-4.762145622661274609e-17
-4.579366169683392253e-17
-4.403604186150164763e-17
-4.234588025948429724e-17
-4.072060270471560635e-17
-3.915769456813341374e-17
-3.765476695212866627e-17
-3.620953352948826738e-17
-3.481976753000322431e-17
-3.348334144513805068e-17
-3.219821710186341582e-17
-3.096240264926429205e-17
-2.977403527660120995e-17
-2.863127202546940136e-17
-2.753236754477637942e-17
-2.647564100351743635e-17
-2.545947278205319334e-17
-2.448230612647082558e-17
-2.354264714858406231e-17
-2.263904993668216083e-17
-2.177013806222583291e-17
-2.093457314698396774e-17
-2.013108133281323367e-17
-1.935842681187847648e-17
-1.861542671590374532e-17
-1.790094946181106767e-17
-1.721388662757962246e-17
-1.655319761999881798e-17
-1.591786996999888933e-17
-1.530692264137334862e-17
-1.471942422875246114e-17
-1.415447641399099430e-17
-1.361120900308454231e-17
-1.308879481542055216e-17
-1.258643148580484739e-17
-1.210334973626775370e-17
-1.163881006734164867e-17
-1.119209779497728650e-17
-1.076253049516931093e-17
-1.034945138651135487e-17
-9.952227675834815235e-18
-9.570249731028240457e-18
-9.202930253856717881e-18
-8.849712551767999322e-18
-8.510048204015962121e-18
-8.183424358620823401e-18
-7.869333126686475603e-18
-7.567298052180088184e-18
-7.276855086778018895e-18
-6.997561688852551865e-18
-6.728983588582096757e-18
-6.470717121827727691e-18
-6.222362346763275279e-18
-5.983540001077883958e-18
-5.753885298121417843e-18
-5.533044618182010515e-18
-5.320680057979434061e-18
-5.116464467581423759e-18
-4.920088481438884777e-18
-4.731249765037928983e-18
-4.549659218754469094e-18
-4.375038082722074740e-18
-4.207118764012585016e-18
-4.045644836636108483e-18
-3.890367319228266681e-18
-3.741049638133869443e-18
-3.597463491503852134e-18
-3.459388022114663096e-18
-3.326610851344029338e-18
-3.198930974303100474e-18
-3.076152142391548300e-18
-2.958085758429710725e-18
-2.844551290248898049e-18
-2.735373582354402171e-18
-2.630386371443099930e-18
-2.529427943705237211e-18
-2.432345477522644842e-18
-2.338988839614144447e-18
-2.249215548119223768e-18
-2.162888084261045865e-18
-2.079873892346449113e-18
-2.000046000151406625e-18
-1.923281778150107412e-18
-1.849463146310109531e-18
-1.778478435248718323e-18
-1.710218457125076788e-18
-1.644578056603814122e-18
-1.581457351625964548e-18
-1.520759045071976516e-18
-1.462390596110820655e-18
-1.406262255646034962e-18
-1.352288203689067060e-18
-1.300385825576238217e-18
-1.250474781390554218e-18
-1.202480107889002446e-18
-1.156327255418876560e-18
-1.111945706832956413e-18
-1.069267736718589227e-18
-1.028227687614653604e-18
-9.887631073849017922e-19
-9.508129914591580046e-19
-9.143193337969669605e-19
-8.792267132972876070e-19
-8.454811564251508592e-19
-8.130305508019658761e-19
-7.818254723861326144e-19
-7.518179964009112832e-19
-7.229622660210934738e-19
-6.952140787826958839e-19
-6.685309382817486018e-19
-6.428720024755068215e-19
-6.181977734897211362e-19
-5.944706663053086676e-19
-5.716539230837990904e-19
-5.497131641309831696e-19
-5.286144233429579464e-19
-5.083254923746221373e-19
-4.888153519530050037e-19
-4.700540684796897830e-19
-4.520128457296019729e-19
-4.346640248510093316e-19
-4.179812394618867312e-19
-4.019385626199094628e-19
-3.865116700451896389e-19
-3.716768578432987869e-19
-3.574113785473916985e-19
-3.436935186663888566e-19
-3.305021333958818746e-19
-3.178171377566221993e-19
-3.056188862090616961e-19
-2.938888705869944912e-19
-2.826090480133092716e-19
-2.717621510927189928e-19
-2.613316103635784521e-19
-2.513012699545487231e-19
-2.416560596688448553e-19
-2.323810902554408942e-19
-2.234619894511937311e-19
-2.148852767970581656e-19
-2.066377174032333495e-19
-1.987067096900749202e-19
-1.910801173670330761e-19
-1.837461531103789368e-19
-1.766937146053283920e-19
-1.699119709557358254e-19
-1.633905436298531110e-19
-1.571194547615413276e-19
-1.510889979033000485e-19
-1.452899965202087634e-19
-1.397136230441678830e-19
-1.343512308528368140e-19
-1.291946515376665952e-19
-1.242360010334438305e-19
-1.194676666935936179e-19
-1.148823719136649050e-19
-1.104730210349656353e-19
-1.062329449138071000e-19
-1.021555971911227662e-19
-9.823473523822727270e-20
-9.446435553333107457e-20
-9.083868719919190729e-20
-8.735219200311478691e-20
-8.399949327111811877e-20
-8.077549867255587327e-20
-7.767524512375273225e-20
-7.469398926088358696e-20
-7.182714281648818230e-20
-6.907034370530500817e-20
-6.641933970199765918e-20
-6.387009183873140372e-20
-6.141867746994515050e-20
-5.906135489583680418e-20
-5.679451166357498083e-20
-5.461467102964754351e-20
-5.251848549751306668e-20
-5.050275297347217515e-20
-4.856439414844766956e-20
-4.670043634211318747e-20
-4.490802319641600670e-20
-4.318439205735717085e-20
-4.152692567377977386e-20
-3.993307464918653316e-20
-3.840038652230819973e-20
-3.692653161649770038e-20
-3.550925780329038881e-20
-3.414636465300990323e-20
-3.283578421412486108e-20
-3.157551315858923550e-20
-3.036360631949381975e-20
-2.919821223398317288e-20
-2.807755375621001300e-20
-2.699990382352820888e-20
-2.596360807471265447e-20
-2.496709454348207223e-20
-2.400882680647213028e-20
-2.308733952615238798e-20
-2.220122391054209098e-20
-2.134911478851309999e-20
-2.052970838124836366e-20
-1.974175260871911520e-20
-1.898404062733633682e-20
-1.825541082995075971e-20
-1.755474684585286406e-20
-1.688097754077287906e-20
-1.623306409218371174e-20
-1.561002422310795539e-20
-1.501089181243954221e-20
-1.443475243786068897e-20
-1.388072883555769197e-20
-1.334796393655602118e-20
-1.283565156287586416e-20
-1.234300088461518047e-20
-1.186926065375671005e-20
-1.141370708726446898e-20
-1.097563498135451314e-20
-1.055437629074697793e-20
-1.014928801176257407e-20
-9.759743296593351219e-21
-9.385151648141871630e-21
-9.024937917388469520e-21
-8.678549573533353611e-21
-8.345458319583741011e-21
-8.025149591037486916e-21
-7.717136288373722699e-21
-7.420943428975083925e-21
-7.136117840650513711e-21
-6.862223314873861046e-21
-6.598840606783880793e-21
-6.345569454668151051e-21
-6.102019290337053277e-21
-5.867816105369091327e-21
-5.642602855007674928e-21
-5.426032995812584112e-21
-5.217774120731020468e-21
-5.017506747407256730e-21
-4.824928357150471501e-21
-4.639741681928028538e-21
-4.461662378404362737e-21
-4.290418220147413189e-21
-4.125746674247922342e-21
-3.967395709113002946e-21
-3.815121371085437212e-21
-3.668691823411511548e-21
-3.527882095582831405e-21
-3.392478122304156010e-21
-3.262271088938429739e-21
-3.137061066577833380e-21
-3.016657012043784128e-21
-2.900874344506234750e-21
-2.789535147432065321e-21
-2.682469178327041903e-21
-2.579512858993857869e-21
-2.480507659945000003e-21
-2.385302927680232818e-21
-2.293752451563939031e-21
-2.205714867721903035e-21
-2.121056486318795217e-21
-2.039647454538728954e-21
-1.961363170224002779e-21
-1.886083272133141690e-21
-1.813692851631247574e-21
-1.744080837102865312e-21
-1.677141104668137332e-21
-1.612770458698886242e-21
-1.550870348379944591e-21
-1.491345756993000319e-21
-1.434106009710163703e-21
-1.379063359955225197e-21
-1.326133292326243046e-21
-1.275234724543935010e-21
-1.226289704529090772e-21
-1.179223410402571929e-21
-1.133963342691745048e-21
-1.090439829201461010e-21
-1.048587438652797164e-21
-1.008341244637810199e-21
-9.696398548454121950e-22
-9.324238964484325982e-22
-8.966366219487934297e-22
-8.622224955387671302e-22
-8.291294145332856624e-22
-7.973063869634355401e-22
-7.667047432668082477e-22
-7.372777323907167672e-22
-7.089799159470203683e-22
-6.817684303895729621e-22
-6.556012704528933402e-22
-6.304386018167114623e-22
-6.062416503898139053e-22
-5.829733081552190728e-22
-5.605980321959813269e-22
-5.390815922597013174e-22
-5.183910202714280478e-22
-4.984942569239733363e-22
-4.793614138553601690e-22
-4.609629561132970713e-22
-4.432707623842347246e-22
-4.262574181739948883e-22
-4.098971750626311486e-22
-3.941648652318233342e-22
-3.790363558487589241e-22
-3.644884733354861457e-22
-3.504987761769732717e-22
-3.370461860098327967e-22
-3.241099021497158531e-22
-3.116702598719770914e-22
-2.997079478616567013e-22
-2.882047150328514895e-22
-2.771431180932252089e-22
-2.665060166730292175e-22
-2.562771791702776875e-22
-2.464409798281600014e-22
-2.369822472737469485e-22
-2.278865926841272977e-22
-2.191400563767222578e-22
-2.107291961617068628e-22
-2.026411378291079059e-22
-1.948635120399315216e-22
-1.873844164608397352e-22
-1.801923652770525288e-22
-1.732763775447692259e-22
-1.666258257298746891e-22
-1.602305114385862211e-22
-1.540807032827770155e-22
-1.481668970662609695e-22
-1.424800808420568384e-22
-1.370115455857709821e-22
-1.317528725738228821e-22
-1.266960343576410092e-22
-1.218333190330159229e-22
-1.171572040223554357e-22
-1.126605706448508330e-22
-1.083365526551830713e-22
-1.041784289584396675e-22
-1.001799517762512711e-22
-9.633492381734646597e-23
-9.263747595659040772e-23
-8.908195363901447216e-23
-8.566287270360556279e-23
-8.237502035750197918e-23
-7.921336682357203215e-23
-7.617306534041404381e-23
-7.324945216235634754e-23
-7.043804024857004622e-23
-6.773455712839246285e-23
-6.513481237269506342e-23
-6.263486798783898463e-23
-6.023085539994502264e-23
-5.791912060530019374e-23
-5.569611057438738247e-23
-5.355842373898327584e-23
-5.150277528227853355e-23
-4.952603500420123863e-23
-4.762515790165723798e-23
-4.579724412195893915e-23
-4.403950109750185976e-23
-4.234920883588479776e-23
-4.072379880600035355e-23
-3.916075927472630341e-23
-3.765772050390336342e-23
-3.621237586424466736e-23
-3.482250076799749197e-23
-3.348597791249222404e-23
-3.220074048215718454e-23
-3.096484472372190888e-23
-2.977637212746489956e-23
-2.863351462419139004e-23
-2.753452094269178965e-23
-2.647771238695978809e-23
-2.546144970403433610e-23
-2.448420408148111535e-23
-2.354447195041477459e-23
-2.264080496221332805e-23
-2.177182892117988073e-23
-2.093619645288831514e-23
-2.013263906900303588e-23
-1.935991510245922509e-23
-1.861686019456077656e-23
-1.790231787522063627e-23
-1.721520582727684101e-23
-1.655446539939458418e-23
-1.591908527189337243e-23
-1.530809356813797348e-23
-1.472054996592936389e-23
-1.415555200839197081e-23
-1.361224299258272424e-23
-1.308979145910752121e-23
-1.258738803667760498e-23
-1.210426989679762683e-23
-1.163969393249486855e-23
-1.119294859123282081e-23
-1.076335071946756220e-23
-1.035023925176051752e-23
-9.952985465970225616e-24
-9.570973261729708881e-24
-9.203627559439061198e-24
-8.850379590385618216e-24
-8.510689773710208765e-24
-8.184036672354481754e-24
-7.869922515087242726e-24
-7.567865307895401643e-24
-7.277400411705783328e-24
-6.998082120106937910e-24
-6.729487603653666927e-24
-6.471203499231634567e-24
-6.222831037653251611e-24
-5.983991171253559361e-24
-5.754317868572535269e-24
-5.533459692076903372e-24
-5.321078614868776469e-24
-5.116849231824750891e-24
-4.920458759595906508e-24
-4.731605853316448892e-24
-4.550001395464614543e-24
-4.375365734849502613e-24
-4.207433419776506230e-24
-4.045946887160070735e-24
-3.890657645815051509e-24
-3.741329431900334858e-24
-3.597732686892501469e-24
-3.459648107459899899e-24
-3.326862701158120476e-24
-3.199174519595426622e-24
-3.076385953115060471e-24
-2.958310238897710950e-24
-2.844766530580856142e-24
-2.735580489904442204e-24
-2.630585864432693806e-24
-2.529620740464814336e-24
-2.432531290124285698e-24
-2.339167629839115898e-24
-2.249387370215912545e-24
-2.163053052241940876e-24
-2.080032344500350067e-24
-2.000198437600625841e-24
-1.923427480380648498e-24
-1.849604299148255772e-24
-1.778614903502643224e-24
-1.710349444562758831e-24
-1.644704088511952876e-24
-1.581578452800035985e-24
-1.520875507535665974e-24
-1.462502462954866221e-24
-1.406369487522054684e-24
-1.352390891221401730e-24
-1.300484336695924917e-24
-1.250570050386583768e-24
-1.202572005823637610e-24
-1.156415754259156210e-24
-1.112030889857348591e-24
-1.069349866403205205e-24
-1.028307109833979555e-24
-9.888393140620276559e-25
-9.508863284433264043e-25
-9.143900730937289036e-25
-8.792948347118039199e-25
-8.455462805027043560e-25
-8.130932331152039987e-25
-7.818857477932410427e-25
-7.518759998444364642e-25
-7.230179888172545630e-25
-6.952674891971963860e-25
-6.685823955334457618e-25
-6.429212926284785872e-25
-6.182452304750995748e-25
-5.945162944460515397e-25
-5.716980983320811627e-25
-5.497556857343258378e-25
-5.286554807605070956e-25
-5.083650415058977220e-25
-4.888534544837743686e-25
-4.700906443721254844e-25
-4.520479656593302313e-25
-4.346978082137058740e-25
-4.180135972835077796e-25
-4.019696948893162652e-25
-3.865415477354563268e-25
-3.717056379061910630e-25
-3.574391130871723527e-25
-3.437202056477967534e-25
-3.305277889069463151e-25
-3.178417222596346138e-25
-3.056425800060705820e-25
-2.939116020478519325e-25
-2.826308911031914637e-25
-2.717832154916907541e-25
-2.613518612229204334e-25
-2.513208292116464881e-25
-2.416748845816368373e-25
-2.323991129314021463e-25
-2.234793640684550131e-25
-2.149019561864705110e-25
-2.066537867988509846e-25
-1.987221108715964569e-25
-1.910949229278055957e-25
-1.837604640096099503e-25
-1.767075051750617653e-25
-1.699253105202790486e-25
-1.634033660085094012e-25
-1.571317492486793403e-25
-1.511008336725548406e-25
-1.453013994683061315e-25
-1.397245472988461885e-25
-1.343617845834922417e-25
-1.292048159567878264e-25
-1.242457774615840205e-25
-1.194771132895230042e-25
-1.148914278696183303e-25
-1.104817447132394506e-25
-1.062413091988854102e-25
-1.021636008981364916e-25
-9.824242602029154556e-26
-9.447174484904497360e-26
-9.084578883902734711e-26
-8.735903596390211901e-26
-8.400608745684918300e-26
-8.078183421091206861e-26
-7.768133968245732250e-26
-7.469981523927122022e-26
-7.183273725710038505e-26
-6.907570537120788102e-26
-6.642450410613143336e-26
-6.387505357187685215e-26
-6.142345876772460863e-26
-5.906596027842325893e-26
-5.679894660014108810e-26
-5.461892948856282197e-26
-5.252257477376873737e-26
-5.050667770833137394e-26
-4.856816913029135617e-26
-4.670406924083872814e-26
-4.491150609324041960e-26
-4.318775873367100025e-26
-4.153015859359952716e-26
-3.993616960847523120e-26
-3.840335432136049589e-26
-3.692938004590667941e-26
-3.551198188849918237e-26
-3.414899048164864699e-26
-3.283830733208766893e-26
-3.157793563564990751e-26
-3.036593405495142040e-26
-2.920044753426977381e-26
-2.807969805508030945e-26
-2.700195690266494532e-26
-2.596558780694293004e-26
-2.496900226089613302e-26
-2.401066106131299997e-26
-2.308910358292370761e-26
-2.220291542277709796e-26
-2.135074226693627792e-26
-2.053127294229510866e-26
-1.974325944624962723e-26
-1.898548613181893643e-26
-1.825680206326827045e-26
-1.755608403825406263e-26
-1.688225815823932267e-26
-1.623429366551781451e-26
-1.561119986172614536e-26
-1.501201994486794364e-26
-1.443583871303363653e-26
-1.388177177919276142e-26
-1.334897019342583242e-26
-1.283662121329631810e-26
-1.234393674827097522e-26
-1.187016183381160398e-26
-1.141456846839922599e-26
-1.097646331725386187e-26
-1.055517230489497606e-26
-1.015005294109312100e-26
-9.760481224546315216e-27
-9.385863198459709686e-27
-9.025623394965921504e-27
-8.679208686984922656e-27
-8.346085206736129000e-27
-8.025753753177955364e-27
-7.717715125268816578e-27
-7.421497855358326645e-27
-7.136652046211476707e-27
-6.862740126544901985e-27
-6.599339162142815041e-27
-6.346050100320738841e-27
-6.102480436556007264e-27
-5.868259236741331331e-27
-5.643028663093043892e-27
-5.426441277849177490e-27
-5.218167746989241908e-27
-5.017887980956479987e-27
-4.825295371703745279e-27
-4.640095251949546537e-27
-4.462002198876125573e-27
-4.290744656361323787e-27
-4.126061083118693391e-27
-3.967698026767553026e-27
-3.815410509018976635e-27
-3.668970499767548770e-27
-3.528151124465820614e-27
-3.392737064146009674e-27
-3.262519162816155496e-27
-3.137300012656958389e-27
-3.016887020673979629e-27
-2.901095297592558041e-27
-2.789747850450804439e-27
-2.682672501111690604e-27
-2.579708241831865762e-27
-2.480695413018940212e-27
-2.385483792137251749e-27
-2.293926045546054750e-27
-2.205881580359408947e-27
-2.121217700004146059e-27
-2.039802670872069999e-27
-1.961512270481767790e-27
-1.886227476362676302e-27
-1.813831577160165668e-27
-1.744214409681416937e-27
-1.677269470000505496e-27
-1.612894009754898286e-27
-1.550989132441951022e-27
-1.491460178604897072e-27
-1.434216148053864138e-27
-1.379168929493896505e-27
-1.326234937565407766e-27
-1.275332609135253123e-27
-1.226383751447690452e-27
-1.179313831013871969e-27
-1.134050240274894275e-27
-1.090524030938748306e-27
-1.048668758422352703e-27
-1.008419518886581615e-27
-9.697151640557007495e-28
-9.324964715839201972e-28
-8.967061450553944385e-28
-8.622894880597028757e-28
-8.291940190058609567e-28
-7.973682674161049327e-28
-7.667644220795653904e-28
-7.373350569713617942e-28
-7.090352979237899215e-28
-6.818218115131010596e-28
-6.556526124665075666e-28
-6.304878340341606267e-28
-6.062888613206752760e-28
-5.830188127676164988e-28
-5.606418179297700829e-28
-5.391236434023745451e-28
-5.184315483763753025e-28
-4.985334179699496978e-28
-4.793991595277166806e-28
-4.609992100250299067e-28
-4.433054990329499322e-28
-4.262908709392608970e-28
-4.099293256897135736e-28
-3.941955854537878793e-28
-3.790658890707949367e-28
-3.645168124177861361e-28
-3.505261832262767193e-28
-3.370726236738839881e-28
-3.241353818654571700e-28
-3.116947170190662958e-28
-2.997314179835161028e-28
-2.882273328690807414e-28
-2.771648394167690684e-28
-2.665269412948218663e-28
-2.562973403210847582e-28
-2.464603401665109882e-28
-2.370008945034100309e-28
-2.279045107089503724e-28
-2.191572498651595101e-28
-2.107456786106753430e-28
-2.026569654372433911e-28
-1.948786519855358996e-28
-1.873989419346434965e-28
-1.802063398902106207e-28
-1.732897958291813502e-28
-1.666387652851101651e-28
-1.602429445327945935e-28
-1.540926196630776325e-28
-1.481783054709831747e-28
-1.424910463822698197e-28
-1.370220312674419957e-28
-1.317629665906766853e-28
-1.267057393720831572e-28
-1.218426338548217100e-28
-1.171661750232956909e-28
-1.126691887884622572e-28
-1.083447658766459200e-28
-1.041863581260357624e-28
-1.001875618195666970e-28
-9.634224407407206571e-29
-9.264451876615933498e-29
-8.908871042102363868e-29
-8.566938430510315910e-29
-8.238129827783051722e-29
-7.921939075457062034e-29
-7.617885894752465278e-29
-7.325499636539101825e-29
-7.044337336929762610e-29
-6.773966263540068126e-29
-6.513971739578867496e-29
-6.263956541995130853e-29
-6.023537892212411233e-29
-5.792346252422629336e-29
-5.570028334851611628e-29
-5.356241685081121755e-29
-5.150662506139259611e-29
-4.952975426997631786e-29
-4.762874706277566809e-29
-4.580069648928083728e-29
-4.404280995107246397e-29
-4.235238813696286791e-29
-4.072684909712035495e-29
-3.916370416894491224e-29
-3.766055195853713191e-29
-3.621509940555697793e-29
-3.482512266277179066e-29
-3.348849117018059172e-29
-3.220315260868639346e-29
-3.096715697422050380e-29
-2.977858736463514982e-29
-2.863565025766962092e-29
-2.753658523298412562e-29
-2.647969807408071079e-29
-2.546337882389649022e-29
-2.448607018751549454e-29
-2.354626151363759502e-29
-2.264252490576496081e-29
-2.177347610175006358e-29
-2.093778049232675373e-29
-2.013416365353964378e-29
-1.936139028188534161e-29
-1.861828224990567907e-29
-1.790368851353233100e-29
-1.721652122327327240e-29
-1.655572864082293557e-29
-1.592029965296051721e-29
-1.530925925765167127e-29
-1.472166555478297087e-29
-1.415663231565344408e-29
-1.361328685325704043e-29
-1.309079409640693576e-29
-1.258835282815360961e-29
-1.210519794273399876e-29
-1.164058539924380674e-29
-1.119380576333242528e-29
-1.076417217014078191e-29
-1.035102559051603161e-29
-9.953738592593479484e-30
-9.571701800101659254e-30
-9.204330663209794015e-30
-8.851057183047566437e-30
-8.511340444134502137e-30
-8.184666614379969676e-30
-7.870529384857182878e-30
-7.568449530029198513e-30
-7.277961366053994824e-30
-6.998624035530239420e-30
-6.730008718118752331e-30
-6.471702392124428637e-30
-6.223310467603584314e-30
-5.984452648623841334e-30
-5.754762180947743144e-30
-5.533886228190946927e-30
-5.321488128771377178e-30
-5.117243258169110816e-30
-4.920836395819031336e-30
-4.731968872116481810e-30
-4.550351045253419627e-30
-4.375703429692993280e-30
-4.207758953118695945e-30
-4.046260699485211904e-30
-3.890960028227455225e-30
-3.741621088158876926e-30
-3.598013294307619706e-30
-3.459916970289401895e-30
-3.327121467516556141e-30
-3.199422155932491300e-30
-3.076624185593615068e-30
-2.958539289324699749e-30
-2.844987099272555170e-30
-2.735792889956875108e-30
-2.630790211377583125e-30
-2.529816939353813812e-30
-2.432719601343123811e-30
-2.339348862543184659e-30
-2.249561594761840234e-30
-2.163220500258914493e-30
-2.080193735588019208e-30
-2.000353406963784914e-30
-1.923577262973726094e-30
-1.849748318420048913e-30
-1.778752973528689905e-30
-1.710482330502988894e-30
-1.644831817365496728e-30
-1.581701376037071416e-30
-1.520993393466820674e-30
-1.462615898976736166e-30
-1.406478896719318938e-30
-1.352496434547636864e-30
-1.300586321896680450e-30
-1.250668248992401518e-30
-1.202666137840414848e-30
-1.156506261435036868e-30
-1.112118090115218239e-30
-1.069433727327255466e-30
-1.028387627506146700e-30
-9.889168781942359296e-31
-9.509612000412129896e-31
-9.144623825668251599e-31
-8.793641901213291021e-31
-8.456130201623273200e-31
-8.131571509383836330e-31
-7.819471176472154392e-31
-7.519348660797611235e-31
-7.230745989761126495e-31
-6.953219766893570006e-31
-6.686347284426386073e-31
-6.429717589534527224e-31
-6.182937126709338158e-31
-5.945629267560815414e-31
-5.717427728049242767e-31
-5.497985032044517148e-31
-5.286965458360043713e-31
-5.084045510950476167e-31
-4.888914389109457099e-31
-4.701272576876396988e-31
-4.520832313234214540e-31
-4.347318062307077010e-31
-4.180462281580737245e-31
-4.020010123879936974e-31
-3.865715675786484173e-31
-3.717345013924565209e-31
-3.574669151994639898e-31
-3.437468742750844802e-31
-3.305535018396473884e-31
-3.178664618408834886e-31
-3.056662880923431639e-31
-2.939343607635093893e-31
-2.826527183007016000e-31
-2.718041514666237579e-31
-2.613719917513812030e-31
-2.513401819021417027e-31
-2.416934640022315839e-31
-2.324169327832824198e-31
-2.234964823130843430e-31
-2.149184063275067657e-31
-2.066694922700464453e-31
-1.987372799005846657e-31
-1.911095205679858585e-31
-1.837745063485158338e-31
-1.767210230260677469e-31
-1.699382678075575411e-31
-1.634158140580934226e-31
-1.571437170954674349e-31
-1.511123613758898517e-31
-1.453124604939891769e-31
-1.397351982421342434e-31
-1.343720170214510649e-31
-1.292146178418228360e-31
-1.242551954207600968e-31
-1.194860972900389941e-31
-1.149000588945714463e-31
-1.104900507781395361e-31
-1.062493020932825270e-31
-1.021713006012968636e-31
-9.824983381453845014e-32
-9.447890083434633882e-32
-9.085268884115571342e-32
-8.736563186921543042e-32
-8.401244019394678952e-32
-8.078792988526266443e-32
-7.768719913172012622e-32
-7.470546954878308229e-32
-7.183819197331385037e-32
-6.908095242402509280e-32
-6.642954263114086576e-32
-6.387986599684855360e-32
-6.142808453209272154e-32
-5.907040139012021360e-32
-5.680318429338698890e-32
-5.462301843080390871e-32
-5.252652425611235894e-32
-5.051049854720634886e-32
-4.857184681520733880e-32
-4.670759799814362543e-32
-4.491489858347858764e-32
-4.319101554684656362e-32
-4.153327757733530972e-32
-3.993918087197757446e-32
-3.840626864758013927e-32
-3.693218403796960545e-32
-3.551469066514353362e-32
-3.415159035466588608e-32
-3.284080835900746150e-32
-3.158033752156423083e-32
-3.036824709286496845e-32
-2.920266509815598989e-32
-2.808182535717518464e-32
-2.700401458690622922e-32
-2.596756946284271010e-32
-2.497089719013926308e-32
-2.401249166665889710e-32
-2.309086295331194491e-32
-2.220460927308505094e-32
-2.135236852189919986e-32
-2.053283002355322482e-32
-1.974475363150700830e-32
-1.898692270910744924e-32
-1.825818380252280326e-32
-1.755741431464803509e-32
-1.688353426004832675e-32
-1.623552683611021695e-32
-1.561238552579581412e-32
-1.501316258678476779e-32
-1.443694113348343656e-32
-1.388283219828901109e-32
-1.334999236400477639e-32
-1.283760319268897243e-32
-1.234488298059830240e-32
-1.187107059514060886e-32
-1.141544384197410538e-32
-1.097730550601196047e-32
-1.055598261673832839e-32
-1.015083159099613393e-32
-9.761231620831349073e-33
-9.386583204125054446e-33
-9.026315491433131979e-33
-8.679873796358787405e-33
-8.346731350496058486e-33
-8.026374609750429735e-33
-7.718312805230432848e-33
-7.422075004511769645e-33
-7.137207172901435018e-33
-6.863272908121686193e-33
-6.599853440310042730e-33
-6.346543958599440203e-33
-6.102954345802199466e-33
-5.868715790565750026e-33
-5.643467563061183293e-33
-5.426864729164929854e-33
-5.218576313748836307e-33
-5.018280525234365050e-33
-4.825672469774271555e-33
-4.640456437070927087e-33
-4.462350675822118932e-33
-4.291080414223342378e-33
-4.126383002755585571e-33
-3.968008281527314143e-33
-3.815710498750809310e-33
-3.669259331001706829e-33
-3.528428495617473410e-33
-3.393002730195114722e-33
-3.262775588539267600e-33
-3.137546134584338360e-33
-3.017122432143356801e-33
-2.901321361236983886e-33
-2.789964577331680799e-33
-2.682882368430547570e-33
-2.579910532666453713e-33
-2.480890561973030533e-33
-2.385671111452609661e-33
-2.294105795324315259e-33
-2.206054839962994866e-33
-2.121383981873265497e-33
-2.039962814650582804e-33
-1.961666809362156553e-33
-1.886375661508019774e-33
-1.813974393046982663e-33
-1.744351699357701734e-33
-1.677401418606618349e-33
-1.613020327696050926e-33
-1.551110346316102730e-33
-1.491576149221761768e-33
-1.434327370284808574e-33
-1.379276122935419953e-33
-1.326337826681634393e-33
-1.275431666286832862e-33
-1.226478938730807963e-33
-1.179404981755183248e-33
-1.134137520824482378e-33
-1.090608046658571491e-33
-1.048749060167774465e-33
-1.008496735682261495e-33
-9.697894515841105694e-34
-9.325676984718113095e-34
-8.967748138442342348e-34
-8.623554208971960766e-34
-8.292568978913983061e-34
-7.974290108104425019e-34
-7.668225358283879809e-34
-7.373910960196749574e-34
-7.090891409782090678e-34
-6.818735080207960563e-34
-6.557024119966840368e-34
-6.305357667118000462e-34
-6.063350012577577282e-34
-5.830631977651015702e-34
-5.606842648838414818e-34
-5.391644989868874802e-34
-5.184706556246303726e-34
-4.985710056331475729e-34
-4.794351514632107862e-34
-4.610338435092936922e-34
-4.433387046030834715e-34
-4.263227810264577539e-34
-4.099598078275153538e-34
-3.942250812577897716e-34
-3.790944026640433766e-34
-3.645442621592597230e-34
-3.505526192243608929e-34
-3.370979843532459165e-34
-3.241597175181532852e-34
-3.117180740874090308e-34
-2.997539522778122913e-34
-2.882490079490055078e-34
-2.771857005212225040e-34
-2.665470174688000121e-34
-2.563165891145478701e-34
-2.464787575063711406e-34
-2.370186223350181894e-34
-2.279214899211037380e-34
-2.191735619813300481e-34
-2.107614764510061321e-34
-2.026721697308035158e-34
-1.948934047408591467e-34
-1.874132084283614267e-34
-1.802200439591055084e-34
-1.733029714296115708e-34
-1.666513838400733661e-34
-1.602550644915433177e-34
-1.541042903008656983e-34
