9.653081893920898438e+00
1.188307380676269531e+01
1.435240364074707031e+01
1.644028091430664062e+01
1.824716758728027344e+01
1.959324836730957031e+01
2.083557510375976562e+01
2.172422409057617188e+01
2.259666442871093750e+01
2.345151138305664062e+01
2.432884216308593750e+01
2.507574844360351562e+01
2.572833633422851562e+01
2.637891769409179688e+01
2.692354965209960938e+01
2.755729484558105469e+01
2.817731285095214844e+01
2.860662841796875000e+01
2.926183700561523438e+01
2.974239158630371094e+01
3.015950584411621094e+01
3.061849212646484375e+01
3.099697685241699219e+01
3.125787544250488281e+01
3.173846817016601562e+01
3.198122024536132812e+01
3.228065109252929688e+01
3.252945327758789062e+01
3.272045516967773438e+01
3.299345397949218750e+01
3.329537963867187500e+01
3.350118255615234375e+01
3.385690307617187500e+01
3.396620178222656250e+01
3.412623596191406250e+01
3.427641296386718750e+01
3.438078689575195312e+01
3.454853820800781250e+01
3.459967803955078125e+01
3.473451995849609375e+01
3.490012359619140625e+01
3.503925323486328125e+01
3.505358886718750000e+01
3.508243560791015625e+01
3.523182678222656250e+01
3.520336914062500000e+01
3.528839492797851562e+01
3.527129745483398438e+01
3.527382659912109375e+01
3.527935791015625000e+01
3.528575897216796875e+01
3.522918701171875000e+01
3.516302108764648438e+01
3.515230560302734375e+01
3.530467224121093750e+01
3.521352386474609375e+01
3.525147247314453125e+01
3.542611694335937500e+01
3.530706024169921875e+01
3.519555664062500000e+01
3.508446884155273438e+01
3.499860382080078125e+01
3.508349227905273438e+01
3.512067031860351562e+01
3.492932128906250000e+01
3.493903350830078125e+01
3.495971679687500000e+01
3.496056365966796875e+01
3.492344665527343750e+01
3.489371109008789062e+01
3.489678192138671875e+01
3.479006195068359375e+01
3.471289062500000000e+01
3.479937744140625000e+01
3.462590026855468750e+01
3.454380798339843750e+01
3.454719161987304688e+01
3.462966537475585938e+01
3.466909027099609375e+01
3.455927276611328125e+01
3.440650939941406250e+01
3.443151473999023438e+01
3.445547485351562500e+01
3.437302398681640625e+01
3.434929656982421875e+01
3.428674316406250000e+01
3.426725387573242188e+01
3.418750000000000000e+01
3.421535110473632812e+01
3.414342498779296875e+01
3.418661499023437500e+01
3.418222808837890625e+01
3.422338867187500000e+01
3.416536331176757812e+01
3.418177795410156250e+01
3.417619323730468750e+01
3.401030731201171875e+01
3.382466888427734375e+01
3.389154434204101562e+01
3.373640441894531250e+01
3.376687622070312500e+01
3.388431549072265625e+01
3.378390502929687500e+01
3.365796661376953125e+01
3.374946975708007812e+01
3.371662902832031250e+01
3.364179229736328125e+01
3.363091659545898438e+01
3.358267593383789062e+01
3.361590957641601562e+01
3.357305526733398438e+01
3.355937957763671875e+01
3.351561737060546875e+01
3.352263641357421875e+01
3.349458694458007812e+01
3.367697906494140625e+01
3.348935699462890625e+01
3.347570037841796875e+01
3.340001678466796875e+01
3.346136474609375000e+01
3.354228591918945312e+01
3.328117370605468750e+01
3.321040725708007812e+01
3.322100830078125000e+01
3.305722808837890625e+01
3.325502777099609375e+01
3.309618759155273438e+01
3.309058380126953125e+01
3.308424377441406250e+01
3.303421401977539062e+01
3.293064117431640625e+01
3.288217544555664062e+01
3.294982528686523438e+01
3.282937240600585938e+01
3.278636169433593750e+01
3.281279754638671875e+01
3.282788467407226562e+01
3.275159835815429688e+01
3.272820281982421875e+01
3.273159790039062500e+01
3.257659149169921875e+01
3.270326995849609375e+01
3.282151794433593750e+01
3.272858428955078125e+01
3.270215988159179688e+01
3.271186828613281250e+01
3.288328552246093750e+01
3.281414794921875000e+01
3.286312866210937500e+01
3.287530517578125000e+01
3.289065551757812500e+01
3.275149917602539062e+01
3.264498138427734375e+01
3.262100982666015625e+01
3.264420318603515625e+01
3.257403945922851562e+01
3.271144485473632812e+01
3.258532333374023438e+01
3.262113952636718750e+01
3.258970642089843750e+01
3.256226730346679688e+01
3.261284255981445312e+01
3.248907852172851562e+01
3.246159744262695312e+01
3.244082641601562500e+01
3.246077346801757812e+01
3.243227386474609375e+01
3.245156097412109375e+01
3.244518661499023438e+01
3.252864074707031250e+01
3.247214508056640625e+01
3.234661102294921875e+01
3.220484161376953125e+01
3.228697204589843750e+01
3.233960342407226562e+01
3.240838623046875000e+01
3.224192047119140625e+01
3.225203323364257812e+01
3.247900390625000000e+01
3.237869262695312500e+01
3.231178283691406250e+01
3.230866241455078125e+01
3.229869842529296875e+01
3.244927215576171875e+01
3.240042495727539062e+01
3.227493286132812500e+01
3.214990615844726562e+01
3.205726623535156250e+01
3.214471054077148438e+01
3.216634368896484375e+01
3.204309082031250000e+01
3.207824707031250000e+01
3.195977783203125000e+01
3.207093048095703125e+01
3.203074645996093750e+01
3.221539306640625000e+01
3.220160675048828125e+01
3.217692565917968750e+01
3.218482971191406250e+01
3.206784820556640625e+01
3.207065582275390625e+01
3.187473106384277344e+01
3.179119873046875000e+01
3.185157012939453125e+01
3.180473709106445312e+01
3.173386383056640625e+01
3.163842773437500000e+01
3.170810317993164062e+01
3.161630439758300781e+01
3.150410842895507812e+01
3.167287063598632812e+01
3.187645530700683594e+01
3.183019828796386719e+01
3.170756149291992188e+01
3.179612731933593750e+01
3.186250686645507812e+01
3.193210983276367188e+01
3.190900230407714844e+01
3.199422264099121094e+01
3.191819763183593750e+01
3.203061294555664062e+01
3.189314651489257812e+01
3.190048980712890625e+01
3.178010177612304688e+01
3.176385307312011719e+01
3.193480491638183594e+01
3.201662445068359375e+01
3.195633697509765625e+01
3.209312438964843750e+01
3.195311355590820312e+01
3.198907852172851562e+01
3.199162292480468750e+01
3.191084480285644531e+01
3.182595825195312500e+01
3.183185195922851562e+01
3.190610122680664062e+01
3.170486259460449219e+01
3.170849990844726562e+01
3.178251457214355469e+01
3.176729965209960938e+01
3.175522804260253906e+01
3.177657699584960938e+01
3.184796524047851562e+01
3.187007522583007812e+01
3.170114898681640625e+01
3.160180473327636719e+01
3.162046813964843750e+01
3.170862579345703125e+01
3.161200141906738281e+01
3.171645545959472656e+01
3.168725013732910156e+01
3.160866546630859375e+01
3.162693405151367188e+01
3.149270820617675781e+01
3.145143127441406250e+01
3.157604598999023438e+01
3.178700828552246094e+01
3.157186889648437500e+01
3.166411018371582031e+01
3.139706802368164062e+01
3.158637619018554688e+01
3.165112495422363281e+01
3.143380355834960938e+01
3.145872879028320312e+01
3.145908355712890625e+01
3.149650382995605469e+01
3.148585891723632812e+01
3.140745162963867188e+01
3.145211410522460938e+01
3.139690399169921875e+01
3.149020576477050781e+01
3.147961807250976562e+01
3.158719635009765625e+01
3.147480583190917969e+01
3.161784934997558594e+01
3.171322441101074219e+01
3.172941589355468750e+01
3.177856826782226562e+01
3.165831375122070312e+01
3.157327651977539062e+01
3.149628067016601562e+01
3.148954391479492188e+01
3.146407890319824219e+01
3.152818679809570312e+01
3.144738578796386719e+01
3.149819946289062500e+01
3.154203033447265625e+01
3.136318016052246094e+01
3.128557968139648438e+01
3.136635971069335938e+01
3.160902404785156250e+01
3.142063522338867188e+01
3.142689514160156250e+01
3.132201766967773438e+01
3.124131774902343750e+01
3.131830215454101562e+01
3.128042411804199219e+01
3.135434150695800781e+01
3.130595588684082031e+01
3.147896575927734375e+01
3.142096710205078125e+01
3.127402114868164062e+01
3.142540740966796875e+01
3.133808135986328125e+01
3.128545379638671875e+01
3.125272178649902344e+01
3.131105422973632812e+01
3.120912551879882812e+01
3.134504890441894531e+01
3.147136878967285156e+01
3.128059005737304688e+01
3.138740539550781250e+01
3.123195266723632812e+01
3.140008544921875000e+01
3.131011772155761719e+01
3.134087181091308594e+01
3.136104393005371094e+01
3.132513046264648438e+01
3.128149604797363281e+01
3.134014701843261719e+01
3.133208847045898438e+01
3.124865722656250000e+01
3.113552284240722656e+01
3.136866760253906250e+01
3.129054069519042969e+01
3.121339607238769531e+01
3.116857719421386719e+01
3.126504707336425781e+01
3.123671913146972656e+01
3.121905517578125000e+01
3.124173736572265625e+01
3.131302833557128906e+01
3.131028938293457031e+01
3.138642501831054688e+01
3.139875984191894531e+01
3.143390274047851562e+01
3.146557426452636719e+01
3.150767135620117188e+01
3.143816375732421875e+01
3.137289047241210938e+01
3.144141578674316406e+01
3.142868041992187500e+01
3.156984901428222656e+01
3.134836578369140625e+01
3.133319664001464844e+01
3.121326828002929688e+01
3.120490074157714844e+01
3.120169067382812500e+01
3.113452720642089844e+01
3.127492904663085938e+01
3.120676803588867188e+01
3.110656929016113281e+01
3.110175323486328125e+01
3.109573745727539062e+01
3.108971595764160156e+01
3.113352203369140625e+01
3.117617797851562500e+01
3.118480682373046875e+01
3.121255683898925781e+01
3.135038185119628906e+01
3.124155807495117188e+01
3.131867027282714844e+01
3.120780181884765625e+01
3.116848945617675781e+01
3.105428886413574219e+01
3.109370422363281250e+01
3.098997497558593750e+01
3.103211975097656250e+01
3.108091354370117188e+01
3.134998130798339844e+01
3.118086242675781250e+01
3.113936042785644531e+01
3.118077278137207031e+01
3.122547912597656250e+01
3.125697517395019531e+01
3.119270324707031250e+01
3.118041038513183594e+01
3.128080558776855469e+01
3.133707427978515625e+01
3.126400756835937500e+01
3.128887557983398438e+01
3.123170280456542969e+01
3.116485404968261719e+01
3.122637939453125000e+01
3.107822036743164062e+01
3.107354354858398438e+01
3.106682968139648438e+01
3.120795059204101562e+01
3.131975936889648438e+01
3.119449234008789062e+01
3.107620239257812500e+01
3.110513305664062500e+01
3.122397232055664062e+01
3.101145553588867188e+01
3.081838226318359375e+01
3.109176635742187500e+01
3.117386627197265625e+01
3.106068611145019531e+01
3.112959861755371094e+01
3.110783386230468750e+01
3.105276679992675781e+01
3.113229751586914062e+01
3.119794845581054688e+01
3.121634864807128906e+01
3.122967147827148438e+01
3.113609695434570312e+01
3.121495246887207031e+01
3.123917579650878906e+01
3.109535980224609375e+01
3.107449340820312500e+01
3.115777969360351562e+01
3.100471496582031250e+01
3.106000709533691406e+01
3.101938438415527344e+01
3.107312011718750000e+01
3.104854965209960938e+01
3.100156211853027344e+01
3.095108604431152344e+01
3.086709403991699219e+01
3.096697235107421875e+01
3.082988357543945312e+01
3.082983398437500000e+01
3.092878341674804688e+01
3.089342880249023438e+01
3.089303207397460938e+01
3.098905372619628906e+01
3.087718009948730469e+01
3.105714797973632812e+01
3.098190498352050781e+01
3.105884552001953125e+01
3.113340759277343750e+01
3.109949874877929688e+01
3.118867874145507812e+01
3.117514419555664062e+01
3.107678794860839844e+01
3.120125579833984375e+01
3.095364952087402344e+01
3.108460235595703125e+01
3.092552757263183594e+01
3.065605735778808594e+01
3.073470878601074219e+01
3.090471839904785156e+01
3.082503890991210938e+01
3.084554100036621094e+01
3.087346267700195312e+01
3.085477447509765625e+01
3.077206420898437500e+01
3.092635345458984375e+01
3.104132080078125000e+01
3.105471801757812500e+01
3.095328521728515625e+01
3.091470718383789062e+01
3.105065155029296875e+01
3.097502517700195312e+01
3.109515762329101562e+01
3.116396713256835938e+01
3.103944396972656250e+01
3.093628692626953125e+01
3.095823097229003906e+01
3.088555526733398438e+01
3.088808059692382812e+01
3.089057350158691406e+01
3.085032272338867188e+01
3.074583435058593750e+01
3.097277450561523438e+01
3.088272285461425781e+01
3.109705734252929688e+01
3.091282653808593750e+01
3.100990676879882812e+01
3.093005752563476562e+01
3.085252571105957031e+01
3.101539993286132812e+01
3.093176460266113281e+01
3.090600585937500000e+01
3.089598083496093750e+01
3.089757919311523438e+01
3.081215476989746094e+01
3.076890945434570312e+01
3.084821319580078125e+01
3.092015838623046875e+01
3.087228393554687500e+01
3.087584877014160156e+01
3.096514511108398438e+01
3.078231048583984375e+01
3.067691993713378906e+01
3.080004501342773438e+01
3.080645751953125000e+01
3.076463699340820312e+01
3.107166290283203125e+01
3.105320930480957031e+01
3.108082962036132812e+01
3.091171264648437500e+01
3.094642639160156250e+01
3.088385200500488281e+01
3.077777862548828125e+01
3.072259140014648438e+01
3.061841964721679688e+01
3.062467384338378906e+01
3.028919029235839844e+01
3.054385185241699219e+01
3.079310226440429688e+01
3.083348846435546875e+01
3.071512603759765625e+01
3.079020690917968750e+01
3.085272216796875000e+01
3.075958633422851562e+01
3.093509864807128906e+01
3.097267532348632812e+01
3.085885620117187500e+01
3.074517822265625000e+01
3.063441085815429688e+01
3.073139190673828125e+01
3.062922286987304688e+01
3.048595809936523438e+01
3.057376480102539062e+01
3.068077087402343750e+01
3.064125442504882812e+01
3.065331459045410156e+01
3.057141494750976562e+01
3.056444549560546875e+01
3.048675918579101562e+01
3.058358955383300781e+01
3.062548065185546875e+01
3.054231071472167969e+01
3.055912971496582031e+01
3.067539787292480469e+01
3.061974716186523438e+01
3.082080841064453125e+01
3.079413795471191406e+01
3.065695190429687500e+01
3.075635910034179688e+01
3.071804237365722656e+01
3.081145477294921875e+01
3.077270889282226562e+01
3.087756729125976562e+01
3.081923294067382812e+01
3.066315650939941406e+01
3.071361541748046875e+01
3.055539703369140625e+01
3.057414627075195312e+01
3.047284698486328125e+01
3.041874313354492188e+01
3.064432144165039062e+01
3.056326675415039062e+01
3.051748466491699219e+01
3.037566757202148438e+01
3.049270248413085938e+01
3.051738548278808594e+01
3.053781127929687500e+01
3.052919960021972656e+01
3.070247459411621094e+01
3.061009407043457031e+01
3.057996749877929688e+01
3.041995239257812500e+01
3.049078559875488281e+01
3.051967620849609375e+01
3.042618942260742188e+01
3.042795944213867188e+01
3.037626266479492188e+01
3.045091629028320312e+01
3.050597381591796875e+01
3.037351226806640625e+01
3.042962265014648438e+01
3.029687118530273438e+01
3.024126815795898438e+01
3.032632827758789062e+01
3.037910461425781250e+01
3.027688217163085938e+01
3.031524467468261719e+01
3.046380615234375000e+01
3.025254631042480469e+01
3.038822555541992188e+01
3.029640579223632812e+01
3.028302574157714844e+01
3.026110076904296875e+01
3.021123123168945312e+01
3.036655807495117188e+01
3.017160034179687500e+01
3.043093490600585938e+01
3.032105255126953125e+01
3.043830871582031250e+01
3.038897705078125000e+01
3.047734642028808594e+01
3.061973571777343750e+01
3.047272491455078125e+01
3.056516456604003906e+01
3.062232589721679688e+01
3.048431396484375000e+01
3.045536804199218750e+01
3.040027236938476562e+01
3.047496795654296875e+01
3.033624839782714844e+01
3.040358543395996094e+01
3.043778228759765625e+01
3.038626289367675781e+01
3.041064643859863281e+01
3.049344635009765625e+01
3.040631103515625000e+01
3.036896896362304688e+01
3.022702407836914062e+01
3.051445198059082031e+01
3.042492675781250000e+01
3.046910095214843750e+01
3.037365913391113281e+01
3.035583305358886719e+01
3.052452087402343750e+01
3.029471206665039062e+01
3.043136596679687500e+01
3.042353630065917969e+01
3.032432174682617188e+01
3.032257461547851562e+01
3.039088058471679688e+01
3.036095428466796875e+01
3.035917854309082031e+01
3.049847984313964844e+01
3.052001380920410156e+01
3.056831550598144531e+01
3.038005447387695312e+01
3.045134353637695312e+01
3.039778518676757812e+01
3.059013557434082031e+01
3.051711654663085938e+01
3.041237640380859375e+01
3.026709365844726562e+01
3.028312301635742188e+01
3.019894218444824219e+01
3.020744705200195312e+01
3.016077041625976562e+01
3.016838073730468750e+01
3.034635353088378906e+01
3.016599464416503906e+01
3.010574340820312500e+01
3.025090980529785156e+01
3.024835777282714844e+01
3.022950553894042969e+01
3.026011276245117188e+01
3.031964874267578125e+01
3.018699455261230469e+01
3.019148445129394531e+01
3.014344406127929688e+01
3.018469810485839844e+01
3.023509788513183594e+01
3.016875457763671875e+01
3.012777900695800781e+01
3.016073989868164062e+01
3.005166625976562500e+01
3.000135993957519531e+01
2.999097824096679688e+01
2.992457771301269531e+01
2.981352233886718750e+01
2.980580711364746094e+01
2.981160354614257812e+01
2.982415580749511719e+01
2.977281570434570312e+01
2.988460540771484375e+01
2.991010284423828125e+01
2.995562362670898438e+01
3.003267669677734375e+01
3.011672019958496094e+01
3.006591033935546875e+01
3.009727478027343750e+01
3.002934837341308594e+01
3.016588020324707031e+01
3.012766265869140625e+01
3.010327529907226562e+01
3.010664749145507812e+01
3.011476325988769531e+01
3.004626846313476562e+01
3.010793304443359375e+01
3.035465621948242188e+01
3.033148765563964844e+01
3.028007125854492188e+01
3.025514221191406250e+01
3.014212608337402344e+01
3.005872726440429688e+01
2.999525070190429688e+01
2.996436309814453125e+01
2.998546600341796875e+01
3.005059051513671875e+01
3.017155838012695312e+01
3.004280853271484375e+01
3.003249359130859375e+01
3.013863563537597656e+01
3.012881088256835938e+01
3.014298248291015625e+01
3.003992843627929688e+01
3.003220748901367188e+01
2.978186035156250000e+01
2.968134498596191406e+01
2.994276237487792969e+01
2.991038513183593750e+01
3.001318931579589844e+01
2.984318161010742188e+01
2.976498794555664062e+01
2.980463790893554688e+01
2.992160987854003906e+01
2.992667007446289062e+01
2.992313957214355469e+01
3.008355903625488281e+01
2.997667884826660156e+01
3.012855911254882812e+01
3.026062011718750000e+01
3.008454895019531250e+01
3.011540985107421875e+01
3.006524276733398438e+01
2.984118270874023438e+01
2.985038948059082031e+01
2.991552352905273438e+01
2.986861419677734375e+01
2.987620544433593750e+01
3.003796195983886719e+01
3.001032638549804688e+01
3.003556823730468750e+01
2.985591125488281250e+01
2.981268310546875000e+01
2.972250938415527344e+01
2.985169410705566406e+01
2.993803787231445312e+01
2.989678001403808594e+01
2.981015396118164062e+01
2.977721977233886719e+01
2.979674911499023438e+01
2.966779708862304688e+01
2.971409797668457031e+01
2.973622703552246094e+01
2.959737968444824219e+01
2.968160629272460938e+01
2.953172683715820312e+01
2.983516311645507812e+01
2.965541839599609375e+01
2.959682464599609375e+01
2.958969306945800781e+01
2.965752792358398438e+01
2.957612991333007812e+01
2.968517494201660156e+01
2.991467285156250000e+01
2.996192169189453125e+01
2.994410896301269531e+01
2.994708633422851562e+01
2.988354301452636719e+01
2.974838447570800781e+01
2.968632507324218750e+01
2.978870201110839844e+01
2.979433631896972656e+01
2.982001113891601562e+01
2.979267501831054688e+01
2.985305404663085938e+01
2.976016998291015625e+01
2.984174156188964844e+01
2.987516593933105469e+01
3.002105712890625000e+01
3.007166290283203125e+01
2.989263534545898438e+01
2.987796020507812500e+01
2.971387290954589844e+01
2.982833099365234375e+01
2.978427505493164062e+01
2.987481498718261719e+01
2.983695411682128906e+01
2.979342269897460938e+01
2.985079765319824219e+01
2.987196922302246094e+01
3.000139236450195312e+01
3.011486816406250000e+01
2.992938423156738281e+01
2.975747108459472656e+01
2.978504180908203125e+01
2.995410346984863281e+01
2.997152137756347656e+01
2.992511367797851562e+01
2.994441986083984375e+01
2.992610740661621094e+01
2.999772453308105469e+01
2.986425018310546875e+01
2.987905883789062500e+01
2.997425079345703125e+01
2.993119049072265625e+01
2.994923782348632812e+01
3.007106018066406250e+01
3.011235427856445312e+01
2.996272659301757812e+01
2.989620590209960938e+01
2.991327285766601562e+01
2.990616416931152344e+01
2.994647979736328125e+01
2.988243103027343750e+01
2.989479064941406250e+01
2.983475112915039062e+01
2.989402389526367188e+01
2.977916717529296875e+01
2.980777931213378906e+01
2.981350708007812500e+01
2.985272979736328125e+01
2.989933204650878906e+01
2.997089958190917969e+01
2.989274597167968750e+01
2.993646621704101562e+01
2.974724960327148438e+01
2.980627441406250000e+01
2.989951705932617188e+01
3.004189491271972656e+01
3.001880264282226562e+01
2.982935523986816406e+01
2.987123680114746094e+01
2.988210105895996094e+01
2.996152687072753906e+01
2.990771102905273438e+01
2.998475646972656250e+01
2.987966918945312500e+01
2.982132148742675781e+01
2.976667022705078125e+01
2.992748641967773438e+01
2.994367218017578125e+01
3.000098800659179688e+01
2.992429924011230469e+01
2.985306549072265625e+01
2.983009147644042969e+01
2.974655151367187500e+01
2.982346153259277344e+01
2.963942146301269531e+01
2.964532279968261719e+01
2.973286247253417969e+01
2.980824089050292969e+01
2.976913833618164062e+01
2.977737045288085938e+01
2.976904678344726562e+01
2.991577911376953125e+01
2.986273956298828125e+01
3.002231788635253906e+01
2.990768814086914062e+01
2.986139678955078125e+01
2.979947471618652344e+01
2.979592704772949219e+01
2.975451660156250000e+01
2.973478317260742188e+01
2.983038711547851562e+01
2.965415191650390625e+01
2.976864051818847656e+01
2.953050422668457031e+01
2.963233375549316406e+01
2.971422195434570312e+01
2.965398025512695312e+01
2.961079216003417969e+01
2.968368148803710938e+01
2.955195617675781250e+01
2.966980361938476562e+01
2.970447921752929688e+01
2.955814743041992188e+01
2.977217102050781250e+01
2.969025993347167969e+01
2.974245834350585938e+01
2.983507537841796875e+01
2.988324928283691406e+01
2.979817771911621094e+01
2.979560852050781250e+01
2.984438323974609375e+01
2.984749603271484375e+01
2.983563995361328125e+01
2.978160095214843750e+01
2.979963493347167969e+01
2.961285400390625000e+01
2.960619354248046875e+01
2.950809860229492188e+01
2.950905227661132812e+01
2.969811248779296875e+01
2.963883972167968750e+01
2.965846824645996094e+01
2.956683540344238281e+01
2.964547348022460938e+01
2.966161727905273438e+01
2.973747253417968750e+01
2.982208824157714844e+01
2.984655761718750000e+01
2.947502708435058594e+01
2.961391448974609375e+01
2.949552917480468750e+01
2.959195709228515625e+01
2.962209320068359375e+01
2.976070785522460938e+01
2.974958801269531250e+01
2.974940109252929688e+01
2.964900588989257812e+01
2.964943313598632812e+01
2.959552574157714844e+01
2.963338470458984375e+01
2.976576232910156250e+01
2.993467712402343750e+01
2.991301155090332031e+01
2.970982551574707031e+01
2.977478408813476562e+01
2.975022125244140625e+01
2.985031318664550781e+01
2.971432876586914062e+01
2.969718551635742188e+01
2.977818298339843750e+01
2.984968376159667969e+01
2.957499694824218750e+01
2.955678939819335938e+01
2.957858657836914062e+01
2.956440734863281250e+01
2.958454132080078125e+01
2.968859100341796875e+01
2.971063613891601562e+01
2.985203933715820312e+01
2.970748519897460938e+01
2.967065811157226562e+01
2.965866661071777344e+01
2.965948104858398438e+01
2.980763053894042969e+01
2.972347640991210938e+01
2.972280883789062500e+01
2.963079833984375000e+01
2.961720848083496094e+01
2.961147499084472656e+01
2.968578529357910156e+01
2.963164901733398438e+01
2.961788940429687500e+01
2.957382965087890625e+01
2.958989715576171875e+01
2.951006698608398438e+01
2.941197395324707031e+01
2.950193405151367188e+01
2.949479866027832031e+01
2.958712768554687500e+01
2.946918487548828125e+01
2.955935859680175781e+01
2.945910453796386719e+01
2.943086433410644531e+01
2.957885360717773438e+01
2.962426185607910156e+01
2.948731040954589844e+01
2.946199798583984375e+01
2.953150367736816406e+01
2.966802024841308594e+01
2.975922775268554688e+01
2.947807693481445312e+01
2.962117767333984375e+01
2.972830200195312500e+01
2.969206619262695312e+01
2.980570983886718750e+01
2.981381797790527344e+01
2.967711257934570312e+01
2.954076385498046875e+01
2.955644607543945312e+01
2.935571861267089844e+01
2.947585678100585938e+01
2.948419380187988281e+01
2.948289299011230469e+01
2.943762779235839844e+01
2.952678680419921875e+01
2.941282653808593750e+01
2.953482246398925781e+01
2.955323219299316406e+01
2.946441268920898438e+01
2.951666641235351562e+01
2.966116714477539062e+01
2.945292854309082031e+01
2.944303512573242188e+01
2.954985809326171875e+01
2.958080101013183594e+01
2.960247802734375000e+01
2.966661453247070312e+01
2.972385215759277344e+01
2.973308563232421875e+01
2.968239021301269531e+01
2.972375679016113281e+01
2.978152656555175781e+01
2.978337097167968750e+01
2.960130691528320312e+01
2.947965431213378906e+01
2.942039680480957031e+01
2.941868591308593750e+01
2.937969779968261719e+01
2.921413803100585938e+01
2.936445617675781250e+01
2.967387390136718750e+01
2.953863143920898438e+01
2.965785408020019531e+01
2.956974983215332031e+01
2.977295494079589844e+01
2.972599792480468750e+01
2.958894348144531250e+01
2.971032142639160156e+01
2.959142112731933594e+01
2.966982269287109375e+01
2.966702270507812500e+01
2.962900352478027344e+01
2.951478767395019531e+01
2.944555664062500000e+01
2.939259910583496094e+01
2.939762687683105469e+01
2.932357025146484375e+01
2.920041275024414062e+01
2.927845001220703125e+01
2.933791923522949219e+01
2.947791290283203125e+01
2.953779792785644531e+01
2.958328056335449219e+01
2.954247665405273438e+01
2.952866363525390625e+01
2.943036651611328125e+01
2.926856040954589844e+01
2.923007774353027344e+01
2.934884262084960938e+01
2.943954658508300781e+01
2.938023376464843750e+01
2.942486572265625000e+01
2.943242645263671875e+01
2.938657760620117188e+01
2.955231857299804688e+01
2.960144996643066406e+01
2.944882202148437500e+01
2.948753547668457031e+01
2.957419967651367188e+01
2.976198196411132812e+01
2.958603477478027344e+01
2.958811759948730469e+01
2.938093948364257812e+01
2.938488197326660156e+01
2.942434883117675781e+01
2.944256401062011719e+01
2.945072555541992188e+01
2.941765594482421875e+01
2.932817840576171875e+01
2.944380569458007812e+01
2.941379928588867188e+01
2.937235069274902344e+01
2.935776710510253906e+01
2.944251251220703125e+01
2.931125450134277344e+01
2.940608978271484375e+01
2.946324539184570312e+01
2.942340278625488281e+01
2.949589920043945312e+01
2.932026290893554688e+01
2.931623077392578125e+01
2.920564270019531250e+01
2.929677200317382812e+01
2.925654220581054688e+01
2.948629951477050781e+01
2.943101501464843750e+01
2.934468460083007812e+01
2.923436927795410156e+01
2.925827980041503906e+01
2.927514076232910156e+01
2.927323532104492188e+01
2.922686004638671875e+01
2.919250106811523438e+01
2.934482192993164062e+01
2.923839569091796875e+01
2.916696929931640625e+01
2.928933906555175781e+01
2.936800193786621094e+01
2.937248229980468750e+01
2.939610290527343750e+01
2.935524368286132812e+01
2.928256416320800781e+01
2.935628128051757812e+01
2.946738052368164062e+01
2.961895179748535156e+01
2.956796264648437500e+01
2.955698776245117188e+01
2.964721679687500000e+01
2.959688377380371094e+01
2.931777954101562500e+01
2.934938621520996094e+01
2.937341880798339844e+01
2.933648872375488281e+01
2.938036918640136719e+01
2.941099166870117188e+01
2.920595550537109375e+01
2.908331108093261719e+01
2.923458862304687500e+01
2.919632911682128906e+01
2.924361228942871094e+01
2.942217063903808594e+01
2.949250411987304688e+01
2.948428726196289062e+01
2.937116241455078125e+01
2.944340896606445312e+01
2.933190727233886719e+01
2.931366539001464844e+01
2.943775367736816406e+01
2.951509284973144531e+01
2.943855857849121094e+01
2.934040451049804688e+01
2.927490615844726562e+01
2.938971138000488281e+01
2.938972473144531250e+01
2.942509460449218750e+01
2.921037673950195312e+01
2.943766593933105469e+01
2.923785781860351562e+01
2.935086250305175781e+01
2.932005310058593750e+01
2.927400588989257812e+01
2.936256408691406250e+01
2.944380760192871094e+01
2.942536163330078125e+01
2.935075378417968750e+01
2.943080902099609375e+01
2.942883682250976562e+01
2.953231811523437500e+01
2.933041954040527344e+01
2.947996902465820312e+01
2.946506118774414062e+01
2.946732711791992188e+01
2.943355941772460938e+01
2.958082580566406250e+01
2.933110237121582031e+01
2.941400337219238281e+01
2.945575714111328125e+01
2.930438232421875000e+01
2.932755661010742188e+01
2.934181022644042969e+01
2.924384307861328125e+01
2.935195922851562500e+01
2.933324813842773438e+01
2.940658187866210938e+01
2.931410789489746094e+01
2.945672416687011719e+01
2.934384918212890625e+01
2.934748077392578125e+01
2.937609863281250000e+01
2.937912368774414062e+01
2.932105827331542969e+01
2.940603828430175781e+01
2.933797836303710938e+01
2.931240463256835938e+01
2.918513107299804688e+01
2.916534996032714844e+01
2.920555877685546875e+01
2.925486373901367188e+01
2.933281707763671875e+01
2.939683151245117188e+01
2.932374572753906250e+01
2.931170463562011719e+01
2.927555084228515625e+01
2.930395507812500000e+01
2.943599319458007812e+01
2.951733398437500000e+01
2.934666824340820312e+01
2.933569717407226562e+01
2.947579193115234375e+01
2.936737060546875000e+01
2.934235763549804688e+01
2.940573310852050781e+01
2.933728790283203125e+01
2.923723983764648438e+01
2.924172019958496094e+01
2.913277053833007812e+01
2.910497665405273438e+01
2.919026184082031250e+01
2.919895744323730469e+01
2.927669143676757812e+01
2.914638328552246094e+01
2.920692443847656250e+01
2.918915557861328125e+01
2.935375595092773438e+01
2.939718627929687500e+01
2.927097129821777344e+01
2.929568099975585938e+01
2.915145874023437500e+01
2.916378021240234375e+01
2.916426467895507812e+01
2.926347732543945312e+01
2.938895797729492188e+01
2.938187980651855469e+01
2.935475921630859375e+01
2.932117652893066406e+01
2.931919860839843750e+01
2.930726623535156250e+01
2.927855682373046875e+01
2.929844665527343750e+01
2.922804260253906250e+01
2.923963356018066406e+01
2.918699264526367188e+01
2.910991477966308594e+01
2.908026885986328125e+01
2.900872230529785156e+01
2.912411880493164062e+01
2.910140609741210938e+01
2.912113571166992188e+01
2.905791854858398438e+01
2.901808357238769531e+01
2.926693725585937500e+01
2.912577629089355469e+01
2.911253738403320312e+01
2.914967155456542969e+01
2.905569648742675781e+01
2.923349761962890625e+01
2.910416412353515625e+01
2.913408088684082031e+01
2.908691024780273438e+01
2.905006027221679688e+01
2.913912963867187500e+01
2.905557632446289062e+01
2.909030151367187500e+01
2.903770828247070312e+01
2.905658721923828125e+01
2.906980514526367188e+01
2.924258804321289062e+01
2.926177024841308594e+01
2.911835861206054688e+01
2.918982124328613281e+01
2.923388481140136719e+01
2.919814300537109375e+01
2.936670112609863281e+01
2.932244110107421875e+01
2.915932464599609375e+01
2.926233100891113281e+01
2.924025726318359375e+01
2.920810890197753906e+01
2.921500778198242188e+01
2.906650543212890625e+01
2.921509552001953125e+01
2.915580368041992188e+01
2.919483184814453125e+01
2.908916854858398438e+01
2.903317260742187500e+01
2.914164733886718750e+01
2.918623924255371094e+01
2.911104965209960938e+01
2.910710716247558594e+01
2.906344223022460938e+01
2.895646095275878906e+01
2.914473724365234375e+01
2.911530113220214844e+01
2.922191238403320312e+01
2.924641418457031250e+01
2.921482658386230469e+01
2.915978240966796875e+01
2.918910789489746094e+01
2.940027427673339844e+01
2.941088867187500000e+01
2.938721847534179688e+01
2.934444046020507812e+01
2.939018440246582031e+01
2.939474105834960938e+01
2.937129211425781250e+01
2.930743408203125000e+01
2.924244499206542969e+01
2.934473228454589844e+01
2.920432853698730469e+01
2.920897102355957031e+01
2.935450935363769531e+01
2.937646484375000000e+01
2.949849700927734375e+01
2.935559082031250000e+01
2.923582458496093750e+01
2.924881935119628906e+01
2.942907524108886719e+01
2.927838706970214844e+01
2.927064514160156250e+01
2.929833602905273438e+01
2.924284172058105469e+01
2.928110504150390625e+01
2.928850173950195312e+01
2.931890106201171875e+01
2.917425918579101562e+01
2.915754318237304688e+01
2.941000366210937500e+01
2.944479942321777344e+01
2.949751091003417969e+01
2.960468673706054688e+01
2.957391738891601562e+01
2.947760772705078125e+01
2.946356773376464844e+01
2.952076339721679688e+01
2.941695022583007812e+01
2.937123680114746094e+01
2.920695114135742188e+01
2.928699302673339844e+01
2.914304161071777344e+01
2.909015274047851562e+01
2.924892425537109375e+01
2.913464355468750000e+01
2.923025131225585938e+01
2.920199966430664062e+01
2.927910041809082031e+01
2.933264350891113281e+01
2.931600952148437500e+01
2.941620254516601562e+01
2.928413772583007812e+01
2.923164367675781250e+01
2.932871627807617188e+01
2.935214233398437500e+01
2.930479240417480469e+01
2.924820137023925781e+01
2.928441238403320312e+01
2.919165802001953125e+01
2.918510055541992188e+01
2.916106033325195312e+01
2.917806625366210938e+01
2.918853187561035156e+01
2.913192558288574219e+01
2.899689865112304688e+01
2.896261024475097656e+01
2.893398857116699219e+01
2.895971107482910156e+01
2.884412956237792969e+01
2.896384048461914062e+01
2.894024276733398438e+01
2.904725646972656250e+01
2.896142768859863281e+01
2.908526802062988281e+01
2.916541862487792969e+01
2.916323089599609375e+01
2.917965126037597656e+01
2.905458831787109375e+01
2.910544204711914062e+01
2.917868804931640625e+01
2.931380081176757812e+01
2.925456428527832031e+01
2.924679183959960938e+01
2.924810981750488281e+01
2.915372467041015625e+01
2.902352905273437500e+01
2.920570755004882812e+01
2.917185211181640625e+01
2.931020355224609375e+01
2.939014244079589844e+01
2.935241317749023438e+01
2.929631042480468750e+01
2.924363708496093750e+01
2.938430023193359375e+01
2.923807716369628906e+01
2.933176994323730469e+01
2.926048278808593750e+01
2.921730422973632812e+01
2.925377845764160156e+01
2.914490890502929688e+01
2.920051574707031250e+01
2.924017333984375000e+01
2.911977195739746094e+01
2.919412231445312500e+01
2.923019790649414062e+01
2.921285438537597656e+01
2.911398887634277344e+01
2.912028121948242188e+01
2.900535964965820312e+01
2.883745193481445312e+01
2.875110626220703125e+01
2.888521766662597656e+01
2.876811218261718750e+01
2.884832763671875000e+01
2.881470108032226562e+01
2.885623741149902344e+01
2.900120544433593750e+01
2.905120849609375000e+01
2.911310577392578125e+01
2.907117462158203125e+01
2.898895263671875000e+01
2.909263801574707031e+01
2.925221443176269531e+01
2.925967597961425781e+01
2.933623504638671875e+01
2.918712997436523438e+01
2.915611457824707031e+01
2.904339981079101562e+01
2.892032623291015625e+01
2.891526603698730469e+01
2.907334899902343750e+01
2.896080398559570312e+01
2.917328262329101562e+01
2.917178726196289062e+01
2.904094886779785156e+01
2.899809265136718750e+01
2.915332031250000000e+01
2.902064895629882812e+01
2.908373069763183594e+01
2.917560577392578125e+01
2.925415992736816406e+01
2.917458915710449219e+01
2.918687438964843750e+01
2.913544654846191406e+01
2.926330947875976562e+01
2.930312538146972656e+01
2.905606651306152344e+01
2.903886795043945312e+01
2.893040847778320312e+01
2.889287185668945312e+01
2.902150726318359375e+01
2.899500846862792969e+01
2.887605094909667969e+01
2.885292434692382812e+01
2.895806884765625000e+01
2.900665664672851562e+01
2.905724525451660156e+01
2.927127456665039062e+01
2.922638130187988281e+01
2.913686370849609375e+01
2.910552024841308594e+01
2.909285926818847656e+01
2.919972419738769531e+01
2.916854286193847656e+01
2.914532852172851562e+01
2.910183334350585938e+01
2.896438980102539062e+01
2.896796798706054688e+01
2.891055870056152344e+01
2.884449577331542969e+01
2.890124702453613281e+01
2.887871360778808594e+01
2.895888900756835938e+01
2.882765579223632812e+01
2.895994949340820312e+01
2.903485107421875000e+01
2.888345146179199219e+01
2.892085075378417969e+01
2.878869819641113281e+01
2.877309417724609375e+01
2.868873596191406250e+01
2.883790969848632812e+01
2.876469421386718750e+01
2.879449653625488281e+01
2.882042694091796875e+01
2.902872657775878906e+01
2.890027427673339844e+01
2.892264556884765625e+01
2.887330436706542969e+01
2.890520286560058594e+01
2.888224983215332031e+01
2.885462951660156250e+01
2.898595619201660156e+01
2.881601333618164062e+01
2.889502716064453125e+01
2.899432754516601562e+01
2.907368659973144531e+01
2.900811004638671875e+01
2.889671897888183594e+01
2.880367279052734375e+01
2.909782028198242188e+01
2.905306243896484375e+01
2.895820999145507812e+01
2.896365547180175781e+01
2.892464828491210938e+01
2.905255126953125000e+01
2.899053382873535156e+01
2.910764884948730469e+01
2.911440277099609375e+01
2.908814239501953125e+01
2.895324325561523438e+01
2.906364440917968750e+01
2.888322448730468750e+01
2.895024108886718750e+01
2.881343078613281250e+01
2.898695755004882812e+01
2.907903861999511719e+01
2.904507637023925781e+01
2.903317642211914062e+01
2.909651947021484375e+01
2.903358840942382812e+01
2.899439048767089844e+01
2.895258522033691406e+01
2.895579910278320312e+01
2.890149497985839844e+01
2.890080833435058594e+01
2.890088653564453125e+01
2.902411079406738281e+01
2.910478019714355469e+01
2.907278251647949219e+01
2.899430084228515625e+01
2.914640998840332031e+01
2.919257736206054688e+01
2.914007186889648438e+01
2.917435455322265625e+01
2.898225784301757812e+01
2.919058227539062500e+01
2.922324180603027344e+01
2.914109611511230469e+01
2.911177444458007812e+01
2.920425415039062500e+01
2.899616241455078125e+01
2.892388153076171875e+01
2.883078765869140625e+01
2.898729324340820312e+01
2.896248817443847656e+01
2.893680763244628906e+01
2.890332221984863281e+01
2.913373565673828125e+01
2.910636329650878906e+01
2.898847198486328125e+01
2.895158004760742188e+01
2.903408813476562500e+01
2.890360260009765625e+01
2.885357284545898438e+01
2.890676116943359375e+01
2.887130546569824219e+01
2.876853561401367188e+01
2.888730621337890625e+01
2.894808578491210938e+01
2.898666191101074219e+01
2.887153625488281250e+01
2.898446655273437500e+01
2.888668251037597656e+01
2.895669746398925781e+01
2.884869956970214844e+01
2.866153144836425781e+01
2.881255722045898438e+01
2.900447463989257812e+01
2.911941719055175781e+01
2.901058006286621094e+01
2.885135650634765625e+01
2.891899871826171875e+01
2.890944290161132812e+01
2.901706504821777344e+01
2.897036743164062500e+01
2.900885009765625000e+01
2.906214332580566406e+01
2.898914718627929688e+01
2.889680480957031250e+01
2.892791175842285156e+01
2.884776306152343750e+01
2.886637115478515625e+01
2.880413818359375000e+01
2.888576126098632812e+01
2.905271911621093750e+01
2.908190536499023438e+01
2.894137191772460938e+01
2.900800704956054688e+01
2.904855537414550781e+01
2.904524993896484375e+01
2.902866363525390625e+01
2.887881469726562500e+01
2.898629760742187500e+01
2.901103973388671875e+01
2.902768325805664062e+01
2.903856086730957031e+01
2.902782058715820312e+01
2.908176231384277344e+01
2.894243812561035156e+01
2.902135276794433594e+01
2.913552093505859375e+01
2.895021247863769531e+01
2.890255928039550781e+01
2.903733444213867188e+01
2.903463745117187500e+01
2.906267929077148438e+01
2.903753852844238281e+01
2.912399864196777344e+01
2.906790351867675781e+01
2.912743949890136719e+01
2.896464729309082031e+01
2.918303298950195312e+01
2.906238555908203125e+01
2.885186004638671875e+01
2.893399429321289062e+01
2.885165214538574219e+01
2.886539459228515625e+01
2.896969223022460938e+01
2.894409751892089844e+01
2.902846908569335938e+01
2.882699966430664062e+01
2.892402839660644531e+01
2.898085403442382812e+01
2.899199104309082031e+01
2.911210250854492188e+01
2.919922256469726562e+01
2.916605758666992188e+01
2.910370445251464844e+01
2.918150520324707031e+01
2.927354431152343750e+01
2.904528808593750000e+01
2.911327552795410156e+01
2.918482589721679688e+01
2.902570343017578125e+01
2.906900978088378906e+01
2.901721572875976562e+01
2.887912559509277344e+01
2.889105606079101562e+01
2.886420249938964844e+01
2.892796325683593750e+01
2.893750190734863281e+01
2.900423049926757812e+01
2.904947280883789062e+01
2.885065841674804688e+01
2.895481872558593750e+01
2.903668975830078125e+01
2.908886528015136719e+01
2.885738754272460938e+01
2.901964569091796875e+01
2.900690460205078125e+01
2.898364830017089844e+01
2.899894714355468750e+01
2.897124290466308594e+01
2.882721138000488281e+01
2.889528846740722656e+01
2.906617546081542969e+01
2.906000900268554688e+01
2.899608993530273438e+01
2.897280693054199219e+01
2.900268554687500000e+01
2.892413711547851562e+01
2.881011009216308594e+01
2.895338249206542969e+01
2.893255043029785156e+01
2.900008010864257812e+01
2.902753829956054688e+01
2.898725509643554688e+01
2.894889831542968750e+01
2.892210388183593750e+01
2.896332931518554688e+01
2.901763153076171875e+01
2.905602645874023438e+01
2.889888191223144531e+01
2.880675506591796875e+01
2.884463500976562500e+01
2.894404983520507812e+01
2.895057296752929688e+01
2.902317428588867188e+01
2.912203407287597656e+01
2.893326568603515625e+01
2.906155776977539062e+01
2.881148529052734375e+01
2.871604919433593750e+01
2.885199928283691406e+01
2.892893600463867188e+01
2.903455734252929688e+01
2.906590652465820312e+01
2.909670257568359375e+01
2.895143508911132812e+01
2.915272521972656250e+01
2.906081962585449219e+01
2.907245826721191406e+01
2.927842712402343750e+01
2.916935729980468750e+01
2.912503433227539062e+01
2.911039924621582031e+01
2.904297447204589844e+01
2.898119354248046875e+01
2.909919929504394531e+01
2.893757438659667969e+01
2.890933227539062500e+01
2.898031806945800781e+01
2.899924850463867188e+01
2.887596511840820312e+01
2.879757881164550781e+01
2.877626800537109375e+01
2.871112060546875000e+01
2.898797225952148438e+01
2.902058982849121094e+01
2.887727355957031250e+01
2.872376441955566406e+01
2.880011749267578125e+01
2.887978553771972656e+01
2.889849662780761719e+01
2.887226104736328125e+01
2.882529449462890625e+01
2.873419952392578125e+01
2.873365592956542969e+01
2.873126411437988281e+01
2.869878005981445312e+01
2.871748733520507812e+01
2.867666244506835938e+01
2.859954833984375000e+01
2.872018623352050781e+01
2.872171020507812500e+01
2.886044311523437500e+01
2.871778297424316406e+01
2.880339241027832031e+01
2.874901199340820312e+01
2.880407524108886719e+01
2.890653991699218750e+01
2.881119918823242188e+01
2.868656539916992188e+01
2.869571304321289062e+01
2.874367904663085938e+01
2.878956794738769531e+01
2.900534439086914062e+01
2.889896011352539062e+01
2.873479652404785156e+01
2.878460884094238281e+01
2.881799697875976562e+01
2.879830169677734375e+01
2.879527664184570312e+01
2.870625305175781250e+01
2.864983749389648438e+01
2.866468811035156250e+01
2.866798400878906250e+01
2.869347572326660156e+01
2.878500747680664062e+01
2.881063842773437500e+01
2.876543807983398438e+01
2.881676483154296875e+01
2.873475837707519531e+01
2.879131507873535156e+01
2.874981880187988281e+01
2.873060035705566406e+01
2.883859634399414062e+01
2.885060119628906250e+01
2.876903533935546875e+01
2.876457405090332031e+01
2.868111610412597656e+01
2.875250816345214844e+01
2.881253623962402344e+01
2.890053367614746094e+01
2.890454864501953125e+01
2.896824645996093750e+01
2.907747268676757812e+01
2.900539016723632812e+01
2.905233001708984375e+01
2.917486953735351562e+01
2.923100090026855469e+01
2.920481872558593750e+01
2.918290710449218750e+01
2.906237411499023438e+01
2.907505416870117188e+01
2.901044845581054688e+01
2.877354812622070312e+01
2.877431106567382812e+01
2.875363159179687500e+01
2.895735168457031250e+01
2.885059356689453125e+01
2.872066497802734375e+01
2.870174407958984375e+01
2.872490882873535156e+01
2.878976058959960938e+01
2.887461471557617188e+01
2.877924156188964844e+01
2.878093528747558594e+01
2.886377143859863281e+01
2.881471252441406250e+01
2.879609489440917969e+01
2.881094932556152344e+01
2.889974784851074219e+01
2.865725898742675781e+01
2.871039962768554688e+01
2.873628807067871094e+01
2.876225662231445312e+01
2.869239997863769531e+01
2.860506439208984375e+01
2.865330314636230469e+01
2.865700721740722656e+01
2.881052589416503906e+01
2.876814270019531250e+01
2.862150955200195312e+01
2.856579971313476562e+01
2.847835540771484375e+01
2.841121482849121094e+01
2.855993080139160156e+01
2.864503288269042969e+01
2.875407981872558594e+01
2.884708023071289062e+01
2.894990921020507812e+01
2.903573036193847656e+01
2.884511947631835938e+01
2.876867675781250000e+01
2.877510452270507812e+01
2.891479873657226562e+01
2.910276031494140625e+01
2.882094955444335938e+01
2.886194610595703125e+01
2.889299392700195312e+01
2.893423843383789062e+01
2.892215156555175781e+01
2.894263648986816406e+01
2.895939636230468750e+01
2.887111091613769531e+01
2.892949676513671875e+01
2.885299491882324219e+01
2.901961326599121094e+01
2.873369598388671875e+01
2.878186035156250000e+01
2.886005210876464844e+01
2.888489532470703125e+01
2.905200576782226562e+01
2.913957595825195312e+01
2.902204895019531250e+01
2.893656539916992188e+01
2.898535728454589844e+01
2.899184608459472656e+01
2.893697357177734375e+01
2.896088409423828125e+01
2.902414894104003906e+01
2.900001144409179688e+01
2.900767898559570312e+01
2.897753143310546875e+01
2.894908905029296875e+01
2.894121551513671875e+01
2.891128540039062500e+01
2.884032058715820312e+01
2.875686836242675781e+01
2.876730918884277344e+01
2.863120269775390625e+01
2.861869430541992188e+01
2.855955696105957031e+01
2.860706901550292969e+01
2.862924957275390625e+01
2.873623657226562500e+01
2.885935020446777344e+01
2.875514984130859375e+01
2.875628852844238281e+01
2.892085266113281250e+01
2.888641738891601562e+01
2.880065155029296875e+01
2.890258407592773438e+01
2.890768814086914062e+01
2.886964416503906250e+01
2.876392555236816406e+01
2.884256362915039062e+01
2.886717224121093750e+01
2.895044708251953125e+01
2.894190216064453125e+01
2.895671272277832031e+01
2.868122291564941406e+01
2.883263969421386719e+01
2.882391548156738281e+01
2.873829650878906250e+01
2.871356582641601562e+01
2.871706771850585938e+01
2.873574829101562500e+01
2.854144477844238281e+01
2.873043823242187500e+01
2.873855972290039062e+01
2.911983299255371094e+01
2.894874382019042969e+01
2.892866325378417969e+01
2.892945098876953125e+01
2.880278968811035156e+01
2.882147979736328125e+01
2.882170104980468750e+01
2.887719726562500000e+01
2.869764900207519531e+01
2.884631729125976562e+01
2.893503379821777344e+01
2.882391166687011719e+01
2.890710067749023438e+01
2.890854644775390625e+01
2.893943023681640625e+01
2.889587020874023438e+01
2.876405334472656250e+01
2.887214088439941406e+01
2.867323112487792969e+01
2.857878875732421875e+01
2.877425384521484375e+01
2.872906875610351562e+01
2.882560539245605469e+01
2.872374343872070312e+01
2.878671264648437500e+01
2.885386085510253906e+01
2.875433349609375000e+01
2.879415130615234375e+01
2.889713096618652344e+01
2.881913948059082031e+01
2.887520217895507812e+01
2.882050323486328125e+01
2.879460525512695312e+01
2.881489944458007812e+01
2.866721534729003906e+01
2.869047164916992188e+01
2.875564765930175781e+01
2.876694488525390625e+01
2.878623390197753906e+01
2.882965278625488281e+01
2.887091445922851562e+01
2.885910797119140625e+01
2.887902450561523438e+01
2.880369567871093750e+01
2.900273132324218750e+01
2.879256248474121094e+01
2.881397247314453125e+01
2.876395797729492188e+01
2.884609603881835938e+01
2.874909591674804688e+01
2.872010612487792969e+01
2.894511985778808594e+01
2.894500350952148438e+01
2.888313102722167969e+01
2.894490814208984375e+01
2.890391540527343750e+01
2.888610839843750000e+01
2.888565063476562500e+01
2.895157432556152344e+01
2.899586486816406250e+01
2.899707031250000000e+01
2.873522186279296875e+01
2.878772544860839844e+01
2.881781387329101562e+01
2.879712295532226562e+01
2.867643547058105469e+01
2.873166275024414062e+01
2.872234916687011719e+01
2.888042068481445312e+01
2.877939224243164062e+01
2.883167266845703125e+01
2.873907089233398438e+01
2.874305343627929688e+01
2.888935279846191406e+01
2.894102096557617188e+01
2.886689186096191406e+01
2.886456489562988281e+01
2.884073066711425781e+01
2.890576934814453125e+01
2.870519256591796875e+01
2.877206039428710938e+01
2.876121139526367188e+01
2.888108062744140625e+01
2.891964912414550781e+01
2.887939262390136719e+01
2.866543006896972656e+01
2.867755508422851562e+01
2.872639274597167969e+01
2.867513656616210938e+01
2.873635482788085938e+01
2.884381484985351562e+01
2.876924896240234375e+01
2.885341835021972656e+01
2.886461639404296875e+01
2.891013717651367188e+01
2.898265266418457031e+01
2.883810043334960938e+01
2.869260787963867188e+01
2.878583717346191406e+01
2.887882614135742188e+01
2.897902297973632812e+01
2.894283676147460938e+01
2.917346763610839844e+01
2.906503868103027344e+01
2.896383094787597656e+01
2.888626480102539062e+01
2.888181686401367188e+01
2.881198501586914062e+01
2.894575881958007812e+01
2.886769104003906250e+01
2.883038520812988281e+01
2.895875930786132812e+01
2.901009178161621094e+01
2.889909934997558594e+01
2.892563629150390625e+01
2.898469161987304688e+01
2.888039588928222656e+01
2.886968994140625000e+01
2.896849822998046875e+01
2.898704147338867188e+01
2.885120391845703125e+01
2.889285087585449219e+01
2.878104782104492188e+01
2.893988227844238281e+01
2.891239356994628906e+01
2.883171463012695312e+01
2.885605049133300781e+01
2.892901039123535156e+01
2.900673484802246094e+01
2.888525772094726562e+01
2.871936798095703125e+01
2.875112533569335938e+01
2.867201423645019531e+01
2.873389053344726562e+01
2.888282966613769531e+01
2.889035224914550781e+01
2.884168243408203125e+01
2.887110137939453125e+01
2.880376815795898438e+01
2.876007843017578125e+01
2.867703056335449219e+01
2.857546806335449219e+01
2.847806739807128906e+01
2.871245574951171875e+01
2.875104141235351562e+01
2.890781211853027344e+01
2.878443908691406250e+01
2.881296157836914062e+01
2.879516029357910156e+01
2.893476104736328125e+01
2.901376724243164062e+01
2.892482376098632812e+01
2.902353858947753906e+01
2.881260871887207031e+01
2.876785278320312500e+01
2.855503082275390625e+01
2.862862205505371094e+01
2.869434547424316406e+01
2.853193283081054688e+01
2.864881324768066406e+01
2.865939331054687500e+01
2.876339340209960938e+01
2.879986190795898438e+01
2.885919570922851562e+01
2.888117218017578125e+01
2.871469497680664062e+01
2.881817817687988281e+01
2.872672271728515625e+01
2.870578956604003906e+01
2.881648063659667969e+01
2.889997482299804688e+01
2.888938140869140625e+01
2.882569694519042969e+01
2.871193122863769531e+01
2.864906883239746094e+01
2.889745140075683594e+01
2.878515815734863281e+01
2.864567565917968750e+01
2.855591011047363281e+01
2.849767112731933594e+01
2.849336242675781250e+01
2.856900405883789062e+01
2.859989547729492188e+01
2.874829673767089844e+01
2.850222969055175781e+01
