9.531478881835937500e+00
1.247594928741455078e+01
1.463338279724121094e+01
1.651822280883789062e+01
1.783631896972656250e+01
1.905229949951171875e+01
2.012287712097167969e+01
2.105327606201171875e+01
2.193202400207519531e+01
2.280710601806640625e+01
2.359526062011718750e+01
2.445051765441894531e+01
2.516148567199707031e+01
2.577742385864257812e+01
2.649039840698242188e+01
2.724769401550292969e+01
2.780818557739257812e+01
2.837849807739257812e+01
2.902875137329101562e+01
2.960291862487792969e+01
3.010904121398925781e+01
3.074462509155273438e+01
3.130465126037597656e+01
3.164741325378417969e+01
3.213176727294921875e+01
3.246121215820312500e+01
3.280134582519531250e+01
3.306942749023437500e+01
3.332509613037109375e+01
3.367111968994140625e+01
3.388929748535156250e+01
3.411656188964843750e+01
3.439722442626953125e+01
3.461363983154296875e+01
3.483055496215820312e+01
3.504435348510742188e+01
3.513397598266601562e+01
3.509102630615234375e+01
3.530887985229492188e+01
3.551769638061523438e+01
3.557416534423828125e+01
3.574582672119140625e+01
3.574158477783203125e+01
3.577651214599609375e+01
3.580485534667968750e+01
3.581387329101562500e+01
3.584377288818359375e+01
3.568563461303710938e+01
3.581531524658203125e+01
3.581721496582031250e+01
3.577841186523437500e+01
3.571355819702148438e+01
3.574921417236328125e+01
3.562599182128906250e+01
3.548828887939453125e+01
3.549838256835937500e+01
3.553853988647460938e+01
3.545831298828125000e+01
3.539400100708007812e+01
3.514493560791015625e+01
3.505122375488281250e+01
3.502912902832031250e+01
3.499240493774414062e+01
3.490868377685546875e+01
3.499377822875976562e+01
3.488177490234375000e+01
3.497586441040039062e+01
3.489739227294921875e+01
3.480076217651367188e+01
3.472789382934570312e+01
3.467379379272460938e+01
3.465911102294921875e+01
3.466277313232421875e+01
3.450864028930664062e+01
3.453517150878906250e+01
3.444384002685546875e+01
3.439632415771484375e+01
3.427521514892578125e+01
3.436909484863281250e+01
3.439223480224609375e+01
3.431781768798828125e+01
3.436434555053710938e+01
3.431742858886718750e+01
3.424197006225585938e+01
3.394549179077148438e+01
3.386334609985351562e+01
3.386595916748046875e+01
3.398552703857421875e+01
3.384330749511718750e+01
3.373755645751953125e+01
3.368753433227539062e+01
3.363322448730468750e+01
3.371880340576171875e+01
3.364972686767578125e+01
3.364146041870117188e+01
3.367060852050781250e+01
3.359876251220703125e+01
3.353187179565429688e+01
3.345732116699218750e+01
3.339401245117187500e+01
3.329219055175781250e+01
3.318550872802734375e+01
3.311965942382812500e+01
3.300916671752929688e+01
3.311098480224609375e+01
3.298236083984375000e+01
3.300938415527343750e+01
3.301412200927734375e+01
3.315592956542968750e+01
3.299285888671875000e+01
3.286219787597656250e+01
3.288922119140625000e+01
3.287050628662109375e+01
3.280951690673828125e+01
3.279423141479492188e+01
3.260332870483398438e+01
3.243118286132812500e+01
3.244645690917968750e+01
3.231499481201171875e+01
3.234660339355468750e+01
3.237308502197265625e+01
3.221889877319335938e+01
3.209712219238281250e+01
3.222565460205078125e+01
3.226896667480468750e+01
3.234063720703125000e+01
3.219365692138671875e+01
3.206960296630859375e+01
3.202600097656250000e+01
3.203560638427734375e+01
3.202326965332031250e+01
3.214294815063476562e+01
3.210671234130859375e+01
3.209619903564453125e+01
3.182887649536132812e+01
3.170293998718261719e+01
3.168075180053710938e+01
3.152618789672851562e+01
3.160400009155273438e+01
3.172313880920410156e+01
3.162944793701171875e+01
3.158637237548828125e+01
3.155720138549804688e+01
3.159435653686523438e+01
3.145662879943847656e+01
3.160244369506835938e+01
3.139897537231445312e+01
3.129815483093261719e+01
3.130043983459472656e+01
3.121332168579101562e+01
3.126977539062500000e+01
3.126339149475097656e+01
3.121358871459960938e+01
3.132157135009765625e+01
3.130148315429687500e+01
3.118114852905273438e+01
3.119851112365722656e+01
3.106011962890625000e+01
3.105080223083496094e+01
3.103786468505859375e+01
3.101696777343750000e+01
3.113516616821289062e+01
3.107675170898437500e+01
3.108469581604003906e+01
3.101139831542968750e+01
3.110271072387695312e+01
3.099734687805175781e+01
3.107083129882812500e+01
3.108472442626953125e+01
3.111658859252929688e+01
3.093153381347656250e+01
3.107292175292968750e+01
3.111569786071777344e+01
3.100066757202148438e+01
3.106974792480468750e+01
3.107065963745117188e+01
3.099817657470703125e+01
3.098043823242187500e+01
3.091942596435546875e+01
3.101149368286132812e+01
3.095401382446289062e+01
3.078752326965332031e+01
3.081261444091796875e+01
3.053240966796875000e+01
3.058707809448242188e+01
3.076362419128417969e+01
3.072439575195312500e+01
3.066041374206542969e+01
3.066304016113281250e+01
3.072993659973144531e+01
3.053081893920898438e+01
3.048273849487304688e+01
3.042086982727050781e+01
3.043811416625976562e+01
3.048241615295410156e+01
3.034943008422851562e+01
3.039373588562011719e+01
3.030553436279296875e+01
3.046632003784179688e+01
3.060620117187500000e+01
3.049720764160156250e+01
3.039439964294433594e+01
3.022922897338867188e+01
3.021161842346191406e+01
3.018971633911132812e+01
3.026879882812500000e+01
3.014173507690429688e+01
3.013659286499023438e+01
3.029249572753906250e+01
3.014991760253906250e+01
3.014572715759277344e+01
3.013525009155273438e+01
2.995566368103027344e+01
3.005860519409179688e+01
3.013509941101074219e+01
2.996067619323730469e+01
2.999128723144531250e+01
2.999673843383789062e+01
2.999283218383789062e+01
2.984760284423828125e+01
2.983211708068847656e+01
2.987570571899414062e+01
2.985419082641601562e+01
2.977253723144531250e+01
2.989320564270019531e+01
2.993402862548828125e+01
2.996287536621093750e+01
2.984920883178710938e+01
2.996914863586425781e+01
2.979752349853515625e+01
2.978865051269531250e+01
2.991125869750976562e+01
2.996517181396484375e+01
3.007865142822265625e+01
3.002957534790039062e+01
2.991610908508300781e+01
2.991038131713867188e+01
2.983621406555175781e+01
2.991443634033203125e+01
2.988951301574707031e+01
2.993146133422851562e+01
2.977936744689941406e+01
2.982287597656250000e+01
2.977005004882812500e+01
2.974609375000000000e+01
2.969492912292480469e+01
2.966394615173339844e+01
2.962137031555175781e+01
2.951779556274414062e+01
2.948173713684082031e+01
2.942184257507324219e+01
2.939202117919921875e+01
2.935344886779785156e+01
2.952756118774414062e+01
2.965663146972656250e+01
2.961178398132324219e+01
2.962150001525878906e+01
2.961235618591308594e+01
2.952919769287109375e+01
2.954295730590820312e+01
2.937843704223632812e+01
2.935577392578125000e+01
2.944173812866210938e+01
2.948813438415527344e+01
2.930849266052246094e+01
2.939468765258789062e+01
2.936289024353027344e+01
2.924468231201171875e+01
2.929397010803222656e+01
2.908057022094726562e+01
2.916348648071289062e+01
2.913891792297363281e+01
2.915497589111328125e+01
2.934247779846191406e+01
2.946645927429199219e+01
2.936307907104492188e+01
2.924294281005859375e+01
2.922624206542968750e+01
2.926313591003417969e+01
2.907782363891601562e+01
2.911353874206542969e+01
2.902104949951171875e+01
2.912053298950195312e+01
2.914594650268554688e+01
2.917553520202636719e+01
2.914074707031250000e+01
2.906547164916992188e+01
2.893548774719238281e+01
2.910614395141601562e+01
2.911230468750000000e+01
2.900389862060546875e+01
2.892290115356445312e+01
2.894292068481445312e+01
2.897751235961914062e+01
2.881205940246582031e+01
2.890181732177734375e+01
2.883614730834960938e+01
2.874472808837890625e+01
2.883605957031250000e+01
2.890089035034179688e+01
2.882110977172851562e+01
2.898481750488281250e+01
2.909929466247558594e+01
2.901931190490722656e+01
2.906188964843750000e+01
2.899924278259277344e+01
2.909640502929687500e+01
2.919619750976562500e+01
2.911856079101562500e+01
2.903421211242675781e+01
2.904934120178222656e+01
2.904581260681152344e+01
2.909245300292968750e+01
2.910816955566406250e+01
2.903578186035156250e+01
2.900649833679199219e+01
2.906193542480468750e+01
2.905182266235351562e+01
2.908965492248535156e+01
2.900617790222167969e+01
2.891524314880371094e+01
2.889125251770019531e+01
2.889873695373535156e+01
2.894301986694335938e+01
2.896276855468750000e+01
2.902582168579101562e+01
2.904946136474609375e+01
2.902050018310546875e+01
2.888380432128906250e+01
2.881980514526367188e+01
2.890794181823730469e+01
2.893046951293945312e+01
2.883369636535644531e+01
2.888492584228515625e+01
2.893130493164062500e+01
2.892701339721679688e+01
2.884481811523437500e+01
2.880542945861816406e+01
2.880574226379394531e+01
2.867912673950195312e+01
2.866718101501464844e+01
2.876735687255859375e+01
2.888793373107910156e+01
2.883139419555664062e+01
2.871036911010742188e+01
2.864183425903320312e+01
2.854078674316406250e+01
2.861820411682128906e+01
2.856423187255859375e+01
2.881759262084960938e+01
2.878986358642578125e+01
2.872349166870117188e+01
2.868929672241210938e+01
2.869200134277343750e+01
2.861561393737792969e+01
2.860265350341796875e+01
2.875786209106445312e+01
2.870944213867187500e+01
2.877538490295410156e+01
2.882189178466796875e+01
2.883899497985839844e+01
2.875476455688476562e+01
2.879327011108398438e+01
2.869668197631835938e+01
2.872065925598144531e+01
2.871175193786621094e+01
2.877412986755371094e+01
2.876568794250488281e+01
2.875159645080566406e+01
2.885553932189941406e+01
2.882112884521484375e+01
2.876357460021972656e+01
2.859746551513671875e+01
2.865296936035156250e+01
2.878541946411132812e+01
2.871914672851562500e+01
2.864709854125976562e+01
2.861729812622070312e+01
2.859608078002929688e+01
2.857876586914062500e+01
2.857752037048339844e+01
2.873260307312011719e+01
2.867346572875976562e+01
2.882965850830078125e+01
2.862791633605957031e+01
2.855059623718261719e+01
2.870247268676757812e+01
2.860972213745117188e+01
2.851823043823242188e+01
2.854213714599609375e+01
2.847931289672851562e+01
2.851929664611816406e+01
2.864177513122558594e+01
2.864245033264160156e+01
2.868870162963867188e+01
2.887027740478515625e+01
2.868472862243652344e+01
2.870836639404296875e+01
2.866764831542968750e+01
2.856168556213378906e+01
2.853669548034667969e+01
2.857205772399902344e+01
2.849905395507812500e+01
2.865359878540039062e+01
2.864820861816406250e+01
2.855577087402343750e+01
2.853028488159179688e+01
2.864254760742187500e+01
2.858153915405273438e+01
2.852032470703125000e+01
2.848898315429687500e+01
2.834953498840332031e+01
2.846187210083007812e+01
2.832360839843750000e+01
2.844565200805664062e+01
2.836283493041992188e+01
2.828077316284179688e+01
2.842499923706054688e+01
2.843078041076660156e+01
2.837790870666503906e+01
2.846923828125000000e+01
2.839634323120117188e+01
2.830567359924316406e+01
2.830472183227539062e+01
2.840839385986328125e+01
2.848370170593261719e+01
2.830860137939453125e+01
2.838741111755371094e+01
2.853507995605468750e+01
2.846320152282714844e+01
2.841726684570312500e+01
2.854133987426757812e+01
2.848011016845703125e+01
2.845320701599121094e+01
2.839667892456054688e+01
2.846069145202636719e+01
2.850044250488281250e+01
2.849476623535156250e+01
2.828015136718750000e+01
2.831105422973632812e+01
2.829652404785156250e+01
2.835444068908691406e+01
2.824762725830078125e+01
2.827254867553710938e+01
2.814295387268066406e+01
2.814738845825195312e+01
2.814978027343750000e+01
2.818652153015136719e+01
2.824847221374511719e+01
2.845540618896484375e+01
2.831765747070312500e+01
2.833912658691406250e+01
2.833997344970703125e+01
2.825229835510253906e+01
2.836112213134765625e+01
2.837314033508300781e+01
2.830700302124023438e+01
2.821668624877929688e+01
2.833568191528320312e+01
2.842549896240234375e+01
2.837214279174804688e+01
2.829524803161621094e+01
2.823768997192382812e+01
2.816009521484375000e+01
2.824586105346679688e+01
2.823056411743164062e+01
2.822369384765625000e+01
2.829479789733886719e+01
2.825373458862304688e+01
2.821295547485351562e+01
2.831537628173828125e+01
2.824574089050292969e+01
2.831023025512695312e+01
2.831109237670898438e+01
2.824509429931640625e+01
2.812361526489257812e+01
2.808004379272460938e+01
2.817609405517578125e+01
2.814970588684082031e+01
2.815944099426269531e+01
2.831147766113281250e+01
2.822972106933593750e+01
2.817135620117187500e+01
2.820435905456542969e+01
2.808751487731933594e+01
2.819241714477539062e+01
2.805365943908691406e+01
2.817515563964843750e+01
2.824962615966796875e+01
2.817531585693359375e+01
2.828234481811523438e+01
2.812287712097167969e+01
2.810570335388183594e+01
2.815030097961425781e+01
2.810991668701171875e+01
2.802649497985839844e+01
2.810871124267578125e+01
2.816116523742675781e+01
2.805596923828125000e+01
2.817293930053710938e+01
2.809147262573242188e+01
2.811970520019531250e+01
2.804559516906738281e+01
2.791888809204101562e+01
2.798883819580078125e+01
2.797329330444335938e+01
2.803621864318847656e+01
2.787761306762695312e+01
2.804341125488281250e+01
2.808876800537109375e+01
2.800011253356933594e+01
2.775640296936035156e+01
2.776681518554687500e+01
2.770836257934570312e+01
2.772731781005859375e+01
2.780937576293945312e+01
2.769307518005371094e+01
2.795020484924316406e+01
2.788259506225585938e+01
2.804730987548828125e+01
2.786042404174804688e+01
2.787233352661132812e+01
2.791625404357910156e+01
2.791274833679199219e+01
2.801040077209472656e+01
2.800685882568359375e+01
2.793627166748046875e+01
2.791813659667968750e+01
2.791039276123046875e+01
2.807116317749023438e+01
2.788123321533203125e+01
2.814044952392578125e+01
2.824161529541015625e+01
2.814984512329101562e+01
2.798344802856445312e+01
2.783449554443359375e+01
2.771153259277343750e+01
2.777708435058593750e+01
2.785221481323242188e+01
2.779350662231445312e+01
2.789571189880371094e+01
2.780711364746093750e+01
2.782420921325683594e+01
2.774476814270019531e+01
2.782150268554687500e+01
2.790989494323730469e+01
2.775153541564941406e+01
2.783226013183593750e+01
2.808621215820312500e+01
2.794084548950195312e+01
2.785379409790039062e+01
2.785044479370117188e+01
2.787421226501464844e+01
2.793422508239746094e+01
2.794482421875000000e+01
2.784949302673339844e+01
2.775799179077148438e+01
2.772417449951171875e+01
2.776985359191894531e+01
2.790532875061035156e+01
2.787238693237304688e+01
2.783399009704589844e+01
2.781200408935546875e+01
2.774128913879394531e+01
2.769449234008789062e+01
2.774054145812988281e+01
2.761877822875976562e+01
2.764050292968750000e+01
2.766340637207031250e+01
2.755237388610839844e+01
2.765496635437011719e+01
2.755647659301757812e+01
2.754647445678710938e+01
2.775915908813476562e+01
2.760123062133789062e+01
2.761569404602050781e+01
2.766915893554687500e+01
2.761432838439941406e+01
2.769471549987792969e+01
2.774057197570800781e+01
2.781727981567382812e+01
2.783684539794921875e+01
2.782585144042968750e+01
2.784104156494140625e+01
2.785658073425292969e+01
2.776637649536132812e+01
2.783760833740234375e+01
2.786627960205078125e+01
2.792738342285156250e+01
2.781289291381835938e+01
2.793362426757812500e+01
2.796186065673828125e+01
2.808300018310546875e+01
2.804998016357421875e+01
2.806050109863281250e+01
2.795553588867187500e+01
2.792166519165039062e+01
2.798597145080566406e+01
2.799136352539062500e+01
2.799629974365234375e+01
2.813492584228515625e+01
2.797151184082031250e+01
2.785937500000000000e+01
2.792479515075683594e+01
2.802153778076171875e+01
2.807140541076660156e+01
2.807859992980957031e+01
2.809591293334960938e+01
2.811356163024902344e+01
2.797163200378417969e+01
2.783985137939453125e+01
2.784411621093750000e+01
2.787651634216308594e+01
2.782174873352050781e+01
2.776721954345703125e+01
2.775348854064941406e+01
2.778974533081054688e+01
2.798359489440917969e+01
2.790244865417480469e+01
2.795426940917968750e+01
2.794028091430664062e+01
2.804007339477539062e+01
2.799983596801757812e+01
2.786205673217773438e+01
2.805264663696289062e+01
2.808434104919433594e+01
2.799224281311035156e+01
2.798573303222656250e+01
2.796251487731933594e+01
2.780507278442382812e+01
2.781509399414062500e+01
2.779844856262207031e+01
2.772771835327148438e+01
2.777157592773437500e+01
2.778934097290039062e+01
2.784901237487792969e+01
2.790301322937011719e+01
2.785846138000488281e+01
2.795886993408203125e+01
2.790377998352050781e+01
2.778477859497070312e+01
2.779986381530761719e+01
2.790596389770507812e+01
2.798259925842285156e+01
2.783144378662109375e+01
2.795672798156738281e+01
2.794437789916992188e+01
2.785031509399414062e+01
2.782931327819824219e+01
2.776735687255859375e+01
2.784211158752441406e+01
2.786436653137207031e+01
2.786613464355468750e+01
2.771836471557617188e+01
2.773874855041503906e+01
2.772990798950195312e+01
2.775578689575195312e+01
2.776964569091796875e+01
2.775880241394042969e+01
2.778895950317382812e+01
2.778726196289062500e+01
2.767242240905761719e+01
2.769527435302734375e+01
2.776696777343750000e+01
2.781775665283203125e+01
2.777638053894042969e+01
2.797742271423339844e+01
2.791069793701171875e+01
2.776657485961914062e+01
2.781718444824218750e+01
2.769383621215820312e+01
2.763602066040039062e+01
2.770576477050781250e+01
2.766280174255371094e+01
2.761795234680175781e+01
2.760960197448730469e+01
2.744328689575195312e+01
2.761246109008789062e+01
2.759997940063476562e+01
2.760193634033203125e+01
2.779602050781250000e+01
2.773034286499023438e+01
2.791886711120605469e+01
2.791371154785156250e+01
2.793361854553222656e+01
2.791526031494140625e+01
2.782383918762207031e+01
2.795032882690429688e+01
2.803389739990234375e+01
2.788404655456542969e+01
2.791691780090332031e+01
2.784614181518554688e+01
2.765884590148925781e+01
2.771633720397949219e+01
2.778238296508789062e+01
2.782886505126953125e+01
2.791418838500976562e+01
2.777806854248046875e+01
2.791172790527343750e+01
2.776433944702148438e+01
2.769876098632812500e+01
2.765346145629882812e+01
2.773172760009765625e+01
2.765388870239257812e+01
2.770697212219238281e+01
2.762027359008789062e+01
2.749247550964355469e+01
2.766603469848632812e+01
2.758427429199218750e+01
2.757519721984863281e+01
2.753789901733398438e+01
2.770384979248046875e+01
2.770941543579101562e+01
2.768484878540039062e+01
2.765088081359863281e+01
2.776668930053710938e+01
2.764874076843261719e+01
2.762825775146484375e+01
2.754800033569335938e+01
2.744839477539062500e+01
2.750398254394531250e+01
2.746281051635742188e+01
2.743515777587890625e+01
2.742673110961914062e+01
2.746651458740234375e+01
2.763553237915039062e+01
2.757418823242187500e+01
2.754776763916015625e+01
2.762180709838867188e+01
2.762473487854003906e+01
2.757653236389160156e+01
2.745785522460937500e+01
2.772383499145507812e+01
2.786900711059570312e+01
2.761145401000976562e+01
2.755791854858398438e+01
2.770173645019531250e+01
2.742106628417968750e+01
2.757761573791503906e+01
2.747835540771484375e+01
2.734876823425292969e+01
2.759589195251464844e+01
2.755532073974609375e+01
2.745293617248535156e+01
2.747435951232910156e+01
2.746234130859375000e+01
2.748577690124511719e+01
2.753454780578613281e+01
2.753639411926269531e+01
2.737569618225097656e+01
2.726646995544433594e+01
2.730707359313964844e+01
2.740176773071289062e+01
2.752854156494140625e+01
2.748363494873046875e+01
2.752687644958496094e+01
2.748100662231445312e+01
2.742807960510253906e+01
2.750842857360839844e+01
2.749269485473632812e+01
2.742201995849609375e+01
2.728028869628906250e+01
2.740655708312988281e+01
2.735031509399414062e+01
2.734624099731445312e+01
2.742816543579101562e+01
2.767483901977539062e+01
2.755305862426757812e+01
2.755481338500976562e+01
2.749197387695312500e+01
2.737376403808593750e+01
2.738449478149414062e+01
2.738400650024414062e+01
2.740866088867187500e+01
2.737281227111816406e+01
2.747008895874023438e+01
2.738364601135253906e+01
2.738441467285156250e+01
2.740441513061523438e+01
2.730881500244140625e+01
2.735069847106933594e+01
2.752958297729492188e+01
2.769281768798828125e+01
2.756118583679199219e+01
2.748894119262695312e+01
2.760945701599121094e+01
2.759966278076171875e+01
2.748302459716796875e+01
2.754923248291015625e+01
2.751292991638183594e+01
2.747611999511718750e+01
2.738930130004882812e+01
2.727470207214355469e+01
2.723954010009765625e+01
2.722991943359375000e+01
2.734066390991210938e+01
2.721737670898437500e+01
2.729337120056152344e+01
2.733660507202148438e+01
2.742314910888671875e+01
2.738642692565917969e+01
2.731069946289062500e+01
2.731547164916992188e+01
2.727278327941894531e+01
2.728292846679687500e+01
2.737480163574218750e+01
2.747355651855468750e+01
2.749571228027343750e+01
2.745271301269531250e+01
2.733323860168457031e+01
2.732927894592285156e+01
2.745794296264648438e+01
2.748480606079101562e+01
2.734347534179687500e+01
2.744630050659179688e+01
2.736431121826171875e+01
2.725524520874023438e+01
2.713533782958984375e+01
2.706730651855468750e+01
2.731273460388183594e+01
2.725942420959472656e+01
2.725551223754882812e+01
2.715121650695800781e+01
2.710210418701171875e+01
2.713650894165039062e+01
2.724576568603515625e+01
2.723532104492187500e+01
2.735579681396484375e+01
2.741167831420898438e+01
2.731794548034667969e+01
2.729673576354980469e+01
2.728594207763671875e+01
2.736792373657226562e+01
2.734527206420898438e+01
2.735097694396972656e+01
2.722934532165527344e+01
2.730350875854492188e+01
2.725994300842285156e+01
2.719211769104003906e+01
2.721496963500976562e+01
2.714145660400390625e+01
2.726224899291992188e+01
2.731985855102539062e+01
2.741358375549316406e+01
2.742957115173339844e+01
2.732635688781738281e+01
2.729757118225097656e+01
2.731364822387695312e+01
2.743201828002929688e+01
2.744639587402343750e+01
2.739471244812011719e+01
2.732554054260253906e+01
2.727021980285644531e+01
2.727439308166503906e+01
2.733169937133789062e+01
2.735128974914550781e+01
2.724355697631835938e+01
2.727634620666503906e+01
2.715885543823242188e+01
2.719073104858398438e+01
2.725184059143066406e+01
2.721539878845214844e+01
2.711455535888671875e+01
2.712861633300781250e+01
2.717910957336425781e+01
2.713078308105468750e+01
2.707736587524414062e+01
2.707614707946777344e+01
2.723665618896484375e+01
2.732763290405273438e+01
2.732176589965820312e+01
2.727985763549804688e+01
2.726405143737792969e+01
2.726325607299804688e+01
2.724885177612304688e+01
2.725816154479980469e+01
2.725712203979492188e+01
2.719432449340820312e+01
2.721780776977539062e+01
2.724195098876953125e+01
2.719063949584960938e+01
2.713357162475585938e+01
2.703212356567382812e+01
2.701600646972656250e+01
2.706969451904296875e+01
2.708958053588867188e+01
2.710892677307128906e+01
2.707962036132812500e+01
2.709016609191894531e+01
2.709271240234375000e+01
2.722230529785156250e+01
2.713619995117187500e+01
2.714050674438476562e+01
2.725997924804687500e+01
2.718053817749023438e+01
2.722322845458984375e+01
2.734864044189453125e+01
2.751616096496582031e+01
2.744829750061035156e+01
2.739223480224609375e+01
2.735427856445312500e+01
2.731623077392578125e+01
2.724696159362792969e+01
2.738674545288085938e+01
2.733204078674316406e+01
2.724750900268554688e+01
2.740629959106445312e+01
2.732354736328125000e+01
2.726467323303222656e+01
2.734189224243164062e+01
2.729602241516113281e+01
2.725437164306640625e+01
2.722579956054687500e+01
2.719636535644531250e+01
2.717383575439453125e+01
2.721363449096679688e+01
2.732180213928222656e+01
2.715514564514160156e+01
2.736366081237792969e+01
2.735503005981445312e+01
2.725253105163574219e+01
2.713476943969726562e+01
2.720903205871582031e+01
2.696790504455566406e+01
2.682349586486816406e+01
2.682962799072265625e+01
2.687885284423828125e+01
2.692437362670898438e+01
2.700543022155761719e+01
2.707025909423828125e+01
2.719374656677246094e+01
2.715851974487304688e+01
2.725395202636718750e+01
2.728206253051757812e+01
2.726649475097656250e+01
2.715358924865722656e+01
2.727709579467773438e+01
2.724606323242187500e+01
2.720457077026367188e+01
2.728379440307617188e+01
2.722486877441406250e+01
2.729673004150390625e+01
2.725816535949707031e+01
2.722485733032226562e+01
2.717211532592773438e+01
2.724134063720703125e+01
2.714532089233398438e+01
2.707414245605468750e+01
2.725468826293945312e+01
2.723273086547851562e+01
2.734473800659179688e+01
2.747512054443359375e+01
2.731439590454101562e+01
2.723501968383789062e+01
2.715707015991210938e+01
2.707332038879394531e+01
2.713487625122070312e+01
2.710021591186523438e+01
2.706855201721191406e+01
2.706130790710449219e+01
2.705048942565917969e+01
2.708726119995117188e+01
2.697463989257812500e+01
2.709070396423339844e+01
2.721631050109863281e+01
2.709076309204101562e+01
2.715187072753906250e+01
2.715517807006835938e+01
2.727894020080566406e+01
2.713787078857421875e+01
2.719934082031250000e+01
2.713016891479492188e+01
2.707551002502441406e+01
2.702881431579589844e+01
2.715966606140136719e+01
2.717087936401367188e+01
2.724295425415039062e+01
2.727338790893554688e+01
2.725493431091308594e+01
2.719450759887695312e+01
2.719243621826171875e+01
2.714503860473632812e+01
2.721003341674804688e+01
2.703817367553710938e+01
2.724268341064453125e+01
2.701180648803710938e+01
2.703770828247070312e+01
2.704650115966796875e+01
2.716834640502929688e+01
2.720717430114746094e+01
2.712158966064453125e+01
2.697137069702148438e+01
2.694181442260742188e+01
2.690882110595703125e+01
2.694570159912109375e+01
2.707648086547851562e+01
2.718263626098632812e+01
2.710113334655761719e+01
2.708610534667968750e+01
2.701412200927734375e+01
2.704809951782226562e+01
2.694634056091308594e+01
2.705712509155273438e+01
2.696137428283691406e+01
2.700808143615722656e+01
2.707685852050781250e+01
2.699545478820800781e+01
2.707493591308593750e+01
2.698670959472656250e+01
2.721177291870117188e+01
2.706019020080566406e+01
2.704492568969726562e+01
2.693319320678710938e+01
2.715614509582519531e+01
2.714337730407714844e+01
2.719312286376953125e+01
2.715242576599121094e+01
2.714186668395996094e+01
2.708641242980957031e+01
2.719003295898437500e+01
2.716440200805664062e+01
2.732973861694335938e+01
2.742693328857421875e+01
2.730125045776367188e+01
2.726191139221191406e+01
2.733002471923828125e+01
2.733966827392578125e+01
2.732006835937500000e+01
2.725490570068359375e+01
2.725587463378906250e+01
2.696047782897949219e+01
2.708292198181152344e+01
2.722771072387695312e+01
2.731639099121093750e+01
2.726788520812988281e+01
2.726367378234863281e+01
2.727004241943359375e+01
2.727612686157226562e+01
2.714548492431640625e+01
2.716259193420410156e+01
2.717171859741210938e+01
2.718355560302734375e+01
2.717081832885742188e+01
2.697917556762695312e+01
2.691565704345703125e+01
2.681534576416015625e+01
2.699454498291015625e+01
2.692960739135742188e+01
2.706365203857421875e+01
2.694695091247558594e+01
2.708113479614257812e+01
2.712038040161132812e+01
2.696140289306640625e+01
2.711726760864257812e+01
2.709152984619140625e+01
2.695143890380859375e+01
2.694673919677734375e+01
2.696601486206054688e+01
2.698489570617675781e+01
2.710015678405761719e+01
2.688316154479980469e+01
2.704422378540039062e+01
2.693401908874511719e+01
2.701885032653808594e+01
2.690803527832031250e+01
2.681546020507812500e+01
2.678947257995605469e+01
2.686439895629882812e+01
2.675652885437011719e+01
2.686283683776855469e+01
2.678015899658203125e+01
2.690132141113281250e+01
2.700969696044921875e+01
2.694298553466796875e+01
2.697666931152343750e+01
2.692554473876953125e+01
2.696172714233398438e+01
2.692024230957031250e+01
2.700935363769531250e+01
2.698914337158203125e+01
2.698057746887207031e+01
2.694251441955566406e+01
2.699890708923339844e+01
2.712723159790039062e+01
2.721881103515625000e+01
2.726121139526367188e+01
2.715277481079101562e+01
2.715085983276367188e+01
2.705784988403320312e+01
2.700632286071777344e+01
2.717572021484375000e+01
2.713678741455078125e+01
2.712966728210449219e+01
2.707266616821289062e+01
2.712935829162597656e+01
2.719069290161132812e+01
2.710792350769042969e+01
2.709067916870117188e+01
2.715636253356933594e+01
2.723223304748535156e+01
2.713297271728515625e+01
2.700616073608398438e+01
2.688035202026367188e+01
2.714101219177246094e+01
2.703746032714843750e+01
2.710848045349121094e+01
2.713252449035644531e+01
2.706723785400390625e+01
2.692798042297363281e+01
2.694588851928710938e+01
2.686194992065429688e+01
2.689563179016113281e+01
2.690346908569335938e+01
2.710523223876953125e+01
2.696238899230957031e+01
2.717710494995117188e+01
2.719143104553222656e+01
2.709647750854492188e+01
2.703403854370117188e+01
2.701429176330566406e+01
2.693540191650390625e+01
2.692901802062988281e+01
2.681295394897460938e+01
2.669067192077636719e+01
2.675898742675781250e+01
2.654642105102539062e+01
2.667805480957031250e+01
2.675257110595703125e+01
2.686925888061523438e+01
2.694698143005371094e+01
2.690651321411132812e+01
2.669543266296386719e+01
2.671071624755859375e+01
2.690548706054687500e+01
2.695194625854492188e+01
2.682259368896484375e+01
2.688800811767578125e+01
2.687951660156250000e+01
2.687901306152343750e+01
2.679442214965820312e+01
2.673510169982910156e+01
2.665910148620605469e+01
2.675315475463867188e+01
2.686989402770996094e+01
2.691873931884765625e+01
2.692796134948730469e+01
2.677850723266601562e+01
2.682421684265136719e+01
2.686308288574218750e+01
2.694736862182617188e+01
2.705788230895996094e+01
2.704601097106933594e+01
2.702029037475585938e+01
2.700339317321777344e+01
2.709760856628417969e+01
2.721137619018554688e+01
2.717922782897949219e+01
2.715544319152832031e+01
2.706402587890625000e+01
2.685181808471679688e+01
2.681698608398437500e+01
2.691293144226074219e+01
2.690829658508300781e+01
2.702721023559570312e+01
2.698153877258300781e+01
2.676618957519531250e+01
2.682989120483398438e+01
2.692028045654296875e+01
2.705140686035156250e+01
2.696506118774414062e+01
2.694192123413085938e+01
2.690548706054687500e+01
2.681768035888671875e+01
2.667328643798828125e+01
2.661192893981933594e+01
2.677451324462890625e+01
2.674399566650390625e+01
2.678172683715820312e+01
2.667034339904785156e+01
2.657974052429199219e+01
2.658952140808105469e+01
2.677698516845703125e+01
2.688368225097656250e+01
2.695968627929687500e+01
2.699548912048339844e+01
2.702796173095703125e+01
2.691025924682617188e+01
2.702369499206542969e+01
2.711159896850585938e+01
2.714667701721191406e+01
2.693479537963867188e+01
2.687860107421875000e+01
2.686923217773437500e+01
2.689762496948242188e+01
2.697885894775390625e+01
2.693279457092285156e+01
2.698032379150390625e+01
2.688164901733398438e+01
2.688510704040527344e+01
2.684172058105468750e+01
2.691672134399414062e+01
2.699128913879394531e+01
2.701510429382324219e+01
2.694110870361328125e+01
2.692387390136718750e+01
2.679612731933593750e+01
2.674404144287109375e+01
2.672076034545898438e+01
2.667952346801757812e+01
2.683740806579589844e+01
2.697189331054687500e+01
2.681244659423828125e+01
2.681769943237304688e+01
2.681993484497070312e+01
2.676203536987304688e+01
2.688086318969726562e+01
2.688793754577636719e+01
2.694655990600585938e+01
2.691792488098144531e+01
2.708111190795898438e+01
2.708791542053222656e+01
2.691753387451171875e+01
2.685861968994140625e+01
2.695808601379394531e+01
2.688051223754882812e+01
2.687061691284179688e+01
2.704327011108398438e+01
2.709679031372070312e+01
2.690686225891113281e+01
2.691672897338867188e+01
2.684218978881835938e+01
2.676895141601562500e+01
2.690011596679687500e+01
2.692425537109375000e+01
2.693980026245117188e+01
2.682963562011718750e+01
2.691252899169921875e+01
2.683742141723632812e+01
2.683204460144042969e+01
2.683785247802734375e+01
2.691246223449707031e+01
2.688496208190917969e+01
2.691142654418945312e+01
2.685553359985351562e+01
2.672582817077636719e+01
2.682987213134765625e+01
2.690393066406250000e+01
2.694457244873046875e+01
2.691905975341796875e+01
2.690188598632812500e+01
2.688600349426269531e+01
2.671000480651855469e+01
2.671186065673828125e+01
2.666688919067382812e+01
2.669380569458007812e+01
2.664448928833007812e+01
2.679814910888671875e+01
2.699619293212890625e+01
2.694869613647460938e+01
2.666751480102539062e+01
2.666155433654785156e+01
2.683813858032226562e+01
2.687201881408691406e+01
2.685905075073242188e+01
2.696812820434570312e+01
2.700078773498535156e+01
2.688600730895996094e+01
2.690727996826171875e+01
2.692115020751953125e+01
2.699735641479492188e+01
2.697418212890625000e+01
2.691276550292968750e+01
2.693470764160156250e+01
2.708347892761230469e+01
2.707677841186523438e+01
2.699947547912597656e+01
2.717699623107910156e+01
2.701932716369628906e+01
2.735742568969726562e+01
2.733422088623046875e+01
2.724183273315429688e+01
2.714424133300781250e+01
2.693849563598632812e+01
2.693700027465820312e+01
2.689871788024902344e+01
2.686319732666015625e+01
2.700504302978515625e+01
2.692245864868164062e+01
2.701751518249511719e+01
2.704317092895507812e+01
2.699502944946289062e+01
2.700143814086914062e+01
2.698464584350585938e+01
2.699938774108886719e+01
2.698234939575195312e+01
2.694134712219238281e+01
2.706607627868652344e+01
2.694131469726562500e+01
2.688673019409179688e+01
2.700017738342285156e+01
2.680498886108398438e+01
2.695706558227539062e+01
2.696162414550781250e+01
2.695006942749023438e+01
2.700617790222167969e+01
2.699288558959960938e+01
2.713221359252929688e+01
2.691684150695800781e+01
2.682701492309570312e+01
2.673878860473632812e+01
2.675358963012695312e+01
2.684963607788085938e+01
2.680878829956054688e+01
2.668619537353515625e+01
2.672447967529296875e+01
2.670198440551757812e+01
2.674240303039550781e+01
2.689530181884765625e+01
2.677928352355957031e+01
2.670586395263671875e+01
2.672254562377929688e+01
2.664463233947753906e+01
2.682651519775390625e+01
2.687332153320312500e+01
2.694885253906250000e+01
2.685369682312011719e+01
2.682976722717285156e+01
2.696636581420898438e+01
2.683534622192382812e+01
2.684388160705566406e+01
2.687129783630371094e+01
2.672914123535156250e+01
2.688704299926757812e+01
2.681165313720703125e+01
2.691236114501953125e+01
2.684494018554687500e+01
2.690330505371093750e+01
2.691257095336914062e+01
2.679966735839843750e+01
2.693186187744140625e+01
2.689805412292480469e+01
2.691184616088867188e+01
2.699706268310546875e+01
2.698288917541503906e+01
2.696032714843750000e+01
2.689089775085449219e+01
2.676829528808593750e+01
2.675661468505859375e+01
2.679492187500000000e+01
2.680844879150390625e+01
2.670558547973632812e+01
2.672370910644531250e+01
2.659579467773437500e+01
2.675963973999023438e+01
2.684121513366699219e+01
2.665495300292968750e+01
2.678631591796875000e+01
2.673870086669921875e+01
2.679914093017578125e+01
2.680251693725585938e+01
2.685571289062500000e+01
2.681977272033691406e+01
2.675489044189453125e+01
2.667299652099609375e+01
2.670674324035644531e+01
2.676105117797851562e+01
2.685646438598632812e+01
2.679151725769042969e+01
2.694547653198242188e+01
2.688465881347656250e+01
2.679333305358886719e+01
2.679716300964355469e+01
2.668869400024414062e+01
2.678290176391601562e+01
2.668508911132812500e+01
2.668907928466796875e+01
2.676428985595703125e+01
2.676083755493164062e+01
2.676368904113769531e+01
2.685116004943847656e+01
2.675590896606445312e+01
2.697969436645507812e+01
2.682399177551269531e+01
2.694687271118164062e+01
2.688710403442382812e+01
2.706709861755371094e+01
2.701579284667968750e+01
2.699196815490722656e+01
2.700821304321289062e+01
2.694029998779296875e+01
2.699585342407226562e+01
2.695606803894042969e+01
2.701861572265625000e+01
2.695242309570312500e+01
2.691391181945800781e+01
2.690802955627441406e+01
2.686647605895996094e+01
2.684640502929687500e+01
2.685724258422851562e+01
2.682749557495117188e+01
2.673972702026367188e+01
2.666445541381835938e+01
2.681126022338867188e+01
2.676989746093750000e+01
2.683082771301269531e+01
2.686024665832519531e+01
2.688896179199218750e+01
2.693780708312988281e+01
2.688695907592773438e+01
2.677421951293945312e+01
2.680504226684570312e+01
2.685906219482421875e+01
2.692802047729492188e+01
2.705590438842773438e+01
2.688616561889648438e+01
2.686684799194335938e+01
2.696175003051757812e+01
2.686171340942382812e+01
2.677852630615234375e+01
2.675416946411132812e+01
2.670395469665527344e+01
2.691456604003906250e+01
2.705332374572753906e+01
2.698267173767089844e+01
2.702484130859375000e+01
2.714846229553222656e+01
2.699346542358398438e+01
2.698792648315429688e+01
2.692671203613281250e+01
2.683635330200195312e+01
2.699383926391601562e+01
2.682867813110351562e+01
2.689830780029296875e+01
2.685804176330566406e+01
2.694348907470703125e+01
2.695269393920898438e+01
2.682592391967773438e+01
2.690839767456054688e+01
2.691272926330566406e+01
2.700893402099609375e+01
2.699168014526367188e+01
2.687934875488281250e+01
2.684041213989257812e+01
2.689472961425781250e+01
2.695550537109375000e+01
2.682768440246582031e+01
2.688870620727539062e+01
2.691249847412109375e+01
2.699114990234375000e+01
2.690715026855468750e+01
2.673935317993164062e+01
2.698777770996093750e+01
2.700530052185058594e+01
2.698455238342285156e+01
2.688476753234863281e+01
2.690506362915039062e+01
2.679185104370117188e+01
2.677675819396972656e+01
2.668379974365234375e+01
2.665717887878417969e+01
2.680927276611328125e+01
2.673652076721191406e+01
2.667674636840820312e+01
2.664994812011718750e+01
2.675960540771484375e+01
2.688747024536132812e+01
2.689085006713867188e+01
2.699271392822265625e+01
2.714656829833984375e+01
2.698119926452636719e+01
2.695741653442382812e+01
2.683605766296386719e+01
2.672209930419921875e+01
2.669990539550781250e+01
2.678980445861816406e+01
2.647278976440429688e+01
2.651716995239257812e+01
2.649837493896484375e+01
2.654096603393554688e+01
2.671813583374023438e+01
2.680799102783203125e+01
2.684992790222167969e+01
2.690626335144042969e+01
2.682841110229492188e+01
2.670797348022460938e+01
2.676665496826171875e+01
2.668711090087890625e+01
2.669113540649414062e+01
2.683020401000976562e+01
2.681257820129394531e+01
2.680666732788085938e+01
2.669329643249511719e+01
2.668759155273437500e+01
2.659822463989257812e+01
2.677553176879882812e+01
2.685766220092773438e+01
2.667144584655761719e+01
2.667056274414062500e+01
2.661250305175781250e+01
2.672934341430664062e+01
2.669614410400390625e+01
2.666402053833007812e+01
2.663196754455566406e+01
2.669766616821289062e+01
2.683655929565429688e+01
2.671242523193359375e+01
2.675457382202148438e+01
2.677230834960937500e+01
2.685403442382812500e+01
2.671429252624511719e+01
2.681318092346191406e+01
2.680013847351074219e+01
2.681066131591796875e+01
2.679003715515136719e+01
2.672317886352539062e+01
2.670458984375000000e+01
2.672809982299804688e+01
2.679876136779785156e+01
2.675983047485351562e+01
2.673957252502441406e+01
2.692825698852539062e+01
2.677585792541503906e+01
2.677607345581054688e+01
2.685321426391601562e+01
2.671168708801269531e+01
2.669155502319335938e+01
2.673073196411132812e+01
2.654122924804687500e+01
2.649285125732421875e+01
2.657545089721679688e+01
2.665904426574707031e+01
2.658716964721679688e+01
2.672327041625976562e+01
2.679240036010742188e+01
2.672864532470703125e+01
2.645063972473144531e+01
2.652080154418945312e+01
2.669257926940917969e+01
2.660115814208984375e+01
2.658351135253906250e+01
2.661130142211914062e+01
2.663239288330078125e+01
2.654962730407714844e+01
2.655820655822753906e+01
2.663215827941894531e+01
2.652225875854492188e+01
2.655945205688476562e+01
2.661444854736328125e+01
2.653590965270996094e+01
2.675598335266113281e+01
2.661499595642089844e+01
2.670426177978515625e+01
2.663712882995605469e+01
2.673458290100097656e+01
2.669741821289062500e+01
2.661117362976074219e+01
2.659029006958007812e+01
2.669298934936523438e+01
2.666864776611328125e+01
2.668889236450195312e+01
2.675888061523437500e+01
2.670558547973632812e+01
2.668150329589843750e+01
2.668928146362304688e+01
2.687683105468750000e+01
2.665859222412109375e+01
2.656468963623046875e+01
2.662684059143066406e+01
2.670318222045898438e+01
2.677133369445800781e+01
2.674560356140136719e+01
2.670898628234863281e+01
2.673550987243652344e+01
2.662126541137695312e+01
2.656289291381835938e+01
2.673953247070312500e+01
2.664388656616210938e+01
2.665734100341796875e+01
2.673736953735351562e+01
2.666891860961914062e+01
2.673469543457031250e+01
2.680367469787597656e+01
2.679841232299804688e+01
2.674525451660156250e+01
2.670802688598632812e+01
2.660699844360351562e+01
2.654949378967285156e+01
2.656100845336914062e+01
2.668238449096679688e+01
2.655018424987792969e+01
2.662267303466796875e+01
2.654140090942382812e+01
2.669371223449707031e+01
2.661266708374023438e+01
2.650846099853515625e+01
2.655409240722656250e+01
2.659878158569335938e+01
2.664366531372070312e+01
2.672026443481445312e+01
2.671529769897460938e+01
2.661535835266113281e+01
2.668987464904785156e+01
2.656657981872558594e+01
2.665239334106445312e+01
2.662722396850585938e+01
2.654845046997070312e+01
2.663784790039062500e+01
2.660775375366210938e+01
2.674935150146484375e+01
2.673411560058593750e+01
2.674835777282714844e+01
2.684306335449218750e+01
2.694439506530761719e+01
2.674016761779785156e+01
2.680554389953613281e+01
2.670139312744140625e+01
2.655925750732421875e+01
2.671152114868164062e+01
2.678888702392578125e+01
2.687435913085937500e+01
2.678033447265625000e+01
2.671019363403320312e+01
2.691209411621093750e+01
2.687675285339355469e+01
2.717126083374023438e+01
2.706746673583984375e+01
2.705887603759765625e+01
2.704015350341796875e+01
2.691483879089355469e+01
2.697276878356933594e+01
2.688980674743652344e+01
2.683890914916992188e+01
2.684074020385742188e+01
2.677294349670410156e+01
2.673578643798828125e+01
2.672719955444335938e+01
2.684641647338867188e+01
2.669746017456054688e+01
2.672151756286621094e+01
2.663799476623535156e+01
2.681003570556640625e+01
2.666963958740234375e+01
2.672250938415527344e+01
2.682973480224609375e+01
2.683408355712890625e+01
2.671615600585937500e+01
2.672696304321289062e+01
2.678269767761230469e+01
2.666904258728027344e+01
2.666666603088378906e+01
2.663221740722656250e+01
2.649696350097656250e+01
2.654621124267578125e+01
2.673966598510742188e+01
2.678047370910644531e+01
2.664783477783203125e+01
2.669682502746582031e+01
2.679894065856933594e+01
2.684111022949218750e+01
2.701968574523925781e+01
2.702479934692382812e+01
2.699860191345214844e+01
2.676102256774902344e+01
2.675882720947265625e+01
2.678025627136230469e+01
2.677322387695312500e+01
2.679879951477050781e+01
2.685179328918457031e+01
2.680399513244628906e+01
2.679032707214355469e+01
2.701575088500976562e+01
2.677820396423339844e+01
2.682608222961425781e+01
2.684166908264160156e+01
2.674164581298828125e+01
2.673306274414062500e+01
2.688536643981933594e+01
2.703891754150390625e+01
2.689473533630371094e+01
2.689329910278320312e+01
2.670526885986328125e+01
2.666181564331054688e+01
2.662500000000000000e+01
2.661765289306640625e+01
2.680179595947265625e+01
2.674547767639160156e+01
2.689788055419921875e+01
2.684478759765625000e+01
2.677862930297851562e+01
2.688481140136718750e+01
2.682798385620117188e+01
2.689793968200683594e+01
2.678676223754882812e+01
2.670764923095703125e+01
2.693933105468750000e+01
2.672825813293457031e+01
2.671098709106445312e+01
2.669379043579101562e+01
2.659395980834960938e+01
2.665702438354492188e+01
2.658008575439453125e+01
2.655936431884765625e+01
2.679750061035156250e+01
2.686282348632812500e+01
2.681496047973632812e+01
2.688737869262695312e+01
2.692770195007324219e+01
2.685344123840332031e+01
2.685657501220703125e+01
2.695191764831542969e+01
2.689608192443847656e+01
2.675354003906250000e+01
2.660498809814453125e+01
2.673955345153808594e+01
2.679427909851074219e+01
2.677474212646484375e+01
2.677834892272949219e+01
2.672865104675292969e+01
2.677477073669433594e+01
2.686597633361816406e+01
2.686543846130371094e+01
2.689273643493652344e+01
2.696958541870117188e+01
2.690497589111328125e+01
2.684649276733398438e+01
2.683812522888183594e+01
2.680358695983886719e+01
2.693671035766601562e+01
2.680883026123046875e+01
2.683371734619140625e+01
2.690758895874023438e+01
2.686211776733398438e+01
2.681475830078125000e+01
2.685773277282714844e+01
2.669618415832519531e+01
2.686576461791992188e+01
2.688154602050781250e+01
2.681998062133789062e+01
2.664905738830566406e+01
2.664966583251953125e+01
2.674927520751953125e+01
2.664026641845703125e+01
2.656012535095214844e+01
2.665210723876953125e+01
2.664954757690429688e+01
2.677260398864746094e+01
2.677527999877929688e+01
2.663059043884277344e+01
2.666632461547851562e+01
2.677463912963867188e+01
2.672334671020507812e+01
2.677082824707031250e+01
2.668535232543945312e+01
2.669021224975585938e+01
2.679602432250976562e+01
2.669696998596191406e+01
2.661020278930664062e+01
2.658023834228515625e+01
2.661708068847656250e+01
2.673804473876953125e+01
2.665864181518554688e+01
2.674096298217773438e+01
2.682538223266601562e+01
2.667897796630859375e+01
2.680508041381835938e+01
2.671748924255371094e+01
2.667610359191894531e+01
2.668316268920898438e+01
2.674453353881835938e+01
2.665827941894531250e+01
2.674888229370117188e+01
2.681141281127929688e+01
2.681352996826171875e+01
2.677957153320312500e+01
2.665316581726074219e+01
2.671358489990234375e+01
2.671300315856933594e+01
2.676737976074218750e+01
2.680282974243164062e+01
2.679947662353515625e+01
2.666961288452148438e+01
2.679747009277343750e+01
2.673186492919921875e+01
2.684712982177734375e+01
2.680699539184570312e+01
2.685828399658203125e+01
2.708582687377929688e+01
2.710354804992675781e+01
2.703101348876953125e+01
2.705972480773925781e+01
2.702645683288574219e+01
2.695545005798339844e+01
2.713669395446777344e+01
2.702703857421875000e+01
2.701718521118164062e+01
2.708958625793457031e+01
2.706599998474121094e+01
2.693589782714843750e+01
2.689173507690429688e+01
2.684864807128906250e+01
2.694345474243164062e+01
2.686178016662597656e+01
2.685187721252441406e+01
2.693721008300781250e+01
2.687110900878906250e+01
2.702219390869140625e+01
2.686096191406250000e+01
2.683342742919921875e+01
2.689102935791015625e+01
2.693399047851562500e+01
2.686181640625000000e+01
2.667535781860351562e+01
2.679355049133300781e+01
2.677848625183105469e+01
2.686526489257812500e+01
2.681771278381347656e+01
2.684127235412597656e+01
2.692094039916992188e+01
2.678623771667480469e+01
2.674464797973632812e+01
2.683478546142578125e+01
2.676449966430664062e+01
2.664376068115234375e+01
2.664719581604003906e+01
2.685611534118652344e+01
2.676288604736328125e+01
2.679307365417480469e+01
2.681419563293457031e+01
2.673726463317871094e+01
2.674584960937500000e+01
2.671823120117187500e+01
2.675290107727050781e+01
2.690981483459472656e+01
2.677240180969238281e+01
2.681324005126953125e+01
2.678324127197265625e+01
2.678919601440429688e+01
2.678560829162597656e+01
2.666091728210449219e+01
2.679119300842285156e+01
2.683198738098144531e+01
2.668910408020019531e+01
2.697013092041015625e+01
2.674643898010253906e+01
2.675683975219726562e+01
2.692281723022460938e+01
2.691151046752929688e+01
2.682628631591796875e+01
2.682236289978027344e+01
2.691057586669921875e+01
2.697942543029785156e+01
2.682833099365234375e+01
2.694346237182617188e+01
2.684199523925781250e+01
2.686391448974609375e+01
2.698497009277343750e+01
2.691697502136230469e+01
2.688404464721679688e+01
2.689692306518554688e+01
2.680523109436035156e+01
2.682601356506347656e+01
2.686282157897949219e+01
2.690863800048828125e+01
2.698476028442382812e+01
2.694416236877441406e+01
2.697333145141601562e+01
2.688534164428710938e+01
2.680463027954101562e+01
2.689708709716796875e+01
2.673937988281250000e+01
2.671781349182128906e+01
2.667408370971679688e+01
2.670376586914062500e+01
2.679808044433593750e+01
2.679265785217285156e+01
2.664041519165039062e+01
2.672086715698242188e+01
2.663528060913085938e+01
2.670701980590820312e+01
2.670713043212890625e+01
2.674084663391113281e+01
2.672508811950683594e+01
2.669976806640625000e+01
2.668668174743652344e+01
2.670926666259765625e+01
2.673692512512207031e+01
2.672000885009765625e+01
2.670321655273437500e+01
2.674861145019531250e+01
2.676040077209472656e+01
2.663829421997070312e+01
2.667097473144531250e+01
2.669497680664062500e+01
2.681125259399414062e+01
2.673550796508789062e+01
2.676935005187988281e+01
2.674016571044921875e+01
2.672885894775390625e+01
2.667796325683593750e+01
2.675388908386230469e+01
2.669493865966796875e+01
2.675799942016601562e+01
2.673124885559082031e+01
2.675496292114257812e+01
2.669874382019042969e+01
2.662028884887695312e+01
2.674945640563964844e+01
2.673201942443847656e+01
2.681084442138671875e+01
2.681650161743164062e+01
2.677152252197265625e+01
2.661529922485351562e+01
2.674344635009765625e+01
2.677960014343261719e+01
2.676291656494140625e+01
2.673870468139648438e+01
2.669561767578125000e+01
2.680186462402343750e+01
2.687337684631347656e+01
2.676660728454589844e+01
2.680780220031738281e+01
2.659511184692382812e+01
2.660950851440429688e+01
2.667579460144042969e+01
2.659736442565917969e+01
2.662127685546875000e+01
2.660351181030273438e+01
2.654368782043457031e+01
2.677282142639160156e+01
2.686554718017578125e+01
2.694164276123046875e+01
2.697813034057617188e+01
2.682062911987304688e+01
2.679300689697265625e+01
2.664588165283203125e+01
2.678751754760742188e+01
2.669467926025390625e+01
2.662838554382324219e+01
2.668451499938964844e+01
2.673343849182128906e+01
2.687142562866210938e+01
2.683758163452148438e+01
2.692393493652343750e+01
2.702640914916992188e+01
2.691912651062011719e+01
2.684658622741699219e+01
2.684275436401367188e+01
2.691336631774902344e+01
2.675333023071289062e+01
2.687707710266113281e+01
2.685618400573730469e+01
2.685279464721679688e+01
2.677720642089843750e+01
2.675028991699218750e+01
2.674691581726074219e+01
2.672536277770996094e+01
2.668662834167480469e+01
2.671134185791015625e+01
2.689126586914062500e+01
2.697872543334960938e+01
2.692365837097167969e+01
2.682222557067871094e+01
2.687002754211425781e+01
2.686893653869628906e+01
2.675963973999023438e+01
2.674480056762695312e+01
2.680186843872070312e+01
2.673886108398437500e+01
2.680575752258300781e+01
2.674594116210937500e+01
2.673788261413574219e+01
2.661156845092773438e+01
2.661149215698242188e+01
2.671242713928222656e+01
2.670617103576660156e+01
2.669886016845703125e+01
2.684566879272460938e+01
2.690341949462890625e+01
2.676888465881347656e+01
2.673067665100097656e+01
2.662270164489746094e+01
2.671797943115234375e+01
2.674284744262695312e+01
2.667903709411621094e+01
2.663682746887207031e+01
2.660617065429687500e+01
2.673614120483398438e+01
2.665700149536132812e+01
2.660723495483398438e+01
2.683527755737304688e+01
2.671676635742187500e+01
2.684615325927734375e+01
2.686791992187500000e+01
2.680670166015625000e+01
2.670439910888671875e+01
2.661748313903808594e+01
2.663334655761718750e+01
2.654130554199218750e+01
2.657278060913085938e+01
2.654197311401367188e+01
