2.024092682508321861e+00
1.868804656236599637e+00
1.738324398566515105e+00
1.662101338459895272e+00
1.606546550836318588e+00
1.562326938983721547e+00
1.532453704185974930e+00
1.512280388061816971e+00
1.489210075292831892e+00
1.470662109057108591e+00
1.462536991865206915e+00
1.446906153666667416e+00
1.444036038716634218e+00
1.426827130867884819e+00
1.421869500172443956e+00
1.415933976112268011e+00
1.409844145713708308e+00
1.402980992121574122e+00
1.397819335338396973e+00
1.390021504499973304e+00
1.383254815370608570e+00
1.383779556781817632e+00
1.378440870841344257e+00
1.372596732011208243e+00
1.369714868068695024e+00
1.365734332188581757e+00
1.363096101467426102e+00
1.354595428552383130e+00
1.352698013262870980e+00
1.348710206380257182e+00
1.343622316305453923e+00
1.337349397402543216e+00
1.336776697941315373e+00
1.334015859701694673e+00
1.328013443029843810e+00
1.326169549501859279e+00
1.329073952405880554e+00
1.324290453929167555e+00
1.321657712795795581e+00
1.320149913659462548e+00
1.314298974397855035e+00
1.309566703820839839e+00
1.303087728909957166e+00
1.304900655838159507e+00
1.300561827421188310e+00
1.297516592496480659e+00
1.293178804715474417e+00
1.289054513436097338e+00
1.291391235895645861e+00
1.287513468815730144e+00
1.282306695290100773e+00
1.279588373654928057e+00
1.276973932217329022e+00
1.271406525067793947e+00
1.268646081135823112e+00
1.269675917044664093e+00
1.265794387841836066e+00
1.263084123990474650e+00
1.262807784019372326e+00
1.260487941289559322e+00
1.262820288921013834e+00
1.256066430532015277e+00
1.252792659019812627e+00
1.246421118577321296e+00
1.247353186362828881e+00
1.250688468951445254e+00
1.242186635121321103e+00
1.242207534955098058e+00
1.237669792236425925e+00
1.238041544113403614e+00
1.234366495639849903e+00
1.231773315026210014e+00
1.227995692460964960e+00
1.226952524368579489e+00
1.221549086387340832e+00
1.226415886175938219e+00
1.226387929305052138e+00
1.224361596199182278e+00
1.223786242344440556e+00
1.222848544365320533e+00
1.213996966985555703e+00
1.211195767231476594e+00
1.208957502475151546e+00
1.208563859951801822e+00
1.206152930779334831e+00
1.205508211484322079e+00
1.199355870790970613e+00
1.199645120822466327e+00
1.199562959793286421e+00
1.197970610704177430e+00
1.192616314460069660e+00
1.187818333888665201e+00
1.188447430653449821e+00
1.188254177111845777e+00
1.185417091846466153e+00
1.181992560472243881e+00
1.175095237829746342e+00
1.174800839332433844e+00
1.177707256414951331e+00
1.174182096811441367e+00
1.168770089516272925e+00
1.169511894996349666e+00
1.161372074866906301e+00
1.168746356475047543e+00
1.163271765219859644e+00
1.155614801553579429e+00
1.163003666584308426e+00
1.156020853305474327e+00
1.151247504582771919e+00
1.151762402668977447e+00
1.152107954178100968e+00
1.151799049591406776e+00
1.155093768162605006e+00
1.153853014493599893e+00
1.141096493831047720e+00
1.137422450536336616e+00
1.137177190719506736e+00
1.138070894357485541e+00
1.142056962465628489e+00
1.135006094131714161e+00
1.132376158695954649e+00
1.131744442077783352e+00
1.133176668790670583e+00
1.125937788761579128e+00
1.127038447826336665e+00
1.130192154798752124e+00
1.127051800030928419e+00
1.119332952682788651e+00
1.120994425889773272e+00
1.116966728216562510e+00
1.111801350728059523e+00
1.114180623262356562e+00
1.113203380199579096e+00
1.111428631421847113e+00
1.113976099399419883e+00
1.119787091628099196e+00
1.102690331293986414e+00
1.102290045145230435e+00
1.098529648780822709e+00
1.105963744261325932e+00
1.100551689282441847e+00
1.102378739149142639e+00
1.090767250611231809e+00
1.098016644288332122e+00
1.097453965896215244e+00
1.096143800937212420e+00
1.089016153873541448e+00
1.091057733541879848e+00
1.088745895104530570e+00
1.085224725649907018e+00
1.083326105429575970e+00
1.089995021392137664e+00
1.076184897392224116e+00
1.084542672450725886e+00
1.081985089106437536e+00
1.080262079605689429e+00
1.078273847775581551e+00
1.075398288934658719e+00
1.084589345332903632e+00
1.074926604215915349e+00
1.071065023159369467e+00
1.075924667945274971e+00
1.060053095145103264e+00
1.066707191100487284e+00
1.065005577374727341e+00
1.067989123020416597e+00
1.062709896686749644e+00
1.065219557590973753e+00
1.058703929185867310e+00
1.064319393267998404e+00
1.065851593170410450e+00
1.056245166216141174e+00
1.059701872330445438e+00
1.051099686439220804e+00
1.062850705018410391e+00
1.057859038542478425e+00
1.048244674083514072e+00
1.045393244425455670e+00
1.055139418595876455e+00
1.047465617840106722e+00
1.048195015467130231e+00
1.053899785799857991e+00
1.049920677985900497e+00
1.046420051959844777e+00
1.044708483035747815e+00
1.046447364336404950e+00
1.041865235108595522e+00
1.045051592588424727e+00
1.041405878464380930e+00
1.041968250427490528e+00
1.035948065458199840e+00
1.035914151943646999e+00
1.037743977247140403e+00
1.033129244889968490e+00
1.034052995535043484e+00
1.034558645120033926e+00
1.027418448374821658e+00
1.027114299627450711e+00
1.023572806364450694e+00
1.022785141376348683e+00
1.027002830077440310e+00
1.025128014576740743e+00
1.014634834344570358e+00
1.018714506809528020e+00
1.016775969052926110e+00
1.016708808831679578e+00
1.018005746755844543e+00
1.017875524361928408e+00
1.010236765635319278e+00
1.018153006449723952e+00
1.009642518330843064e+00
1.016060211872443109e+00
1.018687982589770558e+00
1.016214618621728460e+00
1.016069701084723942e+00
1.010921752300018017e+00
1.014549926458260920e+00
1.011776583164166077e+00
1.001080352984941912e+00
1.015078922265615136e+00
1.001584619895005801e+00
1.001760713717876339e+00
1.006640492494289774e+00
1.004498869333511735e+00
1.007374796959070062e+00
1.000099072548059409e+00
1.000530686898109201e+00
9.970878040179228519e-01
1.001215645900139339e+00
9.999546301670563242e-01
9.947945264669565413e-01
9.921487235105954650e-01
9.940287612951719254e-01
1.000114580301137979e+00
9.971125682195027817e-01
9.930407539392128724e-01
9.963205805191627240e-01
9.928368727366129187e-01
9.924079739130460265e-01
9.864291729071201775e-01
9.886836065695836506e-01
9.849574264807579027e-01
9.906338574030459920e-01
9.868385130014174500e-01
9.862899552553128224e-01
9.864864124701573367e-01
9.877844226665986049e-01
9.804990507089175189e-01
9.794946539096343052e-01
9.874066828153071906e-01
9.849009037017821822e-01
9.731792668501536570e-01
9.776232566588963779e-01
9.829272546829321833e-01
9.696093993309217174e-01
9.687287322985820293e-01
9.756123365500034561e-01
9.728880847111726071e-01
9.689403619521703703e-01
9.717803343748434575e-01
9.683298196548070225e-01
9.628302239454709088e-01
9.647171446910270953e-01
9.629565159479777092e-01
9.627309624965374457e-01
9.718371538015512234e-01
9.644411255151797979e-01
9.566743589364565814e-01
9.549119956982441426e-01
9.592176088920005839e-01
9.605970880924127320e-01
9.600303718676933551e-01
9.581915384683853398e-01
9.611367496160360124e-01
9.585370101989844072e-01
9.572987623703785864e-01
9.501247899654584605e-01
9.586223736787453653e-01
9.531171920971992506e-01
9.532395584461016425e-01
9.515781122904557465e-01
9.472404162089029800e-01
9.543304837667024865e-01
9.479781725467779641e-01
9.500689054146791435e-01
9.450009634861579189e-01
9.530463865170112348e-01
9.454110173078683621e-01
9.464840477857834333e-01
9.497594457406264290e-01
9.449305101847037536e-01
9.445880503226549152e-01
9.416465664521241896e-01
9.417538167574466268e-01
9.405737751569502869e-01
9.455881756085615653e-01
9.321211689557784563e-01
9.445143791345449458e-01
9.421663528833633672e-01
9.404949571841801914e-01
9.348371487397414414e-01
9.331354532486353381e-01
9.401555587083865184e-01
9.370006420673467895e-01
9.356378561411148320e-01
9.282114472144689099e-01
9.311131403996394384e-01
9.356617592848264220e-01
9.225063021366413096e-01
9.366109718114902227e-01
9.287826755107977394e-01
9.319881945084302899e-01
9.241557212976309055e-01
9.279962808657915563e-01
9.259247269385900703e-01
9.279668418260721419e-01
9.270975844982343173e-01
9.203681152600508009e-01
9.255275549032748739e-01
9.330379764238992957e-01
9.178469413366072693e-01
9.281885637686803081e-01
9.226699012976425918e-01
9.206093130967556437e-01
9.225654252064533489e-01
9.126852871515811483e-01
9.146763427135271574e-01
9.147005137724754098e-01
9.147298105252095191e-01
9.230920401903298655e-01
9.090652239628327358e-01
9.126047305571727275e-01
9.088191098127609280e-01
9.070392776758242626e-01
9.123975678896292241e-01
9.095845097150557779e-01
9.034336583736615189e-01
9.026383875272212531e-01
8.956967755770072204e-01
8.998632603730910562e-01
9.065738092630337697e-01
9.025203205071963275e-01
9.021032530527848259e-01
9.031210616613045694e-01
8.978342569027191189e-01
9.037602845674905794e-01
8.981231878965328930e-01
8.993567806023817779e-01
8.971483611143552528e-01
8.912966365997607721e-01
8.990017407979720154e-01
8.924043439901792052e-01
8.946938389386885904e-01
9.000905642142662533e-01
8.962874840467404125e-01
9.022235089387649065e-01
8.986695502048883677e-01
8.910278641260587218e-01
8.886743580683683641e-01
8.888415778294588288e-01
8.831261994747015009e-01
8.893309628352140672e-01
8.879991685732816498e-01
8.878621564461635085e-01
8.814038116198319450e-01
8.858677816696656215e-01
8.866324835862868792e-01
8.938996863670838344e-01
8.798823758577689613e-01
8.754254631507091267e-01
8.792138940248733769e-01
8.819422154854505980e-01
8.761738657951354536e-01
8.808773807990245563e-01
8.858753386216285941e-01
8.816561200679876587e-01
8.851970146863888944e-01
8.905958588306720491e-01
8.758589840852297748e-01
8.802002352017622711e-01
8.794864162420614750e-01
8.851640925957606765e-01
8.724670760906659828e-01
8.749798145049657583e-01
8.706188706251291043e-01
8.710397694355401788e-01
8.719850132098564410e-01
8.713883085892750735e-01
8.725916435321171560e-01
8.654604311172778841e-01
8.797147839497296840e-01
8.747287421654432737e-01
8.657538154186346091e-01
8.668702099567804353e-01
8.747917294502258745e-01
8.740895063449174440e-01
8.630304405322442030e-01
8.734710546640249706e-01
8.630191219158661609e-01
8.687451194494199003e-01
8.680750733766799954e-01
8.652725664468912115e-01
8.681002034590794558e-01
8.669974097838768490e-01
8.652028222878773711e-01
8.626892896798941113e-01
8.644805116531176781e-01
8.622598669467828048e-01
8.539936732023190036e-01
8.503224368278796685e-01
8.586134397066556012e-01
8.590381478651976099e-01
8.621162802745134801e-01
8.552318976475642431e-01
8.533835621980520036e-01
8.606858426179641031e-01
8.547491966149746156e-01
8.564303859686239750e-01
8.587311115020360708e-01
8.565656177508524927e-01
8.559659080627637362e-01
8.587324960109514738e-01
8.491902469060359504e-01
8.522258799809675489e-01
8.499633980103028508e-01
8.552929054468105807e-01
8.447559219904434702e-01
8.446529387663572752e-01
8.477671594191820148e-01
8.495480503791418281e-01
8.512592996542270862e-01
8.585638692745796163e-01
8.392479543502514572e-01
8.451533193771655350e-01
8.564671206168639195e-01
8.474154935433314551e-01
8.526238103707631799e-01
8.542098422845204597e-01
8.366364334638302092e-01
8.492001192691999156e-01
8.436901130737401999e-01
8.521019498507181877e-01
8.400416192335959931e-01
8.378878946487720025e-01
8.419096968112848023e-01
8.357304051136359435e-01
8.324503640333811294e-01
8.459508068286455407e-01
8.319635640352199824e-01
8.329504243838481425e-01
8.356371704584513171e-01
8.362348159154255889e-01
8.326214042993692610e-01
8.318906842133937385e-01
8.322871351853394772e-01
8.344644283637022708e-01
8.233839626495654818e-01
8.338849615592223152e-01
8.323279282985589500e-01
8.243446353154304518e-01
8.250729332367578994e-01
8.245423821302561018e-01
8.290587547497871856e-01
8.330582748620938283e-01
8.199300864568123126e-01
8.210515982065444973e-01
8.220979927442012558e-01
8.292795549600552318e-01
8.216342644813733331e-01
8.220166637347294802e-01
8.278159619906009237e-01
8.178414058990967073e-01
8.213940185614121425e-01
8.105278352896372329e-01
8.137727084832313551e-01
8.227874609140249929e-01
8.144981799981533266e-01
8.207347085842719991e-01
8.063762354545104261e-01
7.992526051325675729e-01
8.134455359899080973e-01
8.154584591205303878e-01
8.112457402241535220e-01
8.024516687943384907e-01
8.113412467332986600e-01
8.053659322934273446e-01
8.039208265451284197e-01
8.006465461009587559e-01
8.141901110991452972e-01
8.092405216816144220e-01
8.106483328800935251e-01
8.185261498659085477e-01
7.980136621456880297e-01
8.107414560440259210e-01
8.050984821258446722e-01
8.057017587698422911e-01
8.014063993325599711e-01
8.122996792579308956e-01
8.133411493056860175e-01
8.017051065579439140e-01
8.065677263797857988e-01
8.001739871807587168e-01
8.052550216515859116e-01
7.961094819582426041e-01
8.037153367812817084e-01
8.009820917477974422e-01
8.022540722902004040e-01
7.922042203255188486e-01
7.980292498301236881e-01
8.054193903238345831e-01
7.961756513668940549e-01
7.946585160799515268e-01
7.983121952185263659e-01
7.981983918410081591e-01
8.026468755343021400e-01
8.002433665287800313e-01
7.964696576962104757e-01
7.911107400288948099e-01
7.950502255024054499e-01
7.900547707692170407e-01
7.914546316250776758e-01
8.011564519924995187e-01
8.001555994535103356e-01
7.917602765254485586e-01
7.977325562483225108e-01
7.856201135195218788e-01
7.879952875467447493e-01
7.891554279969288377e-01
8.022028507330478675e-01
7.864889473487168825e-01
7.964586721016810866e-01
7.905189872552187413e-01
7.933642933001885389e-01
7.841672484691326606e-01
7.901062586368658991e-01
7.771637045420133338e-01
7.899858490014687318e-01
7.946103783754202565e-01
7.854483903218538732e-01
7.865567702513475146e-01
7.774656363786794921e-01
7.781742656078094456e-01
7.843718096995965228e-01
7.861569902835747747e-01
7.816636564639898310e-01
7.748293230166801715e-01
7.779320285106317012e-01
7.735809691441364322e-01
7.856090644231209508e-01
7.846165391115041965e-01
7.778789886297323708e-01
7.865085043968298439e-01
7.835841942291993378e-01
7.789033004106619140e-01
7.813494844314379240e-01
7.689722420313419571e-01
7.738796388491605560e-01
7.758701071525231363e-01
7.753009153482240956e-01
7.745145398836869033e-01
7.780604227995261413e-01
7.691506129808914904e-01
7.744127579224415747e-01
7.741660625506670002e-01
7.653749886995706575e-01
7.758702683143127166e-01
7.745691916881463079e-01
7.806303677650597850e-01
7.791642086628155495e-01
7.688429018625846378e-01
7.648776334829819890e-01
7.627640539254897378e-01
7.713965227206548425e-01
7.704240570465723525e-01
7.744576596296750548e-01
7.742180172449503184e-01
7.685774324031976468e-01
7.755323535356766218e-01
7.578093917706073546e-01
7.633125914977146875e-01
7.634712439316969634e-01
7.714978349514496347e-01
7.662388077913186990e-01
7.684141638951423880e-01
7.711798623586312296e-01
7.605221021633882250e-01
7.707263423846317796e-01
7.588082584815147857e-01
7.669397017894646895e-01
7.600954395074110970e-01
7.585310854208775488e-01
7.663663308589886425e-01
7.626211690597045623e-01
7.698603500158358592e-01
7.566095094650219233e-01
7.604632024581615690e-01
7.682168233088958464e-01
7.700060852063007610e-01
7.679666848518909017e-01
7.623935248607244253e-01
7.656131092554483430e-01
7.617454322484823459e-01
7.618825249182872295e-01
7.658709252491975317e-01
7.617961748288227808e-01
7.613559110042376066e-01
7.501372837867492649e-01
7.555960442011172562e-01
7.698510939494157546e-01
7.564545982923263079e-01
7.498147862079815873e-01
7.535189837981493000e-01
7.606421786241042149e-01
7.622006192421302284e-01
7.524010781294260264e-01
7.476808035220855464e-01
7.530312921756353584e-01
7.492443557733144965e-01
7.530506400725780480e-01
7.605422819272066315e-01
7.486030742143973127e-01
7.591715087493260405e-01
7.558369780962284068e-01
7.527298038586591744e-01
7.550067238318614038e-01
7.527637079740181481e-01
7.587839572857587589e-01
7.641580350888080853e-01
7.533441960047453367e-01
7.588648523275668412e-01
7.585481857642148995e-01
7.590835264860055220e-01
7.479857862759858866e-01
7.522835925603523766e-01
7.552656146196218279e-01
7.587437236920381300e-01
7.542622739687944167e-01
7.591178180315555357e-01
7.578693911815300721e-01
7.516756042456015363e-01
7.556295163356341327e-01
7.425007391434449433e-01
7.513301818798749920e-01
7.506387944404895318e-01
7.560455164848229881e-01
7.476722277127779703e-01
7.512934586176505114e-01
7.474144292183411142e-01
7.503904707920856509e-01
7.486614124897198463e-01
7.532732910070664145e-01
7.497988019234095303e-01
7.459686426780163249e-01
7.554594948505743979e-01
7.534278930761875159e-01
7.455571513909560188e-01
7.437018159872446077e-01
7.406238130269906517e-01
7.514232410834386089e-01
7.425960911390109276e-01
7.334973533948262459e-01
7.370064632250712400e-01
7.334033523614590377e-01
7.441172827512789745e-01
7.405896765299332385e-01
7.480246243568566822e-01
7.407257954279581336e-01
7.469921287817832267e-01
7.394170019106987013e-01
7.466780751943588035e-01
7.510882324897325546e-01
7.407657113594886544e-01
7.418156542839148271e-01
7.482723201696689364e-01
7.484741712992007967e-01
7.361292768747378368e-01
7.444415385142351127e-01
7.487409197367154157e-01
7.538464619563176594e-01
7.487661702510638451e-01
7.407756138306397231e-01
7.455088623059101804e-01
7.434143860370684420e-01
7.327796869553052650e-01
7.452258387437233900e-01
7.413828466183099986e-01
7.426101533266213917e-01
7.445182077395610110e-01
7.510555496582618229e-01
7.469676233254946007e-01
7.434835136700899128e-01
7.432376911242802864e-01
7.455864332425288232e-01
7.467114398112664198e-01
7.454064479241004904e-01
7.332712706082906706e-01
7.363270613627556083e-01
7.359968477334731807e-01
7.432212595756236828e-01
7.368005726581964288e-01
7.283842958700962322e-01
7.340501728730324249e-01
7.390291602947772764e-01
7.264161685338387242e-01
7.317347562465912336e-01
7.426761203851455218e-01
7.316271252357042787e-01
7.333235723850054510e-01
7.309945897414134031e-01
7.366103037045552693e-01
7.310197326617363656e-01
7.347332401917531230e-01
7.328301043082505739e-01
7.332970383839729767e-01
7.343023877113293851e-01
7.346651014609214547e-01
7.267565692082429418e-01
7.174653707406459802e-01
7.265672259605847616e-01
7.218365753308321198e-01
7.216152101755142212e-01
7.289702228246590643e-01
7.292882492144902029e-01
7.257718717440581058e-01
7.202757223294331546e-01
7.216438703047923786e-01
7.251529778425510608e-01
7.279953551598083994e-01
7.282218135320223107e-01
7.287177069064898483e-01
7.228180371033839924e-01
7.249093207793357863e-01
7.265693281705563056e-01
7.300771409884477814e-01
7.245752565371684772e-01
7.194744233901684272e-01
7.274766212090467699e-01
7.234629525588108789e-01
7.262814992513412227e-01
7.087979572705733755e-01
7.205059672777469615e-01
7.214015988967357185e-01
7.189544138235923754e-01
7.218320479759803288e-01
7.264768844995743713e-01
7.244918835468781015e-01
7.289977659017611300e-01
7.096397450337043056e-01
7.226630614354060400e-01
7.155944135708686149e-01
7.279584520138226988e-01
7.205485461614070664e-01
7.310775785109935310e-01
7.135232492135121785e-01
7.190469592809677346e-01
7.270823940252646445e-01
7.171176412930855282e-01
7.150566247793344044e-01
7.150879826301183018e-01
7.102087583297338469e-01
7.067572078643701294e-01
7.129426794174390514e-01
7.120571975524608854e-01
7.133186761385355013e-01
7.212146698664396727e-01
7.014271538227032643e-01
7.131138192537503917e-01
7.311228359356904960e-01
7.052962979445090985e-01
7.200376063585280928e-01
7.132267284851807609e-01
7.064311275879542329e-01
7.135711331398059132e-01
7.181820789208779310e-01
7.161350878385397412e-01
7.161844540100831269e-01
7.055349692320211918e-01
7.188033098593736847e-01
7.046109227033762190e-01
7.125606806614459554e-01
7.133056919544170649e-01
7.107729839972960484e-01
7.197210267568245889e-01
7.175701859669807448e-01
7.092869460582733598e-01
7.057861014054371829e-01
7.051435580620398769e-01
7.101576504799035350e-01
7.046103739585631853e-01
7.121699212453304062e-01
7.024338275194168535e-01
6.960985464163315095e-01
7.103728554951839191e-01
7.160070228270994930e-01
7.083657359465574954e-01
7.149533058588321000e-01
7.166699113754125827e-01
7.102386167416205875e-01
7.076961033619366681e-01
7.028082021535970725e-01
7.045245010883379733e-01
7.056869531289124975e-01
7.091648529737423212e-01
7.117285088086739986e-01
7.085636174067472259e-01
7.069733683879558805e-01
7.069434695518933554e-01
6.971239332205210193e-01
7.043813615273206707e-01
7.002430531458977425e-01
7.094513475130765912e-01
7.058312615522971400e-01
6.986944875656030396e-01
7.053802948731642264e-01
7.082786215421480458e-01
7.001460980910521048e-01
7.005971790124208010e-01
6.979125259778438117e-01
7.012042515552960875e-01
6.998736477815188373e-01
6.977365527397546563e-01
7.095889657735824363e-01
7.065581401189168220e-01
7.006695756545433529e-01
7.055324279344998839e-01
7.047351273206564626e-01
7.045817741980919813e-01
6.952257449810321788e-01
7.029605251092176932e-01
7.030274452307285760e-01
7.070426713961821541e-01
6.999744703372319243e-01
7.144813594145652536e-01
7.050206467891351192e-01
7.165550792064422359e-01
7.076517821122438878e-01
7.072656839321821431e-01
6.996434299609599616e-01
7.024193468002172258e-01
7.015577382766283732e-01
7.007269347325350006e-01
6.993026381119703538e-01
7.008830548861088028e-01
7.089378489133638661e-01
7.110626861835137591e-01
7.020738300604697502e-01
7.070630532808792612e-01
7.007092959605730753e-01
6.998789538175631542e-01
7.024611890316009299e-01
6.967746533644505469e-01
7.092533910121673335e-01
6.975739402648729603e-01
7.107452708941239816e-01
7.028603613376617210e-01
7.036903404272519813e-01
7.011310067696449044e-01
7.002694417268802152e-01
7.000839703358137101e-01
7.091207849673736296e-01
6.993873600012217029e-01
6.983006812058962787e-01
6.912787934144337676e-01
6.937013620749498122e-01
6.894894207899386895e-01
6.991516242424646865e-01
7.005942361477094371e-01
7.003230706239358394e-01
6.924177184318884848e-01
6.975777788804127244e-01
6.871801939530249870e-01
6.979257135819165736e-01
6.956467978465251667e-01
6.959233760833740678e-01
6.930678068063198527e-01
6.914687217046052714e-01
6.918639548313922916e-01
6.949303400822174348e-01
6.897655925689599732e-01
6.898436837471448868e-01
6.999747873880923787e-01
6.868197447214371421e-01
6.967462179752496043e-01
6.946677114718999846e-01
7.000882390982064996e-01
6.941142984689809836e-01
6.882150229735252145e-01
6.862330771409548280e-01
6.964061332054627407e-01
6.841565226133052846e-01
6.811015256704427978e-01
6.830242669735199224e-01
6.857014387845993264e-01
6.886806229750315200e-01
6.872900470709188969e-01
6.886458956278287413e-01
6.914062577180373204e-01
6.843936845278129066e-01
6.845544643127001727e-01
6.814311978908685896e-01
6.727512301542819539e-01
6.825434486835431080e-01
6.765389363735150319e-01
6.833371124206445435e-01
6.775328987684005044e-01
6.815408755571413790e-01
6.932967996750122319e-01
6.892884021386121995e-01
6.856051782766977576e-01
6.706703563531239976e-01
6.762910235386628832e-01
6.798836689728956495e-01
6.809659194487791556e-01
6.840192932348985178e-01
6.824107233530435357e-01
6.877673742098685539e-01
6.778466453919044232e-01
6.718245531503971302e-01
6.680151539735305066e-01
6.770326686975283170e-01
6.780183704235615005e-01
6.902181347975364645e-01
6.878662647345127334e-01
6.879922072092692353e-01
6.809801523502055920e-01
6.743572685963068469e-01
6.782415501582317319e-01
6.791979776743131136e-01
6.771511249817334654e-01
6.830667302394524132e-01
6.816054331186490733e-01
6.732124487559000281e-01
6.787038316329320198e-01
6.904412842713869569e-01
6.847333177542075378e-01
6.758766507491087427e-01
6.869275786173649756e-01
6.835552023007319677e-01
6.777254023613074052e-01
6.735661208629608598e-01
6.789697055633251432e-01
6.744891837621346253e-01
6.882604992542511457e-01
6.862705030502417314e-01
6.781978500959200407e-01
6.695867275580381639e-01
6.683571525873281960e-01
6.849373000554549451e-01
6.777790819987272730e-01
6.749229949254256233e-01
6.676806377294736139e-01
6.690713289456490243e-01
6.819468481418413663e-01
6.670565254413164391e-01
6.738881828693242815e-01
6.690809114621235620e-01
6.605471329811292147e-01
6.619283995567224466e-01
6.662068768953666176e-01
6.756198733280867064e-01
6.607386265809719328e-01
6.626551128350771647e-01
6.742074559132258393e-01
6.775657934256088533e-01
6.733503469289877641e-01
6.692616739334203979e-01
6.715174244764523515e-01
6.619878294376226879e-01
6.614912000986246099e-01
6.668990778617369664e-01
6.710017814086033372e-01
6.611253986756007173e-01
6.609398217537464371e-01
6.678144396115571757e-01
6.690708663983222504e-01
6.678985225848662610e-01
6.772782058287889484e-01
6.699473092189202061e-01
6.754619224713398484e-01
6.653775196044873219e-01
6.632487864066393124e-01
6.649556004084073990e-01
6.633281544232979554e-01
6.712378508005386601e-01
6.689663667709399020e-01
6.624279895654091588e-01
6.681002111771168206e-01
6.646960282172912349e-01
6.684295639013633217e-01
6.667428968808589707e-01
6.666995559747402877e-01
6.579915758126820835e-01
6.659003977592174994e-01
6.650876739086248879e-01
6.627998823538804318e-01
6.656308887860713508e-01
6.582262323452876540e-01
6.575197674525089520e-01
6.683318713536628985e-01
6.684528549512227524e-01
6.579085735938488000e-01
6.593265998057830091e-01
6.650690749669686541e-01
6.574567609872573604e-01
6.559470979066995833e-01
6.495965352425208117e-01
6.667186406178352565e-01
6.618242001686340803e-01
6.717654290871742928e-01
6.557948677967756490e-01
6.610394024696105708e-01
6.535714808182838675e-01
6.603709501333725473e-01
6.621032859270389315e-01
6.632733915096674648e-01
6.581470497143574461e-01
6.615099284893427578e-01
6.639380311354612374e-01
6.602432788182527323e-01
6.581446440556110167e-01
6.610994821175550928e-01
6.569140794185491794e-01
6.603630710106629387e-01
6.653695379312222213e-01
6.593646020461351176e-01
6.581665454002526561e-01
6.565917379581011071e-01
6.596208021426812618e-01
6.659617404143015618e-01
6.557485896043288021e-01
6.509339727652379004e-01
6.641644955445558107e-01
6.573737103205460341e-01
6.597915688386329913e-01
6.561247318983077781e-01
6.609314139836873769e-01
6.501742832935772931e-01
6.511785030364990456e-01
6.459888402468119128e-01
6.569576875521586645e-01
6.534021277458239574e-01
6.494458932142991303e-01
6.436967638822702620e-01
6.486055088348877673e-01
6.592473694147207297e-01
6.523987454481613435e-01
6.480496307214100860e-01
6.542399200109335622e-01
6.521605175275069222e-01
6.425183558311218235e-01
6.501565563373076229e-01
6.564866373936335542e-01
6.606367470362247696e-01
6.444384430463497848e-01
6.526983824295875536e-01
6.425923096063809181e-01
6.492225827314914710e-01
6.510251369231786489e-01
6.436218103537192370e-01
6.436019400755564890e-01
6.413962843326421748e-01
6.340170098420900846e-01
6.384828072327833892e-01
6.498791929238881826e-01
6.439187541986123309e-01
6.461084464421639195e-01
6.411566962798436187e-01
6.444445658188600046e-01
6.419598033794989833e-01
6.442783273183382287e-01
6.554423750211031408e-01
6.455213212814085999e-01
6.377410021347876823e-01
6.357999589962837206e-01
6.302055387160716560e-01
6.287648996481528529e-01
6.393240711627862227e-01
6.350468261883809307e-01
6.486723709564942153e-01
6.434258352487515209e-01
6.407754910297882578e-01
6.401095586709487639e-01
6.398507719620679657e-01
6.370580374430387938e-01
6.449526235843315858e-01
6.377739891791954774e-01
6.463161896436642184e-01
6.412100670429375926e-01
6.449375500281652185e-01
6.390058178168076530e-01
6.478330638928291307e-01
6.417032941029622295e-01
6.366942835923953270e-01
6.417502009715789768e-01
6.469667284152447184e-01
6.420176592392798920e-01
6.404455521167853327e-01
6.482732254725236398e-01
6.411321921226306175e-01
6.379622690188578860e-01
6.321793540165974168e-01
6.409030339656731634e-01
6.314088889421560769e-01
6.378241007144634933e-01
6.406426312067570183e-01
6.368694688265140735e-01
6.423832407364478136e-01
6.452817045725308676e-01
6.387372454771629293e-01
6.413651301310612229e-01
6.385303890093778634e-01
6.448490838973950368e-01
6.286375819872587201e-01
6.302647145894857417e-01
6.368186637377127868e-01
6.308689781488516779e-01
6.311257924789037688e-01
6.397575758970700521e-01
6.408541799355775836e-01
6.437647624657704126e-01
6.281636961759664572e-01
6.357528742307271274e-01
6.292451507005936140e-01
6.489987478042260616e-01
6.373167309241417611e-01
6.303272564441729786e-01
6.274685096282225372e-01
6.298934494073574752e-01
6.239627240559993959e-01
6.271963513814485802e-01
6.303478806446760618e-01
6.226306210725734980e-01
6.211624175310135332e-01
6.145800844981119671e-01
6.279014575175749791e-01
6.238720637101393685e-01
6.334045718877743258e-01
6.238597059861207272e-01
6.109657539006990712e-01
6.250875826065357410e-01
6.248963865714195487e-01
6.326583298353049001e-01
6.316812052940711242e-01
6.171251578972889451e-01
6.249665010433930190e-01
6.126711535148131604e-01
6.320083132156959493e-01
6.293833910654752506e-01
6.153416262223170285e-01
6.212988151189607899e-01
6.280526484434421075e-01
6.140435354831891290e-01
6.206745980641781291e-01
6.191456077954707871e-01
6.193649502136768792e-01
6.233382803507340197e-01
6.250013713653270742e-01
6.226454082207801832e-01
6.196508883665770018e-01
6.231177070201971979e-01
6.214089859754611256e-01
6.138049711019565313e-01
6.203583320746055563e-01
6.167919504336821790e-01
6.198668817679087173e-01
6.206951357615300147e-01
6.221613280284099545e-01
6.174461102638488796e-01
6.049528674437449904e-01
6.120248070129981066e-01
6.142885383123006804e-01
6.115272457783038629e-01
6.162796532496427337e-01
6.142793050943277100e-01
6.118787456781435985e-01
6.184947793300334951e-01
5.972461521625518355e-01
6.202353782378710045e-01
6.240263763146522979e-01
6.199309716622034561e-01
6.136154522498448172e-01
6.128512766116704924e-01
6.089136570692061934e-01
6.130162373567238365e-01
6.203757407573553539e-01
6.067749755504804332e-01
6.136503864557315557e-01
6.104634731243818724e-01
6.156840610198485164e-01
6.130480676889419334e-01
6.124357909728319616e-01
6.097665189932554020e-01
6.131955818488047383e-01
6.095480390848257990e-01
6.028610088886359186e-01
6.130895062134815721e-01
6.024001935353645587e-01
6.204690979841428478e-01
6.001516574468368503e-01
6.055755797104958038e-01
