1.913936555996919253e+00
1.743183047343523029e+00
1.563808422822218658e+00
1.464576211648109583e+00
1.399668691097161632e+00
1.342781043969667909e+00
1.308529841135709804e+00
1.280732496426655764e+00
1.258166255553563539e+00
1.240183414862706002e+00
1.221831932281836508e+00
1.206661303685261588e+00
1.190534536502300123e+00
1.177895061327860926e+00
1.171792879929909326e+00
1.161157722809375903e+00
1.152537832810328622e+00
1.145602937997915793e+00
1.136726462688201433e+00
1.134986872856433626e+00
1.123533741785929685e+00
1.120452404939211277e+00
1.111448346804349896e+00
1.106200452187122485e+00
1.103663485019634960e+00
1.097785693712723498e+00
1.087863796796554094e+00
1.083892616553184363e+00
1.082363918500068856e+00
1.075660299643492079e+00
1.068386054803163621e+00
1.061572525745783091e+00
1.062145310334670301e+00
1.055539196423995296e+00
1.051595323513715652e+00
1.046990589606456190e+00
1.048262154139005142e+00
1.039333243553455022e+00
1.033897215127944857e+00
1.036826065259102148e+00
1.029055133385536003e+00
1.021063729738577841e+00
1.024137864663050790e+00
1.019872178481175284e+00
1.019693018839909371e+00
1.016141373988909580e+00
1.010519444331144712e+00
1.003691610159018088e+00
1.005035072717911149e+00
1.000843247847679418e+00
9.998704682558010592e-01
9.926077174834716521e-01
9.921526823288354668e-01
9.934238791465759277e-01
9.858527941581530785e-01
9.856973207913912738e-01
9.784766926215244798e-01
9.758008114802532162e-01
9.763896670096959829e-01
9.773131570754907127e-01
9.773474335670471191e-01
9.719462850154974021e-01
9.674491608754182126e-01
9.645596001392755525e-01
9.603452091033641835e-01
9.535078117480644266e-01
9.621031629733550750e-01
9.529268892911764155e-01
9.505926914704151409e-01
9.487530310948689705e-01
9.529131634113116034e-01
9.537994416860433589e-01
9.431026833179669833e-01
9.429491131733624965e-01
9.410737890463608535e-01
9.394959836434095823e-01
9.380115793301508909e-01
9.366479494632818925e-01
9.290592390757340668e-01
9.305865410046699759e-01
9.289094104216648606e-01
9.253235499064127456e-01
9.266245386539361251e-01
9.185206323097914183e-01
9.196501242808806653e-01
9.148388654757768634e-01
9.094659005984281341e-01
9.089123887893481024e-01
9.103346997346632996e-01
9.129751541675665827e-01
9.066560459442627451e-01
9.038650330824730128e-01
9.007894548086019526e-01
9.019605949903145570e-01
8.947722578660035619e-01
8.905451918259644772e-01
8.896676577054537516e-01
8.891548729859866107e-01
8.910086569113608856e-01
8.872060604584522947e-01
8.901818364094464808e-01
8.797185391951829470e-01
8.883826529368376024e-01
8.756645555679615223e-01
8.831899372430948025e-01
8.829361881965246406e-01
8.746467818052340304e-01
8.785063405831654570e-01
8.755703678497901432e-01
8.691569297741621458e-01
8.712049282514131576e-01
8.629965445934197898e-01
8.692691815205109140e-01
8.646543137538127421e-01
8.643789516045496946e-01
8.623462453866616029e-01
8.599309047063191658e-01
8.598450500231522575e-01
8.573564644043262239e-01
8.582552105952532262e-01
8.506552850588774417e-01
8.586829793758881113e-01
8.476023292694336853e-01
8.482006808121999031e-01
8.398891205971057428e-01
8.465866590157533622e-01
8.460979730654984987e-01
8.447828138485933280e-01
8.460115021620041587e-01
8.422121482017712601e-01
8.413145985358800871e-01
8.360809571467913148e-01
8.351051069222963363e-01
8.304863723424764643e-01
8.329929139369572910e-01
8.307969062756269674e-01
8.334438710640638126e-01
8.290190907625051286e-01
8.300429585652473463e-01
8.252071247651027175e-01
8.226163851909148450e-01
8.178372577214851891e-01
8.208109478155771743e-01
8.259708704856726369e-01
8.151425810960623020e-01
8.160394920752598313e-01
8.096164252513494697e-01
8.171430217149929787e-01
8.018430181038684879e-01
8.143630574911068232e-01
8.122249186038971169e-01
8.088201804038805953e-01
8.028497789150629282e-01
8.065339291707063207e-01
8.069483238917131152e-01
8.120636346248479853e-01
8.003621370364457643e-01
7.996577291152415778e-01
8.035433706564780731e-01
8.013240224275833823e-01
8.057388997994936464e-01
7.993333000403184396e-01
7.999328588828061859e-01
7.982288210055766831e-01
7.992459871065922261e-01
7.965938071409861543e-01
7.927446782588958296e-01
7.964790125687917222e-01
7.940462496036138074e-01
7.884617104744300331e-01
7.927675221210871426e-01
7.853983610104291468e-01
7.877767086029052734e-01
7.885777513186137400e-01
7.849983086952796452e-01
7.801073749860127915e-01
7.783973067234724041e-01
7.841557792364022283e-01
7.820978672076493998e-01
7.819879695391043217e-01
7.722159021939987156e-01
7.742709409732084769e-01
7.746616854117467366e-01
7.771238103126868468e-01
7.703166335821152177e-01
7.759982093786581547e-01
7.695736817824534448e-01
7.754424195259045360e-01
7.739108740519254903e-01
7.653586322680497878e-01
7.708885675821548489e-01
7.745719469510592425e-01
7.649133057930530555e-01
7.619991550842920569e-01
7.627187355206562769e-01
7.643555448605463543e-01
7.669645694585947027e-01
7.620904976740862091e-01
7.634215813416701524e-01
7.560879682119076017e-01
7.545457716171558582e-01
7.562094711340390241e-01
7.601551325657428526e-01
7.604554112905110852e-01
7.560396913534556118e-01
7.547772090404462064e-01
7.596480860924109679e-01
7.486345409582823018e-01
7.559349967119021185e-01
7.548550828145100811e-01
7.435416763409590235e-01
7.490285895573787212e-01
7.517844880238557792e-01
7.494844068319369557e-01
7.415987994426336272e-01
7.479159793792626854e-01
7.533151562397296663e-01
7.502618947090247126e-01
7.454793889553118502e-01
7.417495823059326865e-01
7.428227981695761928e-01
7.449071930005000119e-01
7.436864627477449696e-01
7.434429342165971288e-01
7.367975005736717709e-01
7.396894006392894516e-01
7.420111059378354801e-01
7.318966502562547216e-01
7.347606933269745788e-01
7.393989277955813622e-01
7.358809927335152601e-01
7.343238087036670914e-01
7.297704709646029020e-01
7.307528051810386893e-01
7.334778918669774272e-01
7.295006609115844975e-01
7.248719901610642946e-01
7.263261681947952297e-01
7.287758075273953473e-01
7.268223375846177836e-01
7.178534805010526876e-01
7.240292934271005398e-01
7.341455665918497075e-01
7.200416150001379689e-01
7.189925274023643009e-01
7.187442460121252763e-01
7.237161069344251185e-01
7.154884390341930134e-01
7.168281753857930205e-01
7.198418815166521822e-01
7.135653915313574513e-01
7.102347629956710096e-01
7.167708848531429977e-01
7.179166149634581551e-01
7.175653401093605721e-01
7.128820935885111787e-01
7.175186537015132426e-01
7.111529671228848937e-01
7.195538633144819007e-01
7.139592052270204992e-01
7.144805288467651616e-01
7.101639950122589084e-01
7.065169719549325711e-01
7.146468861744954548e-01
7.071377456188201460e-01
7.076296632870650027e-01
7.083121406726348157e-01
7.079764707730367146e-01
7.020076495714676623e-01
7.064904319934356414e-01
7.013479638558167695e-01
6.975410339159843209e-01
7.059301744668912137e-01
7.036249548196792380e-01
7.047259255861624272e-01
7.019285619258880393e-01
6.995830217997233147e-01
6.978789063600393527e-01
6.950941858383324901e-01
6.954634577800066220e-01
6.910357562395242903e-01
7.015240262716244679e-01
7.035638674711569562e-01
6.977004154370380906e-01
6.925571839778851269e-01
6.902672374095671914e-01
6.908243799056762446e-01
6.893385518055695771e-01
6.844396528525230616e-01
6.913038952228350853e-01
6.968669615494899050e-01
6.872230127835885494e-01
6.857854043061916149e-01
6.951539222246561067e-01
6.856853305529325704e-01
6.866011828184127586e-01
6.941752604949168459e-01
6.855927396279114516e-01
6.843031493517068853e-01
6.850856390519020067e-01
6.872287148848558180e-01
6.738496212623058534e-01
6.758800597527088172e-01
6.805946927804212843e-01
6.791939222659819642e-01
6.790246093120330118e-01
6.820291522221687552e-01
6.829849963004772651e-01
6.824055327054782127e-01
6.719704683774556653e-01
6.749731281628975621e-01
6.724330311402296756e-01
6.800740243532719109e-01
6.670103405530636298e-01
6.789167632659276475e-01
6.784505945749771394e-01
6.683186466113114621e-01
6.710081459620059752e-01
6.698895451350089791e-01
6.676690605970528880e-01
6.680106507662014748e-01
6.707724141004758334e-01
6.706708757541118837e-01
6.699179785373883256e-01
6.651376996284875665e-01
6.660487445501180881e-01
6.582252347316497332e-01
6.745936386096171855e-01
6.691781398577567597e-01
6.593135015322612036e-01
6.596441936034422859e-01
6.598725511477543382e-01
6.602351190952154836e-01
6.633336186408996804e-01
6.651701454168711392e-01
6.547904973610852997e-01
6.654845821551788054e-01
6.495535567020758183e-01
6.633388322133284554e-01
6.544104905464710464e-01
6.494795740414888163e-01
6.546994811449295959e-01
6.642212972427026241e-01
6.468312654739770684e-01
6.438808010938840143e-01
6.563019909155674014e-01
6.540694180971536875e-01
6.473467050454555505e-01
6.508023359072514502e-01
6.491766621669133874e-01
6.508808231506592046e-01
6.499147472473291165e-01
6.423043117309228389e-01
6.440921384554643137e-01
6.418440532225828665e-01
6.430116249200624745e-01
6.391077091296514245e-01
6.489573850845679059e-01
6.454850218234917669e-01
6.418268028742227793e-01
6.405744677934891440e-01
6.364601143659689431e-01
6.393675730014458658e-01
6.426992582969176526e-01
6.383650325811826010e-01
6.436128980838335956e-01
6.369826682867147927e-01
6.343430011700361693e-01
6.334651389183142411e-01
6.369070003430048477e-01
6.295470996544911824e-01
6.439265382595551479e-01
6.395490222252332435e-01
6.415673041955018974e-01
6.324790172087840778e-01
6.367454195633912573e-01
6.359945294184562448e-01
6.238179757044866047e-01
6.354052746907258298e-01
6.293018770523560734e-01
6.229804831437575352e-01
6.269785671662061466e-01
6.281260169469393695e-01
6.338715055049993774e-01
6.239361907427127818e-01
6.244504278286909793e-01
6.171010106037824183e-01
6.252614615055230862e-01
6.164216417532700776e-01
6.238617109946715811e-01
6.183050484993518614e-01
6.202965234334651967e-01
6.303598757737721714e-01
6.217424880999785630e-01
6.208587353046123303e-01
6.205162617640617162e-01
6.110195445708739292e-01
6.147796308382963426e-01
6.067156428710008820e-01
6.179485114721151584e-01
6.177762323465102456e-01
6.097764711349438205e-01
6.195705882249734620e-01
6.103509743244219798e-01
6.176026930411656624e-01
6.102199633916218779e-01
6.100895416278105943e-01
6.029784713800137030e-01
6.077518644241186596e-01
6.111929414364007940e-01
6.062608138108864786e-01
6.101748857742700372e-01
6.051080215435761245e-01
6.054708560307821008e-01
6.036192877170366566e-01
6.133347110106395217e-01
6.114649019180200540e-01
6.108880762870495529e-01
6.172657106167230845e-01
6.099993419952881579e-01
6.094753032311415186e-01
6.049105968994972216e-01
6.062592894603044957e-01
6.059372713168461599e-01
6.018748532503078730e-01
5.962470772174688349e-01
6.039011631256494539e-01
5.980932573477427683e-01
6.049254742188331369e-01
6.030265380174685275e-01
6.045479613236891536e-01
6.013200457279498368e-01
5.956445113206521036e-01
6.024645987229469979e-01
5.987150397056187900e-01
5.977346369853386854e-01
5.938360963112269131e-01
6.006248594858707435e-01
5.970564798666880835e-01
5.902466262762363636e-01
6.004321796007645595e-01
6.011424176203898906e-01
5.966092407703399436e-01
5.889852430575933662e-01
5.928605751349376174e-01
5.965612198297793878e-01
5.941437627260501841e-01
5.830527596748792396e-01
5.853479875203890792e-01
5.870856376030506585e-01
5.828907589881847651e-01
5.915002463719783998e-01
5.927749839348670502e-01
5.885884676224145684e-01
5.883652643515513425e-01
5.914659329713919389e-01
5.925191730260849221e-01
5.889056739134665985e-01
5.904382617045671466e-01
5.864063385969553455e-01
5.956227929928363807e-01
5.832813029105846647e-01
5.845146450476769173e-01
5.821522700480925572e-01
5.808259524596043333e-01
5.763107877511244315e-01
5.814270257949829546e-01
5.771763172669288622e-01
5.826259513696034897e-01
5.844595643190236833e-01
5.758031339981617425e-01
5.824291372146361834e-01
5.732598376579773891e-01
5.861839628372437216e-01
5.905314764151206042e-01
5.873833625744551146e-01
5.757499296695758328e-01
5.879083949021803868e-01
5.831165374089509745e-01
5.773710384582861899e-01
5.763212347641969435e-01
5.726581490192658164e-01
5.702559979298176263e-01
5.785116719893920179e-01
5.814021930480615108e-01
5.707452864983142415e-01
5.816165598539205783e-01
5.696250307254302481e-01
5.711882925186402282e-01
5.745925683241623894e-01
5.670257902298218022e-01
5.651981544800294133e-01
5.768125022069001684e-01
5.775727957487106767e-01
5.651667615542045331e-01
5.643492604677493585e-01
5.671208364077103825e-01
5.682031733867449752e-01
5.582458308109869982e-01
5.642038813768288641e-01
5.662694441966521497e-01
5.649099688499401584e-01
5.620494911303887120e-01
5.700468035080493712e-01
5.619519932147784003e-01
5.648672805382655149e-01
5.490557557879349737e-01
5.600030636940247497e-01
5.633600437488310853e-01
5.628430165541478125e-01
5.729817328926843922e-01
5.710455529200725300e-01
5.618267466624577988e-01
5.624829729398092004e-01
5.635571543222818169e-01
5.551843844927274452e-01
5.594869849773553838e-01
5.663054605325062996e-01
5.562192304776265583e-01
5.592833023804885118e-01
5.599308093388875029e-01
5.545987747418574809e-01
5.564916377648329027e-01
5.597745081553092694e-01
5.589934310469871770e-01
5.646491932563292293e-01
5.571815858284632217e-01
5.453229894240697595e-01
5.546932141750287037e-01
5.646165359478730883e-01
5.527610478492883672e-01
5.546097060808768964e-01
5.508596036678705676e-01
5.491657867645606261e-01
5.499411654013853790e-01
5.567293123557017775e-01
5.593550063096559555e-01
5.579828719298044470e-01
5.516667790137804728e-01
5.486192628359183310e-01
5.506693560343521865e-01
5.413223741910396791e-01
5.517318008419794806e-01
5.404656827449798584e-01
5.555464099615048390e-01
5.491573817454851181e-01
5.493833392858504805e-01
5.482717256515453608e-01
5.487048591558749688e-01
5.378818174203237046e-01
5.432986870025977577e-01
5.471505809288758071e-01
5.555787198818646910e-01
5.486801617420636878e-01
5.369513000433261407e-01
5.511110723782808307e-01
5.410939811131892929e-01
5.460250765085220559e-01
5.436396765403258557e-01
5.351172827757322281e-01
5.405385161821658624e-01
5.448885714396451974e-01
5.361084681290846365e-01
5.519059933148897645e-01
5.433898643805430417e-01
5.358474044463573671e-01
5.360611016933735096e-01
5.358926717287454400e-01
5.369352527917959916e-01
5.448453699931120608e-01
5.442624399295219462e-01
5.358816261474902420e-01
5.367586606588119480e-01
5.431216172682933330e-01
5.345503902588135681e-01
5.412671167881061285e-01
5.339470519469334819e-01
5.380860760425909550e-01
5.335465145416748989e-01
5.375328535452866818e-01
5.329878321824930154e-01
5.316822308378341688e-01
5.276734233666688922e-01
5.375021264339104876e-01
5.386596631545287339e-01
5.331732673522753263e-01
5.320297277890718712e-01
5.403004755576451545e-01
5.383793901174496188e-01
5.260549747026883605e-01
5.369258895898476602e-01
5.263733790471003537e-01
5.244705920800184495e-01
5.326274945567815999e-01
5.328127640180099212e-01
5.268208564091951818e-01
5.266871585295750391e-01
5.395817306561347948e-01
5.344898667090978162e-01
5.219300385469045622e-01
5.305197331003653760e-01
5.288539531139226924e-01
5.253308419997875234e-01
5.226846331205123874e-01
5.296298381609794159e-01
5.256060083707173591e-01
5.215258134863315354e-01
5.301185089044081478e-01
5.250568985174863812e-01
5.137484840093514693e-01
5.266494823954044335e-01
5.224127715214704759e-01
5.267788681464317113e-01
5.240384086584433110e-01
5.193239365632716931e-01
5.290536359716684345e-01
5.260802002289356460e-01
5.256888021261264532e-01
5.219675126748207772e-01
5.270729931501242360e-01
5.202190077457672368e-01
5.119822799777373756e-01
5.170380841463040333e-01
5.147356402033415046e-01
5.140184685969964029e-01
5.168562634633138142e-01
5.160870067966289998e-01
5.237018715112636835e-01
5.166860321393379474e-01
5.139527684602982482e-01
5.227733636513735016e-01
5.198813922130144372e-01
5.147373144443218029e-01
5.151143258962875837e-01
5.163788827183919405e-01
5.185029380596600790e-01
5.195288193531525378e-01
5.200869798660278098e-01
5.202786222482338463e-01
5.055101999869713314e-01
5.156603389825575867e-01
5.142996074297488951e-01
5.125461609699787369e-01
5.248757634407434924e-01
5.116157701764351140e-01
5.155422222155791045e-01
5.261851786802976827e-01
5.158807827112001920e-01
5.135803838188831572e-01
5.116823626634402489e-01
5.164571784245661767e-01
5.129922360181808916e-01
5.175497770309448464e-01
5.153538416593502758e-01
5.109844561188648937e-01
5.123665435191911977e-01
5.103391150633493911e-01
5.091881770354050873e-01
5.103070031373928561e-01
5.138922378802910362e-01
5.156637962047870838e-01
5.126693066114034192e-01
5.011145855371769153e-01
5.143610625694959859e-01
5.183601603294030191e-01
5.078309682699350125e-01
5.088738890030445328e-01
5.030116542791709389e-01
5.077607633211673743e-01
5.156421959782258035e-01
5.125952646518364686e-01
5.115396658579508538e-01
5.129280206866753122e-01
5.016741890555772576e-01
5.025581809954765555e-01
5.041241733691631532e-01
5.106090215536264187e-01
5.119782447050779117e-01
5.070067951312431376e-01
5.103267070574638575e-01
4.987398757384373660e-01
4.917335722690973632e-01
5.063424419134091581e-01
5.024231086938809598e-01
5.002887765566508271e-01
5.072130979635776082e-01
4.974780630606871479e-01
4.974270056455563083e-01
5.118768940369288201e-01
5.037473038603097475e-01
5.070168899419980058e-01
4.937377819266074996e-01
4.989524829846161968e-01
4.980323641346051100e-01
5.098154273552771842e-01
5.006284423363513980e-01
5.023163308699926111e-01
5.013535788426032314e-01
4.975510852459149591e-01
5.058289680725488457e-01
4.916863585129762071e-01
5.067855607240627780e-01
5.124607344468434800e-01
5.113182249741676788e-01
5.002056621588193419e-01
4.957258989413579342e-01
5.101991914403744000e-01
4.965775566223339932e-01
5.077132364114125274e-01
4.904999111707393777e-01
4.970173957256170394e-01
4.988527450041893019e-01
5.020584684151869759e-01
4.984135388563840641e-01
4.976938431079571123e-01
5.018704657371227951e-01
4.983802748796267168e-01
4.866444218617219097e-01
4.957051735657911906e-01
4.883174006373454112e-01
4.903668793348165411e-01
4.996831026596900704e-01
4.986693441867828258e-01
4.916811372989263185e-01
4.975899878602761395e-01
4.875714177504563707e-01
4.913214167723288783e-01
4.888522896247032290e-01
4.900242251463425291e-01
4.949481045588469130e-01
4.926124161634689580e-01
4.953394178396616221e-01
4.839779873689015743e-01
4.939867415489294644e-01
4.935143481080348504e-01
4.867854920717386014e-01
4.974837891566447623e-01
4.945906492762076612e-01
4.956381084827276573e-01
4.983462021136895181e-01
4.958614577085543873e-01
4.911066536719982389e-01
4.932149301736782898e-01
4.899597513370024804e-01
4.831562819389196295e-01
4.916428551459923746e-01
4.809948552495393881e-01
4.945239634085923930e-01
4.991087530667965289e-01
4.801774680996552247e-01
4.907960008352230674e-01
4.925975451866785870e-01
4.878578028617761020e-01
4.873713291990451335e-01
4.908624982986694585e-01
4.980974608124830727e-01
4.862467917876365786e-01
4.852990561952957860e-01
4.808565075962971669e-01
4.910084934570850268e-01
4.809031183903034190e-01
4.859876040082711235e-01
4.909702748060226218e-01
4.860975566964882977e-01
4.928068372301566136e-01
4.905754007208041889e-01
4.847692747910817279e-01
4.852146242673580634e-01
4.804865532578566079e-01
4.851127859109487517e-01
4.788660187751818675e-01
4.867796921959290368e-01
4.869585901880875700e-01
4.808030173564568632e-01
4.832771678001452909e-01
4.819652680021065949e-01
4.930895853501099935e-01
4.803642078852042308e-01
4.852808366983364929e-01
4.798742642769446842e-01
4.874657095242769245e-01
4.752868019617521034e-01
4.882337722258690005e-01
4.886653991845937850e-01
4.798979637714532731e-01
4.782973715128042702e-01
4.780845923301501044e-01
4.874601784424903994e-01
4.785052518814038036e-01
4.862883865833282360e-01
4.766779605394754760e-01
4.801145895169331435e-01
4.810147964801543830e-01
4.765634963145622960e-01
4.729081926437524452e-01
4.768301558800232542e-01
4.926884050552661765e-01
4.786920085931435365e-01
4.736494244673313259e-01
4.785808170453095811e-01
4.714285057324629769e-01
4.727377679103459962e-01
4.751924466628294486e-01
4.771453040532576684e-01
4.787292037636805553e-01
4.825303544218723650e-01
4.835042964953642497e-01
4.747548266099049230e-01
4.741059838579251284e-01
4.792069103091191051e-01
4.766281283054596418e-01
4.843001316755246033e-01
4.760441425137030835e-01
4.766332571705182430e-01
4.794704476228127121e-01
4.838740523044879893e-01
4.756575358983797797e-01
4.792445100652865664e-01
4.767362077266741882e-01
4.758074781833550593e-01
4.673516563115975853e-01
4.684870346998556978e-01
4.758711740756645936e-01
4.752803880816851012e-01
4.689417324005029086e-01
4.820204295409031281e-01
4.725263011761201004e-01
4.721548295938051698e-01
4.752360354631375294e-01
4.832330288795324558e-01
4.747523025060311208e-01
4.732547142566778664e-01
4.672185358328697080e-01
4.720707727930484876e-01
4.822788019975026708e-01
4.754929156639637333e-01
4.851724435121584911e-01
4.775352043219101561e-01
4.750822963240818875e-01
4.696096050433623548e-01
4.778699005261445865e-01
4.684753104662283674e-01
4.738159557565664870e-01
4.707926632502140163e-01
4.713355608475514047e-01
4.714927559479689112e-01
4.808146072503847734e-01
4.710884479758066790e-01
4.714548732989873869e-01
4.611957168731933843e-01
4.668905419416916613e-01
4.699068147020462050e-01
4.638424351811408775e-01
4.697698170558000097e-01
4.718414315046408070e-01
4.727712555573536646e-01
4.728657990311965209e-01
4.679726663308265699e-01
4.735009148334845541e-01
4.623659433844761746e-01
4.727435604884074327e-01
4.721432721003507860e-01
4.582310736943513985e-01
4.688550459650846491e-01
4.686428108276465276e-01
4.606378618341225861e-01
4.632445879089526763e-01
4.628347650934488411e-01
4.677549685041109684e-01
4.636382750211617831e-01
4.668867447819465277e-01
4.650264143179624332e-01
4.651201487351686592e-01
4.636537022315538881e-01
4.738963485528261410e-01
4.653779181150289879e-01
4.729402602483064877e-01
4.616294170037293920e-01
4.653353722813801663e-01
4.719255633843250641e-01
4.690684559253545660e-01
4.665571328539114826e-01
4.682647026884250163e-01
4.736483285442376623e-01
4.638887927318230409e-01
4.688568171018209219e-01
4.695453126078996675e-01
4.656000613020016554e-01
4.654516309499740490e-01
4.634393486839074594e-01
4.707315795696698779e-01
4.644650503228872074e-01
4.652094025260362642e-01
4.624317023616570932e-01
4.715791036685307858e-01
4.600441480676333295e-01
4.583198599326304690e-01
4.589234173679963003e-01
4.692531184890331164e-01
4.646061637462713945e-01
4.639989911363675001e-01
4.549637860212570328e-01
4.712537617637561072e-01
4.511227584038025040e-01
4.618925802218608601e-01
4.635610409654103981e-01
4.627422052316176315e-01
4.649986525758718625e-01
4.662384451581881861e-01
4.599641783879353518e-01
4.615998163437232127e-01
4.653833460349303119e-01
4.695184478392968042e-01
4.624605786341887126e-01
4.586282053436988582e-01
4.632580096140885839e-01
4.612311007884832281e-01
4.642637765560394536e-01
4.596609804874811633e-01
4.653716419369746671e-01
4.607938325557953130e-01
4.602245348004194159e-01
4.634406388570100899e-01
4.511203014697783842e-01
4.672784801477041228e-01
4.596480812399815208e-01
4.631160376163629411e-01
4.588746271072289828e-01
4.663120823028760187e-01
4.710986868311197173e-01
4.629297336706748589e-01
4.577017301168197494e-01
4.515995239600157363e-01
4.564239651728899116e-01
4.578934314159246455e-01
4.620781474006481759e-01
4.639035932910747784e-01
4.543654665350914112e-01
4.624417534241309635e-01
4.610940849551787846e-01
4.563244838363085254e-01
4.709284564241384974e-01
4.600524761737921353e-01
4.675192340062214735e-01
4.549554907740691045e-01
4.629123452382210013e-01
4.538397859304379445e-01
4.654182990009967935e-01
4.517368840483518833e-01
4.572178274011000632e-01
4.657021746421471375e-01
4.608779666515497309e-01
4.554562025727370012e-01
4.588077729329084753e-01
4.669592696504715201e-01
4.598545658282744419e-01
4.551068041569147349e-01
4.628293604422838436e-01
4.478630435390349995e-01
4.570839631251799595e-01
4.589573369194299701e-01
4.641500387054223187e-01
4.582333570489516839e-01
4.504638283680647004e-01
4.551372234637920400e-01
4.489724096579429391e-01
4.599603857749547942e-01
4.606080963825568420e-01
4.647375352107561697e-01
4.576843474155817271e-01
4.602074310947686930e-01
4.642790767244803773e-01
4.488039582203596223e-01
4.551389739681512836e-01
4.490848738413590890e-01
4.584921046709403147e-01
4.542127241690953610e-01
4.564456206865799559e-01
4.585437556872001275e-01
4.595631196330755008e-01
4.595260686217210178e-01
4.520742648687118281e-01
4.542901139610853178e-01
4.435558721041067964e-01
4.530618155231842525e-01
4.511155067346034886e-01
4.567402596275011439e-01
4.426728337238996502e-01
4.551453308417247046e-01
4.480710221406741245e-01
4.525921517075636724e-01
4.563999127119015564e-01
4.545753062535554667e-01
4.566568444936703330e-01
4.536322529881428589e-01
4.519195670500779638e-01
4.482845444327745454e-01
4.596028669522359000e-01
4.482568969329198127e-01
4.449502528860018735e-01
4.464339074033957244e-01
4.386430709025798680e-01
4.514397737689507251e-01
4.531629793919049742e-01
4.408854694320605283e-01
4.411038561127124669e-01
4.571462966692753094e-01
4.491205290341988565e-01
4.463144171696442619e-01
4.393318986663451442e-01
4.535212057523238527e-01
4.573632763364376408e-01
4.520005182578013536e-01
4.470360945432614308e-01
4.446512351051354894e-01
4.513464323985271198e-01
4.493038405210543762e-01
4.522460108002027135e-01
4.634764507030829650e-01
4.540236941132789750e-01
4.528505143446799885e-01
4.473635299847676383e-01
4.523433532852392802e-01
4.505132722166868553e-01
4.454107279578844447e-01
4.528451765194917433e-01
4.418829961847036136e-01
4.468136556255511982e-01
4.549968895239707711e-01
4.442726192566064936e-01
4.513897164509846349e-01
4.443220124412805561e-01
4.471899960285578013e-01
4.457303018142015349e-01
4.455565785368283405e-01
4.544558477325317258e-01
4.416440740609780535e-01
4.584997837742169624e-01
4.458581885466209038e-01
4.473811068978065242e-01
4.428657694122730137e-01
4.571765198157383692e-01
4.502535013816295617e-01
4.502982166333076020e-01
4.441446196956512216e-01
4.500520826150209430e-01
4.409946957077735541e-01
4.480807030430206672e-01
4.527630568314821025e-01
4.487195558272875084e-01
4.423249080013006429e-01
4.412021857423660265e-01
4.457263526244041318e-01
4.506492897868156211e-01
4.470078893196888226e-01
4.534266562416003343e-01
4.425702973436086429e-01
4.426079369890384418e-01
4.393981443383754848e-01
4.490338127200420026e-01
4.455865942132778423e-01
4.586993126532970533e-01
4.418123686542878015e-01
4.464732227417139154e-01
4.488313534703010088e-01
4.462538436437264444e-01
4.406767779817947761e-01
4.505662019054094691e-01
4.409054058484542238e-01
4.416797722379366409e-01
4.536288706155923722e-01
4.413791471184828619e-01
4.479518051712940707e-01
4.409509432621491198e-01
4.421939910986484867e-01
4.385927654993839742e-01
4.370979305643301616e-01
4.434929184042490369e-01
4.434258668468548659e-01
4.406041245429943576e-01
4.386294092123325106e-01
4.360494375228881614e-01
4.407547558729465464e-01
4.381265839323019162e-01
4.423771229691994544e-01
4.415821209549903870e-01
4.465469439824422127e-01
4.438078985382348796e-01
4.413652750926140289e-01
4.399325496875322594e-01
4.409483806827129704e-01
4.334056833997750879e-01
4.449221932735198393e-01
4.389411859787427650e-01
4.476047900242683397e-01
4.523488454329661623e-01
4.385921600537422416e-01
4.381302748735134145e-01
4.488869633812170856e-01
4.465442636838325985e-01
4.372417977987191340e-01
4.370297417426720621e-01
4.346308399469424599e-01
4.373541708175952558e-01
4.453345568898396389e-01
4.482406558898778814e-01
4.397629048579778654e-01
4.413612106671699897e-01
4.460425413189790245e-01
4.491821213410450708e-01
4.375213113350746030e-01
4.407826683842218651e-01
4.356386779210506544e-01
4.408119147022565021e-01
4.373558345513466339e-01
4.321417164344054096e-01
4.428460376002849586e-01
4.471670117133703104e-01
4.400368760029474968e-01
4.357995050457807440e-01
4.402133249319516439e-01
4.440260996803259141e-01
4.412273213267326466e-01
4.395949839781492230e-01
4.421956901366894122e-01
4.378321782900737036e-01
4.376245486812713748e-01
4.333310183424216033e-01
4.473558632609171970e-01
4.445705192211346635e-01
4.399649357566466912e-01
4.356485998783355962e-01
4.437690996970886093e-01
4.364640829654840570e-01
4.332626439822025999e-01
4.382310227705882300e-01
4.414145745528049725e-01
4.423069243247692572e-01
4.424767215664570097e-01
4.386693006906753900e-01
4.397522167517588509e-01
4.427361917037230254e-01
4.390925444853611692e-01
4.374024765231670497e-01
4.363052913393729582e-01
4.383249066579036346e-01
4.415404418722176927e-01
4.328416472062086573e-01
4.438675955320016131e-01
4.354145010694479567e-01
4.386170271497506490e-01
4.358136390264217841e-01
4.334531858181341901e-01
4.332570216212517367e-01
4.392987187856283171e-01
4.535660072779044150e-01
4.464524630552683115e-01
4.315800985082601793e-01
4.370995265933183549e-01
4.316276309963984481e-01
4.344800092853032814e-01
4.354912293262970802e-01
4.344841538713528628e-01
4.368788103262583600e-01
4.335232265866719725e-01
4.344613086718779327e-01
4.319431481453088750e-01
4.457317694639548189e-01
4.404570961609864943e-01
4.324960407156210884e-01
4.314620392826887252e-01
4.422264636709140051e-01
4.408485731253257156e-01
4.467958807563170431e-01
4.377987602582344429e-01
4.396283168823291176e-01
4.339090847434141640e-01
4.366602190794088845e-01
4.337906181812286599e-01
4.344377662126834849e-01
4.389351967817697875e-01
4.356175871613698347e-01
4.351611258509831548e-01
4.330226270434183733e-01
4.359209253619878988e-01
4.422911466696323735e-01
4.304863668405092825e-01
4.329759240532532472e-01
4.354979163179030777e-01
4.392383142923697581e-01
4.312579625310041798e-01
4.374166608238831411e-01
4.392032761222277037e-01
4.405521063468395004e-01
4.409577723879080646e-01
4.339796870946884266e-01
4.331028477121622311e-01
4.406005022999567866e-01
4.375581297354820265e-01
4.375228946789717077e-01
