1.994973118794270084e+00
1.842470664244431733e+00
1.690448217208568860e+00
1.608894076714148857e+00
1.551216933666131448e+00
1.500834422539442103e+00
1.464869530995686953e+00
1.437950597053919033e+00
1.415106697265918534e+00
1.393905730736561210e+00
1.381996613893753389e+00
1.365275169030214064e+00
1.353034877471434694e+00
1.342910806490824838e+00
1.331269612526282176e+00
1.323485292074007891e+00
1.314166258084468408e+00
1.312862602258339839e+00
1.303276594785543585e+00
1.293893563288908810e+00
1.292749957243601422e+00
1.287192821349853133e+00
1.277758473616380064e+00
1.278145563602447465e+00
1.268518827970211316e+00
1.264615917817140334e+00
1.261674769566609289e+00
1.258733330017481000e+00
1.251817650978381824e+00
1.246352874621366791e+00
1.244169581089264343e+00
1.243343180112349788e+00
1.239398226829675487e+00
1.235206214892558663e+00
1.233800268478882689e+00
1.232145447455919696e+00
1.225010390770741031e+00
1.220516694661898383e+00
1.219799206959895521e+00
1.213703881165920206e+00
1.214949511717527297e+00
1.209191492581978888e+00
1.209968625276516718e+00
1.204502232563801289e+00
1.202165610973651599e+00
1.196697930494944329e+00
1.194760898901866097e+00
1.189014613169890211e+00
1.187567405822949507e+00
1.187139050929974182e+00
1.185807180098998215e+00
1.181731283511870956e+00
1.179073463800625943e+00
1.177533015226706503e+00
1.174825271123494774e+00
1.173100259976509241e+00
1.168641376953858613e+00
1.165748236118218761e+00
1.161596086850533061e+00
1.155691413848828120e+00
1.155901326430149645e+00
1.154778898832125478e+00
1.152050233345765395e+00
1.148491309544978911e+00
1.142510375151267521e+00
1.145023825688239905e+00
1.143716575090701681e+00
1.140401344421582364e+00
1.136032342146604535e+00
1.134562812860195447e+00
1.129360301219499929e+00
1.125791009725668479e+00
1.128218562327898411e+00
1.122653524233744760e+00
1.127230010430018137e+00
1.120763800083062645e+00
1.118291400793271162e+00
1.112470641350134848e+00
1.117538317961570549e+00
1.108455687914139176e+00
1.109813754527996688e+00
1.099966077621166605e+00
1.105983666731761073e+00
1.100903922013747316e+00
1.097949120020255132e+00
1.095599295237125403e+00
1.093296928283495673e+00
1.092312066830121609e+00
1.087859268524707934e+00
1.083472433609840246e+00
1.084714645147323520e+00
1.070304972391862064e+00
1.080579079267306231e+00
1.070064108799665403e+00
1.071372008782166763e+00
1.068528610162245984e+00
1.069875313226993363e+00
1.065344910285411784e+00
1.064672638208438160e+00
1.058379537478471466e+00
1.064503462956501778e+00
1.059278729940072106e+00
1.052196702743187995e+00
1.051438057116973024e+00
1.052164728824908968e+00
1.050340973719572357e+00
1.045798001075402217e+00
1.041540394379542489e+00
1.043768651057512376e+00
1.041470865714244409e+00
1.040870467363259833e+00
1.044411538197444145e+00
1.036434975037207940e+00
1.038256002695132629e+00
1.031594757697521070e+00
1.030500755860255246e+00
1.028335442756995066e+00
1.024506148619529489e+00
1.024132702900813152e+00
1.023707958368154758e+00
1.023729593478716282e+00
1.019246136530851610e+00
1.022376707119819539e+00
1.016482713436469121e+00
1.013461705507376243e+00
1.014874977637559850e+00
1.004236604770024632e+00
1.007829557473842952e+00
1.006464168352958488e+00
1.006086299205437795e+00
1.007605999249678419e+00
1.001616738851253796e+00
9.962592264016468802e-01
1.003408936353830105e+00
9.988681961328554904e-01
9.993573375237293499e-01
9.920080988835066060e-01
9.877534502591842624e-01
9.932786978208101303e-01
9.873266854347326760e-01
9.841441160593277226e-01
9.844941119352976777e-01
9.812809598751557338e-01
9.826643885710300008e-01
9.835374612074632150e-01
9.859854239683885080e-01
9.774362684824527969e-01
9.791182184830690138e-01
9.707788374179449065e-01
9.710822793153616184e-01
9.743978046453916075e-01
9.704148020499792082e-01
9.738056405996664555e-01
9.671055139639438414e-01
9.654911117675977206e-01
9.657050012013851381e-01
9.619384012161157349e-01
9.609968429956681213e-01
9.538168642765436633e-01
9.576871778720464912e-01
9.531361096944563904e-01
9.578748946006481191e-01
9.564540817187382471e-01
9.541348241842709799e-01
9.545601265552716708e-01
9.514867476927928447e-01
9.587960217243586269e-01
9.493783906484261070e-01
9.455697892568050156e-01
9.478520252765753051e-01
9.454084003582978735e-01
9.437072784472734233e-01
9.429098907189491507e-01
9.422347987309480644e-01
9.391641818560086952e-01
9.402798159000200773e-01
9.407740132930951793e-01
9.396516747963734595e-01
9.414111273410993297e-01
9.485015141658293958e-01
9.365688198652022400e-01
9.386618048716813822e-01
9.368005668505644534e-01
9.349009174567002312e-01
9.334407007082914376e-01
9.323161039596948862e-01
9.319834634279593466e-01
9.291161421017769539e-01
9.248916826187035811e-01
9.212061767394725820e-01
9.214837905688163522e-01
9.268450957078200325e-01
9.281890260867583509e-01
9.167832030699802903e-01
9.214794790897613552e-01
9.236834452702449294e-01
9.134262491495180880e-01
9.170991761562151678e-01
9.129443055544144148e-01
9.092384734214880027e-01
9.115861105613219939e-01
9.092523153011615733e-01
9.030330771054977390e-01
9.117374068651443730e-01
8.999138937546656836e-01
9.049043114368732210e-01
9.019388697086236917e-01
8.987475190407190340e-01
8.984553914039562494e-01
9.012879386926309078e-01
8.952113550442916123e-01
8.956537760221041644e-01
8.916100364464979444e-01
8.927737940580416920e-01
9.011083928438333723e-01
8.901999729566084651e-01
8.908315099202669396e-01
8.899619003136952644e-01
8.848510644374749656e-01
8.926329313944547650e-01
8.809146624345045584e-01
8.825158392771695892e-01
8.790824965024606197e-01
8.787423023810753131e-01
8.823753829185779773e-01
8.729511866202721571e-01
8.707463207917335302e-01
8.732511239174084450e-01
8.771017991579496131e-01
8.751903903025847198e-01
8.623130382635654234e-01
8.756128510603538029e-01
8.679172665644914186e-01
8.684549278173691045e-01
8.635120165653717983e-01
8.713011022561635288e-01
8.624861843310869247e-01
8.690961726200886472e-01
8.638224469545560114e-01
8.613991057261441986e-01
8.645988947305923711e-01
8.600915163755417092e-01
8.533223921671891921e-01
8.628522768234595519e-01
8.579008126870180106e-01
8.519586541713812800e-01
8.586584870631878141e-01
8.501296103000640647e-01
8.481167036753434196e-01
8.498218152767572642e-01
8.506712794303894487e-01
8.494373041849869743e-01
8.462829313217065108e-01
8.418309065775994027e-01
8.481604213897998568e-01
8.383199707819865010e-01
8.501085906456677943e-01
8.479504784712424970e-01
8.370783050855000740e-01
8.379010147009140486e-01
8.443007794710305491e-01
8.384031705367259724e-01
8.370501343256387949e-01
8.319296274429712756e-01
8.337421126854724918e-01
8.371583327268943275e-01
8.326071337247505921e-01
8.314449510513207686e-01
8.436865145579363068e-01
8.228484314221602425e-01
8.259412511801108581e-01
8.289599302487495880e-01
8.323394243533794867e-01
8.327434588701296825e-01
8.324368013021273827e-01
8.236434609462053302e-01
8.271251295621578903e-01
8.240645098380553479e-01
8.273971354350065921e-01
8.242398908505073063e-01
8.266873848743927500e-01
8.276350376697686473e-01
8.190321981142728580e-01
8.100038855503767232e-01
8.175397247840197057e-01
8.179070019569152361e-01
8.175797910262376789e-01
8.093821277221043831e-01
8.188793472754649638e-01
8.157574015550124180e-01
8.177397685937392025e-01
8.164311127020762449e-01
8.096012733685664653e-01
8.119725994574717998e-01
8.105348889644329313e-01
8.063789338637621373e-01
8.102374726381057490e-01
8.095508392040545731e-01
8.016924728185702564e-01
8.125390042097140331e-01
7.950781265130409947e-01
7.991661694569465180e-01
8.057036858338576524e-01
7.994171879230401734e-01
7.987371544807385648e-01
8.069494123642261263e-01
8.021067740825505998e-01
8.048481115928063367e-01
8.038624300406529422e-01
7.949715585280687780e-01
7.947554372059992822e-01
7.966948307477510482e-01
7.954085427981156808e-01
7.920901511724178778e-01
7.987162006207001452e-01
7.972782928210038200e-01
7.956633641169621463e-01
7.987020290050751425e-01
7.912444144487380537e-01
7.912391998064823850e-01
7.887820634322288971e-01
7.861808052429786198e-01
7.911974407923527686e-01
7.963686089485119135e-01
7.848804836853956468e-01
7.885623349593235965e-01
7.832609687860195846e-01
7.888156947417136466e-01
7.800400502406633629e-01
7.894803256560594118e-01
7.891216265085415627e-01
7.868984616719759684e-01
7.857540670877848354e-01
7.823953984639583359e-01
7.825653242759215145e-01
7.844358125558266170e-01
7.820814183889290838e-01
7.812061523779844086e-01
7.815416596638851132e-01
7.810531957791402302e-01
7.804788642968887302e-01
7.787328939407299755e-01
7.804990204480978244e-01
7.781257873162245042e-01
7.709157336980868580e-01
7.786269525686899673e-01
7.751886540498489353e-01
7.767136410260812029e-01
7.808610598246256140e-01
7.742829860785068741e-01
7.816189596286187147e-01
7.757914850345024593e-01
7.816281814605762213e-01
7.730537714102329039e-01
7.731739596678660620e-01
7.615431906321109556e-01
7.681802648764389785e-01
7.682059148183235653e-01
7.687962716206525604e-01
7.715891793752327477e-01
7.656884649625190775e-01
7.716453141126877746e-01
7.793086779423249455e-01
7.580659645490157583e-01
7.641015233137669060e-01
7.595380676862520941e-01
7.625719948456837205e-01
7.646829167237648717e-01
7.608412562272487412e-01
7.569326487107154167e-01
7.692767808070549718e-01
7.609563033550214017e-01
7.623875342882596717e-01
7.591861150203607078e-01
7.616593168332026487e-01
7.620713567122434640e-01
7.591241233623944318e-01
7.655446966489155569e-01
7.520496586958567153e-01
7.500268514339740733e-01
7.563588830140920427e-01
7.560545490338251851e-01
7.546581328679353717e-01
7.492707096613370199e-01
7.511415055929085982e-01
7.602746337652206421e-01
7.437493169919038305e-01
7.485392361879348311e-01
7.437474180490543096e-01
7.459013122778672678e-01
7.419004106368773943e-01
7.376165661292198861e-01
7.370724047605807794e-01
7.426904039505201061e-01
7.384586430512941613e-01
7.507253169249266112e-01
7.322790340735362280e-01
7.337808568508197293e-01
7.371095104859425318e-01
7.367974975934394877e-01
7.316256461999355309e-01
7.346349658110202796e-01
7.331122820958112518e-01
7.283728526188777419e-01
7.313619930774737377e-01
7.427503681335694274e-01
7.380052921099540253e-01
7.239542876298611374e-01
7.237029072565910326e-01
7.244809116308505992e-01
7.294986828779562726e-01
7.201942603557537348e-01
7.324496660477075594e-01
7.319481286482932836e-01
7.308354405256417552e-01
7.258416224748660550e-01
7.273912457319405833e-01
7.238885715985909908e-01
7.196148811242519816e-01
7.278197342004530945e-01
7.305568295411574153e-01
7.262900220277982433e-01
7.212058674066494923e-01
7.209535084473781552e-01
7.136292614997961081e-01
7.176200029941705028e-01
7.142931193877488649e-01
7.211717938001339645e-01
7.216130416362713795e-01
7.341824176983955397e-01
7.143079785200265874e-01
7.214820167193045641e-01
7.223196593614724659e-01
7.106472732164921258e-01
7.102562879904722459e-01
7.117972659759032039e-01
7.060032768891407740e-01
7.172908850969412775e-01
7.125337095596850912e-01
7.058060457309086599e-01
7.072685627601085212e-01
7.080822862111605387e-01
7.167365619769463514e-01
7.145739693672229498e-01
7.059700742746011226e-01
7.181272205633995043e-01
7.152004267924870762e-01
7.052696358699065415e-01
7.149731853833565243e-01
7.033324820873064764e-01
6.999809821446736358e-01
7.045372793307671522e-01
6.995407621065775627e-01
7.067194769779840957e-01
7.046922290936494804e-01
7.032196536278113586e-01
6.997330605219571620e-01
6.931339949369430542e-01
7.049119686469053070e-01
6.974553811244476043e-01
6.873853046160477431e-01
6.967005117581440699e-01
6.989218688164001714e-01
6.983061426725143406e-01
7.010846770726717470e-01
7.066774126046743154e-01
6.999642456189180129e-01
6.933610222278496771e-01
6.979424276413062067e-01
6.968698916526940845e-01
6.901579354818050405e-01
7.005244620335407957e-01
6.987462828556696426e-01
6.935047398010889541e-01
6.945839729064550161e-01
6.950651715199153147e-01
6.875865376148468933e-01
6.920363253507858525e-01
6.907845087540455120e-01
6.893165550934963193e-01
6.804012223696097594e-01
6.908460833323307737e-01
6.919986719504380712e-01
6.877971671330622705e-01
6.810165227987827752e-01
6.770209678472616233e-01
6.905399560164182660e-01
6.785619342174284974e-01
6.759072895997609853e-01
6.867556166954529306e-01
6.813815868817842958e-01
6.901513440486711781e-01
6.793457732750819433e-01
6.829930604268342753e-01
6.769849370687436307e-01
6.821600168179242640e-01
6.787927560317210673e-01
6.757216544487537613e-01
6.864546039929756427e-01
6.789559242817071461e-01
6.724034492786113981e-01
6.822249729663897311e-01
6.723526712411489470e-01
6.710426923556205292e-01
6.690147810257398575e-01
6.800524804836663995e-01
6.756077864231206931e-01
6.636168693120663153e-01
6.753680495879589296e-01
6.656406764036569834e-01
6.687148545797054755e-01
6.660392817778465480e-01
6.626718897850085721e-01
6.663841385107773796e-01
6.700213008966201533e-01
6.708948094875384349e-01
6.659151978217638934e-01
6.653591892658136109e-01
6.725159985896868031e-01
6.689527577314621221e-01
6.707707983561050913e-01
6.667296839830202382e-01
6.597949008911083713e-01
6.682382825093391432e-01
6.682184748924695494e-01
6.601691171908989908e-01
6.612161432321255194e-01
6.594359301603757162e-01
6.657455307550919077e-01
6.561898057277385510e-01
6.622430226741693460e-01
6.662265845598318581e-01
6.722359933150120481e-01
6.542018849880267828e-01
6.629949519267448466e-01
6.546665196235362805e-01
6.514098862042794202e-01
6.562971013478743343e-01
6.631644114469870122e-01
6.610731801161399135e-01
6.594514246934499724e-01
6.607022158610514895e-01
6.504949440558751572e-01
6.534894516070683945e-01
6.500467370717953886e-01
6.472445595722932099e-01
6.580347425662553817e-01
6.535676392225119313e-01
6.559249394979231873e-01
6.527370479626533051e-01
6.561572107749107374e-01
6.498999502414312124e-01
6.603618267254951490e-01
6.474977309123063351e-01
6.483478516340255293e-01
6.564666216954206934e-01
6.629557391007740996e-01
6.513023520891483287e-01
6.579590250284244046e-01
6.459861974685620067e-01
6.570165230677678103e-01
6.466373089796457752e-01
6.568224741862370708e-01
6.423667193223268068e-01
6.485143932012411572e-01
6.423898456188348316e-01
6.514159609109927418e-01
6.417047751255524624e-01
6.486602713664372244e-01
6.468925598340157235e-01
6.356628229220707693e-01
6.478908452468040702e-01
6.492460285241786755e-01
6.443460329985006840e-01
6.414489775131910765e-01
6.541963688838176028e-01
6.481772646690026063e-01
6.391801303013776581e-01
6.437116481554814307e-01
6.509382114196434754e-01
6.349597723820270545e-01
6.432895085750481856e-01
6.388812570235667954e-01
6.399136289572104896e-01
6.490083076250858785e-01
6.381535604978219034e-01
6.378771214148937219e-01
6.379539436254746398e-01
6.386073789535424705e-01
6.370330719611583259e-01
6.420897203378188589e-01
6.402837751003411793e-01
6.345688777092175492e-01
6.415572721224565012e-01
6.389391938845316865e-01
6.301136534947615608e-01
6.421690068947962793e-01
6.432328471770653033e-01
6.420472385791632375e-01
6.350808929174374118e-01
6.400504868764144151e-01
6.251306839478321109e-01
6.335243194531171573e-01
6.258119286634983292e-01
6.319872714770146116e-01
6.303431452084810038e-01
6.367088194840994086e-01
6.340923597415287771e-01
6.348607646349149203e-01
6.302953197405888330e-01
6.353141943613688225e-01
6.303514563884490274e-01
6.385141002826201229e-01
6.289636715100361819e-01
6.251805016627678402e-01
6.259173414646050926e-01
6.235398370486039399e-01
6.194429485461651064e-01
6.238251598217547933e-01
6.248038563972864168e-01
6.256968682393049264e-01
6.197881409755119364e-01
6.275301725436479572e-01
6.277020504077275298e-01
6.124960435506624501e-01
6.223366413360986726e-01
6.191258026239199186e-01
6.227587111485309856e-01
6.347833936031047619e-01
6.296314970040932657e-01
6.217947003168937670e-01
6.227350202890542530e-01
6.272687905874008152e-01
6.273195790938842498e-01
6.229583437626178277e-01
6.292175066012603013e-01
6.241696630532924672e-01
6.324572306412916678e-01
6.187111392235145058e-01
6.156921873490015518e-01
6.171320896882277474e-01
6.267367066863255287e-01
6.275853228874695988e-01
6.171395238393392324e-01
6.145401049882938116e-01
6.196816323659358750e-01
6.217493712902069092e-01
6.094015540984960566e-01
6.220571562265738708e-01
6.189119279384612815e-01
6.151974141597748025e-01
6.189852616725823875e-01
6.193572444029343815e-01
6.141877418145155199e-01
6.205369050686175836e-01
6.296846183446737077e-01
6.191526466073133950e-01
6.158696026374131938e-01
6.240378457002150325e-01
6.227323375069178102e-01
6.136927770498471491e-01
6.112088392178217644e-01
6.196716770147665532e-01
6.204996324502505267e-01
6.197878964436359661e-01
6.193520077528097412e-01
6.151039026486567751e-01
6.132891288934609886e-01
6.092396813325392513e-01
6.102589895327885650e-01
6.093845566113790246e-01
6.090003606600639108e-01
6.145075162251790735e-01
6.109289091366988389e-01
6.110007601670729427e-01
6.176473162877254008e-01
6.166158157281386165e-01
6.075501386171732188e-01
6.181071409048177756e-01
6.087041087639637471e-01
6.121078396454835424e-01
6.080242974635882147e-01
6.074626162266120177e-01
6.061764976917168868e-01
6.099529164723861419e-01
6.089709212382634629e-01
6.039517465310219047e-01
6.050992458294599530e-01
6.083283388461822039e-01
6.055567973699325091e-01
6.036681717022871485e-01
6.126256062434269900e-01
6.064802293594067084e-01
6.100776847356405019e-01
5.993218343609418852e-01
6.064580633090093098e-01
6.020856834374941347e-01
6.101870456567177747e-01
5.996616966449297426e-01
6.073561683679238321e-01
5.936963853927759160e-01
6.036589747820144680e-01
6.091804828017185480e-01
6.053203215201695686e-01
5.965643808627739686e-01
6.113145735783455104e-01
6.036606982732430904e-01
5.979757007880088793e-01
6.047508237835688139e-01
5.982052453817465754e-01
5.991587194112630854e-01
6.038668044102497579e-01
6.031260465964293216e-01
6.057798792154360790e-01
5.941791875240129972e-01
6.015107331367639532e-01
5.996271842565291665e-01
5.988337408273648466e-01
6.051564199038040881e-01
5.998117880179332229e-01
6.055599489273169045e-01
6.009831351347458828e-01
6.004799122229600439e-01
5.979264244819298968e-01
5.956759290817456032e-01
5.933818544332797318e-01
5.904660966915962206e-01
6.011692731808393475e-01
6.013433078924814712e-01
5.913530588914186481e-01
5.969137677015402543e-01
5.960440141268265046e-01
5.933955840575388940e-01
5.982624085285724869e-01
5.989777461076394305e-01
5.899283413703625412e-01
6.008153671637559423e-01
5.878341427216162707e-01
5.913634998676103871e-01
5.972356560138555315e-01
5.908881043012325085e-01
5.962836738580312712e-01
5.920454927744009943e-01
5.935526604835803521e-01
5.953142754542521953e-01
5.973908692598343118e-01
5.949976624204562636e-01
5.912263219173138351e-01
5.864681692459644546e-01
6.016254626023463947e-01
5.905741615937306621e-01
5.903594525960775830e-01
5.958899626365075086e-01
5.885586485648766075e-01
6.019476913488828185e-01
5.855458721900597130e-01
5.887818604707717451e-01
5.787031126328003872e-01
5.774473669437262258e-01
5.787467520206402982e-01
5.863383138026946328e-01
5.803771789257342606e-01
5.821676749449510302e-01
5.886528381934532650e-01
5.874846516511379457e-01
5.868092504831460277e-01
5.926191997069578665e-01
5.831991217839411767e-01
5.854875942835441327e-01
5.828048101602456565e-01
5.832998452278284063e-01
5.802016914655000468e-01
5.811512027031335847e-01
5.827279355281438367e-01
5.776576995085447308e-01
5.825520226588616346e-01
5.920141256008393249e-01
5.897414108117421394e-01
5.777109705484830826e-01
5.772306908399630343e-01
5.760398979370410233e-01
5.844522123917554879e-01
5.801756780116985590e-01
5.771998761556087487e-01
5.708508720764746691e-01
5.812336832284927812e-01
5.739740066803418195e-01
5.723499939227715272e-01
5.762368763104462888e-01
5.827087986927765861e-01
5.835835471367224470e-01
5.790803998708724531e-01
5.698823294578454490e-01
5.795020019396757149e-01
5.767062390461946686e-01
5.670637531922413377e-01
5.830266797389739297e-01
5.727780481943717250e-01
5.728694778222304107e-01
5.692609598239263269e-01
5.669377018625919584e-01
5.718325783809026230e-01
5.736411349895672585e-01
5.637582480143278341e-01
5.746745334221766699e-01
5.819463173548380386e-01
5.675462425519258725e-01
5.710216818711696396e-01
5.718257648058426845e-01
5.762553456120002027e-01
5.741554431426219018e-01
5.758635262648265085e-01
5.696545681892297708e-01
5.659852356482775182e-01
5.722879667312671392e-01
5.605579243256495481e-01
5.677060167758892772e-01
5.678467249258970506e-01
5.656662629965024669e-01
5.669130363525488603e-01
5.705088270780367399e-01
5.663226755001605772e-01
5.668326276235091665e-01
5.712538308058029424e-01
5.654725985649304842e-01
5.649491245165849662e-01
5.561356322123454099e-01
5.738936790289023149e-01
5.664392176346900731e-01
5.664860868301146990e-01
5.611812087969901830e-01
5.752906158184394325e-01
5.618717664327377292e-01
5.752026194181197871e-01
5.765502362679212345e-01
5.718298432154532707e-01
5.687703377925432680e-01
5.604785755658761026e-01
5.694451404687685958e-01
5.623763999113670087e-01
5.573669397678130411e-01
5.572619210451077443e-01
5.693903566935123450e-01
5.675288920983290186e-01
5.753326405317354952e-01
5.680947449726936327e-01
5.633296816012798303e-01
5.734259411692619324e-01
5.713382052305416847e-01
5.578131969922628386e-01
5.683546666151437776e-01
5.632701263977930584e-01
5.631415264728741876e-01
5.741302773738519161e-01
5.643982884975580205e-01
5.634686574721947672e-01
5.672843427230149782e-01
5.646021782587735682e-01
5.577958685465348454e-01
5.626262223109220750e-01
5.619836094287725681e-01
5.670151271117038760e-01
5.513325786743408230e-01
5.724274898950870716e-01
5.509150395790736177e-01
5.652390523598744831e-01
5.657897255359551902e-01
5.609740961056489672e-01
5.622272429557947371e-01
5.583349630618706927e-01
5.606360362890439042e-01
5.643951804209977885e-01
5.706818700600893024e-01
5.539465919519082071e-01
5.625332822402318023e-01
5.646320236799043935e-01
5.605020384757947172e-01
5.622766648347561347e-01
5.596392564284495830e-01
5.616892744333316090e-01
5.616962498579269880e-01
5.617570526324785485e-01
5.676967611679664127e-01
5.576403291561664588e-01
5.543499826620786886e-01
5.623168599147062574e-01
5.628096032601136445e-01
5.539952269731424073e-01
5.551218768725028063e-01
5.632854442565868869e-01
5.585631050360508887e-01
5.591549375882515216e-01
5.559246851083560204e-01
5.538982960658195287e-01
5.552501613513017853e-01
5.551756018247360203e-01
5.570830372663644336e-01
5.482073329198055012e-01
5.608699006912035712e-01
5.574028556927655975e-01
5.551365823317796488e-01
5.565811854906571599e-01
5.553292543460160990e-01
5.513126685069157373e-01
5.552644857229330766e-01
5.482213278611500762e-01
5.660112907489140976e-01
5.542739618283051284e-01
5.527314409995690569e-01
5.511339796659273649e-01
5.506087634807977915e-01
5.543789204878685206e-01
5.578374489759787558e-01
5.455897253293257032e-01
5.513547810988548292e-01
5.570149253576229809e-01
5.565157203338084724e-01
5.556966414818397260e-01
5.596624573835959904e-01
5.515543597630965245e-01
5.601255092101219413e-01
5.511882153077003466e-01
5.554158942821698641e-01
5.516126806919391390e-01
5.504562275531964533e-01
5.534196767287377083e-01
5.501630410934106319e-01
5.594210632336444888e-01
5.490449732694870910e-01
5.331284271600919000e-01
5.546930918326744564e-01
5.550862294741165659e-01
5.543435715712033973e-01
5.434450786847334625e-01
5.465486171535957061e-01
5.553614942691265099e-01
5.538281033436457390e-01
5.497199283960537697e-01
5.490810906657805912e-01
5.493745547838699839e-01
5.448193142047295101e-01
5.600181146309926028e-01
5.534343029444034334e-01
5.520937351844249497e-01
5.507826335919209226e-01
5.417582250176331549e-01
5.445083760298214948e-01
5.502965136216236841e-01
5.486186004601991684e-01
5.521254111558963062e-01
5.447600267636469873e-01
5.442378509503144057e-01
5.488113861053417475e-01
5.512700958893849146e-01
5.451112135098530320e-01
5.423851377688921893e-01
5.340232837658661635e-01
5.472376798207942983e-01
5.522640092250628019e-01
5.502946654191384068e-01
5.559141829991951500e-01
5.474067405248299600e-01
5.453429121237535204e-01
5.442197695756569864e-01
5.449268770905640880e-01
5.471950146632317269e-01
5.509364180839978475e-01
5.486356617548526771e-01
5.356577837314361323e-01
5.454626977443695068e-01
5.383136463470947763e-01
5.472315894487577159e-01
5.467471465850487489e-01
5.463790243252729661e-01
5.458141757127565885e-01
5.550012161334355598e-01
5.378186775323672286e-01
5.488236790284132249e-01
5.479805500079424352e-01
5.441012239609008816e-01
5.375307550032933923e-01
5.450163273475109316e-01
5.503266824361605636e-01
5.449193045496940613e-01
5.428477931481141550e-01
5.305911349944579802e-01
5.396350635932042339e-01
5.399262476425904511e-01
5.471814027963540772e-01
5.326554355713036815e-01
5.475627123545377950e-01
5.419264092659339394e-01
5.307602012004607461e-01
5.379611215530297752e-01
5.421142996121675051e-01
5.385224492886127035e-01
5.343604402664380304e-01
5.283678488853650324e-01
5.398678685610110994e-01
5.379955094976303087e-01
5.324164048983500708e-01
5.368840764730404835e-01
5.482763689297895926e-01
5.337708080426241120e-01
5.276047194233307591e-01
5.348549479093307468e-01
5.337325764772219427e-01
5.391427170771818655e-01
5.391933324245306025e-01
5.350896350084206610e-01
5.282098736518469062e-01
5.398937254379957418e-01
5.271354956504625822e-01
5.428978220774577368e-01
5.419214600935960968e-01
5.360422703700188363e-01
5.452382739537801060e-01
5.354542333728228298e-01
5.418200589143312706e-01
5.422040302019852653e-01
5.238831821160438995e-01
5.438227311922954055e-01
5.331000093848277110e-01
5.396071759171975346e-01
5.416719542099879270e-01
5.381844955377089734e-01
5.371343947373903305e-01
5.308714071909587107e-01
5.356728080373543976e-01
5.338743852499203690e-01
5.449556885621487101e-01
5.398716225073887376e-01
5.213861676362844255e-01
5.305765935243704767e-01
5.253687129188806537e-01
5.318126392288086146e-01
5.409709445176980047e-01
5.386432658785428318e-01
5.401897366994466987e-01
5.360505919425915256e-01
5.360300660133361372e-01
5.412448844848535279e-01
5.352827983788954747e-01
5.314139118561378439e-01
5.313956772669767847e-01
5.308990686367719425e-01
5.398901362449695096e-01
5.281161321279329579e-01
5.317363346234346144e-01
5.268096114580448353e-01
5.337612702296330447e-01
5.280528876261832982e-01
5.292680635666235922e-01
5.289139992915666832e-01
5.332884326195105329e-01
5.267959135465133391e-01
5.249457269142835392e-01
5.319661333010746729e-01
5.351035570486998294e-01
5.258468060921399623e-01
5.374622241808817424e-01
5.302630341970003824e-01
5.335534730018713923e-01
5.292685501850568075e-01
5.256870375993923927e-01
5.295732491291486044e-01
5.294999541380466246e-01
5.294896331353065033e-01
5.358674959494517109e-01
5.355696788200965397e-01
5.297480043692466278e-01
5.340163825414119270e-01
5.423896733766947476e-01
5.369322311419707505e-01
5.320233458509812108e-01
5.259561058038320080e-01
5.226250260304181605e-01
5.368382900189130336e-01
5.304064916494565241e-01
5.306659574692066395e-01
5.298112228894844566e-01
5.213453452556561230e-01
5.311488497715729507e-01
5.309543397182073798e-01
5.359971869450349535e-01
5.311912175172414097e-01
5.296706204995130784e-01
5.342190944995635071e-01
5.305299317225431466e-01
5.253957647543686660e-01
5.319543998210858327e-01
5.329068445242368668e-01
5.316063465598301896e-01
5.311685848694581713e-01
5.399510247585100897e-01
5.243672830554154674e-01
5.289916740014002361e-01
5.288640408179698937e-01
5.314870247474083875e-01
5.306921197817875413e-01
5.263894156003610103e-01
5.235978087553611049e-01
5.308105930303915754e-01
5.328153885327853168e-01
5.325334020150013226e-01
5.284284341029631404e-01
5.278453203348013600e-01
5.333563915429970770e-01
5.314969094899985036e-01
5.359472557520255087e-01
5.293158374917812381e-01
5.415122875800499891e-01
5.369316506462219474e-01
5.273587097724278250e-01
5.331655334967833060e-01
5.397788408475044930e-01
5.354492162664731270e-01
5.217497147046602501e-01
5.266934412030073176e-01
5.188061303053146389e-01
5.191831702605271825e-01
5.275291917415765308e-01
5.286075042226375809e-01
5.312225367778387053e-01
5.295889449425232876e-01
5.267957095152292490e-01
5.187881789528406840e-01
5.298323628994134893e-01
5.306298623482386123e-01
5.276426665675946204e-01
5.312017681124883151e-01
5.209963343082330001e-01
5.286360368896753092e-01
5.292969281092668732e-01
5.308439624233123322e-01
5.213527272909115329e-01
5.320966524573472745e-01
5.287568625731345895e-01
5.303443173567453650e-01
5.262908185903842906e-01
5.356123988827069526e-01
5.373016012784762596e-01
5.320211703196550124e-01
5.208851254903352768e-01
5.310046995297456052e-01
5.266274470549363595e-01
5.296308326415526402e-01
5.317561791493342627e-01
5.257803270450005506e-01
5.308833210132061220e-01
5.332880907333814591e-01
5.274942812247154222e-01
5.263152182866365214e-01
5.214633166025846034e-01
5.210207964365298761e-01
5.379158080006256615e-01
5.301004297458208336e-01
5.286441873281430004e-01
5.305506364657328611e-01
5.219437650380990279e-01
5.281467780088766606e-01
5.434760977060366649e-01
5.289468497802050084e-01
5.393225431442261186e-01
5.260718431228246228e-01
5.287974690015498913e-01
5.300512811694390036e-01
5.276355984883430716e-01
5.367570978708756657e-01
5.321862849669578566e-01
5.269779577087133626e-01
5.320020102537594830e-01
5.258831831125112544e-01
5.298813395011119365e-01
5.261306692392397899e-01
5.259059575123664620e-01
5.343879224398196959e-01
5.277825128573637725e-01
5.293586773750109664e-01
5.265053535119080808e-01
5.291007544749822822e-01
5.214412146653883973e-01
5.272603516013194547e-01
5.153552344212165570e-01
5.152631635849292957e-01
5.198432787870749250e-01
5.284773941987600532e-01
5.158514244434161400e-01
5.184353492198846558e-01
5.181464903629743324e-01
5.072270054083604096e-01
5.203298990543071545e-01
5.188328101084782595e-01
5.206378858058881010e-01
5.231913293783481134e-01
5.175400712551214699e-01
5.207774237180367027e-01
5.132966952446179620e-01
5.240894822356028104e-01
5.212168533832598483e-01
5.181536374183801641e-01
5.133040653971525646e-01
5.225337856090985778e-01
5.250568372316849475e-01
5.229674965907366024e-01
5.196721143829516887e-01
5.179091391273034084e-01
5.141721874093397870e-01
5.188835374055764671e-01
5.250199119249979729e-01
5.245089355951700893e-01
5.152013106988027058e-01
5.227100301247377123e-01
5.080328414837519402e-01
5.209515669406988847e-01
5.171405702065199339e-01
5.242518606094214162e-01
5.185910871395698063e-01
5.101349137532404932e-01
5.104229914072232477e-01
5.096334189940721071e-01
5.235372653374305019e-01
5.092319748340509156e-01
5.177160852994674434e-01
5.145022531350453843e-01
5.152565635167635216e-01
5.162113221792073992e-01
5.073123332781669381e-01
5.127004625705572360e-01
5.071236520241468870e-01
5.195362373422354185e-01
5.111228297154108979e-01
5.062283679460868324e-01
5.131529451180727452e-01
5.165779213110606172e-01
5.110387104444015227e-01
5.131112873936310992e-01
5.210000953231102017e-01
5.152393667361675478e-01
5.193658326680843373e-01
5.095025951281572096e-01
5.096302520770292777e-01
5.130875686040291539e-01
5.096707233251669411e-01
5.135299627597514904e-01
5.187579391094354619e-01
5.111604501803715950e-01
5.166168022614259225e-01
5.140260050694147598e-01
5.078027094021821952e-01
5.100711189019374592e-01
5.089458060570252185e-01
5.149803432134482106e-01
5.154158053489831248e-01
5.060617433144496413e-01
5.110689951441227397e-01
5.047879563692289073e-01
5.098057892460089446e-01
5.060473041656690096e-01
5.072159146651243899e-01
5.097362716992696052e-01
5.114677717288335090e-01
5.113037166305077763e-01
5.101289970370439519e-01
5.121104753934420106e-01
5.154217618398176937e-01
5.122729243376316077e-01
5.196847242422593105e-01
5.119019545423678652e-01
5.051125984925489698e-01
5.172510948700782540e-01
5.145742410268538958e-01
5.157354412934719301e-01
5.014560672717216505e-01
5.131493226839946020e-01
5.116370541927142135e-01
5.098314918768711568e-01
5.039486535084553021e-01
5.092669577170640949e-01
5.028054704650853912e-01
5.115441906910676018e-01
5.109871249168347340e-01
5.114915409531348711e-01
5.073307684598824530e-01
5.094072381655375681e-01
5.102660518426161973e-01
5.078042894601821899e-01
5.056088897662285309e-01
5.110548331187321214e-01
5.101569958222218482e-01
5.140504205074065691e-01
5.126112007177793251e-01
5.148333866626788602e-01
5.032635071338751320e-01
5.125223302688354243e-01
5.047063078635778410e-01
5.003403291488305316e-01
5.050993697001383564e-01
5.093822564834203925e-01
5.064016655469552042e-01
5.088642723285234926e-01
5.070099732050529218e-01
5.141152116732720101e-01
5.094689629016778687e-01
5.050215201500134476e-01
5.052404444187115207e-01
5.065350815271719709e-01
5.074306913675405983e-01
5.086264987022448558e-01
5.091471362572449477e-01
4.994130778007018212e-01
5.030623478003036775e-01
4.938243074294848545e-01
5.076294530660677706e-01
4.925202248952327833e-01
4.979797967733480824e-01
5.024174193541208755e-01
5.056720548715346597e-01
5.003457817129599583e-01
5.031357166858819729e-01
5.130207013243284209e-01
5.045582130933419229e-01
5.029520556712762103e-01
5.073160271231944574e-01
5.080092837413151541e-01
4.914085586483661894e-01
5.022386697622446272e-01
5.040954184837830310e-01
5.077306102483700734e-01
4.966107271420650005e-01
4.987515632540751587e-01
4.967823472542640673e-01
4.955341397569729689e-01
4.917341216252400504e-01
4.997853013185354354e-01
4.945748527080584545e-01
5.014485964408287311e-01
4.943651177944280994e-01
4.994573830029903072e-01
4.963262074268781077e-01
5.090207753273157110e-01
4.996366667441832776e-01
4.982214798912024123e-01
5.048321116811189668e-01
5.006596942742665979e-01
4.943110433144446980e-01
4.973930212167593234e-01
5.023775007480230093e-01
4.985807336293733849e-01
4.997736115486193786e-01
5.029242452138509289e-01
5.005769835068629714e-01
4.987457568828876364e-01
5.045777447712727071e-01
5.093516090741524449e-01
4.972482711840898739e-01
4.912235930944100493e-01
4.959027301042507885e-01
5.024905101228982485e-01
5.006911723277507331e-01
4.980097122681446664e-01
5.003788456702843446e-01
5.008343127675545237e-01
4.992970808194233667e-01
5.043634833433688902e-01
4.946577570377251876e-01
5.045696721245080951e-01
5.041898035086118668e-01
5.099006457206530785e-01
5.026237315092331182e-01
5.075752325547047139e-01
4.954674557997630346e-01
5.011615729484802939e-01
5.058546912975799836e-01
5.035616031059851894e-01
4.960840174785027257e-01
4.974238470578805082e-01
5.053292874342355523e-01
4.998873122609578390e-01
5.091034551461537383e-01
5.051790812840828426e-01
4.880011584132145641e-01
4.973889567531072364e-01
5.086876429044283610e-01
5.031297885072536502e-01
5.014862372325017414e-01
5.016260578846319929e-01
5.070092937885186668e-01
4.977298827507556922e-01
4.934452139414273741e-01
5.035588893370750441e-01
5.103566339382759054e-01
5.170664552694711480e-01
5.029034828528379242e-01
5.045729391849957945e-01
5.089779317761078392e-01
5.012673241205704011e-01
5.059818285397994497e-01
5.111730502201961013e-01
5.014109820891649028e-01
5.118759655035458600e-01
4.935476353535285243e-01
5.064731325094516956e-01
5.025965739519168141e-01
4.990529750402157294e-01
5.016781194851949177e-01
5.072934961089721195e-01
5.104423766716932320e-01
5.051371839948189946e-01
5.006192137797673691e-01
5.032395502695670153e-01
4.967379773656527275e-01
5.031493353538024627e-01
5.097894897827734972e-01
5.043590930792001270e-01
5.001874365867712280e-01
5.080403541907285714e-01
5.074527319425191640e-01
4.992369194825490575e-01
5.004467446834612865e-01
5.052089020227774618e-01
4.997318315200316441e-01
5.036667105479117890e-01
4.996272826041930903e-01
4.933484966174150332e-01
5.084650251345756988e-01
5.016251138387581854e-01
4.988634998217607031e-01
5.010607564296477578e-01
5.011306426463982833e-01
5.121569967422729963e-01
5.052797298400829584e-01
4.960397880810957782e-01
5.027142918262725857e-01
5.007605713911545964e-01
5.031350433826446977e-01
5.015498136862730494e-01
4.935377995555217390e-01
5.002413722949150543e-01
4.995304436255724179e-01
4.956072953266975056e-01
4.994076492694707881e-01
5.012963082545842664e-01
4.958278788970066908e-01
5.010052726054803340e-01
5.074064837052272292e-01
5.011154317703002681e-01
4.950979110140066863e-01
5.021773249675065554e-01
4.984370860151755567e-01
4.976828287045160781e-01
5.044794114354329562e-01
5.058236626096260791e-01
4.983266355899664268e-01
4.944132905740004080e-01
5.015291108534886133e-01
4.973819918739489920e-01
5.013460057668196468e-01
5.047962380525393700e-01
4.961786618599524634e-01
4.963541008341006977e-01
4.933727358396236551e-01
4.885646970608295558e-01
4.855887461167115449e-01
5.001411639727079139e-01
5.042588601509729873e-01
4.977818492131355632e-01
4.970263706185878982e-01
4.950640977193147552e-01
4.947516640791526088e-01
4.882995109527539235e-01
4.924338492827537994e-01
4.938303861862574085e-01
4.956573719397569522e-01
4.875327418247858424e-01
4.968371717593608738e-01
5.031723208916493162e-01
5.022746910651524344e-01
4.985481463563747884e-01
5.000736329800042901e-01
4.929228165974983700e-01
4.962931559636042933e-01
4.913301823230890042e-01
4.964315804151388511e-01
4.951931089926988605e-01
4.946498381403776068e-01
4.997116444202570062e-01
4.989969177505909070e-01
4.945192902516096223e-01
5.004413031614743934e-01
4.947013852687982549e-01
4.836079959685986029e-01
4.954539261567286745e-01
4.933538269538145782e-01
4.898470130486365925e-01
4.923552027879616877e-01
5.028597393097021806e-01
5.033249670878434667e-01
4.947403352994185211e-01
4.977334357224977857e-01
4.950185871659181225e-01
4.902373690253649108e-01
5.076631223544095795e-01
4.892717902859052281e-01
4.955718229596431379e-01
4.853628783271862757e-01
4.932605516452055472e-01
4.938955273383702771e-01
5.002059200635322611e-01
4.972413055407695071e-01
5.014319654076527799e-01
5.003506816350496988e-01
4.957146215515259025e-01
4.998803523106452595e-01
4.871702583554463617e-01
4.901174509754547826e-01
5.055358726244706391e-01
4.934887774479694844e-01
4.880369848165756475e-01
4.991052517142051115e-01
4.988148434804036135e-01
4.916468537770785074e-01
4.846015325723549982e-01
5.014867664911808465e-01
4.865809147938703894e-01
4.885616396482174162e-01
4.955882566861617433e-01
4.900439637975815277e-01
4.895515708587108716e-01
4.963764915099510566e-01
4.953626101597761733e-01
4.883913764586815254e-01
4.946587690940270066e-01
4.870498223564563856e-01
4.916751516170990710e-01
4.889817523650634157e-01
4.963315349358778938e-01
4.891822338868410114e-01
5.004179058930813273e-01
4.954441043428885472e-01
4.962389777104059818e-01
4.912389649794651758e-01
4.943462564395024184e-01
4.964339252465810315e-01
4.896464744439492089e-01
4.930549088196876650e-01
4.927873287445459494e-01
4.841798142362863655e-01
4.997158419627409920e-01
4.859598212517224902e-01
4.964821532750741118e-01
4.928358639280001063e-01
4.911354464980272061e-01
4.904533065282381532e-01
4.884380112855862266e-01
4.876930334629156483e-01
4.943514640514667380e-01
4.979799914818543449e-01
5.021935609288704638e-01
4.983432808747658149e-01
4.979872358915133357e-01
5.060601105292638069e-01
4.967332502206166511e-01
5.011753182380627170e-01
4.956878235324835291e-01
4.877699592938790074e-01
5.013881025406030645e-01
4.940684186342435003e-01
4.984703242014615898e-01
4.970154445140789745e-01
4.926166798059756768e-01
4.929875623721342581e-01
4.918791220356256710e-01
4.971552985600936059e-01
5.038019608228634372e-01
4.960516627782430299e-01
4.870267517291582693e-01
4.977770589483089814e-01
4.965896157882152551e-01
4.936373978089063641e-01
4.908665880178794128e-01
4.907971399334760676e-01
4.948523282622679931e-01
4.952646147746306293e-01
4.861890356892194509e-01
4.867724000643461335e-01
4.902968745965223807e-01
4.966007580359776963e-01
4.957139173379311314e-01
4.958455015451480041e-01
4.913712841195937986e-01
4.946084208213366029e-01
4.924296632791176909e-01
5.000820686419804595e-01
4.879263666959909318e-01
4.965253677123632192e-01
4.919755934522702101e-01
4.869418598138369192e-01
4.956300344222631105e-01
4.915370813547036422e-01
4.902021917777183990e-01
4.903822852632938045e-01
4.949697179672045699e-01
4.947207184556203230e-01
4.933971469983076674e-01
4.958394028055362335e-01
4.882104218006134144e-01
4.906219082765090334e-01
4.956737522131357543e-01
4.939447735364620451e-01
4.891675195632836926e-01
5.036065223125311130e-01
5.002342294424008129e-01
4.965379891869349249e-01
4.922696808209786057e-01
4.936221526219294886e-01
4.912934850423764099e-01
4.921534318572435840e-01
5.012598688021684401e-01
4.934487112821676624e-01
4.975840842112516649e-01
4.920691941028986216e-01
4.908348915668634405e-01
4.937929134338330250e-01
4.973990185520587581e-01
5.058343131190691233e-01
4.922607428752459047e-01
4.868618794740774969e-01
4.972853415287458168e-01
4.886447394505525343e-01
4.912142764299343711e-01
4.823057893759165049e-01
4.822415247177466169e-01
4.833013190672947879e-01
4.988152187604170673e-01
4.939832234993958848e-01
4.973381478052872895e-01
4.953672736119001385e-01
4.996570247106063012e-01
4.923324947937940954e-01
4.983096920526944862e-01
4.966967938802180904e-01
4.920893121224183542e-01
4.902274429033964265e-01
4.972503050015522619e-01
4.887024148534505619e-01
5.040362306894400346e-01
4.768154388054823278e-01
4.928898126651078959e-01
4.896536477101154916e-01
4.893772576099786886e-01
4.876399880036329515e-01
4.947844779644257063e-01
4.884295339003587588e-01
4.889668830694296475e-01
4.835484412236091267e-01
4.883466333150863758e-01
4.940298096491740343e-01
4.967694595074042541e-01
4.845321316749621743e-01
4.915430162961666460e-01
4.866508506811582091e-01
4.868528391306217173e-01
4.877764144387000678e-01
4.967516547212234013e-01
4.978742261727651108e-01
4.850878209639818417e-01
4.946939829832468494e-01
4.843665526081354367e-01
4.850433238041706452e-01
4.928140874092395429e-01
4.956843457925014240e-01
4.908948219357392451e-01
4.734287665822566882e-01
4.831746711180760490e-01
4.913449415029623735e-01
4.971887502150658111e-01
4.798462203679940696e-01
4.906772667780900377e-01
4.879938355623147372e-01
4.943252800366817468e-01
4.803225606297835126e-01
4.915398495319562300e-01
4.789563836959692122e-01
4.885947683682808629e-01
4.896581495419526919e-01
4.916754211370761851e-01
4.846820871799419894e-01
4.873490305283130763e-01
4.872230771260384063e-01
4.835245101115642208e-01
4.939291041630964885e-01
4.824077848440561644e-01
4.775859360893567329e-01
4.874637481493827584e-01
4.863585928311714990e-01
4.814985076586405510e-01
4.808710632415918451e-01
4.834886573828183765e-01
4.784775487123391624e-01
4.857223363640980618e-01
4.888792575933994522e-01
4.877111133092488782e-01
4.877039634264432322e-01
4.882663967135624783e-01
4.897171260072634702e-01
4.779244982279263754e-01
4.815402328203886029e-01
4.803655236959457620e-01
4.754553272938116804e-01
4.796180296402711152e-01
4.896797785392174585e-01
4.846300132763691204e-01
4.858054582125101439e-01
4.849372001030506363e-01
4.832863362171710975e-01
4.777464283582491533e-01
4.816532456722015243e-01
4.857106670737266763e-01
4.843425849309334619e-01
4.830985552225357527e-01
4.928964322576155910e-01
4.821526946165622940e-01
4.759343289029903667e-01
4.816748848328223365e-01
4.842087652820807331e-01
4.868435975832816620e-01
4.797174217609258551e-01
4.850557192777976145e-01
4.804827036001743656e-01
4.845996695069166305e-01
4.923445309583957541e-01
4.854157764560136923e-01
4.830556914592400441e-01
4.873934139808018817e-01
4.755700195446992407e-01
4.803380726239619980e-01
4.810448739773187654e-01
4.814765966855562573e-01
4.816004502085539096e-01
4.682149787361805093e-01
4.795136857109192352e-01
4.709630814118263009e-01
4.789874176948498707e-01
4.828849019912572760e-01
4.754073481529186851e-01
4.769352300426898950e-01
4.832177963012304067e-01
4.871019514707418674e-01
4.768034593417094236e-01
4.814646760240579026e-01
4.700149299242557532e-01
4.690739575868997924e-01
4.787503854586527829e-01
4.735418686499962559e-01
4.735206466836807127e-01
4.748559380188966395e-01
4.811870135557957395e-01
4.788610598215690128e-01
4.746049524117738616e-01
4.783344447230681307e-01
4.739293463719196908e-01
4.773276704244124313e-01
4.663946005778434878e-01
4.725665309490301724e-01
4.767401969967744457e-01
4.777890337201265436e-01
4.776688500856741681e-01
4.724005162333830832e-01
4.736252687680415630e-01
4.759705675718111650e-01
4.695126442955090407e-01
4.814662191348197950e-01
4.804869377078154202e-01
4.699979195227989570e-01
4.761516958857193726e-01
4.752286157546899426e-01
4.737692573513740402e-01
4.854416297414363979e-01
4.707884807235155344e-01
4.799498791878040183e-01
4.703904400269190433e-01
4.705263579121002904e-01
4.703906693519689930e-01
4.911760126933073511e-01
4.764675015822434911e-01
4.686579017302928696e-01
4.708455062065369234e-01
4.805014310356898188e-01
4.721284802143390635e-01
4.664282224499262108e-01
4.693316189142374140e-01
4.744368661672641041e-01
4.730862899086414330e-01
4.716802174082169175e-01
4.789657714275213363e-01
4.755838430462739352e-01
4.793313902158003459e-01
4.748685198716628419e-01
4.759983392098011135e-01
4.760086438594720026e-01
4.696678115389286146e-01
4.737251341725007281e-01
4.774765905661460530e-01
4.671423564354578728e-01
4.762902410366596229e-01
4.761962652206420676e-01
4.764033383665940424e-01
4.633058930054689273e-01
4.717933964652892831e-01
4.793302665154139386e-01
4.840335689676113495e-01
4.757406679483560663e-01
4.651660476739589711e-01
4.695304109500004763e-01
4.644260911605296860e-01
4.759546425862190011e-01
4.687282386880654572e-01
4.759768134126296513e-01
4.729568674778327209e-01
4.714462957321068903e-01
4.644097623916772499e-01
4.844824732496188502e-01
4.739400751315630544e-01
4.766776537283872739e-01
4.717536227825360196e-01
4.766055890382864813e-01
4.731404742369285099e-01
4.765285640572890502e-01
4.743047571717164401e-01
4.681317992317370891e-01
4.711691754750716443e-01
4.686591417743609655e-01
4.718594951125291703e-01
4.692282555959163548e-01
4.671233344918642172e-01
4.637728542089462058e-01
4.717751714663627749e-01
4.636099099730833784e-01
4.768385971967990522e-01
4.708938019015850296e-01
4.705872855889491335e-01
4.708262167679957977e-01
4.680999235464976538e-01
4.632872358728677975e-01
4.724822153265659797e-01
4.711971479348647240e-01
4.753350833287605659e-01
4.713414021409474963e-01
4.652602766568844084e-01
4.734087682305238021e-01
4.696004122495651134e-01
4.719356831831809651e-01
4.787730121459716215e-01
4.752167001366615073e-01
4.666849801555658095e-01
4.744313297363427773e-01
4.692317745624444147e-01
4.726707772566722254e-01
4.754643737505643841e-01
4.751635952637745519e-01
4.718573419711528660e-01
4.708134572093303216e-01
4.615027797909883600e-01
4.811339614100945128e-01
4.738819390917435870e-01
4.714647381351544375e-01
4.684881818600190040e-01
4.717405774654486184e-01
4.691811939844718338e-01
4.764436070735638129e-01
4.753473671200947881e-01
4.796496262152989964e-01
4.706744919220606227e-01
4.643243837050902711e-01
4.712349537855539672e-01
4.692605172976469508e-01
4.771036542378939149e-01
4.715857552412228704e-01
4.644763517074095849e-01
4.752780095124856108e-01
4.758159942351855021e-01
4.618437504539122940e-01
4.719540723623373846e-01
4.732782946947293179e-01
4.765360518907889587e-01
4.659065026121261832e-01
4.618806064128875843e-01
4.718989029144629588e-01
4.683365863485213776e-01
4.686716669645065170e-01
4.748176222428297510e-01
4.655634983991965292e-01
4.638354419515682836e-01
4.627084770263769631e-01
4.715379055111836304e-01
4.603120499314405922e-01
4.797699176348172445e-01
4.736101174201720609e-01
4.738010916190269484e-01
4.712297621445777907e-01
4.620195071666668429e-01
4.642088321539071805e-01
4.694224635377908239e-01
4.664480596016614689e-01
4.701798743162399763e-01
4.670668256588471068e-01
4.700380200758958460e-01
4.691178725315974241e-01
4.669766489511881224e-01
4.707755377277350051e-01
4.652580315485978502e-01
4.716734207593477612e-01
4.641052095171732672e-01
4.699908932814231277e-01
4.664903857769110429e-01
4.678700993076349013e-01
4.748109626846435671e-01
4.750762660916034719e-01
4.736537218475952993e-01
4.653602256988867980e-01
4.666245648112052335e-01
4.663962490283525830e-01
4.697581346218402398e-01
4.632451799435493012e-01
4.743635905094635841e-01
4.697644530580594169e-01
4.598534523676603425e-01
4.707639199800980334e-01
4.731084444201909545e-01
4.655934706330299155e-01
4.635580014723997833e-01
4.622389491551961438e-01
4.642547789292457705e-01
4.664433558781941880e-01
4.643391724962454559e-01
4.720388480103933082e-01
4.746715960976404802e-01
4.675635420741179327e-01
4.623942120717122184e-01
4.623342610704593292e-01
4.655746492055746200e-01
4.630147504500853883e-01
4.595949766727594477e-01
4.700490305439019578e-01
4.614764710267384995e-01
4.683976933742181048e-01
4.616199894975393514e-01
4.658440688099616533e-01
4.675231894239401109e-01
4.673446164681361314e-01
4.675998574266067020e-01
4.594355169779215098e-01
4.606471462509570958e-01
4.643039684265087841e-01
4.574448713125326971e-01
4.558901138794727581e-01
4.574719050755867711e-01
4.650766859834010725e-01
4.606508687520638468e-01
4.694369896864279967e-01
4.701047652424910073e-01
4.727583887867438661e-01
4.628107945888470520e-01
4.611439273525507199e-01
4.685183739432921546e-01
4.645517005752294315e-01
4.648869246626511353e-01
4.637943870364091281e-01
4.616186038423807370e-01
4.613232920567194584e-01
4.556143829837823733e-01
4.622311644447155699e-01
4.579633825100385414e-01
4.523453554281821609e-01
4.594548835204197990e-01
4.680592816991683836e-01
4.566205784296378245e-01
4.550295028166893019e-01
4.578903911205438604e-01
4.560950838220425019e-01
4.631360902618139042e-01
4.684291638242892852e-01
4.659160861602196224e-01
4.662828597502830519e-01
4.609851400057474735e-01
4.662259946266810173e-01
4.619667426133767241e-01
4.531254374828094234e-01
4.550255684898449893e-01
4.659511471023926599e-01
4.652333293587733731e-01
4.640263728224314210e-01
4.587502743189151300e-01
4.631552846003801349e-01
4.636060104920313729e-01
4.544846355150907735e-01
4.667179428232021698e-01
4.641119273045123950e-01
4.617489282901470204e-01
