-5.669024586677551270e-02
-6.707181781530380249e-02
-7.388765364885330200e-02
-6.685741990804672241e-02
-7.272410392761230469e-02
-7.876487821340560913e-02
-7.589828968048095703e-02
-7.795066386461257935e-02
-8.173461258411407471e-02
-7.931359112262725830e-02
-8.248959481716156006e-02
-8.139939606189727783e-02
-7.911232858896255493e-02
-8.159586787223815918e-02
-8.486250042915344238e-02
-8.216657489538192749e-02
-8.037299662828445435e-02
-8.067169785499572754e-02
-8.112518489360809326e-02
-7.991706579923629761e-02
-8.238708227872848511e-02
-8.248857408761978149e-02
-8.194663375616073608e-02
-8.039660751819610596e-02
-8.094756305217742920e-02
-8.054628968238830566e-02
-7.905938476324081421e-02
-7.865234464406967163e-02
-7.795921713113784790e-02
-7.679659873247146606e-02
-7.677619159221649170e-02
-7.436112314462661743e-02
-7.383974641561508179e-02
-7.248477637767791748e-02
-7.132302224636077881e-02
-6.963860243558883667e-02
-6.781516224145889282e-02
-6.577033549547195435e-02
-6.467901170253753662e-02
-6.378177553415298462e-02
-6.232834979891777039e-02
-6.121691688895225525e-02
-5.991204455494880676e-02
-5.840776488184928894e-02
-5.681417882442474365e-02
-5.595071241259574890e-02
-5.479388311505317688e-02
-5.303175002336502075e-02
-5.194896087050437927e-02
-5.046340823173522949e-02
-4.939754679799079895e-02
-4.813376441597938538e-02
-4.664195701479911804e-02
-4.530167952179908752e-02
-4.354054480791091919e-02
-4.234955087304115295e-02
-4.113439098000526428e-02
-3.982000797986984253e-02
-3.870242461562156677e-02
-3.748880326747894287e-02
-3.629757836461067200e-02
-3.523432463407516479e-02
-3.420981392264366150e-02
-3.320569917559623718e-02
-3.213740140199661255e-02
-3.116724826395511627e-02
-3.029697202146053314e-02
-2.942192368209362030e-02
-2.858736366033554077e-02
-2.760866098105907440e-02
-2.666331455111503601e-02
-2.588190138339996338e-02
-2.507589012384414673e-02
-2.422307431697845459e-02
-2.345041371881961823e-02
-2.270497754216194153e-02
-2.197019383311271667e-02
-2.122043445706367493e-02
-2.051540836691856384e-02
-1.980724558234214783e-02
-1.915788091719150543e-02
-1.846510544419288635e-02
-1.786187291145324707e-02
-1.720860786736011505e-02
-1.662283763289451599e-02
-1.604632101953029633e-02
-1.550070941448211670e-02
-1.494911033660173416e-02
-1.443303097039461136e-02
-1.392602827399969101e-02
-1.344151888042688370e-02
-1.295894570648670197e-02
-1.252401527017354965e-02
-1.206156797707080841e-02
-1.164510846138000488e-02
-1.121837645769119263e-02
-1.082557346671819687e-02
-1.044048182666301727e-02
-1.006595231592655182e-02
-9.704534895718097687e-03
-9.355199523270130157e-03
-9.019252844154834747e-03
-8.688432164490222931e-03
-8.376084268093109131e-03
-8.081017993390560150e-03
-7.783632725477218628e-03
-7.493105717003345490e-03
-7.223298307508230209e-03
-6.957891397178173065e-03
-6.702306214720010757e-03
-6.456613074988126755e-03
-6.218017078936100006e-03
-5.988772027194499969e-03
-5.763737019151449203e-03
-5.550256930291652679e-03
-5.345219746232032776e-03
-5.147396586835384369e-03
-4.953795578330755234e-03
-4.767279140651226044e-03
-4.588920157402753830e-03
-4.418199416249990463e-03
-4.254179541021585464e-03
-4.093491006642580032e-03
-3.939281683415174484e-03
-3.790485672652721405e-03
-3.647691803053021431e-03
-3.510558279231190681e-03
-3.378007793799042702e-03
-3.250623354688286781e-03
-3.127181436866521835e-03
-3.008710918948054314e-03
-2.894239500164985657e-03
-2.785648917779326439e-03
-2.679597819223999977e-03
-2.578410319983959198e-03
-2.480142284184694290e-03
-2.386362524703145027e-03
-2.295511541888117790e-03
-2.208493417128920555e-03
-2.124440856277942657e-03
-2.043823478743433952e-03
-1.965897390618920326e-03
-1.891030347906053066e-03
-1.819210592657327652e-03
-1.749927876517176628e-03
-1.683274051174521446e-03
-1.619151677004992962e-03
-1.557575305923819542e-03
-1.498143770731985569e-03
-1.440783264115452766e-03
-1.385983428917825222e-03
-1.332920044660568237e-03
-1.282137935049831867e-03
-1.233235932886600494e-03
-1.186066074296832085e-03
-1.140786567702889442e-03
-1.097174594178795815e-03
-1.055258093401789665e-03
-1.014912733808159828e-03
-9.761102264747023582e-04
-9.388426551595330238e-04
-9.030085639096796513e-04
-8.684834465384483337e-04
-8.352526347152888775e-04
-8.032338810153305531e-04
-7.724966853857040405e-04
-7.430220139212906361e-04
-7.145772106014192104e-04
-6.872243830002844334e-04
-6.608928670175373554e-04
-6.355892401188611984e-04
-6.112497067078948021e-04
-5.878559895791113377e-04
-5.653383559547364712e-04
-5.436763749457895756e-04
-5.228653317317366600e-04
-5.028464947827160358e-04
-4.835751315113157034e-04
-4.650431219488382339e-04
-4.472305299714207649e-04
-4.300813016016036272e-04
-4.136226198170334101e-04
-3.977680462412536144e-04
-3.825260500889271498e-04
-3.678774519357830286e-04
-3.537830780260264874e-04
-3.402142319828271866e-04
-3.271695459261536598e-04
-3.146373492199927568e-04
-3.025765472557395697e-04
-2.909723843913525343e-04
-2.798269852064549923e-04
-2.690978872124105692e-04
-2.587779890745878220e-04
-2.488538739271461964e-04
-2.393157337792217731e-04
-2.301363128935918212e-04
-2.213060943176969886e-04
-2.128178020939230919e-04
-2.046528534265235066e-04
-1.968038122868165374e-04
-1.892529253382235765e-04
-1.819952740333974361e-04
-1.750172232277691364e-04
-1.683022273937240243e-04
-1.618427486391738057e-04
-1.556345087010413408e-04
-1.496634067734703422e-04
-1.439241605112329125e-04
-1.383996277581900358e-04
-1.330937229795381427e-04
-1.279870193684473634e-04
-1.230783673236146569e-04
-1.183560088975355029e-04
-1.138141597039066255e-04
-1.094488325179554522e-04
-1.052501029334962368e-04
-1.012122447718866169e-04
-9.732776379678398371e-05
-9.359414252685382962e-05
-9.000212594401091337e-05
-8.654750126879662275e-05
-8.322582289110869169e-05
-8.003213588381186128e-05
-7.696074317209422588e-05
-7.400714093819260597e-05
-7.116676715668290854e-05
-6.843548180768266320e-05
-6.581027992069721222e-05
-6.328472227323800325e-05
-6.085576023906469345e-05
-5.852008689544163644e-05
-5.627398786600679159e-05
-5.411413076217286289e-05
-5.203716864343732595e-05
-5.003991100238636136e-05
-4.811932012671604753e-05
-4.627244197763502598e-05
-4.449645712156780064e-05
-4.278862616047263145e-05
-4.114634430152364075e-05
-3.956709406338632107e-05
-3.804846346611157060e-05
-3.658811692730523646e-05
-3.518380617606453598e-05
-3.383341027074493468e-05
-3.253485192544758320e-05
-3.128612297587096691e-05
-3.008532621606718749e-05
-2.893061355280224234e-05
-2.782022238534409553e-05
-2.675244650163222104e-05
-2.572564153524581343e-05
-2.473825770721305162e-05
-2.378876888542436063e-05
-2.287572533532511443e-05
-2.199773007305338979e-05
-2.115342977049294859e-05
-2.034153112617786974e-05
-1.956080450327135623e-05
-1.881003845483064651e-05
-1.808808883652091026e-05
-1.739384424581658095e-05
-1.672624239290598780e-05
-1.608427373867016286e-05
-1.546693783893715590e-05
-1.487329973315354437e-05
-1.430244356015464291e-05
-1.375349893351085484e-05
-1.322562002314953133e-05
-1.271800374524900690e-05
-1.222987339133396745e-05
-1.176047499029664323e-05
-1.130909458879614249e-05
-1.087503915186971426e-05
-1.045764292939566076e-05
-1.005626836558803916e-05
-9.670297913544345647e-06
-9.299139492213726044e-06
-8.942230124375782907e-06
-8.599014108767732978e-06
-8.268974852398969233e-06
-7.951603038236498833e-06
-7.646408448636066169e-06
-7.352929969783872366e-06
-7.070715128065785393e-06
-6.799333277740515769e-06
-6.538366960739949718e-06
-6.287417363637359813e-06
-6.046098405931843445e-06
-5.814041742269182578e-06
-5.590891760220983997e-06
-5.376306035032030195e-06
-5.169957148609682918e-06
-4.971529051545076072e-06
-4.780715244123712182e-06
-4.597225597535725683e-06
-4.420779532665619627e-06
-4.251104655850213021e-06
-4.087942670594202355e-06
-3.931042556359898299e-06
-3.780163524425006472e-06
-3.635075700003653765e-06
-3.495557393762283027e-06
-3.361393510203924961e-06
-3.232379640394356102e-06
-3.108317059741239063e-06
-2.989016138599254191e-06
-2.874294068533345126e-06
-2.763974862318718806e-06
-2.657890263435547240e-06
-2.555877472332213074e-06
-2.457780055920011364e-06
-2.363447492825798690e-06
-2.272735400765668601e-06
-2.185505536544951610e-06
-2.101623067574109882e-06
-2.020959982473868877e-06
-1.943392817338462919e-06
-1.868802428361959755e-06
-1.797075469767150935e-06
-1.728101210574095603e-06
-1.661774604144738987e-06
-1.597994014446157962e-06
-1.536661102363723330e-06
-1.477682189943152480e-06
-1.420966896148456726e-06
-1.366428136861941312e-06
-1.313982693318394013e-06
-1.263550416297221091e-06
-1.215053885061934125e-06
-1.168418634733825456e-06
-1.123573611039319076e-06
-1.080449351320567075e-06
-1.038980599332717247e-06
-9.991028946387814358e-07
-9.607558695279294625e-07
-9.238808047484781127e-07
-8.884211979420797434e-07
-8.543225362700468395e-07
-8.215325237870274577e-07
-7.900011951278429478e-07
-7.596799491693673190e-07
-7.305222879949724302e-07
-7.024835326774336863e-07
-6.755212211828620639e-07
-6.495938578154891729e-07
-6.246615384952747263e-07
-6.006862918184197042e-07
-5.776311695626645815e-07
-5.554609856517345179e-07
-5.341416340343130287e-07
-5.136403729011362884e-07
-4.939262794323440176e-07
-4.749687718685891014e-07
-4.567390021747996798e-07
-4.392087760152207920e-07
-4.223514054046972888e-07
-4.061410550093569327e-07
-3.905528274117386900e-07
-3.755629904844681732e-07
-3.611484657994878944e-07
-3.472871696885704296e-07
-3.339578995564806974e-07
-3.211402201941382373e-07
-3.088143500917794881e-07
-2.969616446080181049e-07
-2.855639138488186290e-07
-2.746035647760436404e-07
-2.640639138462574920e-07
-2.539288175285037141e-07
-2.441827007260144455e-07
-2.348107557281764457e-07
-2.257984164089066326e-07
-2.171319692934048362e-07
-2.087981556542217731e-07
-2.007841999329684768e-07
-1.930778665837351582e-07
-1.856673179645440541e-07
-1.785411427590588573e-07
-1.716885691394054447e-07
-1.650989531754021300e-07
-1.587622477927652653e-07
-1.526686759234507917e-07
-1.468090715661674039e-07
-1.411742971413332270e-07
-1.357558687686832855e-07
-1.305453878330808948e-07
-1.255349388884496875e-07
-1.207167485972604482e-07
-1.160835196856169205e-07
-1.116280898827426427e-07
-1.073436521892290330e-07
-1.032236838227618136e-07
-9.926179700414650142e-08
-9.545200185812063864e-08
-9.178842930168684688e-08
-8.826548736351469415e-08
-8.487774749710297328e-08
-8.162002274048063555e-08
-7.848735350535207544e-08
-7.547490099568676669e-08
-7.257808221083905664e-08
-6.979242783700101427e-08
-6.711369593404015177e-08
-6.453780088122584857e-08
-6.206076363923784811e-08
-5.967877569901247625e-08
-5.738824171430678689e-08
-5.518561252415565832e-08
-5.306752015599158767e-08
-5.103072098222583008e-08
-4.907206729853896832e-08
-4.718861745800495555e-08
-4.537746178812085418e-08
-4.363582917221719981e-08
-4.196103731146649807e-08
-4.035052469930633379e-08
-3.880183641058465582e-08
-3.731257081085459504e-08
-3.588046482150275551e-08
-3.450332997090299614e-08
-3.317904884170275182e-08
-3.190560349253246386e-08
-3.068102572001407680e-08
-2.950344857310938096e-08
-2.837107082598322449e-08
-2.728215342528983456e-08
-2.623503014831385372e-08
-2.522810405025666114e-08
-2.425981726617010281e-08
-2.332869364352063712e-08
-2.243330854412306508e-08
-2.157229062049736967e-08
-2.074432181586871593e-08
-1.994812670602641447e-08
-1.918249559196283371e-08
-1.844624364366609370e-08
-1.773825530904105108e-08
-1.705744523405883228e-08
-1.640276181547051237e-08
-1.577320674073234841e-08
-1.516781367172370665e-08
-1.458565179746074136e-08
-1.402583560405901153e-08
-1.348750711116508683e-08
-1.296984031284864614e-08
-1.247204561849457605e-08
-1.199335297741299655e-08
-1.153303497147817325e-08
-1.109038194613276573e-08
-1.066471977395622162e-08
-1.025539386745322190e-08
-9.861780725373137102e-09
-9.483274610033731733e-09
-9.119294652748521912e-09
-8.769286630183614761e-09
-8.432710529859832604e-09
-8.109053872829008469e-09
-7.797817502819270885e-09
-7.498528908911339386e-09
-7.210724017880920655e-09
-6.933967178213151783e-09
-6.667832064266576708e-09
-6.411912334414182624e-09
-6.165816301972881774e-09
-5.929165158846672057e-09
-5.701596972329525670e-09
-5.482761356034870914e-09
-5.272326131233739943e-09
-5.069968000981361911e-09
-4.875376991009261474e-09
-4.688254229279209540e-09
-4.508312834161642968e-09
-4.335279690792503970e-09
-4.168886569289043109e-09
-4.008878562444806448e-09
-3.855013197551215853e-09
-3.707051998702581841e-09
-3.564769146535695654e-09
-3.427948369605360313e-09
-3.296379835759921662e-09
-3.169861040319688072e-09
-3.048197916299955068e-09
-2.931203946232585622e-09
-2.818700384210615084e-09
-2.710514035442201930e-09
-2.606481031008911486e-09
-2.506440832661382956e-09
-2.410240007577613142e-09
-2.317732672452166298e-09
-2.228775386470260855e-09
-2.143232702422892544e-09
-2.060972503770130970e-09
-1.981868669176378717e-09
-1.905802404778000891e-09
-1.832655804889782303e-09
-1.762316181874723497e-09
-1.694676510233250610e-09
-1.629632762067956264e-09
-1.567085794462741433e-09
-1.506939018014463727e-09
-1.449100728301289109e-09
-1.393482662592759880e-09
-1.339998889626770051e-09
-1.288568141077917062e-09
-1.239111369066847601e-09
-1.191552301271769920e-09
-1.145818773196083384e-09
-1.101840729766934146e-09
-1.059550669424424996e-09
-1.018883866166220287e-09
-9.797777034137311603e-10
-9.421725621905352455e-10
-9.060111549885618842e-10
-8.712373045227650437e-10
-8.377981641771725663e-10
-8.056423861368955386e-10
-7.747208430330942974e-10
-7.449861283426173486e-10
-7.163927229214550607e-10
-6.888968839824372026e-10
-6.624560344725693994e-10
-6.370302618741163769e-10
-6.125799312250990170e-10
-5.890684051657046894e-10
-5.664591573584232265e-10
-5.447176043560375547e-10
-5.238106615124138443e-10
-5.037062433821404284e-10
-4.843733747428302649e-10
-4.657825236620283249e-10
-4.479053794526066667e-10
-4.307142420501008928e-10
-4.141828824355542338e-10
-3.982860152795808517e-10
-3.829992156756389932e-10
-3.682992522069383767e-10
-3.541634763237766492e-10
-3.405703496994760826e-10
-3.274988336077200302e-10
-3.149289995452164703e-10
-3.028416406536393879e-10
-2.912182162084775428e-10
-2.800409348857613168e-10
-2.692925049618821731e-10
-2.589567449362562002e-10
-2.490177508640556425e-10
-2.394601184008138262e-10
-2.302694007694228162e-10
-2.214313871151674107e-10
-2.129325743505106061e-10
-2.047599589882764803e-10
-1.969009399971355379e-10
-1.893436102351486738e-10
-1.820763539939207476e-10
-1.750880412876298919e-10
-1.683679723418762819e-10
-1.619057943269552879e-10
-1.556916540135233618e-10
-1.497160451169321504e-10
-1.439697527860772652e-10
-1.384440201368519752e-10
-1.331303539631178978e-10
-1.280206218812196539e-10
-1.231070800855604830e-10
-1.183820680372704715e-10
-1.138384247978407871e-10
-1.094691629011101952e-10
-1.052676071311431372e-10
-1.012272973777150753e-10
-9.734205108635762826e-11
-9.360594938057076320e-11
-9.001323297841423710e-11
-8.655842709259786716e-11
-8.323622346928516436e-11
-8.004152202145675687e-11
-7.696944470669819793e-11
-7.401527307715483062e-11
-7.117447603510740350e-11
-6.844271677186597458e-11
-6.581579725661867997e-11
-6.328971374758296520e-11
-6.086059434196045004e-11
-5.852468509814912068e-11
-5.627842289412932075e-11
-5.411838338575947205e-11
-5.204125325120045886e-11
-5.004385447704429168e-11
-4.812310966384458766e-11
-4.627608712892694598e-11
-4.449995580357857250e-11
-4.279199911083608754e-11
-4.114958374046295830e-11
-3.957020822120682624e-11
-3.805146822632998749e-11
-3.659100453190511359e-11
-3.518659322243600229e-11
-3.383609711860025016e-11
-3.253742761333278111e-11
-3.128860365242402963e-11
-3.008771357060346929e-11
-2.893290641792223283e-11
-2.782241971532872782e-11
-2.675456731160430479e-11
-2.572769254582940590e-11
-2.474023416687565202e-11
-2.379067776114851540e-11
-2.287756095675774759e-11
-2.199949424019909117e-11
-2.115512452716128422e-11
-2.034316465282515196e-11
-1.956236908573494304e-11
-1.881154433613918542e-11
-1.808953681292635451e-11
-1.739523802779530115e-11
-1.672759153414915545e-11
-1.608556517151971121e-11
-1.546817708641956557e-11
-1.487449052817169104e-11
-1.430358262388686796e-11
-1.375459381808274983e-11
-1.322667236153263204e-11
-1.271901681199061329e-11
-1.223084827861598001e-11
-1.176141475878189624e-11
-1.130999720960756960e-11
-1.087590694587303730e-11
-1.045847349695483430e-11
-1.005706195406075310e-11
-9.671059959803773864e-12
-9.299872504031636566e-12
-8.942933199529434773e-12
-8.599693006317021826e-12
-8.269627170542914740e-12
-7.952230020313866277e-12
-7.647010628886174999e-12
-7.353506692453493088e-12
-7.071270218678149533e-12
-6.799865791967674156e-12
-6.538879247092177494e-12
-6.287908128205232927e-12
-6.046571229822994553e-12
-5.814496453759865346e-12
-5.591326446979794085e-12
-5.376722071043227302e-12
-5.170355896894074377e-12
-4.971910470136231552e-12
-4.781081780480533894e-12
-4.597578394383017297e-12
-4.421117551917097543e-12
-4.251429503582260239e-12
-4.088253607176239868e-12
-3.931340062518495770e-12
-3.780449477769343147e-12
-3.635352002068215072e-12
-3.495823205565407044e-12
-3.361649066752070425e-12
-3.232625105098474450e-12
-3.108553128447488767e-12
-2.989242967738059420e-12
-2.874512693845643341e-12
-2.764185364975690895e-12
-2.658092279270163338e-12
-2.556071890605360331e-12
-2.457966989666271473e-12
-2.363626655510486785e-12
-2.272907556610803681e-12
-2.185670264567840526e-12
-2.101780988833512609e-12
-2.021112010391901137e-12
-1.943539296514473769e-12
-1.868943801802691596e-12
-1.797211685028443640e-12
-1.728232465990353628e-12
-1.661900651817038721e-12
-1.598114652764937027e-12
-1.536776890638524851e-12
-1.477793581949882196e-12
-1.421074195817606522e-12
-1.366531562387029997e-12
-1.314082740191957477e-12
-1.263646630909887048e-12
-1.215146364606789486e-12
-1.168506914492328796e-12
-1.123658132685945166e-12
-1.080530521828382273e-12
-1.039058379267987497e-12
-9.991780623372359393e-13
-9.608287472942511620e-13
-9.239510198599809598e-13
-8.884887725719992080e-13
-8.543875242711385098e-13
-8.215950164126850641e-13
-7.900612672764872890e-13
-7.597374335546747126e-13
-7.305777619155684466e-13
-7.025372037589017182e-13
-6.755730415190785987e-13
-6.496437502528928931e-13
-6.247095397406143835e-13
-6.007324629062060772e-13
-5.776754942454775943e-13
-5.555036682383662772e-13
-5.341825072557870868e-13
-5.136798104932172038e-13
-4.939641902977631727e-13
-4.750052890085953994e-13
-4.567738873771653996e-13
-4.392424195632377293e-13
-4.223837805125002509e-13
-4.061721933183021216e-13
-3.905827755407847990e-13
-3.755915121018277292e-13
-3.611758244911889015e-13
-3.473134323542237389e-13
-3.339831937485687741e-13
-3.211645359380010945e-13
-3.088378077581444003e-13
-2.969843609316319410e-13
-2.855857098114228387e-13
-2.746245342678116375e-13
-2.640841375873420604e-13
-2.539482567374268251e-13
-2.442014689421623252e-13
-2.348287308964053244e-13
-2.258157175789518578e-13
-2.171486189646298914e-13
-2.088141806818807900e-13
-2.007996362501235366e-13
-1.930927341848090451e-13
-1.856815889196214431e-13
-1.785549111994397253e-13
-1.717017370297946322e-13
-1.651116038597216784e-13
-1.587744286090167489e-13
-1.526804534581274742e-13
-1.468204220310062591e-13
-1.411852541344585377e-13
-1.357663981238488304e-13
-1.305555598525576233e-13
-1.255447026719813675e-13
-1.207261558517497280e-13
-1.160925468170898034e-13
-1.116367604912446576e-13
-1.073520070581091002e-13
-1.032316999894852816e-13
-9.926954413650920794e-14
-9.545948151954211647e-14
-9.179563034179827330e-14
-8.827241373835295613e-14
-8.488441069834373742e-14
-8.162644415639699891e-14
-7.849351322999215119e-14
-7.548084065330668002e-14
-7.258379823831678790e-14
-6.979794075611528426e-14
-6.711902626570231956e-14
-6.454290769376813675e-14
-6.206568191249178801e-14
-5.968352033295168391e-14
-5.739280443039715407e-14
-5.518998005458151945e-14
-5.307172006008796517e-14
-5.103475489974008961e-14
-4.907597765668736400e-14
-4.719239322242829715e-14
-4.538109119175612327e-14
-4.363931362539458236e-14
-4.196437034670319477e-14
-4.035373042123556464e-14
-3.880490357212676433e-14
-3.731552488338805984e-14
-3.588331414232544259e-14
-3.450606567514426237e-14
-3.318168900453069559e-14
-3.190813769888417584e-14
-3.068345680616244020e-14
-2.950578963014510725e-14
-2.837331674406147475e-14
-2.728430003630377687e-14
-2.623709287482255126e-14
-2.523008250888622572e-14
-2.426172225633311391e-14
-2.333052980950552080e-14
-2.243507368272258662e-14
-2.157398676480744293e-14
-2.074594260216468949e-14
-1.994968758603238995e-14
-1.918399013050523655e-14
-1.844768641231370188e-14
-1.773964310137435968e-14
-1.705877430144882995e-14
-1.640403985607788440e-14
-1.577443179605429041e-14
-1.516898280975228358e-14
-1.458677810158882926e-14
-1.402692235773867965e-14
-1.348855075756268812e-14
-1.297084506723380701e-14
-1.247300822874867002e-14
-1.199427960652064279e-14
-1.153392567001740310e-14
-1.109123829969504635e-14
-1.066554495139345263e-14
-1.025618578644671083e-14
-9.862539929704483566e-15
-9.484004293708325761e-15
-9.119993578691684699e-15
-8.769954672140003321e-15
-8.433352249230616909e-15
-8.109669619865700341e-15
-7.798410422738162595e-15
-7.499096931265752247e-15
-7.211272594689899229e-15
-6.934496955878031305e-15
-6.668341839675311425e-15
-6.412402364332952034e-15
-6.166286353596374392e-15
-5.929616454287576707e-15
-5.702030136305134139e-15
-5.483180116140672425e-15
-5.272729698197657980e-15
-5.070355739406713289e-15
-4.875749496258564158e-15
-4.688610695573408940e-15
-4.508655581313917443e-15
-4.335607597222811138e-15
-4.169200351438178548e-15
-4.009181428141737891e-15
-3.855304340745838165e-15
-3.707333190574669049e-15
-3.565040972798366389e-15
-3.428211482257143526e-15
-3.296632960714186884e-15
-3.170103814328049940e-15
-3.048431554861469155e-15
-2.931428141000154072e-15
-2.818916542858128545e-15
-2.710723118681205440e-15
-2.606683120561143797e-15
-2.506635400479728486e-15
-2.410427492506453731e-15
-2.317912224666734099e-15
-2.228947930700141307e-15
-2.143398238302167413e-15
-2.061131222091277561e-15
-1.982022791740698994e-15
-1.905951186264263908e-15
-1.832798244565830327e-15
-1.762453534724899972e-15
-1.694808530645105886e-15
-1.629759470790409417e-15
-1.567207358185100218e-15
-1.507055631073191300e-15
-1.449212704017260791e-15
-1.393589744436965396e-15
-1.340102260795816499e-15
-1.288667773260575213e-15
-1.239206978371554854e-15
-1.191644596075568194e-15
-1.145908099176506587e-15
-1.101926760423274296e-15
-1.059633240696564605e-15
-1.018963059613267781e-15
-9.798539602517606327e-16
-9.422462267892617316e-16
-9.060815198315289379e-16
-8.713052057534643492e-16
-8.378633920837989107e-16
-8.057052039061381610e-16
-7.747811956721861303e-16
-7.450440394160149846e-16
-7.164483659353874153e-16
-6.889501824566054023e-16
-6.625075079092206543e-16
-6.370796847117649649e-16
-6.126279081673422465e-16
-5.891145911889180894e-16
-5.665037878157933894e-16
-5.447607167575715167e-16
-5.238521319710727400e-16
-5.037460579625382094e-16
-4.844116839085115499e-16
-4.658194695349572676e-16
-4.479407216007871232e-16
-4.307481232934521655e-16
-4.142154165915875111e-16
-3.983173228556735395e-16
-3.830294369489174863e-16
-3.683283595861514513e-16
-3.541914061662567803e-16
-3.405971626375357006e-16
-3.275246384647640665e-16
-3.149538489643425969e-16
-3.028655241367212564e-16
-2.912412410152972640e-16
-2.800630266197210675e-16
-2.693138344119291741e-16
-2.589773060681277352e-16
-2.490374538414373258e-16
-2.394790840783665720e-16
-2.302876384001345403e-16
-2.214489157699849205e-16
-2.129493636607616438e-16
-2.047761309944680862e-16
-1.969165784513444376e-16
-1.893586755165617267e-16
-1.820909078359932154e-16
-1.751020257533081824e-16
-1.683813884171067457e-16
-1.619186990831238452e-16
-1.557040580537884461e-16
-1.497279626782235394e-16
-1.439812411777971371e-16
-1.384550791159018740e-16
-1.331409929281754064e-16
-1.280309225667290176e-16
-1.231169403325719993e-16
-1.183915288082974695e-16
-1.138475146836333686e-16
-1.094778636146505454e-16
-1.052759647738934763e-16
-1.012353198304699446e-16
-9.734977456062255579e-17
-9.361341296861033063e-17
-9.002041170292089580e-17
-8.656531798895630175e-17
-8.324285110568600994e-17
-8.004786268097749033e-17
-7.697551536260853282e-17
-7.402109752981003536e-17
-7.118008285027010778e-17
-6.844811042779937052e-17
-6.582099803722075548e-17
-6.329471565458990429e-17
-6.086539869208496922e-17
-5.852929505844740973e-17
-5.628285780321059845e-17
-5.412264585502631477e-17
-5.204535710888924700e-17
-5.004779864763494047e-17
-4.812689997682959833e-17
-4.627973618582723308e-17
-4.450346177332066230e-17
-4.279535366073336142e-17
-4.115279795732966288e-17
-3.957329657765965654e-17
-3.805442091944488670e-17
-3.659384495080285425e-17
-3.518932535791231538e-17
-3.383872139734798285e-17
-3.253994526524377282e-17
-3.129101834557445846e-17
-3.009002488804136694e-17
-2.893512524296218034e-17
-2.782456578743828623e-17
-2.675662764015679943e-17
-2.572967463786609004e-17
-2.474214010048598263e-17
-2.379250697877305495e-17
-2.287932274357166388e-17
-2.200118780528536970e-17
-2.115675716823816119e-17
-2.034473546759078030e-17
-1.956387862370194728e-17
-1.881299549648958577e-17
-1.809092472437367132e-17
-1.739657112022318373e-17
-1.672886762104792958e-17
-1.608679017724956822e-17
-1.546935775262161177e-17
-1.487562405254329957e-17
-1.430467586961837307e-17
-1.375564714574548924e-17
-1.322768919361616869e-17
-1.271999468495255966e-17
-1.223178276125641209e-17
-1.176231144151826592e-17
-1.131085942424397490e-17
-1.087673684080266981e-17
-1.045927367489818269e-17
-1.005783547900068538e-17
-9.671803522011988217e-18
-9.300587196974728329e-18
-8.943614922085631576e-18
-8.600349029946538493e-18
-8.270256816242964928e-18
-7.952832873620640982e-18
-7.647593301421223134e-18
-7.354071569779231475e-18
-7.071812729357761842e-18
-6.800389541370430594e-18
-6.539382211656367071e-18
-6.288392452750626990e-18
-6.047036452848985745e-18
-5.814942394266100752e-18
-5.591757898061024419e-18
-5.377138857098934688e-18
-5.170758121447566836e-18
-4.972298467342006778e-18
-4.781455492316834998e-18
-4.597936788025514001e-18
-4.421462767421000865e-18
-4.251762115262378196e-18
-4.088571374524547854e-18
-3.931646940517112974e-18
-3.780745622139982965e-18
-3.635637049592561809e-18
-3.496096229748235081e-18
-3.361912231550801762e-18
-3.232878259847123592e-18
-3.108796618470800399e-18
-2.989477055880944987e-18
-2.874735731186417444e-18
-2.764399970434347327e-18
-2.658298547237936158e-18
-2.556270574968042374e-18
-2.458157648537362071e-18
-2.363810048255023149e-18
-2.273084465079900797e-18
-2.185840691898167277e-18
-2.101945139040895274e-18
-2.021270213898598485e-18
-1.943691218993934540e-18
-1.869090074294461495e-18
-1.797352215285340755e-18
-1.728367730342679337e-18
-1.662030740348070453e-18
-1.598239812278899788e-18
-1.536897649015615793e-18
-1.477909434980504576e-18
-1.421185731269833842e-18
-1.366639063533826107e-18
-1.314185679735460378e-18
-1.263745756945625287e-18
-1.215241643584317419e-18
-1.168599306986713279e-18
-1.123747299427403597e-18
-1.080616447927663628e-18
-1.039141095026371975e-18
-9.992578580090917617e-19
-9.609051119201877879e-19
-9.240244371288984960e-19
-8.885595853535702800e-19
-8.544552905895269410e-19
-8.216603710363667601e-19
-7.901240584839942955e-19
-7.597982213605166177e-19
-7.306363307564776189e-19
-7.025935638224345821e-19
-6.756272173592644571e-19
-6.496957772399747388e-19
-6.247596421927394511e-19
-6.007806585118045855e-19
-5.777218098647583941e-19
-5.555483029670853651e-19
-5.342256030282114096e-19
-5.137214500042469596e-19
-4.940041525379735772e-19
-4.750437253321862151e-19
-4.568109068727158100e-19
-4.392779349102535508e-19
-4.224177968279207528e-19
-4.062049017255165567e-19
-3.906141756907229488e-19
-3.756219148291114564e-19
-3.612051648786837330e-19
-3.473416953604774161e-19
-3.340103097712958341e-19
-3.211905095415841575e-19
-3.088628300775532478e-19
-2.970083237732968122e-19
-2.856087926553386842e-19
-2.746467883826328232e-19
-2.641055346983808881e-19
-2.539688498818498105e-19
-2.442212242965542210e-19
-2.348476652938915959e-19
-2.258338781589012534e-19
-2.171661110138994992e-19
-2.088308833998411332e-19
-2.008156712852642199e-19
-1.931081186597687483e-19
-1.856963865008375532e-19
-1.785691786232304574e-19
-1.717154573356487063e-19
-1.651247924075558892e-19
-1.587870379517511603e-19
-1.526926038430077329e-19
-1.468320550524636741e-19
-1.411964476897457543e-19
-1.357771609819075223e-19
-1.305658843487322345e-19
-1.255546174027328546e-19
-1.207356828738491248e-19
-1.161016490612651389e-19
-1.116455237038654097e-19
-1.073604437875051613e-19
-1.032398177166781116e-19
-9.927735116391061509e-20
-9.546696952157923539e-20
-9.180283728895635232e-20
-8.827933868516455510e-20
-8.489106472447957119e-20
-8.163284552807294417e-20
-7.849964692643546460e-20
-7.548673201809055928e-20
-7.258944144974408187e-20
-6.980336143734623768e-20
-6.712420744381794345e-20
-6.454789526488471863e-20
-6.207045701854572289e-20
-5.968811223090764748e-20
-5.739719028800228834e-20
-5.519422090866604409e-20
-5.307581135991774022e-20
-5.103870138692118138e-20
-4.907977290650795480e-20
-4.719603062013182353e-20
-4.538458262682311977e-20
-4.364266627258288711e-20
-4.196760937629166714e-20
-4.035684315440657058e-20
-3.880790222096127727e-20
-3.731841166286896503e-20
-3.588607734639950633e-20
-3.450872146009641391e-20
-3.318423404716282399e-20
-3.191056977428722848e-20
-3.068580609278029517e-20
-2.950804953452110188e-20
-2.837550033544249223e-20
-2.728641366143986217e-20
-2.623913515128810564e-20
-2.523204275550479445e-20
-2.426360489748699837e-20
-2.333233523707153619e-20
-2.243680882640631460e-20
-2.157565887877606044e-20
-2.074755738155671397e-20
-1.995124740795810671e-20
-1.918549141823567691e-20
-1.844912942082728966e-20
-1.774102727356495233e-20
-1.706010414865609076e-20
-1.640531799239934418e-20
-1.577565421607462804e-20
-1.517016931679574903e-20
-1.458792463843791553e-20
-1.402802191455468325e-20
-1.348960892293292381e-20
-1.297186252192791892e-20
-1.247398622708265952e-20
-1.199521990465064911e-20
-1.153482603910526572e-20
-1.109210104224969910e-20
-1.066637121424911603e-20
-1.025698305010785693e-20
-9.863310509811538405e-21
-9.484743709217115994e-21
-9.120705883717790024e-21
-8.770643694720202269e-21
-8.434015920534498697e-21
-8.110307996658534505e-21
-7.799022322255070761e-21
-7.499686338087443871e-21
-7.211840409616061381e-21
-6.935040250379102818e-21
-6.668864999928189150e-21
-6.412906318615229014e-21
-6.166771214869903029e-21
-5.930082045199663791e-21
-5.702476918086519350e-21
-5.483609693987033210e-21
-5.273141099603087919e-21
-5.070751652578956209e-21
-4.876130756288147220e-21
-4.688979931007674289e-21
-4.509010794434137581e-21
-4.335950312341909242e-21
-4.169531508957113513e-21
-4.009500737099729252e-21
-3.855610811938270886e-21
-3.707627877235107457e-21
-3.565324539101143576e-21
-3.428483097170087211e-21
-3.296893525114532320e-21
-3.170354278439525797e-21
-3.048672294482567473e-21
-2.931660569032909276e-21
-2.819140175815472595e-21
-2.710937843110147448e-21
-2.606888982977668521e-21
-2.506833046446605235e-21
-2.410617764429588209e-21
-2.318095108755474530e-21
-2.229124119446832066e-21
-2.143567471597279944e-21
-2.061294706545756333e-21
-1.982180010444209345e-21
-1.906101810360813559e-21
-1.832943178176753496e-21
-1.762592638379790565e-21
-1.694942552477129168e-21
-1.629888008279262153e-21
-1.567331060816197279e-21
-1.507174976808292724e-21
-1.449327566814720742e-21
-1.393701084259271786e-21
-1.340209095230282603e-21
-1.288770214525883351e-21
-1.239305581299100895e-21
-1.191739565877229887e-21
-1.145999264890853421e-21
-1.102014501273843037e-21
-1.059717824263358717e-21
-1.019044711348240624e-21
-9.799327604754421546e-22
-9.423217910242258092e-22
-9.061542477029466624e-22
-8.713747966522688915e-22
-8.379301234967740396e-22
-8.057691857804506865e-22
-7.748427080957151067e-22
-7.451031820834112702e-22
-7.165052703295943149e-22
-6.890049985719636007e-22
-6.625601091095482484e-22
-6.371303637252947448e-22
-6.126763824828144569e-22
-5.891610573651257882e-22
-5.665482900972058254e-22
-5.448035475040676133e-22
-5.238933566397808140e-22
-5.037857591713531139e-22
-4.844498569948488165e-22
-4.658562161321723152e-22
-4.479760084504032134e-22
-4.307820718908529413e-22
-4.142479512142040070e-22
-3.983486048198810747e-22
-3.830595717089350514e-22
-3.683572491630817242e-22
-3.542192966414852341e-22
-3.406239289613869978e-22
-3.275502949513402133e-22
-3.149784269641119265e-22
-3.028890894153892282e-22
-2.912638292708771885e-22
-2.800847488543581531e-22
-2.693347330396324469e-22
-2.589973735198714728e-22
-2.490567163721280412e-22
-2.394975902234729415e-22
-2.303053538155052717e-22
-2.214658707608034713e-22
-2.129657367348660249e-22
-2.047919134446514396e-22
-1.969317412503527286e-22
-1.893732673315339831e-22
-1.821048922774448333e-22
-1.751154963047652840e-22
-1.683943256616353622e-22
-1.619311693324978871e-22
-1.557160308719618982e-22
-1.497394565709392268e-22
-1.439923082647037927e-22
-1.384656749804702194e-22
-1.331511758599814388e-22
-1.280406446151466029e-22
-1.231262683675604030e-22
-1.184005245396306515e-22
-1.138561556110293150e-22
-1.094861943622414815e-22
-1.052839828072270858e-22
-1.012430649083377990e-22
-9.735723706341496312e-23
-9.362052917312786556e-23
-9.002726143895891502e-23
-8.657189921279708088e-23
-8.324916659290824501e-23
-8.005396438240105879e-23
-7.698140795455039373e-23
-7.402677045481216550e-23
-7.118553328792126817e-23
-6.845330407635743113e-23
-6.582599336518798866e-23
-6.329951169948027503e-23
-6.086997788358060287e-23
-5.853371898111426315e-23
-5.628713778635344805e-23
-5.412676331131518512e-23
-5.204932651640823849e-23
-5.005160253825206465e-23
-4.813055584008337317e-23
-4.628325185933474187e-23
-4.450683176408564980e-23
-4.279860396092748288e-23
-4.115593996532404470e-23
-3.957632488870949066e-23
-3.805734481671384447e-23
-3.659665525472678929e-23
-3.519202530410836009e-23
-3.384131241863997660e-23
-3.254244662730633889e-23
-3.129341160163370206e-23
-3.009232985266764010e-23
-2.893735229044631494e-23
-2.782670555565478977e-23
-2.675867939785054542e-23
-2.573165034129063706e-23
-2.474404066416462266e-23
-2.379433575353447787e-23
-2.288108094989097515e-23
-2.200286576993557934e-23
-2.115836808279114002e-23
-2.034628153479861118e-23
-1.956536919205860629e-23
-1.881442725282975808e-23
-1.809230240246863343e-23
-1.739790127976059602e-23
-1.673014630070911395e-23
-1.608802141246826255e-23
-1.547054527207194688e-23
-1.487676651326847041e-23
-1.430577794601682898e-23
-1.375670551243403769e-23
-1.322870749793422573e-23
-1.272097374236773112e-23
-1.223272642888200595e-23
-1.176321929506071113e-23
-1.131173132203647466e-23
-1.087757462309994383e-23
-1.046008182192530165e-23
-1.005860999687479299e-23
-9.672550147329587245e-24
-9.301305105584432100e-24
-8.944310836092094534e-24
-8.601019080523445942e-24
-8.270900513211083027e-24
-7.953454207480190446e-24
-7.648191858430436391e-24
-7.354644882684119583e-24
-7.072365207247074487e-24
-6.800921325204145209e-24
-6.539891590401491118e-24
-6.288883544538764761e-24
-6.047508279189692179e-24
-5.815398185172440381e-24
-5.592197880649207301e-24
-5.377561450113053525e-24
-5.171163882871027996e-24
-4.972687662408779257e-24
-4.781829866138702440e-24
-4.598298221095413160e-24
-4.421809131783484462e-24
-4.252095568786499035e-24
-4.088894052562113060e-24
-3.931958064077444971e-24
-3.781044239743234087e-24
-3.635923415466513703e-24
-3.496371949180653662e-24
-3.362176848441244291e-24
-3.233131431691117685e-24
-3.109039864210552728e-24
-2.989710650014807020e-24
-2.874961759450000811e-24
-2.764617868179948732e-24
-2.658508385033896740e-24
-2.556471790741500831e-24
-2.458350904767395720e-24
-2.363996237970042024e-24
-2.273263231588557993e-24
-2.186012651673172119e-24
-2.102111377946128356e-24
-2.021429642788517847e-24
-1.943844778329578726e-24
-1.869237666572622619e-24
-1.797493922686392479e-24
-1.728503500574609976e-24
-1.662161087306428104e-24
-1.598364624002233895e-24
-1.537017277985911470e-24
-1.478024583164060613e-24
-1.421296214963033517e-24
-1.366745398683255872e-24
-1.314288022030708487e-24
-1.263843917015898276e-24
-1.215335479447274123e-24
-1.168689542475876780e-24
-1.123833629506039064e-24
-1.080699602677072512e-24
-1.039221000457712254e-24
-9.993344181527011496e-25
-9.609788176494977241e-25
-9.240953302030498592e-25
-8.886270592205684896e-25
-8.545204607681117389e-25
-8.217228783802561047e-25
-7.901842193895200527e-25
-7.598560181540390670e-25
-7.306918304880182606e-25
-7.026470364465060699e-25
-6.756786924139745261e-25
-6.497452352814797972e-25
-6.248072220037608326e-25
-6.008261463078815316e-25
-5.777657205922017277e-25
-5.555902982045667464e-25
-5.342659088222455079e-25
-5.137600612367042217e-25
-4.940412996193472001e-25
-4.750792528253234341e-25
-4.568450781277857804e-25
-4.393106723569857405e-25
-4.224494114573721053e-25
-4.062354109304923102e-25
-3.906436244426055882e-25
-3.756502629070388681e-25
-3.612323260980242998e-25
-3.473677505621189831e-25
-3.340353356624951034e-25
-3.212146696232300669e-25
-3.088860309216933483e-25
-2.970306841113859487e-25
-2.856302881762614795e-25
-2.746674388725985022e-25
-2.641252742985479175e-25
-2.539878446726822882e-25
-2.442393974288004822e-25
-2.348651907287361818e-25
-2.258508278609691036e-25
-2.171824051520447272e-25
-2.088467091818006007e-25
-2.008309579383818149e-25
-1.931228008182410033e-25
-1.857105035154130033e-25
-1.785827015024819749e-25
-1.717284370084363322e-25
-1.651373069300884733e-25
-1.587991177054287454e-25
-1.527042920700296997e-25
-1.468432774113671754e-25
-1.412072483480640125e-25
-1.357875397361144239e-25
-1.305758315581586567e-25
-1.255641859013379247e-25
-1.207448250901648142e-25
-1.161105137910242514e-25
-1.116540783000593827e-25
-1.073686777141077446e-25
-1.032477238120155773e-25
-9.928496117332351102e-26
-9.547428228899190494e-26
-9.180986930984475413e-26
-8.828608311300489274e-26
-8.489751876867639246e-26
-8.163903019204785057e-26
-7.850562537270341536e-26
-7.549250335247771834e-26
-7.259501108462511994e-26
-6.980870506357792993e-26
-6.712936981387387353e-26
-6.455286381576054043e-26
-6.207525509066346964e-26
-5.969271026762135281e-26
-5.740163016875411908e-26
-5.519848957189156205e-26
-5.307990500330738222e-26
-5.104263165623127597e-26
-4.908355722787311355e-26
-4.719967110454382881e-26
-4.538808285058288539e-26
-4.364602528984618772e-26
-4.197083909826652590e-26
-4.035994198897446552e-26
-3.881087493461701295e-26
-3.732127751545432722e-26
-3.588884477852896566e-26
-3.451139194891201540e-26
-3.318680820738442803e-26
-3.191305360894910859e-26
-3.068819914217375882e-26
-2.951034969199310169e-26
-2.837770566946710175e-26
-2.728853527838976602e-26
-2.624116527082541085e-26
-2.523399635454821708e-26
-2.426548316337080841e-26
-2.333414504235193991e-26
-2.243855064035694301e-26
-2.157733485824123602e-26
-2.074916957471516950e-26
-1.995279137973522544e-26
-1.918697692260072905e-26
-1.845055677864944841e-26
-1.774240004181803934e-26
-1.706142665059368947e-26
-1.640659043983060765e-26
-1.577688376298189048e-26
-1.517134981805116639e-26
-1.458905799568930747e-26
-1.402911158291420701e-26
-1.349065700757451259e-26
-1.297286997165402647e-26
-1.247495314015577235e-26
-1.199615000779759491e-26
-1.153572255822480496e-26
-1.109296744182171229e-26
-1.066720904236382586e-26
-1.025778792143818746e-26
-9.864081618486771162e-27
-9.485485391507039358e-27
-9.121421461515675880e-27
-8.771329768084852921e-27
-8.434677213805964094e-27
-8.110943797594024845e-27
-7.799636481383272042e-27
-7.500278404919475405e-27
-7.212409656131915262e-27
-6.935587271133382549e-27
-6.669389856452045339e-27
-6.413409885311671292e-27
-6.167253697631627658e-27
-5.930546507444736681e-27
-5.702923543619531417e-27
-5.484038909137999920e-27
-5.273555181073885546e-27
-5.071149573568508994e-27
-4.876513552644779429e-27
-4.689345902859394687e-27
-4.509362742138552090e-27
-4.336287892128226508e-27
-4.169855574496092502e-27
-4.009812336861468712e-27
-3.855911275005484695e-27
-3.707916655102947453e-27
-3.565603143350363680e-27
-3.428750798548084352e-27
-3.297150464704149016e-27
-3.170600304360385890e-27
-3.048909072673317322e-27
-2.931888413694382239e-27
-2.819358830752763752e-27
-2.711148916083411395e-27
-2.607091691560146797e-27
-2.507027882776569133e-27
-2.410804570895094055e-27
-2.318274037088987063e-27
-2.229295688472307889e-27
-2.143732784019005040e-27
-2.061453204934893549e-27
-1.982332343552571565e-27
-1.906247903320570496e-27
-1.833083750663243793e-27
-1.762727603864833680e-27
-1.695071225662465595e-27
-1.630012541769087013e-27
-1.567450826048606482e-27
-1.507290167189793518e-27
-1.449438505741306412e-27
-1.393807441518697788e-27
-1.340311366935939634e-27
-1.288868526266892713e-27
-1.239400245273328805e-27
-1.191830449722444615e-27
-1.146086532055336744e-27
-1.102098484718526716e-27
-1.059798322384977661e-27
-1.019121911587541485e-27
-9.800065633065283830e-28
-9.423925737136623506e-28
-9.062223575036062096e-28
-8.714403515974643881e-28
-8.379932077357773599e-28
-8.058299369232674727e-28
-7.749013797981042425e-28
-7.451597251494182560e-28
-7.165594247340247552e-28
-6.890570488316778079e-28
-6.626100825388550658e-28
-6.371784183644646647e-28
-6.127227191893924955e-28
-5.892057664174632746e-28
-5.665913525657225222e-28
-5.448448590434198776e-28
-5.239327746695230030e-28
-5.038236586376897766e-28
-4.844863108828211253e-28
-4.658909276390276567e-28
-4.480095347738671461e-28
-4.308144470443890269e-28
-4.142793273586038038e-28
-3.983787775153698701e-28
-3.830885067232636417e-28
-3.683850667852122041e-28
-3.542460446914877508e-28
-3.406495329889728770e-28
-3.275750205237598587e-28
-3.150022850314326298e-28
-3.029120431384230132e-28
-2.912860225843836349e-28
-2.801060714795886453e-28
-2.693552657146517415e-28
-2.590170663661754982e-28
-2.490756808086159399e-28
-2.395157738247908835e-28
-2.303228046436202051e-28
-2.214827621247584877e-28
-2.129819962397248867e-28
-2.048074588131461786e-28
-1.969467396339432183e-28
-1.893876933064042135e-28
-1.821187762879249934e-28
-1.751288302218902645e-28
-1.684070939747357629e-28
-1.619434203030669986e-28
-1.557278184452974626e-28
-1.497508031964510480e-28
-1.440031902781054579e-28
-1.384761324495786636e-28
-1.331612759897368854e-28
-1.280503875480678680e-28
-1.231356430341725381e-28
-1.184095674324542427e-28
-1.138648542461864629e-28
-1.094945701275694046e-28
-1.052920465441706269e-28
-1.012508195936142803e-28
-9.736469018889186818e-29
-9.362771202130009509e-29
-9.003416748631656139e-29
-8.657854360947545862e-29
-8.325555010196079809e-29
-8.006010732354425847e-29
-7.698730415286765229e-29
-7.403244613569153569e-29
-7.119098928105337001e-29
-6.845859422804720777e-29
-6.583109013463723537e-29
-6.330441449234701097e-29
-6.087470942275668390e-29
-5.853827352925438494e-29
-5.629150171172546422e-29
-5.413097544451863441e-29
-5.205337249847982752e-29
-5.005549101507649978e-29
-4.813430066391177939e-29
-4.628684935549278529e-29
-4.451030537094816063e-29
-4.280195435276253464e-29
-4.115916319359006541e-29
-3.957941915670643520e-29
-3.806031182041562187e-29
-3.659950900392559400e-29
-3.519477783220707764e-29
-3.384395765260371336e-29
-3.254498711822189919e-29
-3.129587108600987149e-29
-3.009469867235093354e-29
-2.893962519747022694e-29
-2.782888723176242213e-29
-2.676078153093295165e-29
-2.573366804526354825e-29
-2.474597142424501392e-29
-2.379619004437383424e-29
-2.288285989796572111e-29
-2.200458619044376283e-29
-2.116002678937796454e-29
-2.034788018742309581e-29
-1.956690506254468830e-29
-1.881590222242580716e-29
-1.809372062299812718e-29
-1.739926188234024004e-29
-1.673146072045165653e-29
-1.608928796851834473e-29
-1.547176110134211334e-29
-1.487793972344230453e-29
-1.430690450419702721e-29
-1.375778727049853806e-29
-1.322974392336339862e-29
-1.272196797962739673e-29
-1.223367703025062507e-29
-1.176413230054347887e-29
-1.131261006214404384e-29
-1.087841818397855583e-29
-1.046089312299586268e-29
-1.005939089637080990e-29
-9.673298366250008577e-30
-9.302020450373298449e-30
-8.944998929983361024e-30
-8.601677090955646866e-30
-8.271533578035679275e-30
-7.954062834613056601e-30
-7.648776607354221299e-30
-7.355208460100767086e-30
-7.072906250705593675e-30
-6.801437397247598467e-30
-6.540389630348061067e-30
-6.289360460741259925e-30
-6.047968087862047962e-30
-5.815839738941892414e-30
-5.592621449121873673e-30
-5.377970162130647764e-30
-5.171557491866368972e-30
-4.973065960814767214e-30
-4.782193890105647458e-30
-4.598645995558083145e-30
-4.422143920109799557e-30
-4.252416077545982713e-30
-4.089202542555778790e-30
-3.932252793783140541e-30
-3.781328346934173140e-30
-3.636195607771481183e-30
-3.496633395278013947e-30
-3.362427299284181448e-30
-3.233373065891584805e-30
-3.109273776286574268e-30
-2.989935897079230456e-30
-2.875178496179074803e-30
-2.764825531552128162e-30
-2.658707920090968256e-30
-2.556663349535633543e-30
-2.458535526157238692e-30
-2.364173986678878450e-30
-2.273434474433819907e-30
-2.186177246653637308e-30
-2.102269331417365636e-30
-2.021580954148674111e-30
-1.943990051514173347e-30
-1.869377005208723667e-30
-1.797627839300069342e-30
-1.728633091754261802e-30
-1.662285933644698316e-30
-1.598485554575852366e-30
-1.537134247457283602e-30
-1.478137032345445584e-30
-1.421404195511483555e-30
-1.366848938452532797e-30
-1.314387377891718632e-30
-1.263939580213185144e-30
-1.215428056829326128e-30
-1.168778798615813812e-30
-1.123919583199733676e-30
-1.080782043829641896e-30
-1.039300446861440488e-30
-9.994106573233485889e-31
-9.610521137464118345e-31
-9.241653831362526499e-31
-8.886948881199641572e-31
-8.545858036410240050e-31
-8.217859377502556838e-31
-7.902447912103478680e-31
-7.599143098122389426e-31
-7.307478499400882792e-31
-7.027008838678867295e-31
-6.757302944628461320e-31
-6.497946573040435094e-31
-6.248546168406133313e-31
-6.008719459962668571e-31
-5.778098753077103656e-31
-5.556328578257749908e-31
-5.343068042142868864e-31
-5.137995529478075546e-31
-4.940793186590907607e-31
-4.751159616729814212e-31
-4.568803297295791436e-31
-4.393446811622045216e-31
-4.224821676798847744e-31
-4.062667403278056801e-31
-3.906737137245999705e-31
-3.756792018250589368e-31
-3.612601884497934787e-31
-3.473945507951211206e-31
-3.340610829429530285e-31
-3.212393783113589275e-31
-3.089097826347930690e-31
-2.970534644937552798e-31
-2.856522507455818475e-31
-2.746885795046714870e-31
-2.641457352413555055e-31
-2.540075196434795718e-31
-2.442584161856128316e-31
-2.348834960894998421e-31
-2.258684183240605712e-31
-2.171992885460682995e-31
-2.088629412187938174e-31
-2.008465164340391290e-31
-1.931377655406686662e-31
-1.857248630655131567e-31
-1.785965360177482148e-31
-1.717417700153066357e-31
-1.651501501782401338e-31
-1.588114614606400636e-31
-1.527160883187166986e-31
-1.468546503075504770e-31
-1.412181784052446249e-31
-1.357980444832641065e-31
-1.305859613064356248e-31
-1.255739237582300800e-31
-1.207542323506495861e-31
-1.161195637538885203e-31
-1.116627592073503747e-31
-1.073770125987438885e-31
-1.032557529146479649e-31
-9.929266775039868839e-32
-9.548168567767406173e-32
-9.181698212196576053e-32
-8.829293234280510014e-32
-8.490414669859356038e-32
-8.164543538177226084e-32
-7.851178490893494446e-32
-7.549841101807376455e-32
-7.260068226144648128e-32
-6.981418465776575696e-32
-6.713462765265109025e-32
-6.455793228070512781e-32
-6.208011361607858209e-32
-5.969741007684882175e-32
-5.740616587558478950e-32
-5.520285452923401847e-32
-5.308409061406614046e-32
-5.104665327555990241e-32
-4.908741863747799410e-32
-4.720336567933880224e-32
-4.539164088860570573e-32
-4.364944071125199341e-32
-4.197412322372419220e-32
-4.036311115465812423e-32
-3.881392714970943152e-32
-3.732420552649708423e-32
-3.589164525482934772e-32
-3.451408048636483193e-32
-3.318938357632854853e-32
-3.191553855190883728e-32
-3.069058527627570202e-32
-2.951264589720370416e-32
-2.837991603086433147e-32
-2.729066476182599814e-32
-2.624321407190290535e-32
-2.523596235004205775e-32
-2.426736675990800106e-32
-2.333595646419426892e-32
-2.244029589042491959e-32
-2.157900971020949100e-32
-2.075078430861093925e-32
-1.995434280489068363e-32
-1.918846856239562307e-32
-1.845198902551081233e-32
-1.774376984218770792e-32
-1.706274131256706154e-32
-1.640785430794076430e-32
-1.577809790316710905e-32
-1.517251553971811414e-32
-1.459017563832075291e-32
-1.403018776200427747e-32
-1.349168939178877198e-32
-1.297385621226072230e-32
-1.247590505030889309e-32
-1.199706595713349575e-32
-1.153660424876526634e-32
-1.109381536327768076e-32
-1.066802118736710841e-32
-1.025857005635281217e-32
-9.864833815441071383e-33
-9.486209289093120368e-33
-9.122117546341179147e-33
-8.771998758000668604e-33
-8.435320278193872392e-33
-8.111560481302613119e-33
-7.800227129067483953e-33
-7.500844146276401867e-33
-7.212950886080638378e-33
-6.936108742150542919e-33
-6.669890863099973147e-33
-6.413891703377895374e-33
-6.167718207060753396e-33
-5.930995317982237978e-33
-5.703356428841686418e-33
-5.484453299437667615e-33
-5.273954219958058903e-33
-5.071532256036537834e-33
-4.876881411799905982e-33
-4.689700834162749767e-33
-4.509705098403010152e-33
-4.336616861322290004e-33
-4.170172371375623572e-33
-4.010113754489799218e-33
-3.856201136348852267e-33
-3.708195377320787310e-33
-3.565869092717117163e-33
-3.429007387476832124e-33
-3.297397937932814919e-33
-3.170840542703441126e-33
-3.049139592181894225e-33
-2.932110129678912020e-33
-2.819571973951032534e-33
-2.711353392620440322e-33
-2.607287796097104789e-33
-2.507216859985649557e-33
-2.410986851665506150e-33
-2.318449915987860202e-33
-2.229465728314582301e-33
-2.143895617046473882e-33
-2.061610277804944493e-33
-1.982483161276288421e-33
-1.906393228276569435e-33
-1.833223113041697621e-33
-1.762861143608344862e-33
-1.695200423458983257e-33
-1.630136811140969644e-33
-1.567570022292499495e-33
-1.507404915339553133e-33
-1.449549011937499460e-33
-1.393913598997049856e-33
-1.340413545013265864e-33
-1.288966198039605291e-33
-1.239494140752806951e-33
-1.191920598678082764e-33
-1.146173297279956390e-33
-1.102181890568370808e-33
-1.059878512111665262e-33
-1.019199152569017633e-33
-9.800811801320481705e-34
-9.424643507152772324e-34
-9.062915426400945480e-34
-8.715069199248360588e-34
-8.380573098172262879e-34
-8.058917436168975501e-34
-7.749607219914206881e-34
-7.452167659892820205e-34
-7.166144170398833417e-34
-6.891099155293053688e-34
-6.626609712115673469e-34
-6.372272683038559179e-34
-6.127697308025558564e-34
-5.892508898252347021e-34
-5.666348376928946804e-34
-5.448866309992476756e-34
-5.239733008011729690e-34
-5.038626587572671845e-34
-4.845238481408212372e-34
-4.659271601688280169e-34
-4.480444013439670202e-34
-4.308478832641466129e-34
-4.143114787307098464e-34
-3.984097493112209571e-34
-3.831182897225759590e-34
-3.684137278310026432e-34
-3.542735639399423019e-34
-3.406761478311756886e-34
-3.276006098882008999e-34
-3.150269070139814542e-34
-3.029357767131982128e-34
-2.913087141333753404e-34
-2.801279261471322264e-34
-2.693762854344354053e-34
-2.590372616059764387e-34
-2.490951737507863497e-34
-2.395345475877625166e-34
-2.303409190262600559e-34
-2.215001683587446765e-34
-2.129987039317849955e-34
-2.048235769404227364e-34
-1.969621600039361752e-34
-1.894024571106396744e-34
-1.821329658646394456e-34
-1.751424593765301743e-34
-1.684202617698834941e-34
-1.619561219074407692e-34
-1.557400641584318378e-34
-1.497625720695673281e-34
-1.440144965295425002e-34
-1.384869983718521474e-34
-1.331717205663458925e-34
-1.280604323566805757e-34
-1.231453277256827675e-34
-1.184188646832304931e-34
-1.138738226634383303e-34
-1.095031992097242323e-34
-1.053003247691797250e-34
-1.012587593776367293e-34
-9.737230413910458070e-35
-9.363498974633300985e-35
-9.004115109715277065e-35
-8.658526084263885400e-35
-8.326200974316962602e-35
-8.006632962730086759e-35
-7.699327859739557680e-35
-7.403817878286820597e-35
-7.119646710750340492e-35
-6.846386748101131717e-35
-6.583613251169463564e-35
-6.330925587603346795e-35
-6.087937474347066861e-35
-5.854275255725630935e-35
-5.629581921247724825e-35
-5.413511365887203102e-35
-5.205732981857896999e-35
