2.280452563823797796e+00
2.196973458925882916e+00
2.159774769880832945e+00
2.136616714489765645e+00
2.117185397331531327e+00
2.099253107034243282e+00
2.085130437520834157e+00
2.074934537288469993e+00
2.066417335241268916e+00
2.056464944741664969e+00
2.051210677012419215e+00
2.046887152011577893e+00
2.043545712874486053e+00
2.037942166511828912e+00
2.035178674490023987e+00
2.031039137718005261e+00
2.027306775252024185e+00
2.024353392001910112e+00
2.023138295381496921e+00
2.018877164217141917e+00
2.018147235344617929e+00
2.015876977871625897e+00
2.014913808688139518e+00
2.012124697061685286e+00
2.012079896682347879e+00
2.011139164826808656e+00
2.007727118027515800e+00
2.007579712073008338e+00
2.006853381792704116e+00
2.002970264508173948e+00
2.002710303282126514e+00
2.001690101929200161e+00
2.003254819221985450e+00
2.001852377255757709e+00
2.000352073938418851e+00
1.997984575002621277e+00
1.997228757540384869e+00
1.996914664904276604e+00
1.994443302582471711e+00
1.996097577840854065e+00
1.993913402312841088e+00
1.993359669049580951e+00
1.993713836792187832e+00
1.993287489353082087e+00
1.990276429286369941e+00
1.993765171980246498e+00
1.989607415138146873e+00
1.989453662664462330e+00
1.988856100730406862e+00
1.991330132423303034e+00
1.985311660399803779e+00
1.985058435415610223e+00
1.985950400279118400e+00
1.983680827801044266e+00
1.983467501860398441e+00
1.983839317468496510e+00
1.981967146580035921e+00
1.978803624556614738e+00
1.982763378131084053e+00
1.980005550078856702e+00
1.978349352799929184e+00
1.980876105259626430e+00
1.977399540253174548e+00
1.974956663449605410e+00
1.974357435336479671e+00
1.978140034431066230e+00
1.975696395605038402e+00
1.976118557269756604e+00
1.970201815091646713e+00
1.972239111325679639e+00
1.970172287867619332e+00
1.970646511591397809e+00
1.968673750376090048e+00
1.969871403620793160e+00
1.968363701074551386e+00
1.965195930004119962e+00
1.966244774598341793e+00
1.967828994530897768e+00
1.966167489381936972e+00
1.963094980900104147e+00
1.964094700568761676e+00
1.964340373491629599e+00
1.962072873726869338e+00
1.962257822354634529e+00
1.964045072213197463e+00
1.959536111049163143e+00
1.957704398570916604e+00
1.958866132528354065e+00
1.958782117183391902e+00
1.960266074767479605e+00
1.956549568054003485e+00
1.956858879786271377e+00
1.954491568834353821e+00
1.950291873247195440e+00
1.955981212701553007e+00
1.955713130571903324e+00
1.954617020717033915e+00
1.950672521346654698e+00
1.951519033847711082e+00
1.951042565932640693e+00
1.949621582642579787e+00
1.948186575755094907e+00
1.948042518358964248e+00
1.948890753281422139e+00
1.948188680563217590e+00
1.947942076890896601e+00
1.944740992326002837e+00
1.947147935476058578e+00
1.946920118882105921e+00
1.940700467121906803e+00
1.942825612043723060e+00
1.946707199475704142e+00
1.941933664603111120e+00
1.943278312377440642e+00
1.941789627992189793e+00
1.941265965730716081e+00
1.940360050935011627e+00
1.938925561538109354e+00
1.938323160012562996e+00
1.937746359751774783e+00
1.936926227349501373e+00
1.933742876236255404e+00
1.935265473524729440e+00
1.936576781517419965e+00
1.933977712423373463e+00
1.933625648877559611e+00
1.932544251588674600e+00
1.936487594934610312e+00
1.930500549842149693e+00
1.931730954158000557e+00
1.932994573238568492e+00
1.928189950417249721e+00
1.927464476609841437e+00
1.929099927498744149e+00
1.932293033294188778e+00
1.928520870514405017e+00
1.926333745014973120e+00
1.928144896641755812e+00
1.925372980191157435e+00
1.924205447771610400e+00
1.927924408973791692e+00
1.926020175677079393e+00
1.924741022097758769e+00
1.922304116151271725e+00
1.923625578330113273e+00
1.923526402008839176e+00
1.919928952363821217e+00
1.921592468176132495e+00
1.920065373029464340e+00
1.919359536354358298e+00
1.919078935109651995e+00
1.918227596466357987e+00
1.920815709615365074e+00
1.918544968886253255e+00
1.915449865659077933e+00
1.917203925206111048e+00
1.915370782216389900e+00
1.913319816956153385e+00
1.919150709188901516e+00
1.913611777012164783e+00
1.915026928216983171e+00
1.913257531325022409e+00
1.914111721515655562e+00
1.913704328659253218e+00
1.911188503106435066e+00
1.910472494822281986e+00
1.907483405027634138e+00
1.911192389023609550e+00
1.910811170247884938e+00
1.910335549941429623e+00
1.909955562689365394e+00
1.908095809740897986e+00
1.907903706110440689e+00
1.908300430652422719e+00
1.910296196815295167e+00
1.907427015671363302e+00
1.908377347542689506e+00
1.908086442030393126e+00
1.903839740997705698e+00
1.905614504447350033e+00
1.907098506352840284e+00
1.906049859218108322e+00
1.901951980896485095e+00
1.902361361491374581e+00
1.897342216662871506e+00
1.901287092612339968e+00
1.905357784491318984e+00
1.902290030626150319e+00
1.901476805332379394e+00
1.903777990585718394e+00
1.899371758791116527e+00
1.900892783739627889e+00
1.899095310003329651e+00
1.897587353143936451e+00
1.895718429027459573e+00
1.896063814102075140e+00
1.901951798720237452e+00
1.898462776954357389e+00
1.895308622947105892e+00
1.894964573322198254e+00
1.897369571832510093e+00
1.893226424241677419e+00
1.896838055207179075e+00
1.894824497210673808e+00
1.892635683524303003e+00
1.895441128046084778e+00
1.895818674258696657e+00
1.894239344657995705e+00
1.898044328506176326e+00
1.891365942588219218e+00
1.895639389600509261e+00
1.889521720776191183e+00
1.890364594948597432e+00
1.889876732765100042e+00
1.891110351758125585e+00
1.891118222933549253e+00
1.890387238600315101e+00
1.887956006710346024e+00
1.889753057712163731e+00
1.888923865403884461e+00
1.885406648807036678e+00
1.885525154456114238e+00
1.887853491917634630e+00
1.890654749136704726e+00
1.892241090077620314e+00
1.885634744167327792e+00
1.889258175629835890e+00
1.887034835265232857e+00
1.887900983064602523e+00
1.887137207618126533e+00
1.882719728274223181e+00
1.883797290691962667e+00
1.885432917643816042e+00
1.885070769603435892e+00
1.881415264117412001e+00
1.882279975903339952e+00
1.883270160051492503e+00
1.884103490144778625e+00
1.883560018967359584e+00
1.884711964925130268e+00
1.883468874601217369e+00
1.882628991053654666e+00
1.881582656273474985e+00
1.884361936801519199e+00
1.878794703728113413e+00
1.878069162063109587e+00
1.881474183461604888e+00
1.879869607473031001e+00
1.877574620185754162e+00
1.880046449257777308e+00
1.878828770992083452e+00
1.880668984315334136e+00
1.878719746149503322e+00
1.879134359420874256e+00
1.879824315278957991e+00
1.879311811312651015e+00
1.879178077440995409e+00
1.878997455193446298e+00
1.877128819318918174e+00
1.879870269848750164e+00
1.878658579251704985e+00
1.875474314811902188e+00
1.872182084963871951e+00
1.873351792188791221e+00
1.873750132169478944e+00
1.875040310774094054e+00
1.871627943332378585e+00
1.875678846774957220e+00
1.875953947886442430e+00
1.875609702330369277e+00
1.873270306831751109e+00
1.873934741509266422e+00
1.873718228706946709e+00
1.871767388245998198e+00
1.870834926764170403e+00
1.871224167713752218e+00
1.872250164166475050e+00
1.870120303753094904e+00
1.873513346451979311e+00
1.872993771540812924e+00
1.869123545365455774e+00
1.869311761856079057e+00
1.873114992105043841e+00
1.870524346217131040e+00
1.867468260801755431e+00
1.870402950812608767e+00
1.866051685198759413e+00
1.870499648803319648e+00
1.867122453909653812e+00
1.866486897529699762e+00
1.867632487492683513e+00
1.866718573447985419e+00
1.865640818155728908e+00
1.865992916853000061e+00
1.871577722292679935e+00
1.863603577552697566e+00
1.866754968961079841e+00
1.866374665345901018e+00
1.868187239842537206e+00
1.863749496753399182e+00
1.868593749938866955e+00
1.863997393693679339e+00
1.867948964314583016e+00
1.863188776297447058e+00
1.866755682688493012e+00
1.863611801771017262e+00
1.864630831510592834e+00
1.865717015816615199e+00
1.865256675695761590e+00
1.867300452024508672e+00
1.863455540400285049e+00
1.862183659810286329e+00
1.867760300024961850e+00
1.866027445976550680e+00
1.869470603649432849e+00
1.862730617706592318e+00
1.863393839506002569e+00
1.863290326411907394e+00
1.863802381356557181e+00
1.866039131543575147e+00
1.866170494984357831e+00
1.862793319958906846e+00
1.863574416209489826e+00
1.864574222381298441e+00
1.864661873915256507e+00
1.864384694282825272e+00
1.863878474174401667e+00
1.862500756520491407e+00
1.861969162561954549e+00
1.860775187993660928e+00
1.862077058889926917e+00
1.862020732500614173e+00
1.861072915333968014e+00
1.859732789259690433e+00
1.862528599836887455e+00
1.860786452354528997e+00
1.863291792991833784e+00
1.857703300622793430e+00
1.861591819616464472e+00
1.859876061097169631e+00
1.862805347259228084e+00
1.862591134584867136e+00
1.863743413717318775e+00
1.858532415597866638e+00
1.855442835734440798e+00
1.859598503357324795e+00
1.858065847861461117e+00
1.858163773707854460e+00
1.858741240318004806e+00
1.857776934366959898e+00
1.859895482430091285e+00
1.855793353533133461e+00
1.856060589888157031e+00
1.860143429193741316e+00
1.858174193822420550e+00
1.858828757359431316e+00
1.858169599374135394e+00
1.856456028192471130e+00
1.855803339297954935e+00
1.861210253299810935e+00
1.860549630874242633e+00
1.856923269308530466e+00
1.860176538809751756e+00
1.857565030684837915e+00
1.859127697883508068e+00
1.855628591928726534e+00
1.856199901837569000e+00
1.851941919632447142e+00
1.853918380309373948e+00
1.856348006847577281e+00
1.855351098378499319e+00
1.856600619890750981e+00
1.853614727656046623e+00
1.853276351476327077e+00
1.855856384069491716e+00
1.859530307696415807e+00
1.854016759762397104e+00
1.856270900445106786e+00
1.851275864014258810e+00
1.853762945456382649e+00
1.858936439722012279e+00
1.855432188816559691e+00
1.847500445903875965e+00
1.852253817289303495e+00
1.851182775314037521e+00
1.854421876027033900e+00
1.851529233272259045e+00
1.855466626851986600e+00
1.852621306211520436e+00
1.854072587306682784e+00
1.852206338980258993e+00
1.852901505506955759e+00
1.853846968748630530e+00
1.849854302100646164e+00
1.851585558438912482e+00
1.851925372466062925e+00
1.850131189211820848e+00
1.853991792140862849e+00
1.849269589399680003e+00
1.850028712015885590e+00
1.851157263914744000e+00
1.851730615664751056e+00
1.852115821227049208e+00
1.851778796697274299e+00
1.849551468934768295e+00
1.850129985197996429e+00
1.849361207546331931e+00
1.849255093855735499e+00
1.849307791392008404e+00
1.845010128388038018e+00
1.854145844777425056e+00
1.850221775433956051e+00
1.851200655179146004e+00
1.845754390190809113e+00
1.849329394560593753e+00
1.852109277248382480e+00
1.849263546711359174e+00
1.849059322552803142e+00
1.847777133721571596e+00
1.851122333758916660e+00
1.848027184376349830e+00
1.844454289093995669e+00
1.846766936167692608e+00
1.845735850700965353e+00
1.845857745561844343e+00
1.848930902664478015e+00
1.845752941645108836e+00
1.847867262363433793e+00
1.847222223648658179e+00
1.846975820186810724e+00
1.844790122447869773e+00
1.847840487345671079e+00
1.846450932514973164e+00
1.846922934666658023e+00
1.844860034111218683e+00
1.846468832248296499e+00
1.844099116019713547e+00
1.844242301048376609e+00
1.847077297858702893e+00
1.844018860658009906e+00
1.844446217708098690e+00
1.844701260175460433e+00
1.842183496401860188e+00
1.841621608000535204e+00
1.845831428124354412e+00
1.842877490092546422e+00
1.843901926431900318e+00
1.842967276084117367e+00
1.844026609873160361e+00
1.843087789034232093e+00
1.846461675717280482e+00
1.839051694747729115e+00
1.843295697065500116e+00
1.842857333635672612e+00
1.842649188714149622e+00
1.843638206750918718e+00
1.844833022814530654e+00
1.845420146599794142e+00
1.845837122354752058e+00
1.844616182645161917e+00
1.842161317666371589e+00
1.841734741895626692e+00
1.837581778489626450e+00
1.839896756563431213e+00
1.842324471779358763e+00
1.842853079392359872e+00
1.844316131640703293e+00
1.843631925338353961e+00
1.840577043325473117e+00
1.842902180170401527e+00
1.839462021069648845e+00
1.840326836475959293e+00
1.841236881109384438e+00
1.836086927010462944e+00
1.842521786078428647e+00
1.841743407493982465e+00
1.844344734228574367e+00
1.841096814779134894e+00
1.840685398456377797e+00
1.839110924953069492e+00
1.837489650494013027e+00
1.840983725816775607e+00
1.838545647339943079e+00
1.840660941295134689e+00
1.840290044209895948e+00
1.840408695355439717e+00
1.843057066660660936e+00
1.834641857941945453e+00
1.840483655685033471e+00
1.840622600225301886e+00
1.839216022919385907e+00
1.835516452483641814e+00
1.837091029607332615e+00
1.838988089867127140e+00
1.839053834095979445e+00
1.834600487733498708e+00
1.836120077279897789e+00
1.836921237676571561e+00
1.835402157673468926e+00
1.842011277797894531e+00
1.835975275895534331e+00
1.834951988550332924e+00
1.836849392683078008e+00
1.836017025434053762e+00
1.837471759013640682e+00
1.839677195976942015e+00
1.839479022148327925e+00
1.837019708523383477e+00
1.834013690398289542e+00
1.833646024801792285e+00
1.832187403776706747e+00
1.834456015550173236e+00
1.835607171975649266e+00
1.834628215202918522e+00
1.839069078213129371e+00
1.837469089031219527e+00
1.836359165876339627e+00
1.835421859301053615e+00
1.836076519428155418e+00
1.836931051963414996e+00
1.834570170365847019e+00
1.833336801100999836e+00
1.831686460360502533e+00
1.835421993793585393e+00
1.834214293039762023e+00
1.838455237486423588e+00
1.833956808310288622e+00
1.833274801572163826e+00
1.836492625566629178e+00
1.828542551016196116e+00
1.833579445496583693e+00
1.834546358768756491e+00
1.837901936127589231e+00
1.836369681358337447e+00
1.837490823024358511e+00
1.829895412004910904e+00
1.837201114189930484e+00
1.834302736856998628e+00
1.837869726083217525e+00
1.836415175596872951e+00
1.831623726319044021e+00
1.832687081434787757e+00
1.831283094027103431e+00
1.835053955285977034e+00
1.834898675405062241e+00
1.829356275460658932e+00
1.833366916424188808e+00
1.835462912229391286e+00
1.832483552663754178e+00
1.831570185453463839e+00
1.832733722527821962e+00
1.833567508367391685e+00
1.835214786651806929e+00
1.837071511072990271e+00
1.831257806068811611e+00
1.832307858956165880e+00
1.834062293859628490e+00
1.830636963477501489e+00
1.832828207199390214e+00
1.831404313674339868e+00
1.831372865346761802e+00
1.831711948223603059e+00
1.834105260555560779e+00
1.833645361814743469e+00
1.829924768973619553e+00
1.833920918672512723e+00
1.831789370989188148e+00
1.835672744726523309e+00
1.831774405944041728e+00
1.832449409289237829e+00
1.831228839128445252e+00
1.826341937749813793e+00
1.833585851620405105e+00
1.829735223452250148e+00
1.831833584186358221e+00
1.824193029525952525e+00
1.829540823973142105e+00
1.832226700354845139e+00
1.830041078115120845e+00
1.829467980066935118e+00
1.826945453729384994e+00
1.829237220531854780e+00
1.829358860468253134e+00
1.826595796682895845e+00
1.828718196428739118e+00
1.828859622050554412e+00
1.826474382327153201e+00
1.829195988483917956e+00
1.827924600625649543e+00
1.829034958130274058e+00
1.828854751586914018e+00
1.826306074093549725e+00
1.830546658772688629e+00
1.826020024984310819e+00
1.832483234160985797e+00
1.828288004337212946e+00
1.824787249626257379e+00
1.823869642844566874e+00
1.827715668005821081e+00
1.824453050356644956e+00
1.830335804743644434e+00
1.829712721017690891e+00
1.828394647439320897e+00
1.824624990499936539e+00
1.826604903661287693e+00
1.827355081912798829e+00
1.825916242905152087e+00
1.825637787427657699e+00
1.829214280079572541e+00
1.824361526354765228e+00
1.829975279172261660e+00
1.827974802408462995e+00
1.829449323201790767e+00
1.825940492825630423e+00
1.826096116273831171e+00
1.824342531424302249e+00
1.823257869023543032e+00
1.824907286656208605e+00
1.827277705302605249e+00
1.828956081317021365e+00
1.827953843581370919e+00
1.825648173307761191e+00
1.827596443127363246e+00
1.826352281753833573e+00
1.821638134503975825e+00
1.826547881578787669e+00
1.823656831643520215e+00
1.830310552853804396e+00
1.824735752435830971e+00
1.825451140526013427e+00
1.824958248016161688e+00
1.821082670260698366e+00
1.826644213077349477e+00
1.825462587674458792e+00
1.824179811661060135e+00
1.825308234875018698e+00
1.826868242483872695e+00
1.826268076591002654e+00
1.825682246073698334e+00
1.829052616082704974e+00
1.825698495828188328e+00
1.824816851126842110e+00
1.823799940867301794e+00
1.823565905827742251e+00
1.825986451063400740e+00
1.826489555835723921e+00
1.824188634676811027e+00
1.821208152404198310e+00
1.824512623517941190e+00
1.822832921835092490e+00
1.826443450267498214e+00
1.819177684722802502e+00
1.825303878233982990e+00
1.826930244763692146e+00
1.825380711677746959e+00
1.822498905964386795e+00
1.822505163840758557e+00
1.821797545750935887e+00
1.820553355950575547e+00
1.823346482790433543e+00
1.824038703013689089e+00
1.825592274237901824e+00
1.825974350709181460e+00
1.823795629158998066e+00
1.819964726460285620e+00
1.819676430103106313e+00
1.822779187178000360e+00
1.827305436134338379e+00
1.820148607706412180e+00
1.821130957664587546e+00
1.823080974664443632e+00
1.821229623525570496e+00
1.826224385775052639e+00
1.821207898396712155e+00
1.823029127487769463e+00
1.824462653429080206e+00
1.825047506124545471e+00
1.823173850316267774e+00
1.825521348378597253e+00
1.819061914468423025e+00
1.826653951253646380e+00
1.821738975475996059e+00
1.821863159155234335e+00
1.820663803357344346e+00
1.826421507505270103e+00
1.821616865427066134e+00
1.818715359308780810e+00
1.822455169604374703e+00
1.828917996088663678e+00
1.822810101203429456e+00
1.820617630237188145e+00
1.819775537038460733e+00
1.820077183919075248e+00
1.817616731386918261e+00
1.819215385119120176e+00
1.818579615079439549e+00
1.819445483195476054e+00
1.822857493620652525e+00
1.825791240044129182e+00
1.819568581153184983e+00
1.820374621489109224e+00
1.822078739985441453e+00
1.819187795198880631e+00
1.820829203801277441e+00
1.817965968755575368e+00
1.820604084088252250e+00
1.823787281146416195e+00
1.820091797755314822e+00
1.818977703497959952e+00
1.822107422046172376e+00
1.819167620402116103e+00
1.817665655796344426e+00
1.819598991748614170e+00
1.822033072129274123e+00
1.817168364158043392e+00
1.818101354440053274e+00
1.818203190962473625e+00
1.820003922780354833e+00
1.819290895951099829e+00
1.821091154599801198e+00
1.819279575042235475e+00
1.820792746238219406e+00
1.820792214381389051e+00
1.819423685624049325e+00
1.819779878396254214e+00
1.820779608763181345e+00
1.821869598596523865e+00
1.818435248350485756e+00
1.819518483602083680e+00
1.816095501031631088e+00
1.822906292707492160e+00
1.817388881781162313e+00
1.815385901622283082e+00
1.818508353600135186e+00
1.821876831543751241e+00
1.823183292608994810e+00
1.818734870201502041e+00
1.816830064700200031e+00
1.817611849308014005e+00
1.820970594577300261e+00
1.816207475539965532e+00
1.816671215265225126e+00
1.816565150786668914e+00
1.816837504276862525e+00
1.813026617429195353e+00
1.814754404471470739e+00
1.814167154140961413e+00
1.818505122722723577e+00
1.818790171696589519e+00
1.819778924721937807e+00
1.821732094043340355e+00
1.819993782349121902e+00
1.817589851831778569e+00
1.817640815637050489e+00
1.817747998237609908e+00
1.814083286126454642e+00
1.819598035323314100e+00
1.817008443062122058e+00
1.818851521687629980e+00
1.817026228171128466e+00
1.815031445332062621e+00
1.819257142299260943e+00
1.816789734363555953e+00
1.816206908226013272e+00
1.818210770533635001e+00
1.816735377372839411e+00
1.817294530685131360e+00
1.816366092975322921e+00
1.812733441744095231e+00
1.815742070246965545e+00
1.813245498217069152e+00
1.814049699367620949e+00
1.816373023925683450e+00
1.813736651493952801e+00
1.815349110884544093e+00
1.814969265766632756e+00
1.814475227013612413e+00
1.814038203007135586e+00
1.814707420116815850e+00
1.816065500027094215e+00
1.814458836347628834e+00
1.815384269372010806e+00
1.814420335415082075e+00
1.811819556431892630e+00
1.816336387548691089e+00
1.815647567235506576e+00
1.811946547337067503e+00
1.813503513886378427e+00
1.811796215864328152e+00
1.812435497687413077e+00
1.817732674953264960e+00
1.811363132794698183e+00
1.810775570074717233e+00
1.813933396033751588e+00
1.813034385289901351e+00
1.812787428269019507e+00
1.818041719840123083e+00
1.811248739560445076e+00
1.817018001813154982e+00
1.813475390275319343e+00
1.815365127722422312e+00
1.815736670677478459e+00
1.818330961007338376e+00
1.820371127128601163e+00
1.811631376621050782e+00
1.815888724265954490e+00
1.814359102493677378e+00
1.811932129126328617e+00
1.811014119478372431e+00
1.811136600604424052e+00
1.811112139775202801e+00
1.811191138854393534e+00
1.815663397312164307e+00
1.811885643922365619e+00
1.816526830807710269e+00
1.812446947281177279e+00
1.811639813887767403e+00
1.812672275457626769e+00
1.813874697685241788e+00
1.814385187625884965e+00
1.813292662608317896e+00
1.817974069790962321e+00
1.816974672598716589e+00
1.813108535301990898e+00
1.815797994075677435e+00
1.810446636493389327e+00
1.813006682884998888e+00
1.814528352480668350e+00
1.814914619616973201e+00
1.808891950509487145e+00
1.813295408701285361e+00
1.810659488959190266e+00
1.815006443170400718e+00
1.813062372880104300e+00
1.812321814818260046e+00
1.815121043339753770e+00
1.807761481480720800e+00
1.810055313049218517e+00
1.807251331745049816e+00
1.816093774636586611e+00
1.809654651544033044e+00
1.814750156035790152e+00
1.807667152086893658e+00
1.815802221420483642e+00
1.810944563303238386e+00
1.815344665906368116e+00
1.814429142536261086e+00
1.809039832384158331e+00
1.808977472170805401e+00
1.809161461622287081e+00
1.807379604914249427e+00
1.811036847799252225e+00
1.808411157436859984e+00
1.812969820621686212e+00
1.812359761580442763e+00
1.809912266181065377e+00
1.808066945809584380e+00
1.810327396331689265e+00
1.813152901637248515e+00
1.809904719621707292e+00
1.810033359588720803e+00
1.809252804059248598e+00
1.813973056658720440e+00
1.812090154183216617e+00
1.812623552786998271e+00
1.809418299564948374e+00
1.810732916990915875e+00
1.808216552550976131e+00
1.812880037686763757e+00
1.811164033412933305e+00
1.807033148790017085e+00
1.810707716452769844e+00
1.809663307055448866e+00
1.807293211802458055e+00
1.806450700759887784e+00
1.806444765359927374e+00
1.809903884851015610e+00
1.810944730196243579e+00
1.803285177548726415e+00
1.811209367177425200e+00
1.806801146727341933e+00
1.811904353973192938e+00
1.808333810476156378e+00
1.808316343258588699e+00
1.811164278250474213e+00
1.810122264654208557e+00
1.807954624982980540e+00
1.805709949517861457e+00
1.808280077958718257e+00
1.808213229668446109e+00
1.808300179701584964e+00
1.809381477955060102e+00
1.808136931443825812e+00
1.805759467222751713e+00
1.812612597147623683e+00
1.809593721842154501e+00
1.808616247238256980e+00
1.810536086253630828e+00
1.811070687648577593e+00
1.813137455475636095e+00
1.811759693194658238e+00
1.808279076906351035e+00
1.809461307525634721e+00
1.806417128978631492e+00
1.811236925308520984e+00
1.806945289098299545e+00
1.806002557277679443e+00
1.810644681025774139e+00
1.809971797771942947e+00
1.811306129357753703e+00
1.810460973702944232e+00
1.808818111052879818e+00
1.808941054038512464e+00
1.807568811147640897e+00
1.805515002287351178e+00
1.808502273070506483e+00
1.804934667623960154e+00
1.809252620966006475e+00
1.807503452667823307e+00
1.807213369393960045e+00
1.809394520673996309e+00
1.807631300045893674e+00
1.812950649628272348e+00
1.808995316884456583e+00
1.805683507063450044e+00
1.808286583117949764e+00
1.807660259038974093e+00
1.807393826276828097e+00
1.804629606161362032e+00
1.808573368573800133e+00
1.809428735879751393e+00
1.811124204672299953e+00
1.804743718183957624e+00
1.805089156444256160e+00
1.807565861481886582e+00
1.806820807090172343e+00
1.807271567063453821e+00
1.806880055024073783e+00
1.810640172163645367e+00
1.806818771362304732e+00
1.806074172716874315e+00
1.808544717996548368e+00
1.806866463636740638e+00
1.811545751645014857e+00
1.806473737496596010e+00
1.808057739490117832e+00
1.804876732214903301e+00
1.805374911809578986e+00
1.805771140257517393e+00
1.801843538039769932e+00
1.807181791464487652e+00
1.805606947495387082e+00
1.808756251518542912e+00
1.813402342796325728e+00
1.806308875022790472e+00
1.809564499671642679e+00
1.806221336584824755e+00
1.809048851942404612e+00
1.805826876102349710e+00
1.803824168902177005e+00
1.804981922186337906e+00
1.809737065510871989e+00
1.810926692608075372e+00
1.806743989540980477e+00
1.805864838147774654e+00
1.808957735697428459e+00
1.807720946348630564e+00
1.805196292583759021e+00
1.807227772015791656e+00
1.809678711952307228e+00
1.808366084710145705e+00
1.804690352464333625e+00
1.812520567881755307e+00
1.809829487250401492e+00
1.803757551388862845e+00
1.806772556977394251e+00
1.804534429770249693e+00
1.804009979199140412e+00
1.808751170757489257e+00
1.805981187637035745e+00
1.803184954325357969e+00
1.805981935904576119e+00
1.803385633383041808e+00
1.807074694755749888e+00
1.803548623659671835e+00
1.805201943409748599e+00
1.805217478825495769e+00
1.802897229561438941e+00
1.807554309490399413e+00
1.803644600587013480e+00
1.805226664359752986e+00
1.808283127271212098e+00
1.807938311038873147e+00
1.800239522029192019e+00
1.804883992671966642e+00
1.807430490774986076e+00
1.808880373759147453e+00
1.803890293683761303e+00
1.803849125214112004e+00
1.810368786102686256e+00
1.806877668087299105e+00
1.801114019675132516e+00
1.806428948426858083e+00
1.807507728002010206e+00
1.807632943911430257e+00
1.806328347707406135e+00
1.799731253660642238e+00
1.802547168731689409e+00
1.803988943650172372e+00
1.809278041277176285e+00
1.801478926952068571e+00
1.808065057106507112e+00
1.804764342613709216e+00
1.803473117718329854e+00
1.800222939711350723e+00
1.804076182842254683e+00
1.804314166154616927e+00
1.799684942074311067e+00
1.802274006452315946e+00
1.807782124556027936e+00
1.802901854576208551e+00
1.799626709559024818e+00
1.802843297444857162e+00
1.807948201130598065e+00
1.805382761894128274e+00
1.811208791610522173e+00
1.804047529208354428e+00
1.806834555589235780e+00
1.801936532595218798e+00
1.802305523248819208e+00
1.803137473265330026e+00
1.806719644558735460e+00
1.801650113325852676e+00
1.807128784901056440e+00
1.799037509086804487e+00
1.802254967811780073e+00
1.803293458926372050e+00
1.802571442494025566e+00
1.800853391488393074e+00
1.802717772813943631e+00
1.803490608472090528e+00
1.802176205928509134e+00
1.805021153657864197e+00
1.802346626306191579e+00
1.807303536549592637e+00
1.801218044757842973e+00
1.809899309659615652e+00
1.799341035806215627e+00
1.805121488143236252e+00
1.806163947704510830e+00
1.803973395396501589e+00
1.805916933829967874e+00
1.801380103368025454e+00
1.801124371932103063e+00
1.800329945637629603e+00
1.804211107889811094e+00
1.799912734826405902e+00
1.801276057805770492e+00
1.806438741317162089e+00
1.803870548651768546e+00
1.805174549115009741e+00
1.805372155324006744e+00
1.799867144914773842e+00
1.804181557129590940e+00
1.806905561227064805e+00
1.805978548832428698e+00
1.801718817001733974e+00
1.806288926418011087e+00
1.802627876477363777e+00
1.808963794585985996e+00
1.802824869217016790e+00
1.808156568576128054e+00
1.803967441350985856e+00
1.803318703785920851e+00
1.800805396605760667e+00
1.802242799599965473e+00
1.801016035752418754e+00
1.806123380477611784e+00
1.801858455401200487e+00
1.800368708830613285e+00
1.801620297859876541e+00
1.796478999272370869e+00
1.801812636240934795e+00
1.799366787763742259e+00
1.801886354654263167e+00
1.800594501923292068e+00
1.802744157803364278e+00
1.802340035866468293e+00
1.805049537695371242e+00
1.801055926848680544e+00
1.803401893835801406e+00
1.799136116565802190e+00
1.803207251353141638e+00
1.799851843026968101e+00
1.802604919519180005e+00
1.800163365327394960e+00
1.803473983972500472e+00
1.796596501423762371e+00
1.800576579265105392e+00
1.805085049225733762e+00
1.801119777178153081e+00
1.806330803724435663e+00
1.800428204964368728e+00
1.800878885464790580e+00
1.798080617953569549e+00
1.804496550254332643e+00
1.801485896110534668e+00
1.799971306629669865e+00
1.801781869545961090e+00
1.804368583972637552e+00
1.800345161939278738e+00
1.804935279870644615e+00
1.801104404987432961e+00
1.802238115286215692e+00
1.804140557692601066e+00
1.796753374735514219e+00
1.801880179918729397e+00
1.799226151368556792e+00
1.799859021565852979e+00
1.801089350993816618e+00
1.798204935208345123e+00
1.799412911060528808e+00
1.799886012688661330e+00
1.800250462385324379e+00
1.801843039194742868e+00
1.799315290573315851e+00
1.799585542312035269e+00
1.799669337578308825e+00
1.800269804856716060e+00
1.801728554872366050e+00
1.801450891678149979e+00
1.801183007313654993e+00
1.801437519452510738e+00
1.804220222509824278e+00
1.799375004034776016e+00
1.801339095372419985e+00
1.799897629481095551e+00
1.800558408712729319e+00
1.799315637808579726e+00
1.798461905809549233e+00
1.797949297305865057e+00
1.799505415940896080e+00
1.794351414228096964e+00
1.797833324701358038e+00
1.800119541547237301e+00
1.800951335980341961e+00
1.798399896193773273e+00
1.798940108678279692e+00
1.800303931419666048e+00
1.803417993814517395e+00
1.799850293306203941e+00
1.803931589309985872e+00
1.796490429609249873e+00
1.800544509215232569e+00
1.796386296015519468e+00
1.796602451189970306e+00
1.797685237114245993e+00
1.797730993307553815e+00
1.796563273209791811e+00
1.796582421889671988e+00
1.800023174285888761e+00
1.796731073122758149e+00
1.800302459643437381e+00
1.797351434291937444e+00
1.801246103873619608e+00
1.796370279177641249e+00
1.800062785393152565e+00
1.798927745146629231e+00
1.795140946522737257e+00
1.795703352414644627e+00
1.798641151648301406e+00
1.799853610075437205e+00
1.802255959694202048e+00
1.796776180695264680e+00
1.798506158743149230e+00
1.798589335343776519e+00
1.797503601282070873e+00
1.795313394069671720e+00
1.797708790730207395e+00
1.796651368263440185e+00
1.797089688900189497e+00
1.799434564052484031e+00
1.799625868980701204e+00
1.795002738329080527e+00
1.798210575336065098e+00
1.797230425859108971e+00
1.799044060707092330e+00
1.799628460407256991e+00
1.793173231528355505e+00
1.796109726490118463e+00
1.802764419714609767e+00
1.797969902784396501e+00
1.798896029056646917e+00
1.798830171426137214e+00
1.795003068447112993e+00
1.795628967346289295e+00
1.800351457718091241e+00
1.794543883128044026e+00
1.797743927821134902e+00
1.797738919808314462e+00
