1.896259046517885682e+00
1.711891430463546415e+00
1.530550253696930652e+00
1.438947294002924204e+00
1.378087259561587619e+00
1.324491852674728687e+00
1.291456701510991900e+00
1.262169268803718714e+00
1.239288586530929992e+00
1.227294509533124023e+00
1.205956785036967460e+00
1.192930257167571728e+00
1.182800820087775096e+00
1.168432869208164693e+00
1.163157939605223845e+00
1.152547239034603876e+00
1.144327909212845995e+00
1.135825936610882048e+00
1.129318981292920299e+00
1.122359608839719636e+00
1.112855214186203812e+00
1.113460845824999712e+00
1.107241373795729400e+00
1.101897703989958233e+00
1.095893565202370690e+00
1.087806120896950723e+00
1.086641889504897263e+00
1.076504597602746527e+00
1.076657395485119961e+00
1.070947352433816002e+00
1.066173361509274109e+00
1.062375234029231841e+00
1.055881429024231766e+00
1.053404672940572162e+00
1.045281957510190152e+00
1.044286092580892999e+00
1.046574900241998618e+00
1.038709187507629306e+00
1.034623666910024831e+00
1.028670019064194197e+00
1.028530721175364926e+00
1.026848101157408433e+00
1.016896958993031452e+00
1.020551311052762644e+00
1.013940376960314138e+00
1.010748518430269582e+00
1.004149637619654367e+00
1.006203263845199203e+00
9.983267998084043304e-01
9.964746374350327285e-01
9.885661675379826541e-01
9.920258861321669119e-01
9.885129014650980706e-01
9.855296536898001669e-01
9.835454010046444928e-01
9.830199579397836951e-01
9.830280855680123553e-01
9.719976565776726751e-01
9.721377774690970197e-01
9.707402929281576665e-01
9.643964906533558645e-01
9.689875819744208085e-01
9.613987519190861919e-01
9.593243154195638667e-01
9.607254017622043341e-01
9.619957836774679638e-01
9.480282372389083889e-01
9.518562659239158119e-01
9.452281446028978351e-01
9.440690135344480538e-01
9.429587327516996131e-01
9.477918300873193758e-01
9.414752402366736161e-01
9.397457469732333202e-01
9.324986485334543218e-01
9.366792370111514110e-01
9.306959584737435343e-01
9.277432770301133891e-01
9.291740816373091905e-01
9.259532833710695243e-01
9.194952011108398215e-01
9.230832055593147789e-01
9.166075934202243536e-01
9.132050243707803272e-01
9.195247540107139850e-01
9.096125099903498157e-01
9.142529944578806633e-01
9.138441026210785134e-01
9.060654773161961328e-01
9.008079863511598839e-01
9.079340541974092460e-01
9.031031585656679184e-01
9.029654048956357038e-01
9.019045817546355037e-01
8.969346185525258752e-01
8.871593031363609327e-01
8.904379468697768418e-01
8.898862418455955048e-01
8.898999619178282749e-01
8.924393707360976924e-01
8.849411322520329692e-01
8.816586202535874328e-01
8.834741219496116127e-01
8.836478056051791929e-01
8.749768905150584475e-01
8.770524524725400450e-01
8.802560355418768134e-01
8.636427249663914951e-01
8.709130796102376726e-01
8.699931128666951174e-01
8.655642943504529008e-01
8.708763183691562437e-01
8.654408554236093787e-01
8.624265036521814309e-01
8.662966783230121592e-01
8.546923984319735323e-01
8.593850235144296912e-01
8.557505801702156578e-01
8.619739454526167410e-01
8.592468998371026734e-01
8.508357495833666073e-01
8.534223600839957458e-01
8.588916110686767302e-01
8.526384225258460958e-01
8.451763116396390219e-01
8.496651577643858921e-01
8.403447038088089904e-01
8.428600782003158320e-01
8.399537002428983934e-01
8.427320060057518214e-01
8.375169521723038191e-01
8.328648811731582668e-01
8.418392360210418257e-01
8.326733797788620217e-01
8.320704449445773809e-01
8.342851606699136502e-01
8.334752727777530179e-01
8.308187329616302241e-01
8.309452265501022783e-01
8.348255336284637895e-01
8.265611941997821344e-01
8.298322706650465008e-01
8.251452062374505791e-01
8.206454752347408510e-01
8.193499526916405706e-01
8.204033366380594217e-01
8.167363480115548136e-01
8.140514043661264409e-01
8.133240686777311046e-01
8.133410070187006013e-01
8.158477437037687796e-01
8.182868162790933875e-01
8.252290748632871153e-01
8.098059111680739885e-01
8.110733583187446083e-01
8.033089903684762501e-01
8.106170956905071057e-01
8.122407628939701807e-01
8.136321155688701623e-01
8.027425843171583919e-01
8.066353450982998163e-01
8.062772322923709156e-01
8.009158314802707901e-01
7.904846111169228084e-01
8.016093272429246630e-01
7.946813988379942684e-01
8.015945857916122463e-01
7.929926311358427293e-01
7.899535720929121707e-01
7.912416212833844886e-01
7.929924574417945848e-01
7.934672670486645485e-01
7.893793044946132431e-01
7.859731101072751080e-01
7.904460239104735830e-01
7.837231699472818613e-01
7.883579536126210652e-01
7.871750006308921854e-01
7.828066993218202319e-01
7.768004746773303770e-01
7.857653776804606194e-01
7.853016148775051608e-01
7.767616933737045981e-01
7.751564390384233505e-01
7.753456154694924329e-01
7.758823663760454625e-01
7.750570511206602564e-01
7.742986565981155866e-01
7.691835521123348007e-01
7.703191404159251965e-01
7.672430625328651166e-01
7.728987631889490117e-01
7.665763891660249962e-01
7.657155224145987260e-01
7.600623433406535900e-01
7.671357213686673671e-01
7.611140589683483837e-01
7.569473135929841723e-01
7.647397677867840970e-01
7.604405446694447734e-01
7.657377315637392545e-01
7.587741753993890725e-01
7.590183017345575323e-01
7.577759220814093144e-01
7.559553776796047453e-01
7.499056816865236064e-01
7.567699143519768246e-01
7.461065275546832076e-01
7.577508394534770986e-01
7.443147289447294979e-01
7.438533708071097816e-01
7.470849838012304511e-01
7.495821801515726301e-01
7.493723232012529101e-01
7.400500622315284716e-01
7.434377588522740332e-01
7.357014020284017297e-01
7.492206935699169401e-01
7.367322470897282871e-01
7.408118776786021265e-01
7.446931690741808163e-01
7.372798173091350549e-01
7.392161198151416812e-01
7.338898870425346610e-01
7.365396115260246512e-01
7.360003737302927007e-01
7.350531379381816111e-01
7.311189387853328503e-01
7.357612827649483433e-01
7.364348228925313711e-01
7.335405353552255647e-01
7.301020969947179529e-01
7.340895180518810514e-01
7.325434571657425398e-01
7.332120980971899016e-01
7.219511793209956174e-01
7.228991261659524215e-01
7.258625702980237016e-01
7.262189826140037496e-01
7.196611853746267551e-01
7.169187449491940534e-01
7.238777787257463237e-01
7.192703743011523709e-01
7.206513987137721511e-01
7.177352329095204597e-01
7.234418579401113991e-01
7.149820175690528856e-01
7.155249544443228471e-01
7.209631112141486886e-01
7.146959507312530269e-01
7.147028465301562550e-01
7.160979707271625250e-01
7.042483844054050479e-01
7.193818744940635446e-01
7.037397347963773031e-01
7.143298202600234514e-01
7.065519700447718821e-01
7.099954456090926680e-01
7.026453630282328833e-01
7.041700509878304759e-01
7.045872938938629870e-01
7.103867000494248352e-01
7.076341680227181685e-01
7.034382338707263482e-01
7.043401850339693349e-01
6.988597571849822776e-01
6.984296155281556340e-01
7.062936999094792112e-01
7.023116519053776985e-01
7.026694529331647399e-01
6.938116561907988755e-01
7.004350317594332243e-01
6.963431118390499552e-01
7.004914887440509830e-01
6.902074929231252209e-01
6.916537638658132314e-01
6.835902282060720703e-01
6.934806836721224554e-01
6.873479208120932826e-01
6.873955100774764571e-01
6.929742168921690926e-01
6.880922225805429226e-01
6.878576792203463519e-01
6.764878127055290458e-01
6.878163544031289378e-01
6.764804701010386223e-01
6.904663960903119069e-01
6.889440394364870768e-01
6.825624167154996647e-01
6.887592106293409788e-01
6.805887910800102469e-01
6.775425280515964266e-01
6.832076284365776742e-01
6.811086144966956857e-01
6.847582557262518188e-01
6.761298865079879983e-01
6.871666980095398891e-01
6.778499938738651309e-01
6.828597492132431057e-01
6.710183391968409516e-01
6.719147752492855563e-01
6.772167807970291831e-01
6.747670723077577870e-01
6.783096648179567367e-01
6.695481388232646935e-01
6.809368918339411270e-01
6.679416348536809656e-01
6.803949785538209172e-01
6.727071650517292278e-01
6.699025786839998275e-01
6.728302927353443375e-01
6.656203313515736131e-01
6.652930304790154459e-01
6.647254466246336202e-01
6.673620900282493107e-01
6.663241035663164391e-01
6.632729278925137972e-01
6.628723871249418975e-01
6.661691158245771627e-01
6.672125918742938255e-01
6.635644898200646624e-01
6.588053593268761166e-01
6.591763322934126590e-01
6.610072452288408007e-01
6.601961584427418206e-01
6.502267283506882878e-01
6.605424778583722789e-01
6.479380052059124928e-01
6.608333771045391547e-01
6.510925101928222158e-01
6.613204580851089753e-01
6.599052621003909103e-01
6.531126323418739998e-01
6.521292366278477193e-01
6.479922696565970641e-01
6.505793766333506367e-01
6.446237915601485957e-01
6.547716787228217150e-01
6.486507582358824742e-01
6.467640054531585969e-01
6.448551754920910373e-01
6.434239974388709093e-01
6.536967082665516848e-01
6.425521392852832081e-01
6.425055713225633625e-01
6.405812312395144925e-01
6.475961895325245132e-01
6.363859596160742482e-01
6.374271731346081715e-01
6.414111824371875326e-01
6.409030034756049155e-01
6.407363034975834815e-01
6.375124867145831598e-01
6.333893766005833648e-01
6.360536683064240693e-01
6.297980976410401110e-01
6.375144253174463982e-01
6.342937060655691184e-01
6.435333313086093465e-01
6.356084223741139683e-01
6.387997792317317014e-01
6.297398652021701793e-01
6.387503037850061904e-01
6.335209989394896546e-01
6.271893149003003876e-01
6.378418205640254968e-01
6.332613740976039685e-01
6.338870547520808474e-01
6.381351976822584593e-01
6.201051997068600663e-01
6.240016268614011485e-01
6.292431336946976428e-01
6.270809397483483316e-01
6.163413417644989512e-01
6.266630705350484387e-01
6.234938278412207602e-01
6.173992024782376520e-01
6.263904705261572614e-01
6.220252114992875780e-01
6.249430837539525774e-01
6.276843933722912050e-01
6.196009019246467853e-01
6.194275507560143001e-01
6.260796949649468646e-01
6.163076873773183362e-01
6.285077116428277044e-01
6.132383953302334989e-01
6.121709751777160147e-01
6.200545563147618067e-01
6.076207051674524795e-01
6.181317004637840729e-01
6.168803017873030203e-01
6.180625626674065565e-01
6.161964931549169799e-01
6.147448325768495314e-01
6.147354946686671706e-01
6.038091982786472078e-01
6.124255801622684459e-01
6.149396139077650814e-01
6.098194660284580459e-01
6.065876156855851686e-01
6.120217330944843770e-01
6.096789830006086319e-01
6.137130912297811269e-01
6.108908794629268613e-01
6.114754901482508664e-01
6.102520849460210117e-01
6.105697495815081144e-01
6.079293737808862952e-01
6.086282813396208802e-01
6.039837753161405587e-01
6.048955774460083035e-01
6.033379380519573454e-01
6.064229193406227569e-01
6.003259903345352644e-01
6.026880191686826427e-01
6.045627065193959204e-01
5.999485252759395593e-01
6.054093321164448760e-01
5.964592008254466782e-01
6.039084705786826879e-01
5.964491888498648642e-01
6.104883054128059650e-01
6.029086559246747967e-01
6.060201141314628392e-01
6.001191227099834657e-01
5.934419749638972785e-01
6.027753737492439479e-01
5.967388822482182498e-01
6.001180110069421758e-01
5.898660103480021233e-01
6.018927866831803586e-01
5.914035718410443065e-01
5.965825358262428768e-01
5.941442281007767168e-01
5.959376795933797322e-01
5.970044777943537273e-01
5.987625822042808021e-01
5.935983226849482763e-01
5.926731531436626454e-01
5.972689564411456375e-01
5.852005651363959560e-01
5.951594991179612881e-01
5.893491454613514202e-01
5.901234710063689715e-01
6.010303724652681368e-01
5.843784501155216971e-01
5.938175646922527751e-01
5.851657864374991691e-01
5.900398840506871911e-01
5.906053044092960391e-01
5.845387539038291447e-01
5.851815433074266659e-01
5.867332158180383894e-01
5.793940841387479335e-01
5.879077092959330564e-01
5.819900154303281337e-01
5.815492320519227709e-01
5.834453113568134341e-01
5.885099020523902880e-01
5.855315389541478899e-01
5.821891122903579685e-01
5.901577875400201290e-01
5.845302289877182256e-01
5.814526573205605064e-01
5.816116459858723386e-01
5.788796288844866300e-01
5.830201003796015025e-01
5.836249636533933360e-01
5.771060997859025488e-01
5.828899384309084164e-01
5.756086863768405948e-01
5.803594505939728698e-01
5.774662605462930198e-01
5.849684807734611969e-01
5.795361903997567898e-01
5.798812410006156659e-01
5.701524514418382372e-01
5.693627850367473098e-01
5.726549355647503337e-01
5.737283323819820646e-01
5.779874137578866478e-01
5.734404853521248846e-01
5.765468930586790108e-01
5.804144186851305509e-01
5.773422876229652445e-01
5.778072576492260248e-01
5.681327804923057556e-01
5.770441368604317667e-01
5.698794228908342641e-01
5.735416979361802614e-01
5.722534679449521322e-01
5.636039043848330987e-01
5.641373433363743306e-01
5.655075292556713817e-01
5.694090692660747077e-01
5.766979683668185253e-01
5.717500945696464276e-01
5.663091803208375463e-01
5.561418809187718137e-01
5.621620059777528988e-01
5.631674175079052214e-01
5.719106997434909578e-01
5.597728935571817388e-01
5.678374326381927517e-01
5.635530977677076780e-01
5.730501740406721556e-01
5.655762873398951784e-01
5.578722813954719584e-01
5.596132446558047535e-01
5.650669279388892408e-01
5.585870797817523714e-01
5.613517127740077495e-01
5.596182540823251284e-01
5.642083618885431751e-01
5.583807631180837117e-01
5.568637225108269417e-01
5.584039542155387892e-01
5.545873017647326986e-01
5.530914511053990346e-01
5.554297412817295054e-01
5.538452795682808905e-01
5.538536985715230010e-01
5.622999735749685257e-01
5.608533045420279750e-01
5.552291487271968640e-01
5.548477158332482118e-01
5.509256971188080110e-01
5.478475595896060701e-01
5.575768695427820720e-01
5.503557154001333940e-01
5.491981632434405070e-01
5.490332692097394940e-01
5.570833265017240965e-01
5.589543444223893376e-01
5.524728745604172708e-01
5.531866843119646049e-01
5.546001315116881880e-01
5.520068036440091142e-01
5.568865633927858605e-01
5.509848491503641643e-01
5.506229073955462017e-01
5.456855544677147174e-01
5.444756190746258273e-01
5.437245554648912904e-01
5.471627338574482913e-01
5.409397890170415391e-01
5.467269005683752514e-01
5.439273086113807221e-01
5.556862400128290691e-01
5.431203510516728894e-01
5.442053927825047932e-01
5.456652777317242409e-01
5.488502659094639524e-01
5.423180260719396850e-01
5.430571939700689077e-01
5.387069437748346346e-01
5.399673552085191286e-01
5.373467799944755541e-01
5.417089784756684567e-01
5.274222738085648787e-01
5.341691882946552061e-01
5.437765634976901019e-01
5.431084609948672037e-01
5.371030267996665941e-01
5.299381791781156981e-01
5.288268135144160720e-01
5.334530298144389837e-01
5.341280199014223351e-01
5.394145095195526096e-01
5.348574477128493765e-01
5.365936997609260795e-01
5.295909599615977736e-01
5.356042619317006315e-01
5.331455981884247741e-01
5.358413159083097455e-01
5.343412081400553681e-01
5.389993248077539212e-01
5.336063074759948011e-01
5.378087325738026836e-01
5.415314695009818546e-01
5.303805131942798123e-01
5.321702579657237031e-01
5.237820076636778843e-01
5.287322466954206268e-01
5.336308097228025238e-01
5.360481334038269541e-01
5.308717796053641358e-01
5.378839609714655134e-01
5.254041361503112295e-01
5.244242136295025336e-01
5.325361083715389743e-01
5.331055472294489173e-01
5.303939461708069292e-01
5.310565754389151572e-01
5.277739489689851071e-01
5.279129344683427538e-01
5.192558510181231046e-01
5.300163398950528126e-01
5.275096051203899128e-01
5.253268448206094288e-01
5.292594808034407627e-01
5.235934136769710978e-01
5.274671734143525637e-01
5.280087208900696716e-01
5.181025865368353855e-01
5.196644445260365508e-01
5.268633746947997132e-01
5.237537361872501851e-01
5.255172824248289798e-01
5.266105006902646046e-01
5.204660340761526616e-01
5.166158207334005104e-01
5.230963300435971242e-01
5.285997580259274020e-01
5.189763507017722821e-01
5.203650634258221164e-01
5.172080366275249030e-01
5.271213737053749293e-01
5.181510120630263838e-01
5.149659836903596188e-01
5.233168615362583376e-01
5.159859399764965548e-01
5.068754622569451307e-01
5.165993347381934164e-01
5.265799535390658370e-01
5.175074894458819852e-01
5.223732605194434386e-01
5.141487567470623965e-01
5.156735931451503774e-01
5.182769338289896499e-01
5.104681931245020898e-01
5.297962277363508221e-01
5.143818651254360441e-01
5.142908943387177745e-01
5.061944511456367701e-01
5.189448874348249197e-01
5.177623385038131465e-01
5.129078622047718028e-01
5.139877128295409214e-01
5.130196395592812042e-01
5.131147638345375794e-01
5.082948638842655908e-01
5.046066959698994880e-01
5.013785315629762929e-01
5.101642840947859803e-01
5.107634689181278498e-01
5.018785185538805482e-01
5.078420039934989916e-01
5.201017040472764030e-01
5.218813740290128012e-01
5.087603787199045380e-01
5.107736155772820696e-01
5.153892095272357698e-01
5.087776505794280313e-01
5.032655879090993656e-01
5.133386116761428086e-01
5.020396740008623571e-01
5.077068858803847062e-01
5.056127344950651636e-01
5.104639793817813409e-01
5.023872300982474837e-01
5.069294492403666474e-01
5.092896186388455870e-01
4.972555765356773128e-01
5.022818400691717589e-01
4.982215298291964301e-01
4.993138970472874028e-01
5.029593228911741765e-01
5.052222071549831162e-01
5.084192834221399337e-01
4.993491831498268474e-01
5.115503335228333004e-01
5.062382086729392272e-01
4.963900743386684411e-01
5.027190517156552296e-01
4.984387297660876626e-01
4.993610998758902797e-01
5.108695688920142919e-01
4.928712486456602315e-01
4.973599636401885848e-01
4.949189428335580843e-01
5.029316658392930517e-01
4.980959954934242595e-01
4.956333621190144312e-01
4.972131855976887338e-01
4.909070656085625650e-01
4.967447127287204500e-01
4.988533832323857053e-01
4.973732980780112278e-01
4.981814641218919038e-01
4.945737734819070086e-01
5.022252415235225476e-01
4.923353753792933940e-01
4.934259126583734889e-01
4.903971955944330108e-01
4.987539729246726616e-01
4.873888758512643915e-01
4.927780471933193573e-01
4.861888797619404179e-01
4.885856907337139954e-01
4.915556103373185381e-01
4.889062071075806482e-01
4.867915262396518838e-01
4.885326327039645200e-01
4.882976052088615071e-01
4.869069496790567886e-01
4.802579365097559561e-01
4.958222805689542767e-01
4.846834066586616641e-01
4.913159162570268634e-01
4.864336347732788335e-01
4.893011701794771073e-01
4.877124120409672137e-01
4.868445676106673004e-01
4.928946157296498765e-01
4.858909112138625752e-01
4.841888652398035897e-01
4.904039369943814508e-01
4.798087978210204829e-01
4.840387079578179486e-01
4.875193796860866069e-01
4.776522921063960925e-01
4.812540939221015557e-01
4.892354376805134186e-01
4.846061185384408221e-01
4.836758324733147485e-01
4.820950622741992930e-01
4.819153661911304010e-01
4.803866218297909718e-01
4.820158732243073341e-01
4.744605677632184881e-01
4.768191497295330983e-01
4.879313412385108961e-01
4.778766072713411805e-01
4.819132969929622035e-01
4.778445254915799634e-01
4.820100888227805136e-01
4.715747452699221021e-01
4.739875062535970907e-01
4.806554328554715760e-01
4.765059447823426497e-01
4.794886886691435701e-01
4.810906916856765858e-01
4.744428379413409003e-01
4.847617667837020861e-01
4.775788731681994692e-01
4.698567027464891077e-01
4.781518121942495703e-01
4.754465388181882135e-01
4.814376817299769740e-01
4.785129481019118058e-01
4.863632062306770809e-01
4.713615322724366563e-01
4.782288984228403317e-01
4.774071279244544996e-01
4.711026649444531311e-01
4.657666429877281300e-01
4.759048022138766543e-01
4.789858875748438938e-01
4.844373998733667031e-01
4.729411542415619119e-01
4.721584731187575823e-01
4.759403951657124043e-01
4.751280406346687912e-01
4.808747422236662739e-01
4.775539359221091518e-01
4.687423594487019063e-01
4.677323452173134943e-01
4.664233099573698027e-01
4.710296328251178388e-01
4.771890035806558017e-01
4.707082894368049275e-01
4.716652054435167551e-01
4.690686575495279786e-01
4.745521292090416066e-01
4.822716224269989471e-01
4.702740763242427846e-01
4.654225897712584992e-01
4.673046758541694046e-01
4.646821935971577888e-01
4.670089736580848583e-01
4.627004103018687586e-01
4.684625867467659965e-01
4.758692818574416505e-01
4.498478796428594939e-01
4.664981567706817378e-01
4.728275885566686765e-01
4.674235445184585225e-01
4.663049520590366592e-01
4.719705879306181906e-01
4.692221599129530185e-01
4.585004766782124763e-01
4.629125239375310175e-01
4.597942448961429007e-01
4.618147978033774748e-01
4.610271843198018304e-01
4.699745364296130656e-01
4.654663143249658241e-01
4.591108560180052756e-01
4.652884402718299728e-01
4.678086491349415788e-01
4.653577328492433662e-01
4.584413879574873452e-01
4.611950788742456564e-01
4.654659799276253951e-01
4.653380520832844369e-01
4.608444470625657208e-01
4.488496955388631693e-01
4.677728874179032936e-01
4.609230151925331476e-01
4.603652460070756791e-01
4.614223445837314364e-01
4.626088566887073261e-01
4.685781097564941655e-01
4.582617378387695561e-01
4.644734773880396239e-01
4.616744402127388458e-01
4.603576936400853858e-01
4.528702786335578323e-01
4.534209257135024540e-01
4.607293873261182893e-01
4.593597015509238712e-01
4.568156677943009392e-01
4.652662754822999847e-01
4.648376058691587320e-01
4.605082798080566420e-01
4.656072261241765986e-01
4.633337388053918593e-01
4.612057510476845756e-01
4.618350079426398747e-01
4.530496876209210155e-01
4.657153302278274065e-01
4.479902626230166662e-01
4.669994736711184369e-01
4.642686432752853865e-01
4.557796998665882837e-01
4.527003076596137765e-01
4.479859138910586847e-01
4.498822606908969290e-01
4.488055318593978660e-01
4.533754505408115754e-01
4.620678428273934379e-01
4.503601593084824439e-01
4.563703304682022455e-01
4.501768464461350927e-01
4.579972092921917315e-01
4.560004377976442091e-01
4.542813717172696220e-01
4.612515969918324354e-01
4.566505400034097661e-01
4.508848624733778343e-01
4.639317433421428216e-01
4.579983951571660050e-01
4.554901248369461197e-01
4.581052144750570876e-01
4.563835612092262406e-01
4.685760498046874778e-01
4.551548530658086067e-01
4.506671594885679477e-01
4.529508740091935381e-01
4.489353034358758432e-01
4.551863431930541770e-01
4.553323795398076523e-01
4.503204926848411449e-01
4.502476187470631497e-01
4.520994625030419489e-01
4.542047838752086286e-01
4.530409577565315260e-01
4.582135149683707609e-01
4.504725792851203559e-01
4.495041775015684027e-01
4.504773456698809020e-01
4.525566032299628838e-01
4.550316472848256466e-01
4.544184972078372242e-01
4.484828695654868858e-01
4.567554135735218401e-01
4.543232405032867072e-01
4.471709583814327260e-01
4.430130233749365321e-01
4.442735821390763062e-01
4.539541514256061894e-01
4.442998747795056103e-01
4.552254440310674055e-01
4.594292453084236616e-01
4.434810642248545043e-01
4.483128739091066239e-01
4.404586237210493804e-01
4.542290512185830353e-01
4.447888053380525952e-01
4.472383190806095143e-01
4.408036411572725521e-01
4.419458490533706430e-01
4.495287599853980409e-01
4.478282896754069431e-01
4.488984976059351428e-01
4.565280899787560465e-01
4.513814348440903790e-01
4.469118394912817704e-01
4.410560372548225638e-01
4.505930353051577075e-01
4.454635505874951495e-01
4.464415856660940984e-01
4.481683042569037934e-01
4.428246430479563234e-01
4.416103310692004458e-01
4.442839700824174898e-01
4.405833119383225083e-01
4.407109640729732769e-01
4.409681615539086108e-01
4.479553814117724908e-01
4.510787620758399119e-01
4.526001410606579900e-01
4.474999341445091705e-01
4.528137537149282688e-01
4.412507112973775847e-01
4.499176382254331807e-01
4.453696529834698659e-01
4.457039906428410525e-01
4.452832513512709478e-01
4.429159975968874341e-01
4.464687374921945673e-01
4.431766995634788264e-01
4.428831210885292302e-01
4.444601691686190237e-01
4.431414504845936908e-01
4.535315427260521171e-01
4.425994149003273370e-01
4.438916838321930181e-01
4.471266017892421840e-01
4.488376155877724649e-01
4.436839247361207828e-01
4.374866317862119436e-01
4.474784156450858363e-01
4.363667133526924480e-01
4.413638312847186218e-01
4.427715913607523923e-01
4.369637554272627344e-01
4.438382414671090959e-01
4.407367934019137401e-01
4.353354006623610384e-01
4.450409144163131603e-01
4.392449454619334337e-01
4.390228079297603947e-01
4.397194106227312327e-01
4.463007829128167736e-01
4.380341387329957370e-01
4.379438883219009537e-01
4.338031529998168101e-01
4.320643037175521117e-01
4.434519042571385961e-01
4.365523899977024058e-01
4.263906849500460616e-01
4.462686794690596814e-01
4.374902787116857761e-01
4.398290086633119822e-01
4.318071184250024674e-01
4.401722669219359507e-01
4.357538340947567090e-01
4.319638136869821676e-01
4.415881636815193190e-01
4.363315380918674213e-01
4.415954063718135481e-01
4.325785068365243791e-01
4.409456076912390832e-01
4.328844616046318428e-01
4.457207169670325264e-01
4.316436100846681723e-01
4.415204758063340784e-01
4.334623856040147882e-01
4.433296233033522382e-01
4.489519217075445545e-01
4.296247671047846439e-01
4.320495728880930919e-01
4.288381615510353795e-01
4.355413462871160490e-01
4.318242978591185222e-01
4.294415071606635936e-01
4.371265327701202019e-01
4.408083498477936013e-01
4.346037142169781320e-01
4.268382318891011939e-01
4.393780325085688832e-01
4.340966439399963628e-01
4.328222829561967355e-01
4.303840969617550027e-01
4.277805036459213506e-01
4.299169446795414462e-01
4.288003858083333508e-01
4.313372291051424390e-01
4.341413678267063148e-01
4.346077090272536525e-01
4.291775505130107637e-01
4.372832176777032842e-01
4.376722109623444323e-01
4.365528050523537762e-01
4.354028205841015686e-01
4.290187682096774924e-01
4.294502759209046228e-01
4.335007202930939441e-01
4.341806172560422894e-01
4.242584656064327109e-01
4.376884512030161378e-01
4.292188402933951874e-01
4.297220467374874842e-01
4.270109467017345062e-01
4.303296777682426577e-01
4.297451221790068998e-01
4.307337120939523922e-01
4.299843670466007572e-01
4.269437125095954522e-01
4.367487458464426875e-01
4.286089727129691607e-01
4.293359652543679017e-01
4.273414953778951753e-01
4.241285194571201567e-01
4.303783357525483022e-01
4.223816756254587523e-01
4.215300386914840325e-01
4.273779375430865057e-01
4.278637162003761651e-01
4.211688123834438913e-01
4.233201004373721710e-01
4.317226933745237361e-01
4.289886717612926836e-01
4.344790538916221134e-01
4.161938833120541470e-01
4.272649938479448073e-01
4.237649525587375288e-01
4.281398691428013326e-01
4.264541448308871163e-01
4.269241136236068268e-01
4.391740078345323095e-01
4.304911338748075855e-01
4.300659240056307064e-01
4.207075880888180852e-01
4.227588636752886431e-01
4.209583154855630061e-01
4.242066178948451505e-01
4.406291490181898363e-01
4.297196537638321989e-01
4.307330340529099688e-01
4.363035167256991143e-01
4.237095741125253556e-01
4.246042794524094721e-01
4.187738653176870107e-01
4.257238615781833158e-01
4.247628657099528082e-01
4.205340398045686601e-01
4.276148744118519196e-01
4.306467319910343150e-01
4.230906729132701272e-01
4.271709221295821313e-01
4.276848365863164525e-01
4.243703272480230937e-01
4.204809517432481769e-01
4.294607379879706865e-01
4.245166941330982824e-01
4.268199414778978129e-01
4.226530008973219399e-01
4.235276123652091385e-01
4.195889465701885812e-01
4.219411473243664390e-01
4.251725117365519058e-01
4.185362139191383113e-01
4.167732887543164622e-01
4.140866477520037670e-01
4.278421440567725664e-01
4.219724253966258276e-01
4.134424292506315712e-01
4.288589790845528382e-01
4.356102830324417585e-01
4.264153778935090289e-01
4.207114570033855805e-01
4.186333705217410439e-01
4.289065140944260945e-01
4.174300939990924220e-01
4.193364152541527168e-01
4.290083235655075544e-01
4.213428818644621709e-01
4.164081911628063071e-01
4.160525547006191371e-01
4.193822799202723273e-01
4.165832342245640030e-01
4.208763824441494328e-01
4.202721469677411781e-01
4.226577792794276589e-01
4.251874427000681411e-01
4.204129311900872690e-01
4.221472411583631623e-01
4.185674962324973936e-01
4.167994935543108959e-01
4.176520204314818629e-01
4.139639703891216382e-01
4.165729236526367063e-01
4.142168298363685386e-01
4.192025098281029205e-01
4.222455961199907404e-01
4.188771196282826681e-01
4.249158507738358126e-01
4.139046134092869145e-01
4.255373322428800953e-01
4.240237617721924201e-01
4.176618774349872831e-01
4.091329210843795416e-01
4.158888800021929844e-01
4.194949411810972584e-01
4.153061241293564687e-01
4.211754641471764926e-01
4.191197507656537757e-01
4.206783449420561927e-01
4.264537683282142999e-01
4.203290298199042208e-01
4.108891374025589460e-01
4.190791860986978756e-01
4.162511996733836428e-01
4.182981228217100278e-01
4.150894231521166100e-01
4.124097870328487514e-01
4.202910646796226279e-01
4.164126834426170598e-01
4.217684317857791076e-01
4.136723402983102926e-01
4.131294914163076148e-01
4.206260452285791041e-01
4.145530776335643042e-01
4.162098547204947097e-01
4.187088938477711575e-01
4.180743742829713949e-01
4.126629782410768388e-01
4.139006903538337001e-01
4.065648347521439443e-01
4.165085317232670170e-01
4.096125148427792184e-01
4.140904453702461963e-01
4.045697825459333430e-01
4.227530803435888274e-01
4.119118807025444751e-01
4.150826342594929330e-01
4.165049954484670858e-01
4.261342748617514831e-01
4.128553388592524631e-01
4.082173172097939839e-01
4.092067723854994066e-01
4.123621635330029234e-01
4.168852291428125634e-01
4.101946685940791593e-01
4.008637824501746771e-01
4.129020282855400681e-01
4.142525701568676721e-01
4.164480971602292914e-01
4.220297633837430951e-01
4.183128391702969906e-01
4.085246173617167464e-01
4.143123397078269377e-01
4.201339019032624966e-01
4.077838709721198218e-01
4.074828011485246426e-01
4.091726598067161325e-01
4.125890618715530866e-01
4.158140906920799740e-01
4.149226065247486606e-01
4.171285527256818892e-01
4.095495897990006906e-01
4.149691256957176444e-01
4.137162986856240399e-01
4.159278687758323212e-01
4.007450206157488481e-01
4.129709546000529530e-01
4.179031805350230111e-01
4.155744819304881821e-01
4.207035677937360774e-01
4.163099095989496456e-01
4.139953083716906290e-01
4.017406642819062457e-01
4.038273193133182781e-01
4.150798978713842735e-01
4.179547082919340961e-01
4.094242878831350074e-01
4.160765391511794808e-01
4.121939724454513065e-01
4.116765214846684340e-01
4.053730667019501688e-01
4.128820325701664795e-01
4.144679460387963310e-01
4.143509914095585001e-01
4.202159122014657022e-01
4.164568245028837934e-01
4.203932848114233511e-01
4.129848591410196779e-01
4.088846941406910074e-01
4.187541009141848569e-01
4.087076250941325539e-01
4.131012197488393434e-01
4.078373103569715719e-01
4.099211150254958858e-01
4.103184647285021414e-01
4.068200544669077767e-01
4.025860983973894580e-01
4.133471500415068500e-01
4.164620862939418799e-01
4.106519214999981293e-01
4.128499273306284190e-01
4.104005114772381058e-01
3.955132164252109783e-01
4.128611620037983543e-01
4.089268457813140523e-01
4.090365170286252017e-01
4.105017986435156585e-01
4.085916688044866074e-01
4.065896342198053737e-01
4.121297363669444436e-01
4.123619504463978402e-01
4.102512917075401555e-01
4.090553238223760824e-01
3.997617680292863129e-01
4.142996617998832565e-01
4.034311946003865113e-01
4.041153691900082334e-01
4.063914626072614444e-01
4.037943749855726350e-01
3.991569702823956622e-01
4.116339290371308079e-01
4.104138996738653788e-01
4.068115403636907712e-01
4.013608624155704518e-01
4.102409033439098351e-01
3.956956921097559698e-01
4.082535690604112144e-01
4.043747071654368863e-01
4.065935047009052172e-01
4.029567209955973728e-01
4.115424211972799062e-01
4.070186164898750292e-01
4.062081806934796924e-01
4.077031664741345152e-01
4.048436455619640606e-01
4.115382123069885600e-01
4.011746559769679421e-01
4.052759158305632714e-01
3.968879039088885063e-01
4.009136288211895827e-01
4.086572041114171494e-01
4.103355330534470546e-01
4.103471311621176842e-01
4.086347072170330996e-01
4.108400303965960010e-01
4.115027563312114722e-01
4.123699980286451572e-01
4.131132293205994621e-01
4.043482650548984036e-01
4.117980381999260531e-01
4.107894137119635358e-01
4.077844966298494467e-01
4.048927242557207595e-01
4.009038350138908746e-01
4.059113065401713238e-01
4.089171964006546034e-01
4.090820811879940511e-01
4.027805455220051511e-01
3.985713529663208465e-01
4.010595730482003352e-01
3.977312462070049515e-01
4.109454249342282539e-01
4.127080323222355740e-01
4.060715297475839258e-01
4.134860822023489479e-01
4.033400957018901112e-01
4.070439631358170884e-01
4.007933102739162923e-01
4.002639679954602125e-01
4.069763341775307075e-01
4.056631900179080708e-01
3.992424623706402054e-01
4.131816447163239592e-01
4.004665715954242589e-01
4.016316420374772544e-01
4.019151715513987200e-01
4.112219758522815960e-01
4.033933393084085939e-01
4.084622467557589287e-01
4.046786707945358996e-01
4.111668187074172254e-01
4.052447789754622942e-01
4.032355425067437049e-01
4.157260117622522122e-01
4.044527594859783637e-01
4.072659664811232316e-01
3.986529753758357164e-01
4.076643514709594740e-01
4.027148257463406544e-01
4.063979368179272411e-01
4.029604204572164172e-01
4.015825769458061800e-01
3.978656610999352083e-01
4.074346834650406368e-01
4.050136307875315533e-01
4.036921576429636227e-01
4.072001303617771018e-01
4.067893869601763024e-01
4.157664967653079136e-01
4.091878443192212833e-01
4.093567783251786940e-01
4.024264243550789710e-01
4.038680626031679877e-01
4.094547531543633601e-01
4.019225820516928449e-01
4.109281168152124630e-01
4.009127338345234159e-01
3.997686246266731747e-01
4.026883006095886008e-01
4.023805025296333659e-01
4.030230612708972093e-01
3.952449055818411106e-01
4.045472244803722250e-01
4.025384683639575134e-01
4.048617526506766429e-01
4.013628591329623241e-01
4.068203829037837505e-01
4.092745130069744830e-01
4.040217293378634555e-01
3.978907355513328081e-01
3.981248822349768290e-01
3.998301287110035407e-01
4.033307590545752164e-01
3.952716742570583364e-01
4.011210901997028233e-01
4.116722744626876707e-01
4.041488749858660467e-01
3.973668777789824968e-01
3.925078693872843250e-01
4.030873546233543769e-01
3.999797420623975031e-01
4.042473717377735865e-01
4.012244946299455273e-01
3.949252722355035550e-01
4.039437593175814745e-01
3.983992152489148619e-01
4.014505671002925880e-01
4.043488789827395791e-01
4.003120123957976118e-01
3.978132229584914192e-01
4.071902461158923847e-01
4.098147529822129265e-01
3.974540311938676851e-01
4.043619271654348979e-01
3.989179364381692516e-01
3.998528475180650466e-01
4.054456150684601079e-01
4.028774883884649882e-01
4.020258569946655869e-01
3.988495733111332431e-01
3.925907152967575420e-01
4.005365119148523445e-01
3.967129948811653484e-01
4.049943035993820439e-01
3.968969829571552532e-01
3.974849343299865501e-01
4.063326523854182137e-01
4.008613695700963264e-01
4.041877918900587674e-01
4.045435141676511637e-01
3.983279760449360829e-01
3.989633452433806182e-01
3.995929673314094766e-01
3.889915880102377543e-01
4.065180205763914700e-01
3.928314741605367644e-01
4.006302350988754646e-01
3.938718402232879168e-01
4.041572383963144555e-01
3.900689528920711635e-01
3.968308087724905509e-01
3.990008102013514746e-01
3.959008000600032218e-01
3.939796558557412398e-01
3.932279246739852074e-01
3.958943234422268032e-01
3.988741279412538754e-01
3.903741712753589499e-01
4.015475999086330905e-01
3.980927394368709571e-01
4.032109127594874498e-01
3.936223493936734097e-01
3.950403711352593050e-01
4.052984175773767239e-01
4.049911223542995709e-01
3.949954565518941640e-01
3.964996085335046883e-01
4.011466551285523541e-01
4.008593692993506208e-01
3.894144558753722674e-01
3.960784130371534095e-01
3.891136034176899683e-01
3.906753338300265055e-01
4.005845920397685389e-01
4.013022639812567349e-01
3.850506751201091538e-01
3.969025387595861432e-01
3.935022984559719550e-01
3.998934705670063039e-01
3.973810643339768522e-01
3.952040130129227391e-01
3.978329692895595793e-01
3.997080455223719353e-01
3.970900921485363000e-01
3.954254080469791766e-01
3.877841345774821757e-01
4.033673258546071061e-01
3.931281127608739490e-01
4.009016671623938932e-01
3.953432294420706761e-01
3.953285223016372307e-01
3.951572648989848391e-01
3.911619843580784184e-01
3.967861423125633724e-01
3.856685607479168887e-01
3.911848396062850841e-01
3.960912736944663393e-01
3.924852462915273676e-01
3.941500081465794669e-01
4.025341861905195606e-01
3.900077174871395824e-01
3.949895181717016923e-01
3.859277877670068135e-01
3.894945461780596752e-01
4.017327195176711441e-01
3.916212806716943273e-01
3.957889062089797738e-01
3.943705733769979349e-01
3.883286162828787913e-01
3.872042867999810345e-01
3.887581996428660647e-01
3.878909605053754706e-01
3.973355924089749802e-01
3.902615615954765915e-01
3.987654074262350079e-01
3.922747246730021731e-01
3.982522608760075689e-01
3.967956853600648759e-01
3.931468768761708366e-01
3.969743509705250251e-01
4.015230309122648222e-01
3.919015332292287712e-01
3.866723831265400646e-01
3.887464630680206312e-01
4.001748830844194527e-01
3.826707449861062038e-01
3.888868436217308155e-01
3.870437025259702568e-01
3.941272714963325874e-01
3.918943413175069446e-01
3.874715949098269108e-01
3.895301134540484767e-01
3.832491414287151343e-01
3.873926873390491354e-01
3.971184503955718648e-01
3.819246717752554643e-01
3.965208650781558153e-01
3.855786036222408897e-01
3.892301143744053005e-01
3.859829999315432802e-01
3.940699156660300018e-01
3.909133248222179668e-01
3.987765074158325929e-01
3.939180108217092413e-01
3.930195669333140240e-01
3.964040123117275605e-01
3.839862093711510771e-01
3.869934861858685959e-01
3.947929787330138329e-01
3.857337177181855425e-01
3.887557735427831784e-01
3.881831882473750217e-01
3.853266629271018262e-01
3.975677222777635467e-01
3.849037910883243430e-01
3.904137606040025132e-01
3.846307012515190471e-01
3.804221228529245380e-01
3.804534118144939914e-01
3.806300969077990870e-01
3.901800902608113519e-01
3.887541699485901336e-01
3.838696099626712210e-01
3.889082522728504188e-01
3.882433766355881111e-01
3.912025700012842777e-01
3.836425357904189593e-01
3.964344983681654111e-01
3.820495540514970423e-01
3.902238862254680529e-01
3.936781331514700999e-01
3.856486411430896655e-01
3.878543002865253442e-01
3.855189669972811095e-01
3.887270555664331662e-01
3.859499926368395450e-01
3.889660381353818308e-01
3.857027891354682936e-01
3.879656567023350711e-01
3.857627078890800698e-01
3.817674007553320537e-01
3.790322640767464502e-01
3.855203538750990866e-01
3.850272700954706084e-01
3.759423557764444701e-01
3.785842552781105153e-01
3.736704681164179087e-01
3.839069188787386788e-01
3.863343161268111836e-01
3.820098227415329450e-01
3.929695612344986100e-01
3.834693025320004001e-01
3.838109466127860303e-01
3.877615428887880578e-01
3.904659652557128657e-01
3.808458968997001648e-01
3.852822104325661079e-01
3.801380287760343091e-01
3.857580736279487832e-01
3.745524098857855311e-01
3.931455173935645697e-01
3.888766334607051123e-01
3.750028773378103475e-01
3.853792634529945027e-01
3.901068980877215875e-01
3.804264541619863382e-01
3.865211095565404542e-01
3.820665732026100048e-01
3.864073767876013976e-01
3.865575059484213094e-01
3.923684192009461169e-01
3.815474139574246415e-01
3.821227463201070651e-01
3.765636554131140956e-01
3.784962617816069463e-01
3.783433617689670458e-01
3.801472924458674796e-01
3.933547313778828491e-01
3.895186642041573166e-01
3.737814806592770212e-01
3.726425317999644271e-01
3.856550854368087644e-01
3.753008467264664638e-01
3.800094048564250926e-01
3.801837779772587189e-01
3.813215838410915492e-01
3.774000680599456925e-01
3.792866493264834271e-01
3.819352897313925133e-01
3.854893169724024071e-01
3.851509677293973311e-01
3.815394261326545133e-01
3.759265073981040706e-01
3.844560862351686370e-01
3.862695771532180800e-01
3.793314884106318008e-01
3.760364977977214695e-01
3.871549787811743859e-01
3.791198605528244836e-01
3.777939778107863300e-01
3.758248847646590840e-01
3.792417330237535245e-01
3.715573619573544484e-01
3.766003009982598071e-01
3.795445213333154544e-01
3.834513036104348904e-01
3.851182394302808398e-01
3.807562865507908567e-01
3.780109146848703028e-01
3.864679327377906204e-01
3.792490350894439088e-01
3.707927171618510265e-01
3.849966317797318682e-01
3.766878308776097639e-01
3.849452106234355075e-01
3.787631815824752946e-01
3.782450877321071880e-01
3.761456648126626501e-01
3.754570810840680006e-01
3.878237195886098387e-01
3.844836082978126401e-01
3.825824209894889694e-01
3.885555976094343666e-01
3.834467706771997331e-01
3.818086372736173018e-01
3.823530466892780533e-01
3.768676511370218640e-01
3.785801195563414101e-01
3.830333506067594151e-01
3.826508552218094716e-01
3.866796935980136851e-01
3.787480995441094289e-01
3.900141771787252187e-01
3.876687086163422835e-01
3.738046212838246340e-01
3.812753202441411249e-01
3.770385047182058802e-01
3.810887205295073743e-01
3.759173308809598546e-01
3.683642659431848876e-01
3.764122242728868972e-01
3.700941495024240857e-01
3.737553721628127934e-01
3.795523964059658306e-01
3.785318024265460490e-01
3.892540589739114654e-01
3.813452060406024580e-01
3.683064504311635012e-01
3.798030518568479286e-01
3.790391672116059651e-01
3.844865435209030013e-01
3.685319209328064560e-01
3.830145260462394230e-01
3.839838924698340539e-01
3.796364892942782898e-01
3.797269779138076062e-01
3.854866672020691998e-01
3.837592206704311115e-01
3.893366138140360588e-01
3.815114228389202000e-01
3.811545572601832133e-01
3.784930974245071522e-01
3.778395256552940507e-01
3.755502833387790451e-01
3.780780491156455758e-01
3.760871236140911344e-01
3.821662311370556120e-01
3.723436101506917839e-01
3.828299922820849188e-01
3.806012806984094277e-01
3.817454422895725230e-01
3.787034417192141067e-01
3.831993571840799917e-01
3.797159756987522616e-01
3.845223520810787665e-01
3.784175072725002309e-01
3.672882679563302388e-01
3.756551666137499801e-01
3.750608114095834722e-01
3.761848274713907592e-01
3.835472295681635613e-01
3.792000703322581656e-01
3.773877572172727457e-01
3.746529741929127688e-01
3.778434093181903819e-01
3.810087341528672344e-01
3.809365975933197146e-01
3.799225536294472683e-01
3.734544784594804878e-01
3.752641302652848232e-01
3.740096400945614463e-01
3.823780794556324025e-01
3.802476979218996633e-01
3.717658051313498246e-01
3.747488172772603376e-01
3.763349776084606302e-01
3.796898138828766478e-01
3.792048218540656213e-01
3.828874090925241114e-01
3.762057500389905940e-01
3.706978323750007021e-01
3.779102771710126651e-01
3.747907469287896642e-01
3.727913833581484315e-01
3.844206978495304239e-01
3.766215415719227910e-01
3.861946133848948581e-01
3.810327274295000066e-01
3.843509790224906575e-01
3.759160946577023155e-01
3.709970736350768905e-01
3.786548092579230529e-01
3.775349293381740079e-01
3.748487042310910122e-01
3.852699904869764103e-01
3.707666065448369519e-01
3.735380024864123349e-01
3.797178761317179796e-01
3.754997447133064381e-01
3.819494085052074772e-01
3.798466367599291904e-01
3.792844154513799193e-01
3.781519813033250577e-01
3.743467186888059239e-01
3.657382982281537909e-01
3.815585396610773339e-01
3.792487547947810400e-01
3.827227575274614324e-01
3.769599413260435461e-01
3.773036093666003454e-01
3.792005235185990086e-01
3.796751124736590377e-01
3.704275171726177929e-01
3.681125511343662504e-01
3.739910741647084480e-01
3.774257264076135154e-01
3.676985370807158704e-01
3.717813593454850074e-01
3.773402623259104471e-01
3.822270239010835402e-01
3.764941184184489864e-01
3.684773715642782332e-01
3.742634302530533086e-01
3.658140115630932332e-01
3.758161628857636938e-01
3.802089061110447421e-01
3.756348917499566786e-01
3.773181737615511899e-01
3.786782312851685872e-01
3.723804031045008789e-01
3.686149520751757502e-01
3.773361988556690472e-01
3.769204952777960305e-01
3.688043903463926187e-01
3.739864627138162478e-01
3.710598503167812368e-01
3.816268484179790033e-01
3.828480416001417974e-01
3.752379343295708658e-01
3.763455710349938865e-01
3.825704133281340735e-01
3.702509277142010946e-01
3.740024219338710654e-01
3.680666107015732047e-01
3.676593792362090607e-01
3.792171758336898568e-01
3.717727690170972710e-01
3.733719851726140515e-01
3.882357623332586272e-01
3.706617740102303160e-01
3.789692717484938744e-01
3.735720807161086454e-01
3.763947463188415665e-01
3.803285909768862605e-01
3.627134331907981291e-01
3.752384284367928369e-01
3.754252438361828093e-01
3.687349769931573262e-01
3.696510361937376254e-01
3.793869012059309376e-01
3.700897159866797792e-01
3.769611571461726207e-01
3.723599567627295381e-01
3.735161166160534396e-01
3.680796984678659789e-01
3.655226407906947972e-01
3.745891815194716812e-01
3.702951247111345157e-01
3.703805475662916291e-01
3.837563735170241852e-01
3.706249660024276138e-01
3.657925164470305912e-01
3.780256123879017216e-01
3.737930128589654344e-01
3.716099414305809034e-01
3.769320143338961704e-01
3.747831100454697140e-01
3.777528076981886973e-01
3.647019869624040234e-01
3.773325679011834133e-01
3.647915676618233571e-01
3.722065452199715963e-01
3.750035384144538297e-01
3.777219032247861041e-01
3.807804424411211364e-01
3.702093668473072641e-01
3.684329490631054749e-01
3.752766653513296968e-01
3.749520049645350683e-01
3.710335947764225595e-01
3.714544067398095617e-01
3.649734041247612581e-01
3.726078639427820582e-01
3.687279811654335382e-01
3.717602569705400484e-01
3.734162700863984941e-01
3.651743117051247101e-01
3.720410645772249114e-01
3.800262463780549882e-01
3.697870108561638336e-01
3.704915020328301556e-01
3.680161083355927842e-01
3.738303955930930011e-01
3.730226112099794267e-01
3.712166062914408204e-01
3.712349261993017069e-01
3.834443360567093007e-01
3.578947533017549643e-01
3.783102177656613718e-01
3.744075652880546334e-01
3.742155665770555140e-01
3.671202524732321004e-01
3.759526755947333321e-01
3.652569761643043034e-01
3.738273411607130892e-01
3.753984881517214434e-01
3.679964485076757663e-01
3.733876960399823419e-01
3.684934532795197115e-01
3.723071797153888474e-01
3.689523271261117565e-01
3.774693719851665019e-01
3.744998270884538072e-01
3.746263339351385002e-01
3.791962586534328716e-01
3.699982143365420084e-01
3.699840703453773361e-01
3.723396807909011841e-01
3.672394350171089283e-01
3.640639922557732944e-01
3.666799349662585028e-01
3.635705620814592143e-01
3.747451897997122749e-01
3.710275190762984399e-01
3.727659847491826550e-01
3.757425075540175574e-01
3.744485248357821705e-01
3.694729596758500323e-01
3.711914298244011756e-01
3.722049454847971561e-01
3.733542342980702977e-01
3.744637325788155446e-01
3.772580885352232460e-01
3.721711236696976788e-01
3.738955901601375698e-01
3.698586127314811844e-01
3.691749888352858777e-01
3.742779390552105068e-01
3.703752612074216466e-01
3.627011219278359899e-01
3.703232229902194139e-01
3.685761729494119177e-01
3.633161255564444914e-01
3.676413935346480866e-01
3.686485964518326774e-01
3.725760096540817745e-01
3.653850171046379436e-01
3.782102299042237048e-01
3.735853298352314611e-01
3.757688053907492498e-01
3.723485066722601045e-01
3.727884256304838662e-01
3.698516947718766823e-01
3.693765594409062492e-01
3.708697390479919198e-01
3.736378351083168847e-01
3.722332933392279997e-01
3.646801222593356595e-01
3.690787126238529448e-01
3.621613898338415516e-01
3.772425201840889919e-01
3.650845069533739107e-01
3.743908762931823508e-01
3.640813943285208243e-01
3.690237451822329651e-01
3.658960948387781631e-01
3.757219030688970784e-01
3.651471345470501673e-01
3.743654083747129935e-01
3.661409721924708260e-01
3.641386687373503461e-01
3.807797140417955029e-01
3.681034112587953100e-01
3.715305470503293406e-01
3.752559292392853019e-01
3.770637491956735365e-01
3.729522390625415462e-01
3.658306328532023310e-01
3.658876646023530022e-01
3.645250842357293242e-01
3.695562036373676307e-01
3.776316113961048493e-01
3.747467464361435296e-01
3.714449339188062305e-01
3.659481687041429288e-01
3.668046109951459410e-01
3.748866887046740648e-01
3.788575559854507335e-01
3.688775412165201661e-01
3.693062755159842725e-01
3.719921015011958820e-01
3.633561094984030237e-01
3.716980606699601397e-01
3.707333794771096591e-01
3.729994306197533249e-01
3.669031240237065061e-01
3.672159734444740420e-01
3.733392204229648570e-01
3.678096974507356065e-01
3.644393069621844061e-01
3.729578820940775974e-01
3.720568843759023414e-01
3.730679533038384066e-01
3.770516644303615328e-01
3.616030823725920329e-01
3.666304606657762033e-01
3.636082559823989868e-01
3.757607097044969313e-01
3.696747165459852713e-01
3.731724359668218138e-01
3.585146133334208840e-01
3.661506890104367362e-01
3.619851548320207613e-01
3.707058268479812013e-01
3.746313545184257743e-01
3.724056885792658700e-01
3.718892732491860253e-01
3.810137904225251448e-01
3.678039213976798671e-01
3.554467220719044196e-01
3.719625159333913578e-01
3.683792787102552757e-01
3.656751601741863866e-01
3.707866160915447851e-01
3.633025466631620293e-01
3.676031271998698724e-01
3.685260346302619561e-01
3.698378210648512465e-01
3.810938297938077923e-01
3.735831031432518823e-01
3.658963922506723865e-01
3.591318028095440984e-01
3.634889932779165611e-01
3.716936092346142528e-01
3.691760266438508520e-01
3.690465292869469782e-01
3.690536603713646668e-01
3.697647134080911391e-01
3.751522243404999957e-01
3.696047774492166038e-01
3.743050097272946353e-01
3.655569000886036979e-01
3.743361844848364095e-01
3.700817157824834447e-01
3.642460321004574175e-01
3.735550107864233360e-01
3.742630730072657452e-01
3.691501469566271787e-01
3.673356184592613816e-01
3.655649795364110943e-01
3.704977343479792240e-01
3.667310339900163307e-01
3.702184409285202982e-01
3.681601539254188427e-01
3.682423049440750606e-01
3.711409423213738457e-01
3.755140582338357680e-01
3.705000096024611000e-01
3.659978950252899543e-01
3.750033179154763086e-01
3.710684480002293117e-01
3.763692045058959490e-01
3.714188651778759231e-01
3.632447968690823425e-01
3.635347791207142465e-01
3.657359477801200853e-01
3.635845279082273729e-01
3.697559498823606017e-01
3.696509682979339240e-01
3.635146819628202186e-01
3.738631203770637623e-01
3.653279826045036094e-01
3.727627528019440417e-01
3.688821553801878705e-01
3.586540353221771005e-01
3.581078619529039497e-01
3.683513071292485730e-01
3.676468566060066001e-01
3.713925848022485154e-01
3.694833834966023689e-01
3.630485662665122737e-01
3.535634746536230333e-01
3.625169644371057376e-01
3.695532331864039288e-01
3.641177911024827130e-01
3.647457479284360038e-01
3.595575938622156964e-01
3.703261091923102377e-01
3.630224790328588358e-01
3.723542425877008899e-01
3.730471523526387445e-01
3.676583779928011553e-01
3.687121140269132846e-01
3.709386420937684781e-01
3.661376931346379537e-01
3.615540732175875904e-01
3.680374737733449475e-01
3.700066449932563062e-01
3.705541419295164118e-01
3.725289338292219754e-01
3.619736828100986736e-01
3.662563100075110212e-01
3.749138530630331534e-01
3.664854375979839096e-01
3.668067718545595657e-01
3.624306117876981981e-01
3.682156451237507122e-01
