8.086302757263183594e+00
1.043714714050292969e+01
1.210849571228027344e+01
1.339571380615234375e+01
1.440228366851806641e+01
1.527904891967773438e+01
1.601600265502929688e+01
1.680983161926269531e+01
1.754343795776367188e+01
1.831996154785156250e+01
1.895861434936523438e+01
1.957853698730468750e+01
2.025545883178710938e+01
2.082989692687988281e+01
2.148416137695312500e+01
2.194979858398437500e+01
2.251168060302734375e+01
2.301677322387695312e+01
2.353632354736328125e+01
2.402315902709960938e+01
2.448293685913085938e+01
2.501316261291503906e+01
2.544618606567382812e+01
2.579865646362304688e+01
2.620683479309082031e+01
2.650040054321289062e+01
2.683823013305664062e+01
2.713146400451660156e+01
2.742260169982910156e+01
2.774133491516113281e+01
2.795174026489257812e+01
2.823333740234375000e+01
2.846109962463378906e+01
2.866711807250976562e+01
2.881564140319824219e+01
2.900297927856445312e+01
2.916208839416503906e+01
2.927651405334472656e+01
2.945547866821289062e+01
2.958229827880859375e+01
2.963148498535156250e+01
2.972757530212402344e+01
2.976411056518554688e+01
2.986079025268554688e+01
2.992164993286132812e+01
2.999180984497070312e+01
2.997576904296875000e+01
2.995953178405761719e+01
2.999305915832519531e+01
3.000316810607910156e+01
2.998384857177734375e+01
3.005062484741210938e+01
3.001680183410644531e+01
2.994026565551757812e+01
2.986178207397460938e+01
2.985638427734375000e+01
2.999057388305664062e+01
2.997020912170410156e+01
2.997661590576171875e+01
2.990952301025390625e+01
2.982221412658691406e+01
2.972705841064453125e+01
2.960110473632812500e+01
2.961528015136718750e+01
2.967102241516113281e+01
2.966051483154296875e+01
2.947172927856445312e+01
2.938969230651855469e+01
2.935057640075683594e+01
2.936082077026367188e+01
2.931118583679199219e+01
2.939149093627929688e+01
2.938336563110351562e+01
2.924433898925781250e+01
2.923233032226562500e+01
2.919269561767578125e+01
2.922688293457031250e+01
2.922450256347656250e+01
2.932952499389648438e+01
2.920948982238769531e+01
2.916252517700195312e+01
2.912277412414550781e+01
2.913716125488281250e+01
2.915107345581054688e+01
2.910842895507812500e+01
2.909307289123535156e+01
2.916271591186523438e+01
2.908064460754394531e+01
2.916780471801757812e+01
2.908285331726074219e+01
2.904717445373535156e+01
2.912105941772460938e+01
2.919432067871093750e+01
2.913748359680175781e+01
2.925656127929687500e+01
2.926263809204101562e+01
2.924231338500976562e+01
2.922323036193847656e+01
2.923707008361816406e+01
2.926445007324218750e+01
2.928341102600097656e+01
2.927194213867187500e+01
2.924506950378417969e+01
2.932971763610839844e+01
2.922129821777343750e+01
2.926078796386718750e+01
2.922531890869140625e+01
2.922306251525878906e+01
2.921069145202636719e+01
2.930859565734863281e+01
2.935009193420410156e+01
2.928017616271972656e+01
2.936206817626953125e+01
2.933493614196777344e+01
2.940966415405273438e+01
2.936381912231445312e+01
2.931030273437500000e+01
2.937902450561523438e+01
2.950090026855468750e+01
2.939584541320800781e+01
2.961531066894531250e+01
2.954717063903808594e+01
2.965173530578613281e+01
2.970523452758789062e+01
2.964518356323242188e+01
2.982205581665039062e+01
2.961300277709960938e+01
2.961549949645996094e+01
2.961852455139160156e+01
2.954377365112304688e+01
2.962725448608398438e+01
2.960219383239746094e+01
2.964921188354492188e+01
2.975332069396972656e+01
2.965419197082519531e+01
2.973554229736328125e+01
2.966747283935546875e+01
2.982435226440429688e+01
2.988872146606445312e+01
2.996843910217285156e+01
2.974962615966796875e+01
2.981940650939941406e+01
2.984697532653808594e+01
2.976612663269042969e+01
2.985630798339843750e+01
2.983480644226074219e+01
2.985116958618164062e+01
2.983194923400878906e+01
2.990254402160644531e+01
2.984340095520019531e+01
2.989819717407226562e+01
2.999840354919433594e+01
2.994633102416992188e+01
2.999052619934082031e+01
3.000488471984863281e+01
3.007637596130371094e+01
3.007635116577148438e+01
3.009007453918457031e+01
3.024255561828613281e+01
3.018517303466796875e+01
3.018986701965332031e+01
3.016192817687988281e+01
3.029405403137207031e+01
3.009848594665527344e+01
3.022603988647460938e+01
3.031967163085937500e+01
3.031703186035156250e+01
3.021819496154785156e+01
3.019665527343750000e+01
3.029689788818359375e+01
3.027009201049804688e+01
3.023733520507812500e+01
3.028783035278320312e+01
3.032991027832031250e+01
3.032422256469726562e+01
3.038892173767089844e+01
3.044943046569824219e+01
3.019049453735351562e+01
3.017016601562500000e+01
3.022649192810058594e+01
3.028857994079589844e+01
3.034707641601562500e+01
3.018634796142578125e+01
3.030257987976074219e+01
3.025159454345703125e+01
3.027404975891113281e+01
3.029634094238281250e+01
3.032234954833984375e+01
3.045519256591796875e+01
3.037788581848144531e+01
3.043264007568359375e+01
3.030750083923339844e+01
3.041213226318359375e+01
3.042138290405273438e+01
3.048929786682128906e+01
3.046808052062988281e+01
3.044809341430664062e+01
3.054091644287109375e+01
3.060853004455566406e+01
3.065578079223632812e+01
3.037992477416992188e+01
3.040326881408691406e+01
3.050782775878906250e+01
3.058404159545898438e+01
3.057321929931640625e+01
3.065271568298339844e+01
3.072496795654296875e+01
3.069147872924804688e+01
3.059972381591796875e+01
3.055944824218750000e+01
3.068593025207519531e+01
3.050999069213867188e+01
3.072458267211914062e+01
3.078882598876953125e+01
3.082840347290039062e+01
3.061923599243164062e+01
3.069445610046386719e+01
3.070989990234375000e+01
3.070631408691406250e+01
3.084858322143554688e+01
3.090598106384277344e+01
3.083613967895507812e+01
3.073139762878417969e+01
3.072612762451171875e+01
3.064987564086914062e+01
3.062138366699218750e+01
3.074895286560058594e+01
3.093709373474121094e+01
3.085744476318359375e+01
3.106084823608398438e+01
3.108095169067382812e+01
3.093127250671386719e+01
3.114539718627929688e+01
3.121206474304199219e+01
3.106184768676757812e+01
3.108234596252441406e+01
3.107700920104980469e+01
3.111706924438476562e+01
3.105798149108886719e+01
3.112609100341796875e+01
3.110343933105468750e+01
3.099668502807617188e+01
3.104731369018554688e+01
3.106770706176757812e+01
3.091359138488769531e+01
3.089937591552734375e+01
3.089827728271484375e+01
3.106061172485351562e+01
3.098637771606445312e+01
3.103171730041503906e+01
3.096286773681640625e+01
3.111791610717773438e+01
3.108469581604003906e+01
3.129981422424316406e+01
3.115154266357421875e+01
3.109421920776367188e+01
3.114450645446777344e+01
3.124547195434570312e+01
3.131285858154296875e+01
3.132830429077148438e+01
3.124313354492187500e+01
3.132513046264648438e+01
3.144773483276367188e+01
3.143986129760742188e+01
3.134230804443359375e+01
3.140862274169921875e+01
3.130162429809570312e+01
3.140920639038085938e+01
3.146195793151855469e+01
3.158853149414062500e+01
3.147023963928222656e+01
3.145209503173828125e+01
3.139398956298828125e+01
3.151910209655761719e+01
3.137073135375976562e+01
3.135603523254394531e+01
3.130920791625976562e+01
3.133192825317382812e+01
3.139309120178222656e+01
3.140344238281250000e+01
3.153333282470703125e+01
3.162123107910156250e+01
3.133294677734375000e+01
3.138574981689453125e+01
3.147660255432128906e+01
3.153519439697265625e+01
3.154530525207519531e+01
3.147007942199707031e+01
3.140288543701171875e+01
3.136219406127929688e+01
3.149139022827148438e+01
3.146844482421875000e+01
3.135297775268554688e+01
3.143431663513183594e+01
3.156360054016113281e+01
3.164678955078125000e+01
3.178623390197753906e+01
3.190401077270507812e+01
3.183048248291015625e+01
3.183413314819335938e+01
3.189467048645019531e+01
3.175863838195800781e+01
3.201527023315429688e+01
3.196884346008300781e+01
3.194391632080078125e+01
3.187796974182128906e+01
3.187184524536132812e+01
3.197879409790039062e+01
3.202036285400390625e+01
3.192224693298339844e+01
3.197377204895019531e+01
3.186857795715332031e+01
3.192641067504882812e+01
3.184778213500976562e+01
3.190948104858398438e+01
3.180885314941406250e+01
3.192873382568359375e+01
3.186958122253417969e+01
3.183921623229980469e+01
3.191744995117187500e+01
3.203208160400390625e+01
3.182660484313964844e+01
3.179177093505859375e+01
3.168390274047851562e+01
3.165823173522949219e+01
3.163771629333496094e+01
3.183244514465332031e+01
3.179265213012695312e+01
3.187938117980957031e+01
3.184919357299804688e+01
3.179578208923339844e+01
3.210583496093750000e+01
3.202605438232421875e+01
3.193668556213378906e+01
3.201559448242187500e+01
3.204080200195312500e+01
3.196281623840332031e+01
3.199377059936523438e+01
3.203639221191406250e+01
3.214601135253906250e+01
3.213418197631835938e+01
3.217806243896484375e+01
3.207215881347656250e+01
3.210739898681640625e+01
3.207198333740234375e+01
3.212371063232421875e+01
3.220527648925781250e+01
3.233526992797851562e+01
3.226450347900390625e+01
3.241074371337890625e+01
3.232624816894531250e+01
3.244231414794921875e+01
3.224295425415039062e+01
3.225931549072265625e+01
3.225450897216796875e+01
3.213064193725585938e+01
3.213263702392578125e+01
3.197127151489257812e+01
3.194126319885253906e+01
3.217961502075195312e+01
3.219864654541015625e+01
3.231423950195312500e+01
3.232729721069335938e+01
3.228060150146484375e+01
3.235350799560546875e+01
3.233511352539062500e+01
3.222655487060546875e+01
3.239632415771484375e+01
3.240072631835937500e+01
3.245285797119140625e+01
3.251011657714843750e+01
3.230484771728515625e+01
3.242557525634765625e+01
3.241815185546875000e+01
3.252182006835937500e+01
3.239556503295898438e+01
3.243685531616210938e+01
3.238672637939453125e+01
3.259970474243164062e+01
3.252832794189453125e+01
3.263922500610351562e+01
3.253878784179687500e+01
3.256132888793945312e+01
3.244325256347656250e+01
3.235754394531250000e+01
3.243426132202148438e+01
3.246417236328125000e+01
3.233772277832031250e+01
3.236400222778320312e+01
3.228020477294921875e+01
3.226576232910156250e+01
3.232137680053710938e+01
3.241767501831054688e+01
3.254471206665039062e+01
3.241793441772460938e+01
3.252953338623046875e+01
3.269949722290039062e+01
3.250489425659179688e+01
3.249045181274414062e+01
3.257991790771484375e+01
3.243118667602539062e+01
3.246070861816406250e+01
3.230610656738281250e+01
3.243044281005859375e+01
3.240744018554687500e+01
3.246781158447265625e+01
3.267081451416015625e+01
3.266307830810546875e+01
3.271574401855468750e+01
3.247930908203125000e+01
3.257373428344726562e+01
3.256222152709960938e+01
3.244898223876953125e+01
3.255279922485351562e+01
3.238685607910156250e+01
3.260614776611328125e+01
3.263040924072265625e+01
3.263080596923828125e+01
3.269956970214843750e+01
3.282612609863281250e+01
3.270474243164062500e+01
3.268721771240234375e+01
3.301715087890625000e+01
3.301661682128906250e+01
3.299993515014648438e+01
3.286676025390625000e+01
3.275310897827148438e+01
3.266873168945312500e+01
3.274312591552734375e+01
3.266182708740234375e+01
3.270229339599609375e+01
3.284817504882812500e+01
3.272035217285156250e+01
3.276236343383789062e+01
3.285202407836914062e+01
3.302404022216796875e+01
3.302792739868164062e+01
3.302285385131835938e+01
3.295906829833984375e+01
3.299619293212890625e+01
3.311339187622070312e+01
3.308007431030273438e+01
3.304951858520507812e+01
3.296984100341796875e+01
3.286245346069335938e+01
3.310408401489257812e+01
3.297022247314453125e+01
3.299060058593750000e+01
3.289871978759765625e+01
3.301964187622070312e+01
3.312021636962890625e+01
3.304905319213867188e+01
3.303632354736328125e+01
3.291931915283203125e+01
3.295950317382812500e+01
3.304636001586914062e+01
3.318078613281250000e+01
3.333267974853515625e+01
3.314882659912109375e+01
3.323121643066406250e+01
3.315234375000000000e+01
3.322355270385742188e+01
3.317652511596679688e+01
3.318051147460937500e+01
3.316513061523437500e+01
3.320949554443359375e+01
3.314676284790039062e+01
3.310819244384765625e+01
3.320968246459960938e+01
3.305501174926757812e+01
3.310165405273437500e+01
3.301313781738281250e+01
3.304681015014648438e+01
3.320112991333007812e+01
3.311444473266601562e+01
3.301148986816406250e+01
3.310458374023437500e+01
3.291446304321289062e+01
3.308718490600585938e+01
3.299161148071289062e+01
3.302320861816406250e+01
3.291387176513671875e+01
3.299703216552734375e+01
3.310498809814453125e+01
3.302546691894531250e+01
3.304096603393554688e+01
3.305706024169921875e+01
3.290917968750000000e+01
3.311727142333984375e+01
3.282207870483398438e+01
3.295097732543945312e+01
3.298406600952148438e+01
3.306449508666992188e+01
3.309292984008789062e+01
3.297732543945312500e+01
3.297224426269531250e+01
3.294905853271484375e+01
3.289036560058593750e+01
3.282487487792968750e+01
3.288648223876953125e+01
3.281354522705078125e+01
3.296718215942382812e+01
3.290549850463867188e+01
3.298606872558593750e+01
3.287279510498046875e+01
3.299531555175781250e+01
3.299256896972656250e+01
3.314975738525390625e+01
3.310856628417968750e+01
3.316201019287109375e+01
3.312938690185546875e+01
3.303623962402343750e+01
3.292025756835937500e+01
3.279705047607421875e+01
3.278392791748046875e+01
3.274824142456054688e+01
3.289956665039062500e+01
3.295870208740234375e+01
3.283928298950195312e+01
3.293310928344726562e+01
3.285481262207031250e+01
3.275504302978515625e+01
3.278928375244140625e+01
3.270088195800781250e+01
3.289773559570312500e+01
3.283108520507812500e+01
3.296484756469726562e+01
3.309604644775390625e+01
3.291807174682617188e+01
3.291671371459960938e+01
3.296644592285156250e+01
3.286334228515625000e+01
3.274308776855468750e+01
3.280105590820312500e+01
3.286170578002929688e+01
3.264915466308593750e+01
3.269372177124023438e+01
3.278826141357421875e+01
3.274584197998046875e+01
3.285978698730468750e+01
3.288393020629882812e+01
3.297962188720703125e+01
3.292777252197265625e+01
3.294741821289062500e+01
3.272327423095703125e+01
3.271918869018554688e+01
3.275914001464843750e+01
3.296325683593750000e+01
3.281788635253906250e+01
3.302509689331054688e+01
3.300117492675781250e+01
3.284363555908203125e+01
3.287118530273437500e+01
3.273189163208007812e+01
3.281658172607421875e+01
3.282089996337890625e+01
3.268640899658203125e+01
3.260955810546875000e+01
3.254253387451171875e+01
3.252313232421875000e+01
3.253703308105468750e+01
3.258273315429687500e+01
3.266867446899414062e+01
3.266185760498046875e+01
3.240795898437500000e+01
3.248171997070312500e+01
3.235453033447265625e+01
3.232149124145507812e+01
3.256502151489257812e+01
3.253094100952148438e+01
3.231411361694335938e+01
3.249898147583007812e+01
3.228524780273437500e+01
3.262913513183593750e+01
3.252849960327148438e+01
3.257040786743164062e+01
3.279886245727539062e+01
3.267103576660156250e+01
3.266649627685546875e+01
3.267887115478515625e+01
3.289181518554687500e+01
3.280615997314453125e+01
3.278895568847656250e+01
3.287385177612304688e+01
3.280423736572265625e+01
3.296620941162109375e+01
3.287037658691406250e+01
3.273938751220703125e+01
3.274386596679687500e+01
3.277996063232421875e+01
3.282933807373046875e+01
3.278944015502929688e+01
3.283677673339843750e+01
3.268799591064453125e+01
3.292343139648437500e+01
3.284529876708984375e+01
3.274675750732421875e+01
3.267029571533203125e+01
3.266643905639648438e+01
3.272595977783203125e+01
3.262592315673828125e+01
3.271303558349609375e+01
3.274557113647460938e+01
3.263392257690429688e+01
3.276379394531250000e+01
3.259005737304687500e+01
3.273197555541992188e+01
3.263731384277343750e+01
3.271514892578125000e+01
3.273574066162109375e+01
3.266996002197265625e+01
3.271592712402343750e+01
3.262893295288085938e+01
3.254916381835937500e+01
3.262154769897460938e+01
3.234892654418945312e+01
3.235865783691406250e+01
3.244564056396484375e+01
3.245617294311523438e+01
3.264605712890625000e+01
3.254516601562500000e+01
3.269681549072265625e+01
3.273238372802734375e+01
3.275362777709960938e+01
3.288577270507812500e+01
3.284526062011718750e+01
3.272390747070312500e+01
3.281956100463867188e+01
3.276686477661132812e+01
3.270587158203125000e+01
3.245893859863281250e+01
3.258185195922851562e+01
3.277726364135742188e+01
3.257843399047851562e+01
3.270761108398437500e+01
3.250757217407226562e+01
3.268385314941406250e+01
3.269065856933593750e+01
3.282717514038085938e+01
3.295725250244140625e+01
3.293736267089843750e+01
3.284597396850585938e+01
3.311320495605468750e+01
3.280152130126953125e+01
3.273229980468750000e+01
3.263380432128906250e+01
3.255963516235351562e+01
3.267644500732421875e+01
3.286994934082031250e+01
3.300206756591796875e+01
3.308677673339843750e+01
3.289358901977539062e+01
3.304776000976562500e+01
3.316275787353515625e+01
3.301148223876953125e+01
3.295440673828125000e+01
3.286107254028320312e+01
3.271878814697265625e+01
3.278028106689453125e+01
3.287219619750976562e+01
3.289740753173828125e+01
3.301823425292968750e+01
3.302439880371093750e+01
3.321926879882812500e+01
3.308245849609375000e+01
3.291717910766601562e+01
3.301643371582031250e+01
3.300532913208007812e+01
3.300823211669921875e+01
3.300716018676757812e+01
3.311926269531250000e+01
3.316922760009765625e+01
3.287849807739257812e+01
3.299223327636718750e+01
3.297768402099609375e+01
3.295085906982421875e+01
3.293957519531250000e+01
3.312844085693359375e+01
3.304920196533203125e+01
3.284133911132812500e+01
3.279233932495117188e+01
3.287786865234375000e+01
3.287753295898437500e+01
3.276561737060546875e+01
3.284844589233398438e+01
3.275167083740234375e+01
3.266825866699218750e+01
3.274805831909179688e+01
3.261296081542968750e+01
3.271007156372070312e+01
3.272287368774414062e+01
3.277288055419921875e+01
3.293881225585937500e+01
3.301983261108398438e+01
3.278008270263671875e+01
3.260291290283203125e+01
3.274442672729492188e+01
3.271047592163085938e+01
3.272072219848632812e+01
3.254866027832031250e+01
3.254737472534179688e+01
3.267917251586914062e+01
3.252512359619140625e+01
3.269313049316406250e+01
3.267792129516601562e+01
3.252329254150390625e+01
3.269930267333984375e+01
3.264551544189453125e+01
3.279608154296875000e+01
3.278751754760742188e+01
3.280822372436523438e+01
3.275909423828125000e+01
3.293836975097656250e+01
3.276084899902343750e+01
3.269195938110351562e+01
3.284610748291015625e+01
3.268790054321289062e+01
3.263010406494140625e+01
3.285418319702148438e+01
3.281330490112304688e+01
3.251858901977539062e+01
3.261867141723632812e+01
3.249015808105468750e+01
3.257982254028320312e+01
3.259635925292968750e+01
3.253071594238281250e+01
3.244409942626953125e+01
3.253738403320312500e+01
3.263927078247070312e+01
3.253191375732421875e+01
3.270200729370117188e+01
3.276271820068359375e+01
3.283599853515625000e+01
3.273816299438476562e+01
3.286214447021484375e+01
3.268373870849609375e+01
3.266599273681640625e+01
3.276059722900390625e+01
3.265034484863281250e+01
3.264416122436523438e+01
3.258850097656250000e+01
3.271195220947265625e+01
3.303373718261718750e+01
3.301868057250976562e+01
3.284066772460937500e+01
3.292752838134765625e+01
3.275978851318359375e+01
3.290716552734375000e+01
3.282083129882812500e+01
3.277617263793945312e+01
3.292565155029296875e+01
3.289502716064453125e+01
3.308758544921875000e+01
3.294769287109375000e+01
3.300443267822265625e+01
3.296242523193359375e+01
3.307690429687500000e+01
3.298255157470703125e+01
3.313349151611328125e+01
3.315536880493164062e+01
3.309866714477539062e+01
3.324542617797851562e+01
3.311229324340820312e+01
3.307364654541015625e+01
3.297216033935546875e+01
3.297459030151367188e+01
3.319432067871093750e+01
3.301242065429687500e+01
3.285924530029296875e+01
3.292789459228515625e+01
3.298464202880859375e+01
3.300305175781250000e+01
3.292239761352539062e+01
3.321350479125976562e+01
3.318188476562500000e+01
3.324343109130859375e+01
3.344416809082031250e+01
3.313404083251953125e+01
3.310591888427734375e+01
3.310635375976562500e+01
3.307819366455078125e+01
3.317007064819335938e+01
3.314711761474609375e+01
3.316156387329101562e+01
3.328718948364257812e+01
3.310536193847656250e+01
3.301585388183593750e+01
3.322586059570312500e+01
3.329402923583984375e+01
3.334484100341796875e+01
3.324474334716796875e+01
3.334641647338867188e+01
3.348061370849609375e+01
3.316543960571289062e+01
3.314004516601562500e+01
3.314189910888671875e+01
3.301823043823242188e+01
3.302276229858398438e+01
3.323532104492187500e+01
3.313667678833007812e+01
3.321099090576171875e+01
3.326229476928710938e+01
3.334207153320312500e+01
3.308264923095703125e+01
3.299782180786132812e+01
3.327109527587890625e+01
3.323746490478515625e+01
3.320977401733398438e+01
3.317453765869140625e+01
3.318909072875976562e+01
3.311288833618164062e+01
3.310215377807617188e+01
3.314436340332031250e+01
3.328199768066406250e+01
3.321018218994140625e+01
3.325313186645507812e+01
3.319950866699218750e+01
3.305365753173828125e+01
3.302474212646484375e+01
3.316309356689453125e+01
3.303400421142578125e+01
3.304504394531250000e+01
3.298461914062500000e+01
3.316171264648437500e+01
3.305145263671875000e+01
3.303136062622070312e+01
3.297761535644531250e+01
3.312492752075195312e+01
3.326181793212890625e+01
3.327920532226562500e+01
3.317296600341796875e+01
3.323023986816406250e+01
3.330562973022460938e+01
3.316689300537109375e+01
3.324911499023437500e+01
3.314312362670898438e+01
3.315376281738281250e+01
3.316444396972656250e+01
3.293306350708007812e+01
3.296353530883789062e+01
3.284038925170898438e+01
3.272720718383789062e+01
3.293763732910156250e+01
3.281700134277343750e+01
3.284302139282226562e+01
3.285951232910156250e+01
3.283592605590820312e+01
3.305673217773437500e+01
3.287557601928710938e+01
3.308564758300781250e+01
3.288043975830078125e+01
3.290704727172851562e+01
3.311563110351562500e+01
3.308077621459960938e+01
3.310366058349609375e+01
3.298390960693359375e+01
3.318062591552734375e+01
3.316111755371093750e+01
3.306362533569335938e+01
3.318518066406250000e+01
3.326920318603515625e+01
3.325965881347656250e+01
3.324093246459960938e+01
3.316174316406250000e+01
3.315077209472656250e+01
3.307532501220703125e+01
3.310067749023437500e+01
3.317118453979492188e+01
3.327136230468750000e+01
3.326836395263671875e+01
3.322612380981445312e+01
3.321921539306640625e+01
3.320040130615234375e+01
3.323179626464843750e+01
3.312440109252929688e+01
3.306061553955078125e+01
3.317742156982421875e+01
3.323387145996093750e+01
3.313748931884765625e+01
3.317654418945312500e+01
3.293212127685546875e+01
3.281358718872070312e+01
3.287378692626953125e+01
3.274634552001953125e+01
3.294824218750000000e+01
3.303545379638671875e+01
3.304990005493164062e+01
3.302919769287109375e+01
3.316976928710937500e+01
3.318180847167968750e+01
3.316331100463867188e+01
3.305207824707031250e+01
3.309914398193359375e+01
3.328128433227539062e+01
3.320823669433593750e+01
3.326553344726562500e+01
3.328281402587890625e+01
3.327112579345703125e+01
3.315459442138671875e+01
3.323780059814453125e+01
3.308923721313476562e+01
3.318870544433593750e+01
3.327840423583984375e+01
3.293167877197265625e+01
3.270348739624023438e+01
3.283263397216796875e+01
3.279718017578125000e+01
3.286677932739257812e+01
3.284955215454101562e+01
3.286595153808593750e+01
3.270499801635742188e+01
3.263851165771484375e+01
3.273503494262695312e+01
3.281420898437500000e+01
3.287505340576171875e+01
3.281975173950195312e+01
3.281751251220703125e+01
3.287477493286132812e+01
3.267218780517578125e+01
3.279953002929687500e+01
3.267613983154296875e+01
3.278620529174804688e+01
3.286312866210937500e+01
3.272981262207031250e+01
3.279803085327148438e+01
3.283525085449218750e+01
3.277977752685546875e+01
3.281856918334960938e+01
3.283462142944335938e+01
3.290923309326171875e+01
3.297335052490234375e+01
3.269152450561523438e+01
3.269151306152343750e+01
3.283019256591796875e+01
3.288800811767578125e+01
3.284958648681640625e+01
3.274938201904296875e+01
3.273809051513671875e+01
3.277101898193359375e+01
3.276296997070312500e+01
3.265451812744140625e+01
3.288423156738281250e+01
3.274621582031250000e+01
3.281428527832031250e+01
3.281228637695312500e+01
3.263597869873046875e+01
3.257730865478515625e+01
3.263827514648437500e+01
3.265532302856445312e+01
3.260581207275390625e+01
3.270148849487304688e+01
3.260862731933593750e+01
3.269774627685546875e+01
3.255953216552734375e+01
3.253384017944335938e+01
3.253063201904296875e+01
3.248570251464843750e+01
3.254152679443359375e+01
3.262499237060546875e+01
3.246635818481445312e+01
3.261001968383789062e+01
3.259001922607421875e+01
3.268891906738281250e+01
3.268819046020507812e+01
3.257876586914062500e+01
3.258499145507812500e+01
3.265858459472656250e+01
3.262764358520507812e+01
3.251543426513671875e+01
3.268405914306640625e+01
3.261241149902343750e+01
3.256681060791015625e+01
3.285766220092773438e+01
3.283023834228515625e+01
3.284487152099609375e+01
3.271095275878906250e+01
3.289350128173828125e+01
3.267344665527343750e+01
3.271941375732421875e+01
3.281538391113281250e+01
3.280096817016601562e+01
3.282343673706054688e+01
3.282200622558593750e+01
3.290870666503906250e+01
3.298995971679687500e+01
3.305329513549804688e+01
3.294223785400390625e+01
3.280789184570312500e+01
3.267389678955078125e+01
3.265673828125000000e+01
3.260832977294921875e+01
3.245514678955078125e+01
3.255908203125000000e+01
3.265236663818359375e+01
3.252291107177734375e+01
3.255234146118164062e+01
3.278818130493164062e+01
3.255369567871093750e+01
3.240087890625000000e+01
3.238114547729492188e+01
3.223621368408203125e+01
3.229415130615234375e+01
3.238790130615234375e+01
3.235684585571289062e+01
3.249015808105468750e+01
3.243900299072265625e+01
3.247702026367187500e+01
3.242658615112304688e+01
3.263607788085937500e+01
3.255504608154296875e+01
3.238184356689453125e+01
3.250600433349609375e+01
3.245301818847656250e+01
3.251548385620117188e+01
3.246221160888671875e+01
3.250411987304687500e+01
3.247515106201171875e+01
3.241522216796875000e+01
3.245273590087890625e+01
3.230647277832031250e+01
3.225468444824218750e+01
3.223872375488281250e+01
3.230485534667968750e+01
3.234883117675781250e+01
3.239796829223632812e+01
3.238956451416015625e+01
3.240297698974609375e+01
3.229970550537109375e+01
3.232447433471679688e+01
3.220638275146484375e+01
3.219875717163085938e+01
3.218785858154296875e+01
3.232223129272460938e+01
3.219035720825195312e+01
3.223851776123046875e+01
3.223246383666992188e+01
3.210800933837890625e+01
3.209549331665039062e+01
3.238486480712890625e+01
3.212673187255859375e+01
3.233725357055664062e+01
3.224924087524414062e+01
3.207367706298828125e+01
3.209664916992187500e+01
3.205107879638671875e+01
3.220992279052734375e+01
3.211963653564453125e+01
3.228238296508789062e+01
3.211421966552734375e+01
3.223516464233398438e+01
3.229914093017578125e+01
3.228121185302734375e+01
3.240926361083984375e+01
3.238230514526367188e+01
3.231575775146484375e+01
3.217528915405273438e+01
3.218359375000000000e+01
3.222619628906250000e+01
3.210195159912109375e+01
3.192080307006835938e+01
3.199576187133789062e+01
3.208768463134765625e+01
3.200763320922851562e+01
3.223055267333984375e+01
3.226885223388671875e+01
3.223616790771484375e+01
3.228833007812500000e+01
3.198394775390625000e+01
3.199199485778808594e+01
3.191245841979980469e+01
3.197996330261230469e+01
3.203996658325195312e+01
3.196670913696289062e+01
3.207479476928710938e+01
3.208230590820312500e+01
3.212123870849609375e+01
3.225794219970703125e+01
3.217214965820312500e+01
3.211605453491210938e+01
3.191569137573242188e+01
3.202469253540039062e+01
3.198906898498535156e+01
3.206904220581054688e+01
3.200722503662109375e+01
3.198582267761230469e+01
3.203176498413085938e+01
3.209924316406250000e+01
3.216918945312500000e+01
3.212542724609375000e+01
3.207714462280273438e+01
3.216192626953125000e+01
3.195950508117675781e+01
3.202803802490234375e+01
3.206415557861328125e+01
3.211384582519531250e+01
3.224292373657226562e+01
3.225452423095703125e+01
3.231079101562500000e+01
3.232990264892578125e+01
3.235796356201171875e+01
3.213719940185546875e+01
3.232540893554687500e+01
3.216834259033203125e+01
3.228913497924804688e+01
3.211618804931640625e+01
3.214455795288085938e+01
3.204282379150390625e+01
3.200216674804687500e+01
3.214808654785156250e+01
3.235845184326171875e+01
3.219316864013671875e+01
3.235430908203125000e+01
3.236641311645507812e+01
3.232682800292968750e+01
3.219318771362304688e+01
3.234424591064453125e+01
3.230595779418945312e+01
3.235267257690429688e+01
3.203874206542968750e+01
3.206066131591796875e+01
3.224609375000000000e+01
3.215741729736328125e+01
3.217965698242187500e+01
3.215564346313476562e+01
3.219425582885742188e+01
3.222327423095703125e+01
3.203616333007812500e+01
3.210856628417968750e+01
3.226135253906250000e+01
3.226686096191406250e+01
3.214710617065429688e+01
3.222013854980468750e+01
3.225588989257812500e+01
3.209583282470703125e+01
3.203699874877929688e+01
3.216381072998046875e+01
3.217030334472656250e+01
3.235425567626953125e+01
3.228447341918945312e+01
3.228373718261718750e+01
3.225846099853515625e+01
3.208194732666015625e+01
3.214794921875000000e+01
3.217677688598632812e+01
3.204347229003906250e+01
3.203034210205078125e+01
3.198275756835937500e+01
3.188676071166992188e+01
3.187308883666992188e+01
3.213982391357421875e+01
3.209710693359375000e+01
3.224834442138671875e+01
3.202838897705078125e+01
3.212389373779296875e+01
3.205973815917968750e+01
3.209828567504882812e+01
3.208602142333984375e+01
3.206718444824218750e+01
3.215044784545898438e+01
3.210781097412109375e+01
3.211459732055664062e+01
3.214915466308593750e+01
3.231634521484375000e+01
3.219992065429687500e+01
3.229795455932617188e+01
3.246706390380859375e+01
3.238885498046875000e+01
3.231657028198242188e+01
3.230687332153320312e+01
3.222486877441406250e+01
3.225533294677734375e+01
3.212024688720703125e+01
3.231183242797851562e+01
3.225299835205078125e+01
3.241245269775390625e+01
3.216614532470703125e+01
3.220663452148437500e+01
3.208834075927734375e+01
3.210969161987304688e+01
3.219892501831054688e+01
3.218799209594726562e+01
3.226676177978515625e+01
3.221179580688476562e+01
3.237591171264648438e+01
3.244766998291015625e+01
3.265128326416015625e+01
3.269853210449218750e+01
3.261293029785156250e+01
3.257588195800781250e+01
3.260597229003906250e+01
3.242768859863281250e+01
3.235839080810546875e+01
3.223280334472656250e+01
3.216695785522460938e+01
3.223792266845703125e+01
3.217181396484375000e+01
3.198879241943359375e+01
3.204948425292968750e+01
3.202588653564453125e+01
3.208587646484375000e+01
3.198780059814453125e+01
3.195249366760253906e+01
3.208012771606445312e+01
3.189184188842773438e+01
3.214265060424804688e+01
3.189862442016601562e+01
3.191206932067871094e+01
3.194870376586914062e+01
3.199047851562500000e+01
3.210870742797851562e+01
3.211112976074218750e+01
3.202071380615234375e+01
3.202879714965820312e+01
3.216861343383789062e+01
3.207951354980468750e+01
3.207405090332031250e+01
3.219088745117187500e+01
3.196211242675781250e+01
3.184123992919921875e+01
3.190224075317382812e+01
3.206123733520507812e+01
3.197960662841796875e+01
3.204383087158203125e+01
3.210256195068359375e+01
3.199522209167480469e+01
3.195313835144042969e+01
3.195049667358398438e+01
3.201000976562500000e+01
3.200534820556640625e+01
3.189105415344238281e+01
3.188447189331054688e+01
3.197189903259277344e+01
3.195748519897460938e+01
3.210728073120117188e+01
3.194266128540039062e+01
3.196085739135742188e+01
3.200113296508789062e+01
3.221435928344726562e+01
3.209881210327148438e+01
3.205255126953125000e+01
3.195355606079101562e+01
3.193340301513671875e+01
3.172693443298339844e+01
3.185762786865234375e+01
3.187623405456542969e+01
3.189841651916503906e+01
3.192933654785156250e+01
3.203847885131835938e+01
3.220330047607421875e+01
3.215360641479492188e+01
3.225501251220703125e+01
3.233115768432617188e+01
3.217098999023437500e+01
3.216402435302734375e+01
3.214274597167968750e+01
3.225376892089843750e+01
3.225837326049804688e+01
3.235717773437500000e+01
3.232474899291992188e+01
3.217333984375000000e+01
3.216116333007812500e+01
3.210473632812500000e+01
3.209600067138671875e+01
3.212059020996093750e+01
3.222381591796875000e+01
3.240372467041015625e+01
3.227790451049804688e+01
3.234955596923828125e+01
3.211759185791015625e+01
3.200632858276367188e+01
3.205932998657226562e+01
3.189195823669433594e+01
3.209604644775390625e+01
3.220822143554687500e+01
3.200122833251953125e+01
3.196759796142578125e+01
3.180303573608398438e+01
3.185030364990234375e+01
3.194605827331542969e+01
3.201759338378906250e+01
3.197328376770019531e+01
3.212151718139648438e+01
3.185153770446777344e+01
3.191932106018066406e+01
3.182819747924804688e+01
3.205045318603515625e+01
3.215293884277343750e+01
3.202205276489257812e+01
3.191307067871093750e+01
3.196440124511718750e+01
3.195577812194824219e+01
3.179063415527343750e+01
3.186292076110839844e+01
3.198152351379394531e+01
3.181162261962890625e+01
3.182238388061523438e+01
3.185634994506835938e+01
3.189153099060058594e+01
3.190900802612304688e+01
3.176565170288085938e+01
3.181108856201171875e+01
3.172062492370605469e+01
3.185833740234375000e+01
3.177947807312011719e+01
3.172744560241699219e+01
3.173497772216796875e+01
3.182048034667968750e+01
3.209220886230468750e+01
3.187770652770996094e+01
3.185385322570800781e+01
3.189987182617187500e+01
3.187400817871093750e+01
3.196627616882324219e+01
3.191004943847656250e+01
3.186309051513671875e+01
3.178556442260742188e+01
3.185726737976074219e+01
3.181435966491699219e+01
3.183652305603027344e+01
3.174468421936035156e+01
3.180068588256835938e+01
3.164120101928710938e+01
3.161595726013183594e+01
3.158609008789062500e+01
3.165086364746093750e+01
3.151396179199218750e+01
3.143948173522949219e+01
3.157257843017578125e+01
3.183562088012695312e+01
3.167058753967285156e+01
3.171946907043457031e+01
3.191491317749023438e+01
3.192859268188476562e+01
3.203090667724609375e+01
3.193707275390625000e+01
3.196165847778320312e+01
3.192795181274414062e+01
3.183762359619140625e+01
3.203178405761718750e+01
3.194952011108398438e+01
3.192964363098144531e+01
3.176380348205566406e+01
3.183558845520019531e+01
3.191484451293945312e+01
3.200392150878906250e+01
3.198631668090820312e+01
3.195086288452148438e+01
3.223376464843750000e+01
3.178513336181640625e+01
3.178732681274414062e+01
3.169494247436523438e+01
3.173513031005859375e+01
3.170391464233398438e+01
3.167891311645507812e+01
3.169041442871093750e+01
3.171042060852050781e+01
3.175990295410156250e+01
3.179888916015625000e+01
3.171486282348632812e+01
3.170283126831054688e+01
3.178660392761230469e+01
3.187411880493164062e+01
3.195031929016113281e+01
3.169553375244140625e+01
3.172141075134277344e+01
3.163301849365234375e+01
3.163400650024414062e+01
3.154846191406250000e+01
3.163301849365234375e+01
3.169330596923828125e+01
3.159360504150390625e+01
3.173726654052734375e+01
3.179668807983398438e+01
3.168601226806640625e+01
3.190665435791015625e+01
3.191404342651367188e+01
3.201463699340820312e+01
3.199758148193359375e+01
3.181060028076171875e+01
3.198371696472167969e+01
3.191396331787109375e+01
3.168135643005371094e+01
3.179495620727539062e+01
3.177054214477539062e+01
3.184411621093750000e+01
3.200062179565429688e+01
3.189810562133789062e+01
3.200004577636718750e+01
3.174488067626953125e+01
3.187707328796386719e+01
3.191096115112304688e+01
3.189237976074218750e+01
3.176667785644531250e+01
3.206737518310546875e+01
3.191481208801269531e+01
3.192453002929687500e+01
3.190071105957031250e+01
3.186444473266601562e+01
3.170839691162109375e+01
3.177769088745117188e+01
3.178836059570312500e+01
3.197474098205566406e+01
3.183639526367187500e+01
3.199903488159179688e+01
3.202284240722656250e+01
3.203448104858398438e+01
3.207978439331054688e+01
3.193642234802246094e+01
3.195844268798828125e+01
3.190292739868164062e+01
3.185488128662109375e+01
3.181702232360839844e+01
3.195030975341796875e+01
3.200566101074218750e+01
3.205137634277343750e+01
3.183872985839843750e+01
3.198384284973144531e+01
3.188908958435058594e+01
3.167682456970214844e+01
3.186863899230957031e+01
3.180507659912109375e+01
3.179979515075683594e+01
3.182777786254882812e+01
3.176781845092773438e+01
3.185796356201171875e+01
3.163379287719726562e+01
3.168468856811523438e+01
3.190924453735351562e+01
3.200341033935546875e+01
3.210792541503906250e+01
3.180311775207519531e+01
3.191564178466796875e+01
3.189350509643554688e+01
3.187562561035156250e+01
3.193065071105957031e+01
3.179888725280761719e+01
3.175998878479003906e+01
3.184275054931640625e+01
3.184994125366210938e+01
3.172049331665039062e+01
3.186301803588867188e+01
3.202130889892578125e+01
3.205783462524414062e+01
3.208993530273437500e+01
3.195625686645507812e+01
3.186073684692382812e+01
3.176858711242675781e+01
3.174618530273437500e+01
3.178902816772460938e+01
3.168057250976562500e+01
3.165391159057617188e+01
3.173112297058105469e+01
3.189645004272460938e+01
3.182295227050781250e+01
3.185980224609375000e+01
3.171316528320312500e+01
3.154979324340820312e+01
3.176779556274414062e+01
3.164852142333984375e+01
3.187763786315917969e+01
3.172377967834472656e+01
3.170625686645507812e+01
3.161923217773437500e+01
3.158447456359863281e+01
3.155935478210449219e+01
3.165817070007324219e+01
3.164256668090820312e+01
3.169344711303710938e+01
3.165485763549804688e+01
3.180938720703125000e+01
3.183121109008789062e+01
3.190226936340332031e+01
3.192161941528320312e+01
3.178164482116699219e+01
3.186240005493164062e+01
3.161499404907226562e+01
3.170549774169921875e+01
3.167382431030273438e+01
3.178587341308593750e+01
3.176740074157714844e+01
3.174494552612304688e+01
3.167085456848144531e+01
3.158675765991210938e+01
3.153100967407226562e+01
3.168791961669921875e+01
3.157406997680664062e+01
3.171654701232910156e+01
3.150994873046875000e+01
3.160021781921386719e+01
3.162552642822265625e+01
3.164900970458984375e+01
3.179690551757812500e+01
3.188302993774414062e+01
3.198543357849121094e+01
3.201296234130859375e+01
3.206447219848632812e+01
3.192847442626953125e+01
3.200647735595703125e+01
3.213043975830078125e+01
3.204010009765625000e+01
3.212824249267578125e+01
3.217112731933593750e+01
3.227011871337890625e+01
3.226902008056640625e+01
3.206864547729492188e+01
3.206083679199218750e+01
3.180123710632324219e+01
3.178412246704101562e+01
3.174649429321289062e+01
3.185761070251464844e+01
3.181247329711914062e+01
3.183132553100585938e+01
3.170936965942382812e+01
3.172713088989257812e+01
3.164744949340820312e+01
3.167730140686035156e+01
3.180223464965820312e+01
3.180732727050781250e+01
3.176416969299316406e+01
3.196784782409667969e+01
3.198676300048828125e+01
3.188025093078613281e+01
3.169276046752929688e+01
3.174975967407226562e+01
3.177239036560058594e+01
3.169491004943847656e+01
3.183679580688476562e+01
3.170955276489257812e+01
3.154068756103515625e+01
3.178981590270996094e+01
3.177641487121582031e+01
3.184403419494628906e+01
3.190818405151367188e+01
3.209514999389648438e+01
3.192874336242675781e+01
3.198050880432128906e+01
3.193071746826171875e+01
3.181543540954589844e+01
3.186338043212890625e+01
3.187861251831054688e+01
3.182011032104492188e+01
3.197839736938476562e+01
3.187490463256835938e+01
3.190916061401367188e+01
3.175244903564453125e+01
3.174361801147460938e+01
3.176755523681640625e+01
3.175286102294921875e+01
3.180301284790039062e+01
3.188842010498046875e+01
3.190923881530761719e+01
3.185786819458007812e+01
3.194031333923339844e+01
3.188606452941894531e+01
3.185590744018554688e+01
3.187125015258789062e+01
3.191029930114746094e+01
3.180426406860351562e+01
3.176209640502929688e+01
3.175222969055175781e+01
3.170714950561523438e+01
3.153830146789550781e+01
3.161980819702148438e+01
3.176839065551757812e+01
3.184939956665039062e+01
3.170385551452636719e+01
3.191298675537109375e+01
3.177157402038574219e+01
3.182140731811523438e+01
3.171819496154785156e+01
3.179716300964355469e+01
3.175839996337890625e+01
3.173699378967285156e+01
3.177076721191406250e+01
3.185445213317871094e+01
3.174264526367187500e+01
3.176435089111328125e+01
3.177266693115234375e+01
3.184400558471679688e+01
3.177701568603515625e+01
3.159165382385253906e+01
3.176917457580566406e+01
3.177072906494140625e+01
3.167681503295898438e+01
3.177528381347656250e+01
3.196410751342773438e+01
3.192320251464843750e+01
3.202745056152343750e+01
3.191578483581542969e+01
3.178839874267578125e+01
3.183112907409667969e+01
3.183959960937500000e+01
3.195242118835449219e+01
3.199229812622070312e+01
3.183849906921386719e+01
3.209504699707031250e+01
3.202116012573242188e+01
3.187626266479492188e+01
3.180789756774902344e+01
3.197439384460449219e+01
3.185515213012695312e+01
3.179114913940429688e+01
3.164347457885742188e+01
3.171770095825195312e+01
3.155190849304199219e+01
3.153790092468261719e+01
3.157873916625976562e+01
3.152780342102050781e+01
3.163175392150878906e+01
3.174337768554687500e+01
3.171230697631835938e+01
3.178236961364746094e+01
3.193936729431152344e+01
3.182467651367187500e+01
3.169183158874511719e+01
3.190002632141113281e+01
3.173240280151367188e+01
3.174412918090820312e+01
3.181261444091796875e+01
3.174453926086425781e+01
3.181457519531250000e+01
3.183392524719238281e+01
3.190907669067382812e+01
3.188153839111328125e+01
3.168607711791992188e+01
3.177204895019531250e+01
3.170159530639648438e+01
3.170274353027343750e+01
3.170212173461914062e+01
3.158581542968750000e+01
3.159735298156738281e+01
3.180533027648925781e+01
3.185849189758300781e+01
3.181660270690917969e+01
3.176881027221679688e+01
3.170133781433105469e+01
3.170718383789062500e+01
3.183482360839843750e+01
3.190059280395507812e+01
3.183520889282226562e+01
3.195835494995117188e+01
3.185309982299804688e+01
3.179636001586914062e+01
3.170217895507812500e+01
3.172016525268554688e+01
3.194181823730468750e+01
3.183290290832519531e+01
3.178216934204101562e+01
3.184553146362304688e+01
3.181912231445312500e+01
3.165863418579101562e+01
3.161464118957519531e+01
3.160495567321777344e+01
3.168780899047851562e+01
3.170112609863281250e+01
3.166665649414062500e+01
3.158858871459960938e+01
3.150649261474609375e+01
3.175050163269042969e+01
3.186813354492187500e+01
3.199501228332519531e+01
3.188407516479492188e+01
3.195859527587890625e+01
3.199138450622558594e+01
3.184387969970703125e+01
3.184036636352539062e+01
3.166940307617187500e+01
3.162079048156738281e+01
3.145944213867187500e+01
3.142325401306152344e+01
3.161824035644531250e+01
3.161588287353515625e+01
3.158992767333984375e+01
3.176357078552246094e+01
3.173015022277832031e+01
3.178011322021484375e+01
3.162301063537597656e+01
3.184527206420898438e+01
3.182456779479980469e+01
3.185864830017089844e+01
3.189157676696777344e+01
3.172205352783203125e+01
3.191216278076171875e+01
3.187797546386718750e+01
3.179539108276367188e+01
3.179068946838378906e+01
3.179261016845703125e+01
3.184198760986328125e+01
3.200203704833984375e+01
3.200858306884765625e+01
3.191641044616699219e+01
3.199345397949218750e+01
3.208250427246093750e+01
3.191249084472656250e+01
3.195392417907714844e+01
3.187335968017578125e+01
3.173355102539062500e+01
3.180995941162109375e+01
3.156515121459960938e+01
3.143801498413085938e+01
3.147383117675781250e+01
3.139875602722167969e+01
3.163831329345703125e+01
3.164686584472656250e+01
3.152356719970703125e+01
3.137609100341796875e+01
3.150975608825683594e+01
3.157253265380859375e+01
3.143240165710449219e+01
3.140280342102050781e+01
3.142069435119628906e+01
3.140973281860351562e+01
3.139707756042480469e+01
3.152260589599609375e+01
3.142697906494140625e+01
3.135772323608398438e+01
3.140908241271972656e+01
3.150853538513183594e+01
3.138800048828125000e+01
3.167326736450195312e+01
3.166186332702636719e+01
3.168361091613769531e+01
3.167288208007812500e+01
3.178474044799804688e+01
3.162895202636718750e+01
3.155255889892578125e+01
3.132877540588378906e+01
3.150851058959960938e+01
3.155467224121093750e+01
3.149915695190429688e+01
3.160680770874023438e+01
3.177024269104003906e+01
3.198543930053710938e+01
3.190072250366210938e+01
3.207025909423828125e+01
3.211640930175781250e+01
3.199558258056640625e+01
3.168645858764648438e+01
3.176083183288574219e+01
3.181569862365722656e+01
3.185289192199707031e+01
3.181489562988281250e+01
3.187962722778320312e+01
3.190626335144042969e+01
3.179362869262695312e+01
3.171920776367187500e+01
3.181737136840820312e+01
3.187052154541015625e+01
3.187685394287109375e+01
3.190621757507324219e+01
3.187912178039550781e+01
3.182987594604492188e+01
3.182917022705078125e+01
3.167596626281738281e+01
3.171408462524414062e+01
3.162248229980468750e+01
3.157557296752929688e+01
3.155614280700683594e+01
3.165154647827148438e+01
3.166339874267578125e+01
3.164419174194335938e+01
3.159759712219238281e+01
3.165194320678710938e+01
3.150386810302734375e+01
3.143723487854003906e+01
3.159147262573242188e+01
3.159545516967773438e+01
3.175865554809570312e+01
3.159877395629882812e+01
3.169154739379882812e+01
3.161616325378417969e+01
3.157104110717773438e+01
3.155244445800781250e+01
3.151134109497070312e+01
3.136117553710937500e+01
3.153414726257324219e+01
3.142492294311523438e+01
3.138910102844238281e+01
3.146817970275878906e+01
3.138831329345703125e+01
3.141710662841796875e+01
3.153004837036132812e+01
3.147713470458984375e+01
3.141082572937011719e+01
3.150009536743164062e+01
3.164556503295898438e+01
3.163582420349121094e+01
3.176261520385742188e+01
3.161312675476074219e+01
3.184051513671875000e+01
3.165854835510253906e+01
3.162523269653320312e+01
3.160061264038085938e+01
3.150376319885253906e+01
3.159180068969726562e+01
3.165718460083007812e+01
3.156876182556152344e+01
3.141926765441894531e+01
3.145717811584472656e+01
3.149468612670898438e+01
3.154430770874023438e+01
3.154203796386718750e+01
3.161048126220703125e+01
3.159093093872070312e+01
3.167704772949218750e+01
3.162788391113281250e+01
3.178459358215332031e+01
3.182057762145996094e+01
3.169041633605957031e+01
3.167651557922363281e+01
3.157919311523437500e+01
3.174242210388183594e+01
3.158107757568359375e+01
3.161084365844726562e+01
3.156663894653320312e+01
3.161739349365234375e+01
3.158270263671875000e+01
3.152692604064941406e+01
3.149546813964843750e+01
3.160211181640625000e+01
3.176568222045898438e+01
3.177670669555664062e+01
3.178572654724121094e+01
3.165584182739257812e+01
3.173027038574218750e+01
3.178655052185058594e+01
3.164184951782226562e+01
3.171093177795410156e+01
3.179637145996093750e+01
3.181040763854980469e+01
3.178190612792968750e+01
3.159956359863281250e+01
3.160321044921875000e+01
3.157568931579589844e+01
3.133458709716796875e+01
3.138011741638183594e+01
3.144969558715820312e+01
3.133657836914062500e+01
3.150588989257812500e+01
3.132382774353027344e+01
3.147336578369140625e+01
3.166471481323242188e+01
3.162871551513671875e+01
3.155384826660156250e+01
3.155827713012695312e+01
3.158376884460449219e+01
3.172778701782226562e+01
3.171713256835937500e+01
3.163732528686523438e+01
3.166778182983398438e+01
3.156176567077636719e+01
3.141864395141601562e+01
3.140422439575195312e+01
3.131272125244140625e+01
3.128045082092285156e+01
3.115070152282714844e+01
3.100133895874023438e+01
3.100548171997070312e+01
3.101626777648925781e+01
3.094890975952148438e+01
3.092258262634277344e+01
3.104035949707031250e+01
3.113896560668945312e+01
3.127503967285156250e+01
3.144991874694824219e+01
3.144243812561035156e+01
3.139411735534667969e+01
3.143863487243652344e+01
3.153406906127929688e+01
3.143897819519042969e+01
3.132439041137695312e+01
3.117265319824218750e+01
3.115377044677734375e+01
3.110235404968261719e+01
3.121257019042968750e+01
3.145542526245117188e+01
3.120878791809082031e+01
3.124369621276855469e+01
3.112320327758789062e+01
3.123349761962890625e+01
3.119791221618652344e+01
3.102010345458984375e+01
3.115827751159667969e+01
3.119038391113281250e+01
3.124463272094726562e+01
3.128494071960449219e+01
3.114142799377441406e+01
3.109207534790039062e+01
3.111364364624023438e+01
3.126931381225585938e+01
3.134342193603515625e+01
3.115497970581054688e+01
3.119083976745605469e+01
3.118795394897460938e+01
3.103984642028808594e+01
3.090611267089843750e+01
3.093866157531738281e+01
3.089178085327148438e+01
3.095555877685546875e+01
3.090348815917968750e+01
3.097443771362304688e+01
3.096903228759765625e+01
3.103157806396484375e+01
3.095068359375000000e+01
3.104156303405761719e+01
3.114329147338867188e+01
3.107278060913085938e+01
3.113299751281738281e+01
3.110804367065429688e+01
3.105145454406738281e+01
3.125939941406250000e+01
3.119507217407226562e+01
3.127719688415527344e+01
3.122176933288574219e+01
3.134116744995117188e+01
3.122069168090820312e+01
3.126966094970703125e+01
3.123467826843261719e+01
3.130416870117187500e+01
3.119072341918945312e+01
3.139932060241699219e+01
3.136512374877929688e+01
3.125288391113281250e+01
3.129511833190917969e+01
3.119619369506835938e+01
3.117846298217773438e+01
3.124504470825195312e+01
3.125651931762695312e+01
3.124107933044433594e+01
3.105112075805664062e+01
3.123264122009277344e+01
3.126230239868164062e+01
3.107057952880859375e+01
3.101235008239746094e+01
3.104836273193359375e+01
3.124322128295898438e+01
3.115472793579101562e+01
3.099099540710449219e+01
3.108204269409179688e+01
3.096538734436035156e+01
3.091177940368652344e+01
3.089597892761230469e+01
3.101707839965820312e+01
3.093192291259765625e+01
3.089973449707031250e+01
3.106962776184082031e+01
3.125916671752929688e+01
3.113647842407226562e+01
3.107951736450195312e+01
3.119926452636718750e+01
3.127274703979492188e+01
3.129685592651367188e+01
3.132647705078125000e+01
3.133699035644531250e+01
3.129580688476562500e+01
3.144554519653320312e+01
3.139617156982421875e+01
3.143656539916992188e+01
3.142232322692871094e+01
3.128020286560058594e+01
3.144888305664062500e+01
3.137901496887207031e+01
3.127616500854492188e+01
3.131746101379394531e+01
3.131542015075683594e+01
3.138371086120605469e+01
3.135470199584960938e+01
3.154944801330566406e+01
3.147948074340820312e+01
3.147684860229492188e+01
3.150310897827148438e+01
3.161721801757812500e+01
3.155111694335937500e+01
3.148422622680664062e+01
3.143219757080078125e+01
3.149597358703613281e+01
3.150310897827148438e+01
3.150807952880859375e+01
3.153467941284179688e+01
3.126311111450195312e+01
3.127747726440429688e+01
3.126947975158691406e+01
3.135017395019531250e+01
3.140273284912109375e+01
3.138209342956542969e+01
3.141394042968750000e+01
3.122973442077636719e+01
3.131737518310546875e+01
3.115728378295898438e+01
3.146399307250976562e+01
3.127842140197753906e+01
3.129254150390625000e+01
3.147811889648437500e+01
3.150021362304687500e+01
3.163392829895019531e+01
3.152574920654296875e+01
3.135935592651367188e+01
3.146007156372070312e+01
3.125531768798828125e+01
3.147747802734375000e+01
