2.032021503876416890e+00
1.865855714602348225e+00
1.736159257705395031e+00
1.658773787205035877e+00
1.599383462392366839e+00
1.558370645535297916e+00
1.523261885153941675e+00
1.496565855160737701e+00
1.477821788726708885e+00
1.459832560404753066e+00
1.442195968444530685e+00
1.436529386960543109e+00
1.424573739369710212e+00
1.414240992374909300e+00
1.406808492770561747e+00
1.405524530777564340e+00
1.393973672389984042e+00
1.387736510313474225e+00
1.380831276759123094e+00
1.377358836088425020e+00
1.373180836897629931e+00
1.368566242548135525e+00
1.364571827191572995e+00
1.359836420340415852e+00
1.354860348884876053e+00
1.347423734114720162e+00
1.341539868177511696e+00
1.339552634801620012e+00
1.337436446165427117e+00
1.334114565910437200e+00
1.328281609981488032e+00
1.327706017708166986e+00
1.323423106700946095e+00
1.318189605688437460e+00
1.318453139830858323e+00
1.314930641651153476e+00
1.312494564973391009e+00
1.306539778831677490e+00
1.306220847979570054e+00
1.303735560790086456e+00
1.307186612716087826e+00
1.299288455645243312e+00
1.296906144955219276e+00
1.294788551024901535e+00
1.286314529486191516e+00
1.288607519100873899e+00
1.282601096385564521e+00
1.283481632746182877e+00
1.277512954901426356e+00
1.274235251316657491e+00
1.272490613582806684e+00
1.269350993327605481e+00
1.264132697612811329e+00
1.261707380490425301e+00
1.262799438604941704e+00
1.259121331343284078e+00
1.253155157810602383e+00
1.250949496489304869e+00
1.252670995700053691e+00
1.252118277702576110e+00
1.252562843377773572e+00
1.240913625405384968e+00
1.244400076682750989e+00
1.238017711578271340e+00
1.237804647439565420e+00
1.231657718236629728e+00
1.231633342535067843e+00
1.222817508073953396e+00
1.225869368131344173e+00
1.226852423563981720e+00
1.218159020864046482e+00
1.220756875093166549e+00
1.214961518079806568e+00
1.209778112173080400e+00
1.210707008838653564e+00
1.211869014684970658e+00
1.211407783703926322e+00
1.206560556705181364e+00
1.200475557645162006e+00
1.203634212720088525e+00
1.196344879193183663e+00
1.194562773826794766e+00
1.191466345695348927e+00
1.194474722941716527e+00
1.187488644856673048e+00
1.182020874054003912e+00
1.184964329157120133e+00
1.183377694472288466e+00
1.182614119847615664e+00
1.181921951281718730e+00
1.177980196017485381e+00
1.174549005581782435e+00
1.174471720212545200e+00
1.174872128780071634e+00
1.174397635307067533e+00
1.166413061893903258e+00
1.163668101261823518e+00
1.157184190627856157e+00
1.160887294396375946e+00
1.160484682749479246e+00
1.152277128513042648e+00
1.157836005168083382e+00
1.154037214853824711e+00
1.152993024618197637e+00
1.157738002446981662e+00
1.147779597227390092e+00
1.146776893811348064e+00
1.145276234241632274e+00
1.142093403522784989e+00
1.134024878801443537e+00
1.139773161594684225e+00
1.131074317754843239e+00
1.133807911475499530e+00
1.128946492610833685e+00
1.124990401818202201e+00
1.128608128810540290e+00
1.124800170996250293e+00
1.120738747639533850e+00
1.116583635409672981e+00
1.118891893747525401e+00
1.120142856928018515e+00
1.120362883500563900e+00
1.111795964454993291e+00
1.110403290467384618e+00
1.112353934691502566e+00
1.106940940557382014e+00
1.107952530873127506e+00
1.105854995434100818e+00
1.104150054088005595e+00
1.106632075859950159e+00
1.100846087168424470e+00
1.097848623991012573e+00
1.097930852724955608e+00
1.103079467706191252e+00
1.091098552330946214e+00
1.093695041460868600e+00
1.084450081067207527e+00
1.087970924530273775e+00
1.089591592550277710e+00
1.079872647615579551e+00
1.086294698256712765e+00
1.077200596149151091e+00
1.084195271057960319e+00
1.080623216812427234e+00
1.074070701385155813e+00
1.072391060529610973e+00
1.075455522384399121e+00
1.069118973689201502e+00
1.067287243482394121e+00
1.065387918551762958e+00
1.066493545434413770e+00
1.062272603848041674e+00
1.063325373178873212e+00
1.068047498892515046e+00
1.065770716850574118e+00
1.063406056471360106e+00
1.061692553452956433e+00
1.055613759542122887e+00
1.052735836689288718e+00
1.049870026111602739e+00
1.053695926146629436e+00
1.057360691749132497e+00
1.050414297825250864e+00
1.049131512641906738e+00
1.042266275332524250e+00
1.052687804057047982e+00
1.047040003843796585e+00
1.045518688055185219e+00
1.052503961936021470e+00
1.037922494380902005e+00
1.042244885518000652e+00
1.032531131383700229e+00
1.035270028236584761e+00
1.034912098982395223e+00
1.033671221213463109e+00
1.036982857569670013e+00
1.031241459112900882e+00
1.029832480198297651e+00
1.016471204849389798e+00
1.027772259865051607e+00
1.032508229903685848e+00
1.021696701875099755e+00
1.023377159161445338e+00
1.019828769182547612e+00
1.021985648992734141e+00
1.026609016534609564e+00
1.017947129255686090e+00
1.013717393691723201e+00
1.013884171002950474e+00
1.007489211742694568e+00
1.021271957953771015e+00
1.009968998340460056e+00
1.016035016836264182e+00
1.014854735747361847e+00
1.005798917091809797e+00
1.013935102560581392e+00
1.010313185208883136e+00
1.006846791352981274e+00
1.009269703810031560e+00
1.007187781731287535e+00
1.003004867755449725e+00
1.002258782356213240e+00
9.964022573752281398e-01
1.007975687888952310e+00
9.995148206368470456e-01
9.993553482569180746e-01
9.969913484194339315e-01
9.953221848377814540e-01
9.966552008420993536e-01
9.909236962978656971e-01
9.949710369110107422e-01
1.000573200140243868e+00
9.937856279886685407e-01
9.910185257593790986e-01
9.949244081974029097e-01
9.912011999350327507e-01
9.871890188791813125e-01
9.787164822602882897e-01
9.877490737499334816e-01
9.829189291367164127e-01
9.872732472725403996e-01
9.708691477775573953e-01
9.746408780415852791e-01
9.769034329133156058e-01
9.752631772787142550e-01
9.780696271321712709e-01
9.781017165917617051e-01
9.819303864087813860e-01
9.823324483174543653e-01
9.763463683617420452e-01
9.727767667709252830e-01
9.744822700818379646e-01
9.700265496205060511e-01
9.690890714144095863e-01
9.697088840680244681e-01
9.616185625394185754e-01
9.705418979510282984e-01
9.645446389149396893e-01
9.658084195393782379e-01
9.619078859304770468e-01
9.612330190646343198e-01
9.579118831035418058e-01
9.591740496647663816e-01
9.573643095982380391e-01
9.583348636443798085e-01
9.554341679964309941e-01
9.604622399195646976e-01
9.559480884136297707e-01
9.633029784911718574e-01
9.528834812152080502e-01
9.501693328221638701e-01
9.554796642217880942e-01
9.479087560604779750e-01
9.527844418317843456e-01
9.460409956100659379e-01
9.492185886089617997e-01
9.358266159510001403e-01
9.378407099308111450e-01
9.435149030807691295e-01
9.356202174455691134e-01
9.455969851750594124e-01
9.414352818941458256e-01
9.450619338414607551e-01
9.445192000804802923e-01
9.409234328147692006e-01
9.406473204111441833e-01
9.342566774441645183e-01
9.368121723333994177e-01
9.322106702205462669e-01
9.388364587074671253e-01
9.355245171449123598e-01
9.287199631715432613e-01
9.242205517414289195e-01
9.259538152278997680e-01
9.224512301958524008e-01
9.223845981634579694e-01
9.219604525810632945e-01
9.248055884471306776e-01
9.281156695806063173e-01
9.224771675391074677e-01
9.236429553765517220e-01
9.222463991397465977e-01
9.241504073143005371e-01
9.220031742102060557e-01
9.138113714181459457e-01
9.238354158707153818e-01
9.176230461169512242e-01
9.253783595867646206e-01
9.059969498560979106e-01
9.150882302186428285e-01
9.163021278687012439e-01
9.065544209419152955e-01
9.115884310159927395e-01
9.106541329469436397e-01
9.097697832645513794e-01
9.030988489970183108e-01
9.067646770905225528e-01
9.091666132975847470e-01
9.043041876493356224e-01
9.071197572426917821e-01
9.088259961360539707e-01
9.014448395142188319e-01
9.043726618473346690e-01
8.979744425186744206e-01
9.012534532791528497e-01
8.998597177175374773e-01
8.951820572217304983e-01
8.968748502242259724e-01
9.010941254786956067e-01
9.041745424270629661e-01
8.924187169625208416e-01
8.967875463840289108e-01
8.960066518722435980e-01
8.807102365371508590e-01
8.888697521808820445e-01
8.930706423062544363e-01
8.951063665059896257e-01
8.879355147098884071e-01
8.899183147992842935e-01
8.923781402600117207e-01
8.867850285310011627e-01
8.871849624010232915e-01
8.812128273340371631e-01
8.915982220417414394e-01
8.842523383788573055e-01
8.877552717924117598e-01
8.883337658185225250e-01
8.823166111340889906e-01
8.848174455838325736e-01
8.740491478871076358e-01
8.752582180194365957e-01
8.758916698969327896e-01
8.808508096597134074e-01
8.792130861526880059e-01
8.723253202744019053e-01
8.696372849818987394e-01
8.769354982253833031e-01
8.771042437125474711e-01
8.727263847986856948e-01
8.749766160280276761e-01
8.739911122199816029e-01
8.704562074098831648e-01
8.741049227042075875e-01
8.825755376082200510e-01
8.830895724969032301e-01
8.852799605100583058e-01
8.767109386431864992e-01
8.690884064405391962e-01
8.720171697628803509e-01
8.687463020667051117e-01
8.735600893314068305e-01
8.680785350310497028e-01
8.695849114503615418e-01
8.708778289648202442e-01
8.766846435192303666e-01
8.703100756192818643e-01
8.652430207301409215e-01
8.655863780241745964e-01
8.712560247152280057e-01
8.639214284909076946e-01
8.584304837080148909e-01
8.606292033806824948e-01
8.610685732120122449e-01
8.542580077281365369e-01
8.599162168991871802e-01
8.623974049702668454e-01
8.598557123771080057e-01
8.644545015616295069e-01
8.552148082317450051e-01
8.509416421254475393e-01
8.610381137102077753e-01
8.556634445985158433e-01
8.626482340005727778e-01
8.566058097741542365e-01
8.581146501577817665e-01
8.503062301721328042e-01
8.490906473917838593e-01
8.435041939600920191e-01
8.365045085931435143e-01
8.529456980717488035e-01
8.437101251039749172e-01
8.396584095099033362e-01
8.473270312333718302e-01
8.396306925859207126e-01
8.388333892210936282e-01
8.315906784473321434e-01
8.378480448172642703e-01
8.379591261729215645e-01
8.432317072000259373e-01
8.405006077045049651e-01
8.355845339787312254e-01
8.433566004802018901e-01
8.350070228943458073e-01
8.363605077450092518e-01
8.300525449789487586e-01
8.370281381484789840e-01
8.361078991339756517e-01
8.309717551255837442e-01
8.371306284880026816e-01
8.318375463669116510e-01
8.369365932085575110e-01
8.392041797821337967e-01
8.257704565158257015e-01
8.301089231784527511e-01
8.244874822787749968e-01
8.400033784218323696e-01
8.241053043267665412e-01
8.266906828452379452e-01
8.313058276971181382e-01
8.233020623524983650e-01
8.258227803768255493e-01
8.234500078054575178e-01
8.116761571321732260e-01
8.157581822994427467e-01
8.159212236221019543e-01
8.197948818023388373e-01
8.163619114038271896e-01
8.187811535902512761e-01
8.176791142958861336e-01
8.098603522166227808e-01
8.131198152517661315e-01
8.115950185518998605e-01
8.135521723673894146e-01
8.138458618750938900e-01
8.162198205024767672e-01
8.115518152713775413e-01
7.991936411613073110e-01
8.096203544200994973e-01
8.047303427488375904e-01
8.006724322453523390e-01
8.074355058180979761e-01
8.111901672986837619e-01
8.100576496277099858e-01
8.162869846209501734e-01
8.051376507832453955e-01
8.062890896430382481e-01
8.073092153439155316e-01
7.994612119136712547e-01
8.063998075631948481e-01
8.046399778280503012e-01
7.995235967330444060e-01
7.970509732380891554e-01
8.068278695528323663e-01
8.033019837660667628e-01
7.975514495984101782e-01
8.056808636738703733e-01
8.005142571070255064e-01
8.081381222376456952e-01
7.981839277041263836e-01
8.050848201299325435e-01
8.010601312686235209e-01
7.920187410635826097e-01
8.052636900009253473e-01
7.877408018478980756e-01
7.885817996202371116e-01
7.933275049313520677e-01
7.888528566329907621e-01
7.909548441569010935e-01
7.995773530923403483e-01
7.933659430497731480e-01
7.971587570813986057e-01
7.935997180449656518e-01
7.785270146834544214e-01
7.931870470444360999e-01
7.843352866478455754e-01
7.774693200221428624e-01
7.785936920306621989e-01
7.828079073857038273e-01
7.845470981720166215e-01
7.854796745838262817e-01
7.793532788753509966e-01
7.758555077589475157e-01
7.777519742647807099e-01
7.763246076993453038e-01
7.748631871663607118e-01
7.743577505533512095e-01
7.761966595282920878e-01
7.777028908332188628e-01
7.709036304400517237e-01
7.649988707823630607e-01
7.714413632185030956e-01
7.694217901199291720e-01
7.711159419554930450e-01
7.690555933194282989e-01
7.732728314705383799e-01
7.610938677420983067e-01
7.618656730804688193e-01
7.635758197460419394e-01
7.568315829986180798e-01
7.599977872310540450e-01
7.581346268073106964e-01
7.745723173404350792e-01
7.596589021193675961e-01
7.678248005035596124e-01
7.623257189224927899e-01
7.618514583661005757e-01
7.613227941286869749e-01
7.627301751803129415e-01
7.620624652275672650e-01
7.549010537373713747e-01
7.540493465386903793e-01
7.553627710311840993e-01
7.574936226392403604e-01
7.610508139316852771e-01
7.610843946536381965e-01
7.674629760094178188e-01
7.606292123213792555e-01
7.642044320320471318e-01
7.575574281123967912e-01
7.719365075612679705e-01
7.464136751798483571e-01
7.506132920583089563e-01
7.567010539464461560e-01
7.608419346503721981e-01
7.655610232781141500e-01
7.508592461928342843e-01
7.631553847056168349e-01
7.569329030238665101e-01
7.607715981128888583e-01
7.546517422566046962e-01
7.578141149802085641e-01
7.569195094016881731e-01
7.548477504497919099e-01
7.494705248337525383e-01
7.480403291109281039e-01
7.511882240955646273e-01
7.527221340399522509e-01
7.455306867758433320e-01
7.449581027795106891e-01
7.503878866250698332e-01
7.483120072346467477e-01
7.483904475585008154e-01
7.466559996971717794e-01
7.489896146914898356e-01
7.439512500396141537e-01
7.493087459833194242e-01
7.585073225009135722e-01
7.514699267271237604e-01
7.442000670310778832e-01
7.477272956035075913e-01
7.420348042861009130e-01
7.444553915506754160e-01
7.318977268078388221e-01
7.435221138672950536e-01
7.428746746136591916e-01
7.413963805406521557e-01
7.459083949144069692e-01
7.403221015746777045e-01
7.392736804790985827e-01
7.383930281950876751e-01
7.364978047517629633e-01
7.327535903606658962e-01
7.400440177856347779e-01
7.302539263016137872e-01
7.376416994975163455e-01
7.336534978487552205e-01
7.345174600680669519e-01
7.399624400413953307e-01
7.397897581259409439e-01
7.306160781628046053e-01
7.320193121066460584e-01
7.392793934314678683e-01
7.243752105877949710e-01
7.353576476757343050e-01
7.364299010771971910e-01
7.361467996468911146e-01
7.329325132645093666e-01
7.390936136245727095e-01
7.223891604405182632e-01
7.312858288868879786e-01
7.298323541879654375e-01
7.327473221681056748e-01
7.354458607160128114e-01
7.385946370852298770e-01
7.280005552065678120e-01
7.279251835285088790e-01
7.287304629118014354e-01
7.357106743714748598e-01
7.209382176399230513e-01
7.301219583321840734e-01
7.284561450664813753e-01
7.335633517075808019e-01
7.221332767070868242e-01
7.321880268744933584e-01
7.298225804781302006e-01
7.284349307035788978e-01
7.370426910809981802e-01
7.280342019521273134e-01
7.233839945915417902e-01
7.278636418091944948e-01
7.347277276026896731e-01
7.300140684995896079e-01
7.210210178142938409e-01
7.200656721989313613e-01
7.244999615045694119e-01
7.293793076123946673e-01
7.301387324547156110e-01
7.331412585117877967e-01
7.204661188981471565e-01
7.295642340794588065e-01
7.240636240977507132e-01
7.246257931758195436e-01
7.338656488901529329e-01
7.241781755135610066e-01
7.377265208806746966e-01
7.240971683691709293e-01
7.142128269641827565e-01
7.252446657572036992e-01
7.258226774441890461e-01
7.221643077257352550e-01
7.232944960777576426e-01
7.207101152493403662e-01
7.164091878976577288e-01
7.173931886752445974e-01
7.253896305958430490e-01
7.126356642215679882e-01
7.123593885929156988e-01
7.205546703858253244e-01
7.312376547318238940e-01
7.181243100991615558e-01
7.211347913894897710e-01
7.176463283789463743e-01
7.138175012209476700e-01
7.127696417845212906e-01
7.150730452476403709e-01
7.029359158797141571e-01
7.105373841065626417e-01
7.104625492523878316e-01
7.107303854746696015e-01
7.157984213187144062e-01
7.194617819327574493e-01
7.134329033203613557e-01
7.211344336087887052e-01
7.125034423974844211e-01
7.180428414008556137e-01
7.133519726685988438e-01
7.083001525738300552e-01
7.183695131387466404e-01
7.118550187502151738e-01
7.059047653889044538e-01
7.052739818890889634e-01
7.019837957926285954e-01
7.122697466459029236e-01
7.008978184981223825e-01
7.036680349172690363e-01
7.076975098787210428e-01
7.026079456775616849e-01
6.978482362551566842e-01
7.061282266408969166e-01
7.033338109652201853e-01
7.075867353341518395e-01
6.935125014720818770e-01
7.019932421354146967e-01
7.126607344700739421e-01
7.073007953472626452e-01
7.097866793473561753e-01
7.026288264072858558e-01
7.093428423007329675e-01
7.078435021333205901e-01
6.980322919594935671e-01
7.050217391588748939e-01
6.968585667701867603e-01
6.948039407149338986e-01
7.033352080828104702e-01
6.992256059096410015e-01
6.941712727913489367e-01
6.929731764090366619e-01
6.965977862095221740e-01
6.872617179766679074e-01
6.930811259991083162e-01
6.893204643176151780e-01
6.905659719155384790e-01
6.959006627400715628e-01
6.977769522330700136e-01
6.832440864581328377e-01
6.929053251559917914e-01
6.990619676999556553e-01
6.940316350032121884e-01
7.016100676395954361e-01
6.826915999253591050e-01
6.962918630013099630e-01
6.931638663395857103e-01
6.804745295108892700e-01
6.961865192804581604e-01
6.946540843981963143e-01
6.828745828989224442e-01
6.883398516055865279e-01
6.970964398903723991e-01
6.912358934298540314e-01
6.905503590901692634e-01
6.941290614696649097e-01
7.011950003030972267e-01
6.938205187901472781e-01
6.945544223754833713e-01
6.970712723640295483e-01
6.880552428655135611e-01
6.946670775994275848e-01
6.962735366362792222e-01
6.901504016839541400e-01
6.939657044716370793e-01
6.910166871853363757e-01
6.810067637608601121e-01
6.961995935592896201e-01
6.804779158188746235e-01
6.887601695763758691e-01
6.927015005778043300e-01
6.956837574640909461e-01
6.945704838404288539e-01
6.916338815903052550e-01
6.884887859607353722e-01
6.967528202594854836e-01
6.899401125999596873e-01
6.924809141800953860e-01
6.892334858576456558e-01
6.906067651815903652e-01
6.793668053089043646e-01
6.881246866324008948e-01
6.965924212565788309e-01
6.991669396559397898e-01
7.006473917991686839e-01
6.729025028454951318e-01
6.884080264812860728e-01
6.822195604061469520e-01
6.802778034638136129e-01
6.993060183830750454e-01
6.754345744084089276e-01
6.928454864483613029e-01
6.804736276467641121e-01
6.865537787859256058e-01
6.905298838248619120e-01
6.902793752841460684e-01
6.730281592943729851e-01
6.789763852571829572e-01
6.828870139825038432e-01
6.742213367651670453e-01
6.787484013881438516e-01
6.827661735125076792e-01
6.796444472594138642e-01
6.753092829997723312e-01
6.818251592990679510e-01
6.688492987400446177e-01
6.694670616816251751e-01
6.861879066014900941e-01
6.865906924773484965e-01
6.789197746759806362e-01
6.672198992509108528e-01
6.841446778713128340e-01
6.713143238654503131e-01
6.687177710044078793e-01
6.806896729347032826e-01
6.809470602335073730e-01
6.765510504826520721e-01
6.781320821016262324e-01
6.721715661195608593e-01
6.728937728282732289e-01
6.710510835433617371e-01
6.657741071322025306e-01
6.774632006119458705e-01
6.708030832119477038e-01
6.675642125881635636e-01
6.669358615691844960e-01
6.647744624278484338e-01
6.663203166845517167e-01
6.557981626345561477e-01
6.611057727764814151e-01
6.680685883149122262e-01
6.705520004034042358e-01
6.782707915092125450e-01
6.673927573057321094e-01
6.708525821948663204e-01
6.732536730857995311e-01
6.715428926241703289e-01
6.642310662911488084e-01
6.822006658865855666e-01
6.663116633892058882e-01
6.676260379644540777e-01
6.658029692295269752e-01
6.661013037730485475e-01
6.633067064560376203e-01
6.765716368571306205e-01
6.617329529462716575e-01
6.637610401862706899e-01
6.664823267704401699e-01
6.689561104163145311e-01
6.554044324618119033e-01
6.662967868340321509e-01
6.733555734157562478e-01
6.634117260193213017e-01
6.582267793325277117e-01
6.629475623369216475e-01
6.667996483735548763e-01
6.587149822559111856e-01
6.554971638398292555e-01
6.658642344749891029e-01
6.522477928644571099e-01
6.568461499917201962e-01
6.639284749061633573e-01
6.637605886428784574e-01
6.620894589485266657e-01
6.658860046129960741e-01
6.598527390223283273e-01
6.589627009935867807e-01
6.583581400223267321e-01
6.673085317397728922e-01
6.563178449869155884e-01
6.561066937752259021e-01
6.628016008780552859e-01
6.510498947057968833e-01
6.675603713744725498e-01
6.685376093173638345e-01
6.523074175302798761e-01
6.465615539214549790e-01
6.677214867029435119e-01
6.568164110947878331e-01
6.602801175453724136e-01
6.637089304434947712e-01
6.574272987170096672e-01
6.565950411252486907e-01
6.652548058674885301e-01
6.518577490861598989e-01
6.652395967489633799e-01
6.543077278595704760e-01
6.618789925789221318e-01
6.571809238348251814e-01
6.675261642688360419e-01
6.555271520828589438e-01
6.608000552042936349e-01
6.428113995454249885e-01
6.573981295793484003e-01
6.582819730043411033e-01
6.604882552073552127e-01
6.531962707256659950e-01
6.556115420200885335e-01
6.478304273042923001e-01
6.586800378866685124e-01
6.547799095129355207e-01
6.488460488808460713e-01
6.643704032286619210e-01
6.414088231630814541e-01
6.394554005983548173e-01
6.451421214219851263e-01
6.441472999560526880e-01
6.474166761606167109e-01
6.464750763697502123e-01
6.518606869074013987e-01
6.527250028573550189e-01
6.492794371568240130e-01
6.460362508510931745e-01
6.482530251527444110e-01
6.436628075746390065e-01
6.387890138687231101e-01
6.371848761271208250e-01
6.458748400211333784e-01
6.407977075148851842e-01
6.451966023597961453e-01
6.456469016197400324e-01
6.545870316334260197e-01
6.421944860464486871e-01
6.540686562275275229e-01
6.517534537957264673e-01
6.509240560806714981e-01
6.347072417155290580e-01
6.499383823993878373e-01
6.326401576017721684e-01
6.413911156929456014e-01
6.487653059837145131e-01
6.396471789250006701e-01
6.482600364929590464e-01
6.439388803946666240e-01
6.496596731436558025e-01
6.489710256839409386e-01
6.459514196102436046e-01
6.431628440435116500e-01
6.509650115783397473e-01
6.512441855974686611e-01
6.421484961723670226e-01
6.451717449304384955e-01
6.433895103442363039e-01
6.395731445306386265e-01
6.487190485764772196e-01
6.438808008646353942e-01
6.483684704089776041e-01
6.399954556654661175e-01
6.522513117545690742e-01
6.391528983146715914e-01
6.380696568733607021e-01
6.342169177073698760e-01
6.392478125217633256e-01
6.339902520943910824e-01
6.353464184663234482e-01
6.428568694071892242e-01
6.504379542974325634e-01
6.404798601682369918e-01
6.329240496341999034e-01
6.310031365889768873e-01
6.327159632474947948e-01
6.298991502095491191e-01
6.281206503892555748e-01
6.241313630953813085e-01
6.310327564294521130e-01
6.278909308023942204e-01
6.325147081644106883e-01
6.281279638791695819e-01
6.256534778918975137e-01
6.337163794499177660e-01
6.310015031924613993e-01
6.197899500528971650e-01
6.274003215325184568e-01
6.267965098986258976e-01
6.260841148021893954e-01
6.267915470477861684e-01
6.293138750088520528e-01
6.262912843471918345e-01
6.196073452631633005e-01
6.299373702361033001e-01
6.208138069281211591e-01
6.368908024751223085e-01
6.145179071487524292e-01
6.213454157878190998e-01
6.132817431138112285e-01
6.366371653783016171e-01
6.271300345659256426e-01
6.343781203031539917e-01
6.240509761449618553e-01
6.260712767258668210e-01
6.299004209347259797e-01
6.291614761719337423e-01
6.332514252418126599e-01
6.163256193582827835e-01
6.310426149612817781e-01
6.183250960631248017e-01
6.212512851525575641e-01
6.258270246860307973e-01
6.305168234384976866e-01
6.405999973798409686e-01
6.220887938371071346e-01
6.217700666342026450e-01
6.266857128112743869e-01
6.195890005582418425e-01
6.216446338555752238e-01
6.195333405947074379e-01
6.278066962957382646e-01
6.282073254004503227e-01
6.248552072506684540e-01
6.196759904042268285e-01
6.218964687524697332e-01
6.233634646122272471e-01
6.153304936794133928e-01
6.243136587815406591e-01
6.237625281016031531e-01
6.141234411643101687e-01
6.174015901791743977e-01
6.140898920022523910e-01
6.253593421899354965e-01
6.248776870660293081e-01
6.178524212195323218e-01
6.185497830311457168e-01
6.102538197468488912e-01
6.119151325562061094e-01
6.198465015643682685e-01
6.199357995620140560e-01
6.112323690683413302e-01
6.214155060358536042e-01
6.145978589852650886e-01
6.134666272462943049e-01
6.201702806429985060e-01
6.182952070847536064e-01
6.193396379550297759e-01
6.261762828398973468e-01
6.215917500929954986e-01
6.118328053217667595e-01
6.150142539006012710e-01
6.045511002723987781e-01
6.125535308550565938e-01
6.078230947256088035e-01
6.067901192567287660e-01
6.192822344028032777e-01
6.191211384840500376e-01
6.066223988930384836e-01
6.161795101868801083e-01
6.066511614964558152e-01
6.102622670240891445e-01
6.084572412264652730e-01
6.002157822633400475e-01
6.090874150013312338e-01
6.100286444028218957e-01
6.017553491470141180e-01
6.038237194220225090e-01
6.139294022168868548e-01
6.002627249711599555e-01
6.024875024954478020e-01
6.063947349022595912e-01
6.037543405324984347e-01
6.047630738753538848e-01
5.968067664366502045e-01
6.069358421441836127e-01
5.995464020814651462e-01
6.045102756757002593e-01
6.025596556755212774e-01
5.953803746364055849e-01
5.965222367109396240e-01
6.025774609584074737e-01
6.043808315044794099e-01
6.029109083689175863e-01
6.132183959086735525e-01
6.057036684873776666e-01
6.043305782171396467e-01
6.140898619706813832e-01
5.993878286618452567e-01
6.132540007432302209e-01
6.092848248970814673e-01
6.039116618724970076e-01
6.131766353662196911e-01
6.095636150775811668e-01
6.122308588944949115e-01
6.145190321482144613e-01
6.089087652854430210e-01
6.077339616341468354e-01
6.092487771541644781e-01
6.136324090835375555e-01
6.087475358675688009e-01
6.126553327609330912e-01
6.103364681586240792e-01
6.035583879703130261e-01
6.076631717192820803e-01
6.105378754628010274e-01
6.138453728877580895e-01
6.105779818999461650e-01
6.139148648732747349e-01
6.095054524067120560e-01
6.082213237499579650e-01
6.030185354061615710e-01
6.111774948162910226e-01
6.031889608273139913e-01
6.003046239797885653e-01
6.023207521591431579e-01
6.040869595912786716e-01
6.076898598518126748e-01
6.063039192786583431e-01
6.203571404402072886e-01
6.126019194340094343e-01
6.125699806671875969e-01
6.091025616113956431e-01
6.058586296362754586e-01
6.014446059862772476e-01
6.083144976542546045e-01
6.109904639231853452e-01
6.129783259752469293e-01
6.065514822036791598e-01
6.087020243207613701e-01
6.064830148067229532e-01
6.051447998254727567e-01
6.066791564990312580e-01
6.099208396978866853e-01
6.130250888757217131e-01
6.091189263722835978e-01
5.951339341126955507e-01
5.994556877857599719e-01
6.002130583310738565e-01
6.068385095932544715e-01
5.951647486442174229e-01
5.967612785406601894e-01
5.884541364816519016e-01
5.968462063716007959e-01
5.923722650760259167e-01
5.874881729865685243e-01
5.901852804880876047e-01
5.894282653545721562e-01
5.908417496161583182e-01
5.979260314733554349e-01
5.997049385920548703e-01
5.987179106626755454e-01
6.026768448261113909e-01
5.967393049826988927e-01
6.010169468629054101e-01
6.034166802962620535e-01
5.949244960760459167e-01
5.964075319277934994e-01
5.857120102032636888e-01
5.895081899104974710e-01
5.919623186955085270e-01
5.940802713235219246e-01
5.919726847073970566e-01
5.924158232334332252e-01
5.993031953389827970e-01
5.874995753551141009e-01
5.956803009296074425e-01
5.966429980137408773e-01
5.925973075322615857e-01
5.964087253961807278e-01
5.846591333548227798e-01
5.841191554680849052e-01
5.793986238730259863e-01
5.882680673629809842e-01
5.870806037615506900e-01
5.809178645030046440e-01
5.860204572861010819e-01
5.858449556124516455e-01
5.787794382908405533e-01
5.895167525762167182e-01
5.851035103583946961e-01
5.832771809437335975e-01
5.926003443124966408e-01
5.833016450588519586e-01
5.901612171759972325e-01
5.868184195879178056e-01
5.890456471687708362e-01
5.834086508322984255e-01
5.857974774562395570e-01
5.860595901042987554e-01
5.873006862707627063e-01
5.889989589269344350e-01
5.813678117134631895e-01
5.776895014903484782e-01
5.801942898676946125e-01
5.867670410718672791e-01
5.873370244716986655e-01
5.881467505907400639e-01
5.769184893522507629e-01
5.804169607468140368e-01
5.800238033899893786e-01
5.855370052349873067e-01
5.910157851683788266e-01
5.913009942342073444e-01
5.824666208181625837e-01
5.804000887351158378e-01
5.749770161433097604e-01
5.823123035522607127e-01
5.798994375345034591e-01
5.785172333319982263e-01
5.754380919994451782e-01
5.850835201067802194e-01
5.837955768291767100e-01
5.704828286018126526e-01
5.795166796598678616e-01
5.818763363055693416e-01
5.858138633080017810e-01
5.778511525728763365e-01
5.779599169890086152e-01
5.807809689870246928e-01
5.808950619055675002e-01
5.807679187792997855e-01
5.768322532757734766e-01
5.873126651996221081e-01
5.803259935134496006e-01
5.784823399323683057e-01
5.829802949459125250e-01
5.816327438140527217e-01
5.836573353180518620e-01
5.917793696507429591e-01
5.853754095542125224e-01
5.691923424983635904e-01
5.696547706157732982e-01
5.655496141085257777e-01
5.809948795881026973e-01
5.793700330914595131e-01
5.866335295713864806e-01
5.738675501866218331e-01
5.797727516064277165e-01
5.793391128381093491e-01
5.729331791400908980e-01
5.822460284599890734e-01
5.795475323994954131e-01
5.896962453157473805e-01
5.858235981984015739e-01
5.763096439532744419e-01
5.795284029765006562e-01
5.751619232770723844e-01
5.812611507299618729e-01
5.781822828910290202e-01
5.808636055542872878e-01
5.776452659796446065e-01
5.733132990506979443e-01
5.737905325033725301e-01
5.809174324457462291e-01
5.777209137494747626e-01
5.801608206369938125e-01
5.788870667035762585e-01
5.730954788434199365e-01
5.722567915916443315e-01
5.736369311809539351e-01
5.702137014040580265e-01
5.676657085999464725e-01
5.695171437966517480e-01
5.767791729706984727e-01
5.800941194479282137e-01
5.762817252140778335e-01
5.727711625588245425e-01
5.714205596691522837e-01
5.683061470588047781e-01
5.666652398231701859e-01
5.765836598399357582e-01
5.729277818630903463e-01
5.658473250193473136e-01
5.701954050323901901e-01
5.617175732667629706e-01
5.781056807591364866e-01
5.629454378898327560e-01
5.732331604529650182e-01
5.736043114692737088e-01
5.636255345283410767e-01
5.693187861870496747e-01
5.635840875216019397e-01
5.501268302018825773e-01
5.616051981846491570e-01
5.632745521190839488e-01
5.685117366222235402e-01
5.673501699398725284e-01
5.698150794475506098e-01
5.676332690776922929e-01
5.626325210699668622e-01
5.611654025621902742e-01
5.642619316394512641e-01
5.598305826767896454e-01
5.677607174103076471e-01
5.770954796901115458e-01
5.683339552237437475e-01
5.644513666629791260e-01
5.522272757994822756e-01
5.674368282159168997e-01
5.610444231675221216e-01
5.692180424164503538e-01
5.639088312020668070e-01
5.662732180112447500e-01
5.705614058635173347e-01
5.589463812418472566e-01
5.631596627907875519e-01
5.575983308064631494e-01
5.576970642193769256e-01
5.544339572007839223e-01
5.668814021807450088e-01
5.624648779630661011e-01
5.697822226927831135e-01
5.634390380138005749e-01
5.602231782216292588e-01
5.679107942260228636e-01
5.569402865110300027e-01
5.585352579752603797e-01
5.575499802063672572e-01
5.723434449006349345e-01
5.623354716942861042e-01
5.575826239127379402e-01
5.542398558213160742e-01
5.602532644302417042e-01
5.590354832319113232e-01
5.734769507096364460e-01
5.633955775163113078e-01
5.555515562112515182e-01
5.710476315174347617e-01
5.541342671100909500e-01
5.686436650844720608e-01
5.516981943295552471e-01
5.523029970052915072e-01
5.637541419420486477e-01
5.577183912197748450e-01
5.647598863412172099e-01
5.531848963254537566e-01
5.578505913416544892e-01
5.541802267997693043e-01
5.626074991929225222e-01
5.551246450497553386e-01
5.603117460241684444e-01
5.579019778049909561e-01
5.617452736084277420e-01
5.558792133361865062e-01
5.619729754252311693e-01
5.654430689720006953e-01
5.555387814075518627e-01
5.586180718281330559e-01
5.447935773011965965e-01
5.578908126323650629e-01
5.537162883923604229e-01
5.626214799972680813e-01
5.568925865949728715e-01
5.603009859720865515e-01
5.616664088689363732e-01
5.622754707550391418e-01
5.590414077043532881e-01
5.606219812081409959e-01
5.598478802503683571e-01
5.566368644054119352e-01
5.511383619828101876e-01
5.486604941196930874e-01
5.493783584007849718e-01
5.568323666468645294e-01
5.495140560162372623e-01
5.457833599585752982e-01
5.578413760814910916e-01
5.597557921440173834e-01
5.501276028461945522e-01
5.570931741060354270e-01
5.613963094277260035e-01
5.579169900753558897e-01
5.522710711528093785e-01
5.485254276257295336e-01
5.475171442979421821e-01
5.581912104900066396e-01
5.473181553376026409e-01
5.499964485565821404e-01
5.593803908580389228e-01
5.487179996493535272e-01
5.506672438902732170e-01
5.623536412532512685e-01
5.561297885882549030e-01
5.484490667398159713e-01
5.547345752899462967e-01
5.467538614303637523e-01
5.547168149397923020e-01
5.534728291707161629e-01
5.468159473095184353e-01
5.493530254333447438e-01
5.493599385787278910e-01
5.515943091649275765e-01
5.497010509937237943e-01
5.566903406228774775e-01
5.490084446393526107e-01
5.592116928253418884e-01
5.583088120588889369e-01
5.658172524128204373e-01
5.584139721515851695e-01
5.519198361879740222e-01
5.581968714029360568e-01
5.510512456679955706e-01
5.578351393724099161e-01
5.525164625583550704e-01
5.534055273502300754e-01
5.664769018307710402e-01
5.548872036047470813e-01
5.488502100492135272e-01
5.577623766202193245e-01
5.637353601363989108e-01
5.524427595046850215e-01
5.520787382737184501e-01
5.516732254853615736e-01
5.585040538738935689e-01
5.654653780735455770e-01
5.554129129036878831e-01
5.512377788623173958e-01
5.585382586106275582e-01
5.523973402304527269e-01
5.515497057865828001e-01
5.477695527749183446e-01
5.464684314452684655e-01
5.552274062083317752e-01
5.401690989732742532e-01
5.489879288734533791e-01
5.578582506149243336e-01
5.537265587311525072e-01
5.468805948893229463e-01
5.507169080850405907e-01
5.494138253040802278e-01
5.479316465747662290e-01
5.558594200855646594e-01
5.530549847926848894e-01
5.542114015573110786e-01
5.464474381544650594e-01
5.556576277200991898e-01
5.436876392517334677e-01
5.460569452780943411e-01
5.556294105755976709e-01
5.500603237977395032e-01
5.463934762355608932e-01
5.493141085673600710e-01
5.486164596982491259e-01
5.436878072145657770e-01
5.565693678000034339e-01
5.489656335268264797e-01
5.495393438981129863e-01
5.510218536242460496e-01
5.510444200191741970e-01
5.400994934332676856e-01
5.536311063246849296e-01
5.570646724639795044e-01
5.593397516470689501e-01
5.568119677213522190e-01
5.476009634060737818e-01
5.523712717569790875e-01
5.513295572537642020e-01
5.618119915326436065e-01
5.559316470836981328e-01
5.429730653762817605e-01
5.416406694131019606e-01
5.436319150985815529e-01
5.426215780087005891e-01
5.515911433941278474e-01
5.570885161558787324e-01
5.543666906845875486e-01
5.552078824776869315e-01
5.469066792573684666e-01
5.546052611791170150e-01
5.499186343107468344e-01
5.500323053353871616e-01
5.515996700678116316e-01
5.483890437162839415e-01
5.443219599815515286e-01
5.356288304695716596e-01
5.479361936067923544e-01
5.490182589261959345e-01
5.509539566743067995e-01
5.517216137586495872e-01
5.534042339294384938e-01
5.558687351452998859e-01
5.461369450275714854e-01
5.478391538827847018e-01
5.399567456581653158e-01
5.571553260852128986e-01
5.416519890993068964e-01
5.468158345956068978e-01
5.508069441868708171e-01
5.484009701472062348e-01
5.504465648761162067e-01
5.361851759445972476e-01
5.454728876168911667e-01
5.458717524241178953e-01
5.481067812595612487e-01
5.450446829581871988e-01
5.458885011764672557e-01
5.537903724572597053e-01
5.506639182567596436e-01
5.437458621385770074e-01
5.529503366503960571e-01
5.547316670417785645e-01
5.480499904125164523e-01
5.400198660599879741e-01
5.488065142662097440e-01
5.458833691401359101e-01
5.410389675925939557e-01
5.477566075630676545e-01
5.382060627142588594e-01
5.445341304326668519e-01
5.463030086878019054e-01
5.377188145350186854e-01
5.420996201344024934e-01
5.473803159518119132e-01
5.460472216208775986e-01
5.483853288185902564e-01
5.495757420857747544e-01
5.541139770776797313e-01
5.492556484081806412e-01
5.415237247943878174e-01
5.440809194858257092e-01
5.623516432749919858e-01
5.416953541529484495e-01
5.378592912967388173e-01
5.402541437974343053e-01
5.470252801974614387e-01
5.515370941314942099e-01
5.387765468695224769e-01
5.424607446942574240e-01
5.406881036666723039e-01
5.517142675625972270e-01
5.472974571662071464e-01
5.343857657450895582e-01
5.437570056089988668e-01
5.292124098692184697e-01
5.506696812235392091e-01
5.563553823110384267e-01
5.521811243051137907e-01
5.442553868660560124e-01
5.448681791623433135e-01
5.488116826766576972e-01
5.457912796582931048e-01
5.437990909203505030e-01
5.412656225455112491e-01
5.407202455477836400e-01
5.521090167455183773e-01
5.421775302825829757e-01
5.394670374118364364e-01
5.424269588329853065e-01
5.518452121279178169e-01
5.518456742549553429e-01
5.472605844338734871e-01
5.437730825100189902e-01
5.400242068828680075e-01
5.530876443936274534e-01
5.632551409495182293e-01
5.498715883646255742e-01
5.415141837719159579e-01
5.380624950696260012e-01
5.480703493723502184e-01
5.434216481752884853e-01
5.489920353278135989e-01
5.429346005886028781e-01
5.484535584082970150e-01
5.485111571275270714e-01
5.424434858254897351e-01
5.553981299583728992e-01
5.538149795471093428e-01
5.530613295542887720e-01
5.411952983110378534e-01
5.510464825691321344e-01
5.513802976180345317e-01
5.522869385205781967e-01
5.467923774933203251e-01
5.514957134540264816e-01
5.505523627385114915e-01
5.449046155581107609e-01
5.571877607168295166e-01
5.495009834185624609e-01
5.527929818018888497e-01
5.545064964355566062e-01
5.508230825647330020e-01
5.509774037660696289e-01
5.577523486736493119e-01
5.407573006856135622e-01
5.583652980052508097e-01
5.583712166700607327e-01
5.487304268739162660e-01
5.552297505812767708e-01
5.519092883819188833e-01
5.493970984067672036e-01
5.513810865389995319e-01
5.406943720120650498e-01
5.484968893038920656e-01
5.480258286763459719e-01
5.440094487407268753e-01
5.466577049249258247e-01
5.392580127486815700e-01
5.397722226686966218e-01
5.512848492616262419e-01
5.402738722471090993e-01
5.530873481279764414e-01
5.565152661922651012e-01
5.524435972556089869e-01
5.413151982885140434e-01
5.594507868473346246e-01
5.497178127368290701e-01
5.495091754656571403e-01
5.437218692058172209e-01
5.449884600746326413e-01
5.476621868518682934e-01
5.422609664690800635e-01
5.402759549709467146e-01
5.394241960384906776e-01
5.492832894508655750e-01
5.428540085370724411e-01
5.414939210200920838e-01
5.427604835767012581e-01
5.257895683630918748e-01
5.392688319469109981e-01
5.447294990221659416e-01
5.381039699682822475e-01
5.590377251307169226e-01
5.462488309695170408e-01
5.470042969171817759e-01
5.349492198381669006e-01
5.436802891584543440e-01
5.417563194647813107e-01
5.454866630908770109e-01
5.419750268642719027e-01
5.456955542931190006e-01
5.388720597976293103e-01
5.485241248057438623e-01
5.451059847305982364e-01
5.454650602279564886e-01
5.455461533405842056e-01
5.364450566279582722e-01
5.421157386058416128e-01
5.449823162494561446e-01
5.348162049666429496e-01
5.388424093142534232e-01
5.471276003580827219e-01
5.455383298488764021e-01
5.407859859558251658e-01
5.505745830444189748e-01
5.442447959612577435e-01
5.400776045444684037e-01
5.486168814775270741e-01
5.379936566719641933e-01
5.420866905878751751e-01
5.425179853653296913e-01
5.412820595197188611e-01
5.356200798199727275e-01
5.410272798477074874e-01
5.390608869301967143e-01
5.349142409287965805e-01
5.389525972497768436e-01
5.453488195553803930e-01
5.305557981515541810e-01
5.385604321956634077e-01
5.385808551158660640e-01
5.460797075277720181e-01
5.272050246214254887e-01
5.337384341618953698e-01
5.345397294331819538e-01
5.333839256794025152e-01
5.352825366533719986e-01
5.350352331613883461e-01
5.341214810426418991e-01
5.385653543166625257e-01
5.352080042545611649e-01
5.367877284685770300e-01
5.313980634395892855e-01
5.448231442616535691e-01
5.298212382273795873e-01
5.343095635756468509e-01
5.454488451664264437e-01
5.410882939894994248e-01
5.537395387887954490e-01
5.457555793034725156e-01
5.386296996703514584e-01
5.414596762412633435e-01
5.381226630547107925e-01
5.458522239556679034e-01
5.331867718543761292e-01
5.410973414396628156e-01
5.421866238117217796e-01
5.405797891127757104e-01
5.374422134497226500e-01
5.374046477751853734e-01
5.440443307161331177e-01
5.409099322098952500e-01
5.449974984694749836e-01
5.391775018893755211e-01
5.345137017659652434e-01
5.384241306628936297e-01
5.461703730699343229e-01
5.417768997259628794e-01
5.505647561489007691e-01
5.353204707304636267e-01
5.318980875687721044e-01
5.353443206884922478e-01
5.342949428619482299e-01
5.257237869959611176e-01
5.343549111714729349e-01
5.381213475496341436e-01
5.363336604375105177e-01
5.453884889682133474e-01
5.262192992063668973e-01
5.334324516547032102e-01
5.335638378675167104e-01
5.332305384752077382e-01
5.374227351867235658e-01
5.286121138395407648e-01
5.383246631194383847e-01
5.360349859946813567e-01
5.301251451174417983e-01
5.333200336266786801e-01
5.390367787617903472e-01
5.237555872935515389e-01
5.252494141841546060e-01
5.355475087196398531e-01
5.446109356788488842e-01
5.294213056564330833e-01
5.279891432859958877e-01
5.249072038210355062e-01
5.336033465006412291e-01
5.276062727738649594e-01
5.285467569644634045e-01
5.329563610064678159e-01
5.290428008788671255e-01
5.308692588255955469e-01
5.386540639094817839e-01
5.365132204997233867e-01
5.330286645736449502e-01
5.324202212003561474e-01
5.379591290003213899e-01
5.327999642262092328e-01
5.300129812115278449e-01
5.255898636885177888e-01
5.221402011620692729e-01
5.289903600246478321e-01
5.294618662351217031e-01
5.152877443876021646e-01
5.347279278895793464e-01
5.375014688724126799e-01
5.363812024012589719e-01
5.473273650957988234e-01
5.329215544920701264e-01
5.366011066314501088e-01
5.274689408449025896e-01
5.330899459429275788e-01
5.406084747650684585e-01
5.313094826845022878e-01
5.297669194447688357e-01
5.461886650476700522e-01
5.279599467149147518e-01
5.355502321934089149e-01
5.315104610644854066e-01
5.351800377552325960e-01
5.289241156516930609e-01
5.219678042790828476e-01
5.301534336346845899e-01
5.383229536887926825e-01
5.327414020513876469e-01
5.241184546397282817e-01
5.324694706079287077e-01
5.296954040343945236e-01
5.285745135484597457e-01
5.326157793020590558e-01
5.193910420705110109e-01
5.360181943728373755e-01
5.231920241545408023e-01
5.307873738117706575e-01
5.349858603034264304e-01
5.284448246925305126e-01
5.226692392275883448e-01
5.205635078442402142e-01
5.256467148279532209e-01
5.257809909490438471e-01
5.267847243027808934e-01
5.242521826273355279e-01
5.238238821427027014e-01
5.315339349019221338e-01
5.323877236017814374e-01
5.307268622594002450e-01
5.330356904329397461e-01
5.264977092162156369e-01
5.329318795448694246e-01
5.242274253032146447e-01
5.132513743180494581e-01
5.287902887815084663e-01
5.235635645878620181e-01
5.223905772352830379e-01
5.379879448658381191e-01
5.331980832112140911e-01
5.310092813693559899e-01
5.231878952338144817e-01
5.115928899783354078e-01
5.293344540473742255e-01
5.259442824583787646e-01
5.231949268243252238e-01
5.241694490114847671e-01
5.226270089546839470e-01
5.301007380088170740e-01
5.236709586320779097e-01
5.262128824606919775e-01
5.233163700653956640e-01
5.200290970313243832e-01
5.211724259914496393e-01
5.204927066961924087e-01
5.303928936139131745e-01
5.291191972983189107e-01
5.254976296272033665e-01
5.242926322496854752e-01
5.303816676903994054e-01
5.210332779548106918e-01
5.255945705450497663e-01
5.284271982999948492e-01
5.271313104874048028e-01
5.421685075912719975e-01
5.310465611708470313e-01
5.200120693598038191e-01
5.266083242037357115e-01
5.319615503916373944e-01
5.269597473816993727e-01
5.384993223807750251e-01
5.120234437859975118e-01
5.309861327593142777e-01
5.416386594374974495e-01
5.325848793372129908e-01
5.334847245460901943e-01
5.216915785502165281e-01
5.292793207443677872e-01
5.201527418234409561e-01
5.272426105462587609e-01
5.200009955045504784e-01
5.156089554994534030e-01
5.215848303758181537e-01
5.168136572226499359e-01
5.209436863660812378e-01
5.287924912495490792e-01
5.253748209048539897e-01
5.232856644269747726e-01
5.154148518274992430e-01
5.270673207747630373e-01
5.162362825412016853e-01
5.121965575676697968e-01
5.269855782007559775e-01
5.220321834851533449e-01
5.213938569411252777e-01
5.228561673408899102e-01
5.224215716887743444e-01
5.212230323981016378e-01
5.343568811813990127e-01
5.222501984009375597e-01
5.341409336297939792e-01
5.253949682681988698e-01
5.222737919825773956e-01
5.298306428469143903e-01
5.268152262155826326e-01
5.202537402128561972e-01
5.258927234472372536e-01
5.195308829729373690e-01
5.235249103643955237e-01
5.236853324449979308e-01
5.225863922864962818e-01
5.274576233747677589e-01
5.272930841415356396e-01
5.371544665251022366e-01
5.263812268391633298e-01
5.233449850709009921e-01
5.339979331462810785e-01
5.275151678384878418e-01
5.257389627206019433e-01
5.251508839619465352e-01
5.227530821011616702e-01
5.222163125490530966e-01
5.309094877579273453e-01
5.302489870633834146e-01
5.239472138576019011e-01
5.242758494157057081e-01
5.253453671168057948e-01
5.197028839435332559e-01
5.225960886631256797e-01
5.287314246862362399e-01
5.303312400212654154e-01
5.212319536086840177e-01
5.300137665027226941e-01
5.278931030096152277e-01
5.264568017843441750e-01
5.360587878104967618e-01
5.205382307370504114e-01
5.251543613580557102e-01
5.296460412251643435e-01
5.281008417025591095e-01
5.302539742145783164e-01
5.222392690869478438e-01
5.274606466293334517e-01
5.208801830426240675e-01
5.222845926498755897e-01
5.249209611079631577e-01
5.218280209180635731e-01
5.315687541014109119e-01
5.260569673700210558e-01
5.152544093437684269e-01
5.325856301264885184e-01
5.293171678598110885e-01
5.239390092782485464e-01
5.299807018194443442e-01
5.201209438152801789e-01
5.203721841940512904e-01
5.250321499812297121e-01
5.235193344262930593e-01
5.163244717396222594e-01
5.244506116860951916e-01
5.199235601302905074e-01
5.227758240241270338e-01
5.270519474377999281e-01
5.224933503529964884e-01
5.225274074536103708e-01
5.252998890020907918e-01
5.345425050992231863e-01
5.222121150829852620e-01
5.335273269277353014e-01
5.251008694752669070e-01
5.234955478937197704e-01
5.222912286336605092e-01
5.192803060397123138e-01
5.133636157482098783e-01
5.186273382260249143e-01
5.189337752568415896e-01
5.230611799619137026e-01
5.222909657618938217e-01
5.217013884049195305e-01
5.181066723970266796e-01
5.193439047306012135e-01
5.222701157132784155e-01
5.164774756401012690e-01
5.211908468833336139e-01
5.201499643234106518e-01
5.223289061051148430e-01
5.234136414833557849e-01
5.254436726753528575e-01
5.227668561996557939e-01
5.211332396819041701e-01
5.156410348721039982e-01
5.247723893477366230e-01
5.107164442539214866e-01
5.367737987866768590e-01
5.224759995173184901e-01
5.184134130294506537e-01
5.254551098132744791e-01
5.230932541382617984e-01
5.246110877165427455e-01
5.191423265597758796e-01
5.163366151161682405e-01
5.209183252010589626e-01
5.207940252927633074e-01
5.247569822348081559e-01
5.129947178638898375e-01
5.148806988428800135e-01
5.216099305794789087e-01
5.184498599324470769e-01
5.224313306502806897e-01
5.216015413021429792e-01
5.201486570712847701e-01
5.150952969606106269e-01
5.149343230785468073e-01
5.268848703457759131e-01
5.273092840726558705e-01
5.176151159482124120e-01
5.180652187420771160e-01
5.176066942704029561e-01
5.210148618771479612e-01
5.160514633624981862e-01
5.287344089685341864e-01
5.118780103249427338e-01
5.242386161516874310e-01
5.130615437642122023e-01
5.215335709162247646e-01
5.212186098862916506e-01
5.092801551788280756e-01
5.304598008975004442e-01
5.161606234617722722e-01
5.181379039318133595e-01
5.182703978740251793e-01
5.156669978912059582e-01
5.099636437037051717e-01
5.241129211890391826e-01
5.155418135416813818e-01
5.231588236032388428e-01
5.132397760183383673e-01
5.221359512744805365e-01
5.223530535514537831e-01
5.180417484197861189e-01
5.257689676987818972e-01
5.297728097591645202e-01
5.171181765122291329e-01
5.231169803784443406e-01
5.075004589099150198e-01
5.164459328620861767e-01
5.156387209510191472e-01
5.192766760404293747e-01
5.140932650138170246e-01
5.146746568954907453e-01
5.104674004591428504e-01
5.155223345909363264e-01
5.200439073336430296e-01
5.174844459845469036e-01
5.176976072482574187e-01
5.133285442223916029e-01
5.099509225441859472e-01
5.210669760520642013e-01
5.183154436258169406e-01
5.179723589084087587e-01
5.200712214677761791e-01
5.191700347723104958e-01
5.185460849450185261e-01
5.224681716698866829e-01
5.086909161928372392e-01
5.159736940493950819e-01
5.142501922372060275e-01
5.141198985087566120e-01
5.208780679183128148e-01
5.141208506547487733e-01
5.195054033627877210e-01
5.155875546045792790e-01
5.185596793125837323e-01
5.052444866070380236e-01
5.118988791337379940e-01
5.110833779359474915e-01
5.150347171685634162e-01
5.203029073965854678e-01
5.152864191012505035e-01
5.342309218186598319e-01
5.228724017357214704e-01
5.194136439989774923e-01
5.195168806192201894e-01
5.161350292273056972e-01
5.198213812632438424e-01
5.155002504587173906e-01
5.152419431087298385e-01
5.111525727006105413e-01
5.163621407288770948e-01
5.108150036671222916e-01
5.170940859959676228e-01
5.121794233719507705e-01
5.156418184439340857e-01
5.167885299676503452e-01
5.123948276042937788e-01
5.130309616908048653e-01
5.130059468440520964e-01
5.238823934243275193e-01
5.264055050336398089e-01
5.173161023702377292e-01
5.222200719973979499e-01
5.101184392204651807e-01
5.185664599522565865e-01
5.157600232423880104e-01
5.182626434625723366e-01
5.172218210422075968e-01
5.116316864123711117e-01
5.162217125678674190e-01
5.236234446748708748e-01
5.074412609522159778e-01
5.164896654777038076e-01
5.185668794772564372e-01
5.177272186829493528e-01
5.243620956555391510e-01
5.145120471715927124e-01
5.142528964922978840e-01
5.102642744779586348e-01
5.144660430840957144e-01
5.076054828289228160e-01
5.119234874080389464e-01
5.102510621914496669e-01
5.075854146327727356e-01
5.154620392200274237e-01
5.061172744402518964e-01
