2.271187005287561789e+00
2.189497416447370615e+00
2.150260766347249497e+00
2.126211060621799653e+00
2.105151664905059228e+00
2.092314844253735817e+00
2.080466346251658827e+00
2.069888818264007391e+00
2.061410562197367291e+00
2.053090230929545790e+00
2.046176541768587764e+00
2.043238750176552099e+00
2.037697288928887573e+00
2.029855227470398038e+00
2.028004795771378710e+00
2.024057946144006248e+00
2.021945933806590379e+00
2.018512495358784964e+00
2.017803984727614797e+00
2.014666955593304554e+00
2.014103879989721957e+00
2.012039729876395899e+00
2.009676568019084453e+00
2.007857715777861873e+00
2.005779234262613286e+00
2.004179348395421112e+00
2.003780241501636805e+00
2.005200600929749388e+00
2.001428274007944097e+00
2.002382126221290193e+00
1.999087236172113702e+00
1.999766023342425925e+00
1.998310250808031041e+00
1.996757597495347980e+00
1.997243321553254791e+00
1.996736307327563908e+00
1.993212485924745314e+00
1.993267499789213471e+00
1.994789627270820764e+00
1.992973492390070156e+00
1.990592029461493828e+00
1.989767564871372407e+00
1.990679315114632697e+00
1.989609034856160585e+00
1.985806356637905834e+00
1.986850980917612697e+00
1.984838492442400071e+00
1.983791594627575927e+00
1.983357659058693212e+00
1.984699477293552450e+00
1.981377337834773877e+00
1.980306924000764468e+00
1.980821070609948498e+00
1.978659236736786564e+00
1.978998326032589627e+00
1.979885824521382620e+00
1.975463454234294369e+00
1.976514258140172675e+00
1.977470415677779814e+00
1.974413000008998775e+00
1.975310406012412923e+00
1.974432421036255603e+00
1.968655590521983578e+00
1.971248434751461609e+00
1.967968834363497121e+00
1.967743786787375493e+00
1.967444185415903712e+00
1.965325243656451892e+00
1.962887653632041651e+00
1.965982396480364658e+00
1.965947111753316934e+00
1.961879398272587727e+00
1.965687326284555336e+00
1.962627502282460634e+00
1.960889373987148909e+00
1.960183242039802654e+00
1.958630898059942727e+00
1.958446119381831219e+00
1.957927521069844579e+00
1.957007901485149581e+00
1.957770677101917656e+00
1.956217186267559249e+00
1.955561370727343373e+00
1.953717618722182081e+00
1.951382559690719942e+00
1.953172067801157707e+00
1.950837865242591285e+00
1.949272667139004378e+00
1.950919254926534840e+00
1.949497112249716668e+00
1.948708830735622399e+00
1.946674293432480329e+00
1.944055011333563288e+00
1.948482805337661272e+00
1.945278613078288643e+00
1.945388066462981458e+00
1.945058171871380859e+00
1.941914482911427875e+00
1.942880945633619350e+00
1.942727128664652581e+00
1.940189802952301701e+00
1.939372775187859110e+00
1.939715645863459681e+00
1.938107919387328293e+00
1.937926512498121978e+00
1.936694153761252313e+00
1.936121554558093649e+00
1.937508936723073338e+00
1.934612098106971212e+00
1.934393736338004155e+00
1.934039648985251381e+00
1.932205345997443535e+00
1.932703412801791476e+00
1.929172352338448526e+00
1.927978300436949066e+00
1.930356692350827741e+00
1.926334056793115090e+00
1.929338843394548419e+00
1.929506775354727699e+00
1.926594017407833093e+00
1.925957614947588104e+00
1.926712528864542584e+00
1.927275037765503019e+00
1.926339244536864559e+00
1.924624658547914979e+00
1.927632568432734672e+00
1.922121762618040464e+00
1.921023112688309054e+00
1.922833795730884310e+00
1.919836552020830922e+00
1.923890322293990707e+00
1.921899268871698707e+00
1.919150435007535460e+00
1.917242395266508526e+00
1.919741508899590832e+00
1.916734233574989510e+00
1.916045718315320112e+00
1.913956711231133978e+00
1.911888393683311316e+00
1.912430488757598024e+00
1.917479357658288475e+00
1.912559091739165495e+00
1.915621644411331648e+00
1.911528473633986147e+00
1.915255786516727454e+00
1.913140808924650438e+00
1.915845618798182493e+00
1.912333937180347831e+00
1.909090770513583557e+00
1.912752093412937171e+00
1.910001574418483727e+00
1.909567908140329173e+00
1.910160988722092057e+00
1.913111558938637824e+00
1.906255340576171964e+00
1.907226288624298771e+00
1.905485072197058205e+00
1.906643834786537317e+00
1.906941502522199627e+00
1.903193088678213352e+00
1.906176440838055708e+00
1.903166957084949207e+00
1.903558607896169041e+00
1.903745333048013633e+00
1.900425689648359340e+00
1.899629559883704522e+00
1.899730341556744806e+00
1.900482428379547839e+00
1.903865441297873495e+00
1.901939216332557914e+00
1.898044657707214311e+00
1.897408941770211355e+00
1.896924607876019575e+00
1.897577940500699611e+00
1.897713508361425161e+00
1.895832291321876806e+00
1.898629572146978139e+00
1.894945527345706315e+00
1.892473920186360736e+00
1.894770151835221572e+00
1.891796021583752818e+00
1.892124910843677954e+00
1.891642961440942239e+00
1.894076410012367484e+00
1.891819140544304556e+00
1.891558826886690525e+00
1.891715984772413206e+00
1.891217402311471840e+00
1.892528803837604912e+00
1.887768272864512875e+00
1.886020184785891729e+00
1.890064615164047668e+00
1.889687922367682793e+00
1.888012037216088679e+00
1.892593112970009761e+00
1.889356450545482069e+00
1.886781473343188908e+00
1.887231628405742212e+00
1.885268205251449114e+00
1.882737882626362325e+00
1.887651500946436078e+00
1.884661748164739414e+00
1.885201037541413882e+00
1.881835992214007325e+00
1.882440893466656107e+00
1.881983650342011982e+00
1.883110193717174141e+00
1.882393898719396441e+00
1.881567244957654816e+00
1.878465672639699990e+00
1.878242010336655943e+00
1.880277894093440150e+00
1.879129109321496349e+00
1.878468013115418334e+00
1.876225536908858960e+00
1.879346709373669766e+00
1.877742563761197525e+00
1.879845013068272452e+00
1.877801992954351906e+00
1.873469985142732330e+00
1.874762161267109484e+00
1.877021170273805328e+00
1.874032177680577949e+00
1.877545581108484463e+00
1.874832466626778604e+00
1.875185338961772530e+00
1.871886790104401399e+00
1.875739535001607949e+00
1.878494596175658504e+00
1.873211862185062415e+00
1.872007600160745522e+00
1.873266883691151907e+00
1.874267766108879574e+00
1.872444039430373852e+00
1.870616162434602492e+00
1.871932647778437708e+00
1.870288438369066331e+00
1.873159509133069944e+00
1.874697949947454978e+00
1.871416542468926858e+00
1.870180731553297671e+00
1.868312313617804143e+00
1.870608658973987204e+00
1.872975115898327880e+00
1.866144765951694540e+00
1.868501945947989462e+00
1.868503154546786504e+00
1.872693694554842470e+00
1.867695780289478691e+00
1.868379540932484151e+00
1.864464345956460045e+00
1.864058209688235657e+00
1.863718537183908230e+00
1.868251239947783748e+00
1.863564995618966824e+00
1.864228407236246055e+00
1.864624932790413858e+00
1.862323955389169505e+00
1.858486686608730176e+00
1.860608297127943844e+00
1.866063844546293593e+00
1.864190661907195956e+00
1.862247255215278008e+00
1.863379836999452976e+00
1.864404082909608462e+00
1.861278753708570433e+00
1.861999696340316479e+00
1.860886263236021465e+00
1.860200148668044617e+00
1.858911861517490438e+00
1.858450804918240218e+00
1.859828776273972029e+00
1.860058556458888956e+00
1.858512514371138291e+00
1.858500690949268730e+00
1.863639519153497126e+00
1.860820444730612033e+00
1.853287609418233339e+00
1.855515514887296158e+00
1.857773260581187635e+00
1.858790056522075851e+00
1.853426301785004338e+00
1.858243333070705994e+00
1.858875438800224877e+00
1.855409771662491991e+00
1.857972797980675272e+00
1.858592073122660393e+00
1.860579256216684962e+00
1.855408381193112133e+00
1.855556596548129322e+00
1.858300155554062361e+00
1.852282293943258384e+00
1.854748198924920599e+00
1.851645272511702300e+00
1.859189525323036385e+00
1.853371611008277409e+00
1.853257607191036938e+00
1.855960344045590071e+00
1.854206025906098176e+00
1.853250392889365106e+00
1.850893776539044522e+00
1.849523122799702213e+00
1.854144196021251245e+00
1.848461932096725935e+00
1.852967519637865879e+00
1.849352239339779658e+00
1.852290525497534368e+00
1.851295736814156490e+00
1.849628116839971304e+00
1.847798551962925862e+00
1.853423259808467005e+00
1.852525057242466744e+00
1.848014824512677290e+00
1.850021258684305003e+00
1.847813229683118008e+00
1.848488700695526843e+00
1.848649452282832284e+00
1.848740515036460641e+00
1.850029773895557117e+00
1.849238957197238298e+00
1.845310033896030433e+00
1.848185756267645363e+00
1.844300118470803218e+00
1.848589205436217409e+00
1.844791115247286228e+00
1.844407742145733886e+00
1.845938813380705978e+00
1.848351100163581950e+00
1.845556861620682998e+00
1.845080594833080623e+00
1.844383583924709136e+00
1.845943044699155378e+00
1.843379967029278088e+00
1.844949081310859107e+00
1.848840604072962135e+00
1.843213106730045459e+00
1.845789302618075611e+00
1.842706205294682320e+00
1.845123196870852800e+00
1.842273422082265188e+00
1.841965797314277120e+00
1.845743369750487473e+00
1.842107164859771773e+00
1.840845942191588591e+00
1.840451626288585274e+00
1.840632444161635073e+00
1.845502205078418445e+00
1.842265677452087358e+00
1.839270794085967164e+00
1.840129956220969198e+00
1.842403897872337826e+00
1.841472630011729672e+00
1.843376689996474749e+00
1.838006298052959009e+00
1.839724260110121579e+00
1.838951397553468370e+00
1.841857689160567135e+00
1.837334906137906509e+00
1.838010049477601715e+00
1.837805685324546578e+00
1.844641775045639420e+00
1.841098513664343406e+00
1.841182478268941214e+00
1.836535261838863953e+00
1.843087126658512931e+00
1.836688777727958577e+00
1.840204804371564862e+00
1.837147519833002285e+00
1.835596156425965075e+00
1.839160576539161873e+00
1.835948831301469131e+00
1.838098754026950887e+00
1.839176417925418860e+00
1.837350416183471724e+00
1.837764108180999667e+00
1.835050337131206799e+00
1.835309380445724781e+00
1.833849562131441457e+00
1.835513792588160609e+00
1.833322960596818207e+00
1.835983845209464116e+00
1.835477698154938553e+00
1.836090639310005379e+00
1.836412527622320656e+00
1.833673908160283084e+00
1.837185397820594979e+00
1.833351262104816914e+00
1.831872789676372904e+00
1.837433428336412433e+00
1.832854690307226031e+00
1.836338194516988986e+00
1.831774861078995897e+00
1.831510285842113062e+00
1.832682524583278516e+00
1.831346998459253639e+00
1.832374544938405458e+00
1.835717244025988348e+00
1.836953516189868685e+00
1.832260664609762335e+00
1.832855268930777548e+00
1.833327345970349409e+00
1.828566593084579806e+00
1.831490769141759678e+00
1.832943603625664331e+00
1.834071866059914679e+00
1.829416871376526643e+00
1.827943152647752090e+00
1.829420543633974550e+00
1.829973163054539498e+00
1.831416880778777401e+00
1.831827648786398033e+00
1.831294271884820413e+00
1.832707733985705190e+00
1.828508618856087731e+00
1.826614962174342160e+00
1.830300899652334445e+00
1.829403031178009842e+00
1.827779726493052870e+00
1.831200894025655890e+00
1.830524218693757588e+00
1.831078862532591112e+00
1.826163059931535049e+00
1.826070270171532339e+00
1.826359276588146452e+00
1.823633739275809962e+00
1.824440732980385782e+00
1.829555065203935627e+00
1.828482567041348261e+00
1.828874169557522578e+00
1.827882954401847559e+00
1.825841704087379558e+00
1.826620208911406751e+00
1.826894025313548608e+00
1.829750586473024798e+00
1.825867682542556381e+00
1.827871598341526127e+00
1.822108647150871175e+00
1.823059864533253194e+00
1.830769167190942959e+00
1.826336821531638011e+00
1.826399438197796155e+00
1.824946781916496175e+00
1.823212660581637667e+00
1.821993667040115783e+00
1.828332967941577625e+00
1.824192362259595912e+00
1.822547529599605420e+00
1.822048531740139587e+00
1.822604532425220247e+00
1.825580072402954057e+00
1.823009173381022974e+00
1.826261189656379846e+00
1.822890812922746795e+00
1.821081466858203601e+00
1.817398078625018787e+00
1.819691126468854003e+00
1.819656400802807994e+00
1.824666161720569280e+00
1.822633507924202201e+00
1.822128220704885671e+00
1.818876298268636171e+00
1.821296075062873943e+00
1.820075509181389384e+00
1.821705757348965449e+00
1.821510591568090920e+00
1.825156016227526434e+00
1.822381664239443255e+00
1.821037639715732626e+00
1.819062740374834064e+00
1.824304981720753283e+00
1.822725478502420282e+00
1.821806557056231402e+00
1.817172011045309121e+00
1.819638986770923283e+00
1.819552227472647665e+00
1.823100753319569112e+00
1.816887054993556072e+00
1.820952296562683870e+00
1.822519131195850850e+00
1.821053780347873019e+00
1.817931852890894984e+00
1.821730109972831579e+00
1.820048318153772549e+00
1.819807168764945748e+00
1.817691868696457380e+00
1.818747842311859042e+00
1.820582449741852571e+00
1.818978011608123779e+00
1.820343789381858590e+00
1.821201231540777732e+00
1.818942085596231273e+00
1.818161931099035789e+00
1.817076290570772690e+00
1.815565011134514517e+00
1.819740550334636886e+00
1.817692170693324227e+00
1.818739302953084280e+00
1.812876229714124543e+00
1.818416291933793394e+00
1.818673708194341376e+00
1.818720964590708311e+00
1.814043487952305744e+00
1.814544279453081943e+00
1.820644001777355525e+00
1.811264676925463446e+00
1.818075747367663197e+00
1.818102709452311228e+00
1.815192637688074262e+00
1.815601947063054888e+00
1.818731951102232403e+00
1.822163140773773282e+00
1.815291276039221247e+00
1.819354240405253842e+00
1.815975718009166240e+00
1.820626686780880688e+00
1.816408388431255627e+00
1.817490158936916345e+00
1.815577422044216016e+00
1.813619244709993028e+00
1.823519576818515064e+00
1.820661322887127120e+00
1.818069532895699503e+00
1.820583028365404088e+00
1.813674247264862149e+00
1.815044351418813040e+00
1.816570239189343683e+00
1.820367275751554104e+00
1.816517106080666633e+00
1.816666064201257091e+00
1.812412827442853924e+00
1.813787049513596816e+00
1.814820475456042193e+00
1.814044206264691539e+00
1.815060030802702284e+00
1.811556454805227423e+00
1.814729576233105712e+00
1.812076373895009418e+00
1.813275957413208683e+00
1.812231032664959329e+00
1.816728226649455546e+00
1.814186239853883498e+00
1.818558075794806772e+00
1.816742057678027100e+00
1.816433992141332388e+00
1.813388537137936352e+00
1.815901453372759766e+00
1.813500338334303574e+00
1.810912782412309019e+00
1.817469910780588727e+00
1.811990526394966272e+00
1.811702699538988881e+00
1.813034093991304108e+00
1.816768838197757141e+00
1.812566013519580466e+00
1.812996905277936888e+00
1.811184598543705171e+00
1.813169498932667212e+00
1.814314581492008305e+00
1.808136954063024326e+00
1.812697763932056949e+00
1.812674762652470406e+00
1.810995069833902127e+00
1.810728228092193692e+00
1.809301225650004952e+00
1.812005689205267389e+00
1.808288704126309154e+00
1.814525621365278285e+00
1.809672336394970271e+00
1.810498451575254686e+00
1.813640395188943044e+00
1.806961658367743917e+00
1.813493256385509733e+00
1.807951654226352067e+00
1.810971167760017542e+00
1.805985582180512194e+00
1.804391463903280313e+00
1.810393595389830690e+00
1.815919427076975401e+00
1.811441949391976447e+00
1.809838565496298068e+00
1.807458400726318359e+00
1.807381354234157467e+00
1.809063233473362065e+00
1.809173824848272938e+00
1.806953957753303808e+00
1.808497777657631200e+00
1.815591502495301102e+00
1.812100214224595218e+00
1.804695113805624196e+00
1.812446155914893442e+00
1.814017313565963407e+00
1.808490130840203713e+00
1.813355814493619489e+00
1.810015493784195240e+00
1.813629905382792229e+00
1.807116156357985171e+00
1.809034674595563885e+00
1.808429732383825872e+00
1.805994738676609090e+00
1.808944865679129599e+00
1.807656216621398970e+00
1.807404683186457639e+00
1.811101727302257824e+00
1.808736543777661465e+00
1.809657049484741931e+00
1.806912685357607407e+00
1.807386406874045282e+00
1.802859504100603916e+00
1.805199696467473025e+00
1.808093556685325343e+00
1.801024793050228112e+00
1.806547506650288959e+00
1.808222462275089315e+00
1.804643224141536662e+00
1.806715031159229712e+00
1.809424454737932342e+00
1.805808681708115815e+00
1.809465945072663118e+00
1.806784262718298395e+00
1.806088324999197914e+00
1.807530390299283640e+00
1.809453323559883309e+00
1.807884954794859222e+00
1.809230761650281183e+00
1.802613516037280705e+00
1.805268059021387428e+00
1.806636417829073471e+00
1.806723950765071862e+00
1.809645420160049145e+00
1.805295541041936680e+00
1.806787303472176642e+00
1.804371411678118653e+00
1.806348498662312840e+00
1.802805616611089512e+00
1.805346809900723937e+00
1.804442108594454197e+00
1.804628087924077029e+00
1.803424902757008841e+00
1.803822807470957468e+00
1.804055862854688552e+00
1.806203118348733039e+00
1.803758765183962387e+00
1.806298506259918168e+00
1.805631409547267863e+00
1.804733232045784952e+00
1.800941509772569615e+00
1.800715893048506544e+00
1.807026953269273761e+00
1.799170824808952185e+00
1.802962566644717546e+00
1.802486237501486732e+00
1.800513277909694621e+00
1.802404675422570657e+00
1.805986254031841654e+00
1.798921146148290351e+00
1.803401078627659748e+00
1.806085346295283500e+00
1.804997838154817291e+00
1.803128653306227402e+00
1.799399917859297426e+00
1.802331526462848332e+00
1.802214311025081450e+00
1.805932766046279614e+00
1.802925581809802003e+00
1.800785098931728223e+00
1.796519233018924133e+00
1.801834434423691178e+00
1.798378758247082043e+00
1.801804792575347092e+00
1.805908343730828758e+00
1.802934487355061011e+00
1.803513059554956000e+00
1.802120627501071937e+00
1.806685998806586646e+00
1.798113391338250544e+00
1.796977269649505660e+00
1.802267084977565714e+00
1.798210231157449490e+00
1.799991071835542300e+00
1.801176729263403553e+00
1.803388003813914731e+00
1.799897346435449075e+00
1.801027281162066229e+00
1.800045132637023926e+00
1.798831043793605033e+00
1.802053840649433525e+00
1.798587437470754002e+00
1.800200017904624028e+00
1.802400699945596596e+00
1.798310979818686484e+00
1.802324404777624567e+00
1.804170967371035772e+00
1.799554720903054239e+00
1.800909940096048212e+00
1.799107392323322729e+00
1.800270330600249435e+00
1.797855261961619044e+00
1.799242531336270767e+00
1.798317741736387587e+00
1.802635653202350419e+00
1.797887624227083592e+00
1.795779267335549489e+00
1.800029762891622642e+00
1.804409297001667412e+00
1.799584989975660188e+00
1.799295207476004466e+00
1.799661920009515192e+00
1.797830497607206590e+00
1.793268021864768746e+00
1.799630863238603551e+00
1.796675343085557985e+00
1.797087308076711798e+00
1.798893650984152659e+00
1.796578351350931024e+00
1.799545141061147158e+00
1.798003396315452473e+00
1.800992545103415443e+00
1.793925581528590385e+00
1.801031928490369749e+00
1.798384114106496234e+00
1.797158923821571497e+00
1.796383858338380435e+00
1.796701511052938516e+00
1.795150877879216011e+00
1.798639242771344238e+00
1.799479254086812308e+00
1.799799461853809790e+00
1.794735502279721784e+00
1.803661477565765336e+00
1.801797866821289062e+00
1.804574053409772061e+00
1.800886876460833452e+00
1.798662737699655345e+00
1.798665072062076709e+00
1.795420116033309643e+00
1.799849535257388444e+00
1.799369699221391006e+00
1.797183974889608571e+00
1.796582739169781062e+00
1.799030443643912180e+00
1.798733662947630263e+00
1.796018427151899965e+00
1.794595375427832984e+00
1.798451581062414650e+00
1.796693623065948486e+00
1.795347737654661602e+00
1.791165479024251272e+00
1.797708794703850366e+00
1.797401472544058798e+00
1.797288786753630019e+00
1.793175595234602016e+00
1.796928717539860720e+00
1.797017529071905706e+00
1.798919412417289587e+00
1.797832702062068799e+00
1.797169991334279349e+00
1.796128355845426849e+00
1.799778912923274854e+00
1.799319276442894466e+00
1.796081435374724533e+00
1.798490502895452980e+00
1.798422463429279805e+00
1.795742925925132516e+00
1.796888451698498868e+00
1.797295045852661088e+00
1.791076176900129990e+00
1.799891363657437848e+00
1.796448209958198650e+00
1.796756293834784080e+00
1.797350623057438757e+00
1.798286331311250263e+00
1.794171528938489191e+00
1.795349506842784493e+00
1.792896448954557798e+00
1.796847536013676638e+00
1.800939513475467102e+00
1.796936397674756103e+00
1.798869158671452473e+00
1.793264238039652403e+00
1.800708990524976683e+00
1.793814467772459453e+00
1.797339611787062363e+00
1.793699578444162945e+00
1.799925604844704763e+00
1.794415342502104993e+00
1.791275985730000020e+00
1.795013324113992503e+00
1.795355537610176189e+00
1.797870523501665208e+00
1.795195301985129221e+00
1.795140791550660753e+00
1.797983543689434249e+00
1.800728145929483270e+00
1.788269429023449320e+00
1.796362205346425434e+00
1.792788943571922200e+00
1.791429549914139940e+00
1.792874154066428138e+00
1.792990008989969963e+00
1.798407479738577841e+00
1.793404459647643279e+00
1.790477231832650951e+00
1.793378818035125777e+00
1.794681870631682497e+00
1.789820932730650238e+00
1.799509799174773494e+00
1.794668017289577477e+00
1.796302439921941607e+00
1.794033833650442222e+00
1.792887248137058354e+00
1.794905367875710533e+00
1.791954396626888268e+00
1.799083735392643879e+00
1.796107207200466016e+00
1.794460875254410892e+00
1.795231485366821200e+00
1.795316288104424007e+00
1.795023867717155941e+00
1.791574151393694692e+00
1.790093100070953458e+00
1.793327955404917295e+00
1.791000726284124989e+00
1.790537538589575428e+00
1.791796644528706794e+00
1.792422258548247438e+00
1.792608140065119926e+00
1.789657113796625287e+00
1.792025784040108816e+00
1.788734814448234456e+00
1.788873132069905614e+00
1.791566577018835593e+00
1.788678635389376881e+00
1.791930972001491540e+00
1.790125920833685491e+00
1.791303817431131984e+00
1.794082058698703186e+00
1.794551759805434799e+00
1.791213498665736203e+00
1.790829517596807197e+00
1.797373840442070492e+00
1.791346094547173973e+00
1.793932445232684803e+00
1.787712094111320260e+00
1.792350840874207263e+00
1.792076968535398773e+00
1.790224187802045730e+00
1.793394979452475502e+00
1.794596033524244350e+00
1.789355005973424673e+00
1.790827328119522388e+00
1.790122072207622095e+00
1.791306316546904753e+00
1.787412075201670225e+00
1.788072824783814241e+00
1.787534598203805780e+00
1.793003582343076996e+00
1.792984343797732638e+00
1.789586706039232977e+00
1.794540966168428175e+00
1.790065780358436776e+00
1.788067124440119837e+00
1.792323547448867460e+00
1.794715414291773170e+00
1.788663573448474597e+00
1.790587621774428984e+00
1.790200073291093874e+00
1.789777266367887920e+00
1.795044670960842081e+00
1.792812007818466613e+00
1.790001921164683818e+00
1.786298846892821590e+00
1.789684623938340380e+00
1.789662571748097841e+00
1.792251799351129771e+00
1.790356607620532614e+00
1.790104557612003378e+00
1.789378268596453436e+00
1.791227714832012374e+00
1.791303517268254097e+00
1.790993129290067154e+00
1.790102763970693012e+00
1.788863789729582932e+00
1.787141927388998131e+00
1.788450484703748566e+00
1.793155698898511119e+00
1.791217243365752498e+00
1.790198649198581071e+00
1.788811731032836194e+00
1.790154510889297779e+00
1.788268919480152652e+00
1.788149486138270516e+00
1.790088462523925061e+00
1.791130578823578734e+00
1.792584860936189406e+00
1.792711137808286281e+00
1.787678154003925712e+00
1.789091636584355216e+00
1.790091765232575183e+00
1.794970125112778092e+00
1.789112646151811647e+00
1.785715692165570356e+00
1.789745855025756116e+00
1.790273926502619073e+00
1.786460859958942216e+00
1.791754074280078601e+00
1.789700315548823362e+00
1.787325739860534668e+00
1.789767313614869737e+00
1.786577987365233655e+00
1.782659696615659373e+00
1.788631434929676578e+00
1.785478372145921755e+00
1.787099738610096411e+00
1.784659117307418441e+00
1.788360672730666012e+00
1.786237957538702625e+00
1.792999941874773073e+00
1.788929784909272902e+00
1.790190322888203234e+00
1.787574700514475534e+00
1.788553697023636202e+00
1.790551342719640449e+00
1.784629754531077861e+00
1.784076208029037769e+00
1.784292158713707499e+00
1.790372081903310875e+00
1.785914440949757820e+00
1.786468239013965231e+00
1.786426750818888243e+00
1.784935185236808497e+00
1.790773879259060619e+00
1.789143592272049332e+00
1.787248056362836790e+00
1.786759218191489085e+00
1.788993640435047716e+00
1.788496794150425728e+00
1.789872594674428274e+00
1.786831703858497766e+00
1.788496588132320264e+00
1.785313594341278121e+00
1.785931147673191166e+00
1.783202109581384809e+00
1.784646140306423767e+00
1.779766691648043020e+00
1.789328683950962118e+00
1.786975932732606465e+00
1.782840443574465139e+00
1.786152506791628403e+00
1.786785066127777100e+00
1.783411603707533599e+00
1.787375438824678087e+00
1.788587866990994257e+00
1.782242890810355140e+00
1.782022152191553355e+00
1.787267106007307094e+00
1.784243186926230296e+00
1.783345933449574039e+00
1.787471081966008901e+00
1.781962005297342833e+00
1.787270342692350633e+00
1.783268560813023429e+00
1.782874712577232845e+00
1.783079018959632389e+00
1.789323543279598860e+00
1.786525815266829298e+00
1.787777109940846820e+00
1.787406068276136351e+00
1.788365630920116800e+00
1.786444622125381132e+00
1.789832978982191847e+00
1.785834095722589776e+00
1.786646752479748912e+00
1.783361548949510711e+00
1.781940693733019776e+00
1.785100766634329705e+00
1.780717956102811472e+00
1.783465644640800374e+00
1.782202910459958600e+00
1.785789983394818536e+00
1.780850721322573049e+00
1.783267265711075300e+00
1.784467021318582480e+00
1.787075007573152297e+00
1.786585281445429940e+00
1.782913426863841577e+00
1.782812705712440771e+00
1.785781269807081850e+00
1.785395547365530966e+00
1.780996481577555413e+00
1.785126012105208160e+00
1.782814116967029960e+00
1.781514937144059507e+00
1.782052705226800482e+00
1.781676886937557214e+00
1.783248653167333275e+00
1.781967456524188753e+00
1.786115658894563252e+00
1.782433327650412513e+00
1.788131033151577620e+00
1.784961919295482202e+00
1.781266075219863465e+00
1.786148456732431944e+00
1.780789313866542045e+00
1.781158092694404838e+00
1.781529642374087619e+00
1.783290426242045923e+00
1.782105078147007804e+00
1.783330927751003214e+00
1.782133565499232297e+00
1.783309135987208416e+00
1.781987496522756675e+00
1.782846739658942692e+00
1.778386341914152569e+00
1.782678038951678090e+00
1.780018751132182553e+00
1.780959858344151492e+00
1.781915208315237864e+00
1.782303976095639841e+00
1.781782169219775058e+00
1.783941812698657703e+00
1.783304755809979492e+00
1.778255324485974453e+00
1.778330165911943483e+00
1.781274939194703810e+00
1.779896569557678943e+00
1.780284899626022765e+00
1.781836114479945277e+00
1.781463423447731120e+00
1.781038181598369796e+00
1.782468996598170374e+00
1.786406342799846891e+00
1.782560009528429079e+00
1.779527607025244373e+00
1.784955937434465456e+00
1.775636754891811275e+00
1.781403182408748620e+00
1.782103856404622322e+00
1.780150336179977755e+00
1.782621481785407358e+00
1.775519235623188585e+00
1.779880148019546082e+00
1.784843385525238801e+00
1.781091669583932058e+00
1.785095831369742259e+00
1.777339548331040575e+00
1.783611640257713127e+00
1.780738426783146089e+00
1.779124669845287610e+00
1.781141159778986127e+00
1.777889521611042412e+00
1.780416976182888744e+00
1.780953856614919895e+00
1.783986988740089652e+00
1.780293339032393174e+00
1.782317105012062308e+00
1.778180719033265689e+00
1.780846048929752401e+00
1.783556523689856954e+00
1.775972843170166016e+00
1.776386588353377149e+00
1.781227965232653476e+00
1.780959784067594143e+00
1.781795004086616618e+00
1.783570188131087919e+00
1.773843202529809426e+00
1.775095777633862726e+00
1.780389060423924308e+00
1.778711796418214419e+00
1.783323943614959717e+00
1.777578876263055996e+00
1.776001270917745734e+00
1.777964729223495910e+00
1.781556611489026887e+00
1.776465423901875784e+00
1.781656455687987473e+00
1.781902050666320125e+00
1.779815181707724570e+00
1.779132033005738966e+00
1.777616689449701637e+00
1.782557185490926122e+00
1.777704370021820024e+00
1.781166972869481890e+00
1.787154582219246057e+00
1.779110766985477543e+00
1.775663564144036810e+00
1.780494707669967314e+00
1.775779379636813538e+00
1.775730375448862697e+00
1.778731241592994117e+00
1.775401441256205137e+00
1.782684306303660149e+00
1.775952422007536224e+00
1.776105413987086434e+00
1.777740636850014821e+00
1.780518212073888495e+00
1.777494481588021369e+00
1.777737565835316946e+00
1.779399063036992024e+00
1.775533013466076948e+00
1.781325324987753866e+00
1.778893311207111028e+00
1.773264904205615666e+00
1.778464885247059257e+00
1.777278577058743148e+00
1.778715050526154418e+00
1.775925591053106878e+00
1.774926039194449467e+00
1.781248313647050052e+00
1.785351667037377021e+00
1.775421106815338046e+00
1.778641721224173411e+00
1.779635805655748415e+00
1.783613931827056076e+00
1.778277232402410313e+00
1.778706103716141129e+00
1.773392651631281902e+00
1.775983124207227704e+00
1.784992308800037009e+00
1.775310019040719167e+00
1.778559990723927786e+00
1.775833754967420575e+00
1.782222922031696077e+00
1.782506467440189368e+00
1.777130803695091910e+00
1.778079761908604617e+00
1.782047146711593921e+00
1.777427015549097211e+00
1.775880126769726175e+00
1.781080105671515756e+00
1.778480247656504254e+00
1.781223088655716325e+00
1.782412696801699115e+00
1.779862837302379042e+00
1.777852685634906393e+00
1.780000329017639160e+00
1.774661994286072630e+00
1.777657454441755158e+00
1.779644390252920205e+00
1.776677320248041481e+00
1.780468071729709001e+00
1.778992669093303114e+00
1.776009488411438797e+00
1.779151315261156219e+00
1.780530873323098229e+00
1.778097834648230124e+00
1.781430819707038982e+00
1.777862886893443628e+00
1.776514668953724341e+00
1.773424739715380616e+00
1.779058815271426397e+00
1.779775406152774186e+00
1.779113511855785701e+00
1.777863181554354188e+00
1.778281191373482839e+00
1.780146311490963695e+00
1.776452652613321970e+00
1.776147885505969803e+00
1.779779400886633445e+00
1.773677879724746997e+00
1.775884538124769207e+00
1.771969416202642922e+00
1.776571799241579486e+00
1.774951547231429672e+00
1.776032048005324215e+00
1.777451749337025211e+00
1.777378803950089736e+00
1.774789339151138012e+00
1.778883950221232801e+00
1.778141372020427990e+00
1.773570088851146309e+00
1.774140009818933050e+00
1.771712916019635431e+00
1.781580860492510743e+00
1.775826668739318936e+00
1.775290988653134061e+00
1.776807429851629871e+00
1.774333703212249036e+00
1.774979353562379458e+00
1.772254424523084682e+00
1.778742520014444883e+00
1.775910149170802255e+00
1.776555063479986041e+00
1.778008023897806877e+00
1.774421593164786204e+00
1.777331983431791551e+00
1.778181151854686171e+00
1.776518981579022549e+00
1.776448524915255067e+00
1.778507625139676529e+00
1.773212930178030833e+00
1.773922398151495550e+00
1.777458867659935660e+00
1.777263753230755139e+00
1.774849818608699614e+00
1.774648375694568347e+00
1.773782680584834237e+00
1.773154702553382256e+00
1.778641818425594323e+00
1.774184545492514475e+00
1.775430212876735636e+00
1.772403083397791956e+00
1.776234388962770083e+00
1.773872131567735044e+00
1.771824785684927850e+00
1.782129993805518620e+00
1.774505156737107514e+00
1.776478215669974325e+00
1.778875152575664087e+00
1.780307844357612801e+00
1.768724826666024930e+00
1.778842752102093749e+00
1.778757589596968502e+00
1.780793894865573934e+00
1.771421832610399205e+00
1.776999672559591348e+00
1.774491175321432301e+00
1.774572823597834637e+00
1.770477548012366675e+00
1.776978874817872756e+00
1.769159663946200611e+00
1.771128915823422911e+00
1.771250119270422418e+00
1.773762079385610813e+00
1.772683980526068348e+00
1.772790402326828385e+00
1.774671570765666395e+00
1.771975883153768638e+00
1.769723653793334961e+00
1.774813658763200852e+00
1.774437975883483842e+00
1.774986451405745180e+00
1.772328462967505791e+00
1.775427784980871726e+00
1.774204314366365054e+00
1.772182555076403432e+00
1.774800266058017106e+00
1.777889562875796692e+00
1.773297635102883296e+00
1.772019612789154097e+00
1.775383802560659641e+00
1.773673590329977179e+00
1.772667291836860892e+00
1.771655502380468983e+00
1.770458622162158768e+00
1.774684551128974386e+00
1.776232925439492183e+00
1.771789629642779973e+00
1.771514280942770192e+00
1.771527245105841253e+00
1.771403027497804983e+00
1.771656710062271545e+00
1.775078765856914043e+00
1.774101431247515626e+00
1.770125775153820413e+00
1.771819022068610527e+00
1.775512670553647476e+00
1.774028789385771132e+00
1.772175019215314729e+00
1.775344088750007820e+00
1.776807377888606210e+00
1.765417155547019723e+00
1.769807726603287890e+00
1.770406819001222321e+00
1.769843106697767121e+00
1.770581863476679896e+00
1.771633442242940282e+00
1.775816542063003878e+00
1.774008729518988137e+00
1.770165361502231693e+00
1.772709108315981386e+00
1.776396601322369762e+00
1.773645314497825476e+00
1.773288336778298335e+00
1.775316808468256236e+00
1.774705167611440038e+00
1.777677516753856990e+00
1.769824329095009086e+00
1.775137120943803160e+00
1.770892827633099742e+00
1.771998544839712197e+00
1.772246749890156181e+00
1.774191890313075115e+00
1.773378839553930719e+00
1.768173831242781491e+00
1.776927292041289519e+00
1.776515359144944517e+00
1.772577309302794557e+00
1.774059791748340276e+00
1.773650728739224913e+00
1.776434658123896781e+00
1.772313448098989719e+00
1.776031844738202192e+00
1.772479015130263180e+00
1.771139670335329486e+00
1.774120220465537745e+00
1.768006636851873203e+00
1.774991959180587386e+00
1.766826378076504334e+00
1.774924767628694111e+00
1.776151739634000304e+00
1.774694439081045294e+00
1.769463972861950118e+00
1.771615154926593494e+00
1.769961152321253062e+00
1.774147136700459093e+00
1.771936316367907382e+00
1.774016650823446506e+00
1.767618386867718883e+00
1.767817446513053614e+00
1.771915953281598233e+00
1.774840402908814285e+00
1.767939193126482733e+00
1.770284682665115739e+00
1.772453648004776339e+00
1.776751213807326035e+00
1.772660433329068752e+00
1.772263151560074190e+00
1.773033261910462954e+00
1.769573750557043690e+00
1.774858803932483298e+00
1.773674571819794377e+00
1.770452831341670086e+00
1.776879075551644371e+00
1.773568059847905110e+00
1.775594325249011618e+00
1.773996233328794858e+00
1.766212875415117400e+00
1.774191947166736227e+00
1.770705177233769412e+00
1.772540612098498114e+00
1.774266467338953213e+00
1.771809884218069175e+00
1.769464135475647737e+00
1.768600277717296887e+00
1.779944868882497255e+00
1.771652733056973128e+00
1.767862213574922903e+00
1.768875154165121311e+00
1.775484243417397634e+00
1.772397012893970114e+00
1.771603691272246595e+00
1.772804255668933626e+00
1.771822735285147665e+00
1.770652033121157931e+00
1.768847014353825520e+00
1.772871173650790499e+00
1.767504718364813376e+00
1.770381159354478928e+00
1.766448381008246082e+00
1.769977509058438869e+00
1.767532807435744813e+00
1.776296682846851827e+00
1.767639974753062004e+00
1.771561224644000676e+00
1.773302927384009742e+00
1.770804116664788763e+00
1.764817182834331755e+00
1.766806132059830947e+00
1.769461482916122819e+00
1.774022765343005847e+00
1.770530533790588334e+00
1.777471433541713663e+00
1.768545371446853975e+00
1.767852373612232686e+00
1.769913412668766117e+00
1.768610168420351458e+00
1.768120027505434511e+00
1.771502103255345295e+00
1.765283853274125292e+00
1.773085281482109643e+00
1.775171077251434415e+00
1.768068655331929584e+00
1.769809526969224889e+00
1.766757866969475455e+00
1.767501847560589034e+00
1.770253893962273173e+00
1.773125124588990742e+00
1.770968921367938709e+00
1.775750335057576512e+00
1.771667799277183430e+00
1.772609397998222924e+00
1.773408293418395232e+00
1.768479035756526763e+00
1.767926572225032800e+00
1.766312548441764552e+00
1.774445805182823799e+00
1.771854029251978879e+00
1.771051939328511571e+00
1.772177063807462982e+00
1.773138015698163983e+00
1.775660409682836338e+00
1.771431300578973245e+00
1.771851531053200812e+00
1.771110200881957919e+00
1.768866568039625164e+00
1.769785354076287787e+00
1.774494005777897065e+00
1.766640666814950800e+00
1.769664017359415586e+00
1.770230274628370237e+00
1.775593105951944972e+00
1.771026711586194180e+00
1.775289631806887147e+00
1.766170691832517958e+00
1.775694978237152055e+00
1.766683920835837363e+00
1.765053381675328881e+00
1.766582193435766834e+00
1.772820429618541915e+00
1.767857373372102359e+00
1.767862008168147092e+00
1.776167042744465352e+00
1.769254016876220748e+00
1.766551240896567343e+00
1.767547466510381415e+00
1.770445967331910841e+00
1.768088504289969443e+00
1.770422475460248224e+00
1.769718793416634517e+00
1.766765764737740607e+00
1.767958683233994632e+00
1.770228195801759385e+00
1.772686980320857142e+00
1.772475093144636915e+00
1.772323885330786997e+00
1.769801955039684627e+00
1.772677353100899023e+00
1.770774966631180281e+00
1.768515379917927177e+00
1.768865594191428858e+00
1.773254097730685430e+00
1.768511351560934974e+00
1.767323782810798161e+00
1.769415702575292348e+00
1.768824704182453633e+00
1.770310986959017230e+00
1.771016852366618544e+00
1.769839329291612584e+00
1.771844783807412282e+00
1.774459458008790680e+00
1.770220274497301238e+00
1.766760805325630290e+00
1.766176089873680688e+00
1.771387142401475101e+00
1.768392250171074487e+00
1.768417537823701480e+00
1.767200431762597557e+00
1.767857314684452064e+00
1.768684853040255023e+00
1.767032593030195997e+00
1.770758866041134638e+00
1.770564459531735135e+00
1.771161300096756319e+00
1.771606216369531195e+00
1.766659081287873079e+00
1.776018034800505019e+00
1.773255518155220312e+00
1.775123583964812513e+00
1.771323985931200884e+00
1.769989403700217290e+00
1.769573226953164102e+00
1.775043288561014121e+00
1.767376025212116675e+00
1.769350196459354541e+00
1.768696861389355890e+00
1.771442657250624331e+00
1.767981723027351570e+00
1.775102165112128594e+00
1.768806897065578365e+00
1.772532686209067343e+00
1.772104059732877213e+00
1.771177073931082591e+00
1.769922845485882856e+00
1.769992687457647040e+00
1.771958401264288385e+00
1.774047788901206735e+00
1.765638242012415260e+00
1.769514298133361141e+00
1.773674628062126057e+00
1.765295051611386778e+00
1.775588769484788942e+00
1.767452153792748115e+00
1.769460204625741051e+00
1.768214333363068436e+00
1.763788339419242623e+00
1.765487650724557822e+00
1.770344522060492087e+00
1.771277927129696561e+00
1.766608785665952253e+00
1.769211985514714147e+00
1.770038260863377566e+00
1.774992600771096996e+00
1.771410489388001164e+00
1.769650521339514393e+00
1.771860152635818864e+00
1.769068950261825091e+00
1.769881120706215949e+00
1.765306318723238510e+00
1.765169382706666568e+00
1.772534472208756595e+00
1.771050029534559922e+00
1.770834167187030461e+00
1.765458235068198878e+00
1.770754851439060307e+00
1.768143455493144556e+00
1.766731992746010782e+00
1.768959494737478488e+00
1.769028901442503354e+00
1.770819968443650527e+00
1.764438083538642399e+00
1.780844575319534773e+00
1.769033723611098008e+00
1.770355507349356650e+00
1.769101536579621214e+00
1.770683070329519326e+00
1.771077649715619318e+00
1.770483139233711478e+00
1.771667429728385645e+00
1.764897078428512955e+00
1.770115639307560107e+00
1.770112001895904452e+00
1.769392925348037382e+00
1.766089667112399342e+00
1.767802319465539451e+00
1.769778767304542644e+00
1.772050285033690553e+00
1.770619733516986649e+00
1.775371359250484282e+00
1.769739114321195128e+00
1.768754237737411028e+00
1.768408871308351227e+00
1.767053713553990990e+00
1.763758445397401564e+00
1.770604982437231634e+00
1.767960133308019488e+00
1.769477227100959116e+00
1.767824874168787197e+00
1.763649485050103660e+00
1.768183111838805388e+00
1.766408761342366462e+00
1.772746222447126430e+00
1.768147869599171251e+00
1.769922038225027139e+00
1.768282930667583797e+00
1.768095151277688792e+00
1.767366584447713995e+00
1.767274730939131455e+00
1.772387420825469295e+00
1.768412851981627565e+00
1.766878309922340629e+00
1.771619451962984426e+00
1.770824316526070641e+00
1.770235850566472813e+00
1.774594852863214056e+00
1.765167313355666012e+00
1.764996367540115019e+00
1.771105624162233827e+00
1.767666349044212826e+00
1.769047418007483774e+00
1.769256921609242861e+00
1.769635308705843402e+00
1.770111085207034307e+00
1.766962622067867139e+00
1.769253854873852783e+00
1.768685388565063521e+00
1.769376131510123296e+00
1.768817348663623612e+00
1.765766734343308775e+00
1.762405342627794358e+00
1.771862265696892313e+00
1.770609967219523906e+00
1.769972909719516041e+00
1.764835601280897004e+00
1.769288993187439818e+00
1.767934944385137319e+00
1.769243552440252110e+00
1.768397627121362836e+00
1.770450237469795463e+00
1.766323158679864447e+00
1.769528561677688128e+00
1.763657652720426849e+00
1.764744110596485616e+00
1.767551511373275375e+00
1.771721993654202132e+00
1.768814337559235339e+00
1.763253483711144876e+00
1.768789327144622892e+00
1.766390358484708267e+00
1.768024365412883325e+00
1.769145323068667786e+00
1.771558545185969447e+00
1.770227489715967328e+00
1.766665651859381292e+00
1.763460548413105400e+00
1.772066665918399231e+00
1.764992510355435806e+00
1.765717600247798780e+00
1.769721500995831587e+00
1.769491490950951151e+00
1.767959540623884829e+00
1.768679790619092085e+00
1.771621692180633589e+00
1.765691146483788110e+00
1.769613679861411049e+00
1.771446051658728260e+00
1.768322410338964312e+00
1.766283076237409544e+00
1.768018184258387748e+00
1.768272045331123588e+00
1.764292638424115323e+00
1.771356965945317219e+00
1.769583004560226103e+00
1.770522671479445309e+00
1.768296876931801931e+00
1.770587357802268835e+00
1.767402150386419013e+00
1.769862468426044222e+00
1.764062097439399235e+00
1.767559770131722496e+00
1.765578391001774605e+00
1.761648956017616507e+00
1.769050662945478303e+00
1.766492558748294250e+00
1.768391079780383013e+00
1.771177863463377244e+00
1.766943467886020080e+00
1.768863726579225970e+00
1.767613357764024062e+00
1.769969689234709209e+00
1.763579707267956875e+00
1.770875986417134618e+00
1.767405988925542681e+00
1.767488930469904185e+00
1.769054470918117516e+00
1.770779628325731325e+00
1.769189688792595527e+00
1.767850735554328256e+00
1.762844041677621654e+00
1.762367641620147030e+00
1.769793845140017030e+00
1.765223797468038702e+00
1.766027021713745926e+00
1.765550407079550022e+00
1.766400503806578870e+00
1.764424576209141726e+00
1.765743353122319892e+00
1.764161330308669617e+00
1.766706573657500501e+00
1.767358910426115370e+00
1.766922338192279618e+00
1.771110497071192835e+00
1.767380422506577009e+00
1.767972968786190702e+00
1.759725125325031669e+00
1.765812702668018819e+00
1.770708268116681916e+00
1.766869187355041504e+00
1.766021190545497888e+00
1.764273686286730536e+00
1.770886096587547920e+00
1.762366562928908920e+00
1.767086221010257141e+00
1.764281535148620517e+00
1.767152786866212466e+00
1.763023520432985825e+00
1.769915468570513628e+00
1.768048326785747859e+00
1.761839791138966937e+00
1.767065589244549040e+00
1.764361728460360768e+00
1.767812337630834341e+00
1.763159737525842097e+00
1.764525591410123440e+00
1.766514373131287341e+00
1.767123683904990195e+00
1.766243295791821710e+00
1.766927540913606265e+00
1.763322518422053342e+00
1.765012244077829306e+00
1.761481266755324127e+00
1.763673137090145060e+00
1.764321761559217494e+00
1.764447307892334837e+00
1.768123918313246445e+00
1.768912440385574047e+00
1.768042477583273930e+00
1.763873812174185707e+00
1.763316642932402756e+00
1.768771384312556316e+00
1.764712009368798684e+00
1.765325215535286096e+00
1.764714167668269162e+00
1.767464717534872110e+00
1.767298392760447978e+00
1.763349732374533518e+00
1.762397218667543841e+00
1.761516269659384681e+00
1.765231630435356802e+00
1.764914526694860264e+00
1.768828164002834269e+00
1.755263642775706678e+00
1.768550603206341165e+00
1.768626978458502252e+00
1.769999854075603007e+00
1.761820095930344054e+00
1.761445206250899842e+00
1.763080998567434499e+00
1.763823834443703609e+00
1.766592237582573555e+00
1.769486541931445833e+00
1.768401317413036633e+00
1.760109044955326940e+00
1.763335703275142663e+00
1.768450722327599145e+00
1.765770043165255876e+00
1.764126498271257448e+00
1.763921207953722092e+00
1.772237731860234256e+00
1.763849689715947910e+00
1.767045870805397989e+00
1.764832133513230650e+00
1.762893325548905654e+00
1.767552342781653740e+00
1.760851053702525704e+00
1.765499270267975707e+00
1.765284126232831818e+00
1.762685291278056621e+00
1.765690679733569857e+00
1.767242731497837838e+00
1.762494680514702372e+00
1.762072928440876485e+00
1.762672816790067154e+00
1.761789653851435711e+00
1.760155310386266381e+00
1.762202392785977123e+00
1.763535206440167480e+00
1.763385620483985283e+00
1.762636058758466628e+00
1.764513437258891537e+00
1.762865787591689770e+00
1.763044028098766702e+00
1.760221659220182033e+00
1.762843540387275976e+00
1.765354660229805139e+00
1.761551203788855213e+00
1.765077115633548743e+00
1.761745128570458840e+00
1.759681471494527916e+00
1.765734415787916900e+00
1.762586622666090008e+00
1.762070040825085782e+00
1.766431323687235544e+00
1.759498570821224073e+00
1.765479159355163530e+00
1.764793279232123036e+00
1.767575079355484302e+00
1.765792453594696720e+00
1.767641492073352527e+00
1.763607442073332976e+00
1.761227706456795827e+00
1.763176121772863869e+00
1.762051661809285408e+00
1.767099551665477275e+00
1.763547514035151531e+00
1.762436979244916824e+00
1.761416317255068975e+00
1.759879892911666577e+00
1.761928421717423587e+00
1.762811000836201236e+00
1.764871391271933598e+00
1.759951672798548028e+00
1.764349340475522609e+00
1.765760691349322897e+00
1.766461890477400543e+00
1.756808834503858607e+00
1.767238334814707379e+00
1.760796962640224450e+00
1.759692855370350362e+00
1.759997857533968313e+00
1.760841705248906042e+00
1.769845533676636551e+00
1.759296861673012691e+00
1.760489194515423961e+00
1.763840705003493881e+00
1.761755140622456972e+00
1.761632483433454466e+00
1.758559382267487425e+00
1.766721165791536041e+00
1.760019280971624855e+00
1.767733760674794485e+00
1.761031122391040427e+00
1.764574085137782911e+00
1.761394101839799164e+00
1.760788492667369365e+00
1.761618788731403873e+00
1.753804178726978691e+00
1.765986334054898022e+00
1.771299968010340065e+00
1.767694349778004215e+00
1.764110675224891178e+00
1.765593464557941195e+00
1.762043247467432350e+00
1.764777123622405242e+00
1.764392968018849706e+00
1.762685312674595828e+00
1.764710566630730337e+00
1.765561283246064761e+00
1.759545973019722265e+00
1.761167742350162602e+00
1.764912747725462250e+00
1.763026673977191594e+00
1.760363568403781942e+00
1.764266927425677922e+00
1.765220609995034939e+00
1.761584801857288163e+00
1.761149972218733595e+00
1.762778008595491164e+00
1.761507969024853848e+00
1.763470159432826811e+00
1.762162809188549284e+00
1.759688736230899053e+00
1.762637147842309515e+00
1.762495116392771344e+00
1.763894865146049984e+00
1.761080460670666925e+00
1.765565322606991394e+00
1.764905118025266173e+00
1.761432997691325664e+00
1.759423980651757757e+00
1.766566157646668245e+00
1.760239604191902396e+00
1.762708855897952454e+00
1.762362146071898561e+00
1.757776238673772529e+00
1.762872479817806148e+00
1.763774809776208263e+00
1.760039597596877670e+00
1.759337553916833441e+00
1.760670024003738066e+00
1.759991569396776923e+00
1.759658928406544254e+00
1.763182142453315837e+00
1.756848967075347989e+00
1.760589867983108903e+00
1.760509899946359536e+00
1.763687842625837998e+00
1.761992069085439150e+00
1.767633202748420951e+00
1.762883488948528532e+00
1.756498710620097548e+00
1.761030542239164776e+00
1.767066006171397641e+00
1.763311067911294883e+00
1.761695372141324656e+00
1.758959267383966685e+00
1.760052731403937809e+00
1.757373219269972475e+00
1.764457423564715244e+00
1.761629556386898665e+00
1.760244591113848456e+00
1.760764254973484988e+00
1.757884815411689949e+00
1.762391601159022381e+00
1.755222083666385657e+00
1.759986090048765606e+00
1.763873752875205758e+00
1.759276021443880511e+00
1.764302851909246295e+00
1.761276431572742940e+00
1.760249924965393786e+00
1.764066722759833672e+00
1.757048223874507764e+00
1.762241125718141177e+00
1.756769818831712682e+00
1.756388294696807906e+00
1.760569952390132809e+00
1.766047125901931469e+00
1.760751499579503054e+00
1.763316478790381003e+00
1.758926945466261715e+00
1.756224786318265396e+00
1.764693742226331574e+00
1.758346840968498803e+00
1.756601315889602999e+00
1.760417631956247231e+00
1.759386080656296203e+00
1.761118116134252398e+00
1.761699744065602591e+00
1.761016418383671622e+00
1.761605031062395188e+00
1.756687999994326788e+00
1.761058625808128886e+00
1.764223131766686103e+00
1.761198338178487921e+00
1.760087509950001960e+00
1.762345485809521772e+00
1.762657790306286998e+00
1.757398971533163934e+00
1.763313426726903721e+00
1.761322422210986893e+00
1.760451433903131635e+00
1.759610911821707591e+00
1.759158949668590877e+00
1.760034509194202901e+00
1.757402094205220644e+00
1.761434240830250353e+00
1.764757980750157218e+00
1.757446372814667424e+00
1.758523165873992156e+00
1.756888810793558742e+00
1.763796426394046879e+00
1.761593064589378255e+00
1.761750967380327992e+00
1.755666895401783556e+00
1.761558173252986137e+00
1.763722771253341204e+00
1.757144578297932913e+00
1.758659433707212782e+00
1.754653993325355765e+00
1.758290661603976623e+00
1.759148902159470840e+00
1.757658558014111749e+00
1.759251239360907215e+00
1.757233824791052390e+00
1.760676277600801809e+00
1.764951299704038190e+00
1.754946925701239113e+00
1.760006273404145949e+00
1.762553363885634994e+00
1.760144978914505387e+00
1.755640998864785196e+00
1.754298316821073955e+00
1.764059627667451613e+00
1.761664394537607814e+00
1.764777907347067742e+00
1.756434214726472431e+00
1.762779042659661677e+00
1.757561019445077033e+00
1.756424203591469002e+00
1.760596677890190698e+00
1.756710824293967965e+00
1.756082146595685956e+00
1.758022019190665919e+00
1.762632461083240898e+00
1.759233309366764253e+00
1.762899612463437515e+00
1.759122097492217929e+00
1.762678157671903945e+00
1.757955111295748996e+00
1.756676708734952408e+00
1.755306512881547931e+00
1.755870303435203450e+00
1.757174851344181832e+00
1.761206938058902161e+00
1.753707843254774135e+00
1.756319231864733599e+00
1.758830188787900539e+00
1.762106771652515169e+00
1.756962827535776039e+00
1.762761874687977404e+00
1.757932937756562897e+00
1.756962315852825363e+00
1.755956873526939965e+00
1.757999807137709425e+00
1.756196614412161017e+00
1.763572829808944364e+00
1.756990349292755216e+00
1.759418357641268971e+00
1.758838190787877842e+00
1.756322071491143610e+00
1.753038646624638375e+00
1.757417407096960593e+00
1.762211870841490891e+00
1.755096960067749068e+00
1.759012956496996738e+00
1.756146518083719021e+00
1.760005985467861800e+00
1.757411231750096947e+00
1.757183293195871299e+00
1.756453548639248519e+00
1.760922295313614994e+00
1.756325131501907055e+00
1.756108631843175560e+00
1.758652093471624989e+00
1.757361959188412426e+00
1.760388946838868041e+00
1.755900583511743829e+00
1.755918764151059630e+00
1.758149442000266793e+00
1.760858323940863945e+00
1.756690084017240139e+00
1.756396696506402400e+00
1.758433351455590765e+00
1.756790063931391810e+00
1.757406495473323726e+00
1.759745363088754511e+00
1.760639691964174025e+00
1.757259570635282042e+00
1.757635339712485312e+00
1.756703858497815185e+00
