-4.135230556130409241e-02
-5.510570481419563293e-02
-5.942857265472412109e-02
-7.180576026439666748e-02
-7.573419809341430664e-02
-7.823372632265090942e-02
-7.998461276292800903e-02
-8.639170974493026733e-02
-8.348552882671356201e-02
-8.976957947015762329e-02
-8.676047623157501221e-02
-9.256901592016220093e-02
-9.606265276670455933e-02
-9.350122511386871338e-02
-8.924050629138946533e-02
-9.350381046533584595e-02
-8.859780430793762207e-02
-8.848001807928085327e-02
-8.543880283832550049e-02
-8.798895031213760376e-02
-8.737681061029434204e-02
-8.667796105146408081e-02
-8.740041404962539673e-02
-8.563899248838424683e-02
-7.933239638805389404e-02
-7.944429665803909302e-02
-7.854220271110534668e-02
-7.621701061725616455e-02
-6.957822293043136597e-02
-6.667299568653106689e-02
-6.113351136445999146e-02
-5.938218161463737488e-02
-5.544796958565711975e-02
-5.182133242487907410e-02
-4.762231558561325073e-02
-4.053678363561630249e-02
-3.654732927680015564e-02
-3.298309445381164551e-02
-2.806113474071025848e-02
-2.359624393284320831e-02
-1.899122260510921478e-02
-1.577488146722316742e-02
-1.352936029434204102e-02
-1.244247425347566605e-02
-6.734978407621383667e-03
-2.706579165533185005e-03
-7.264727173605933785e-05
3.252640832215547562e-03
6.157651077955961227e-03
9.610216133296489716e-03
1.275736093521118164e-02
1.601338759064674377e-02
1.825487427413463593e-02
1.978879608213901520e-02
2.106988057494163513e-02
2.238937839865684509e-02
2.621950209140777588e-02
2.750940062105655670e-02
2.929584681987762451e-02
3.022311255335807800e-02
3.043770045042037964e-02
3.312625735998153687e-02
3.584896400570869446e-02
3.654967620968818665e-02
3.671194612979888916e-02
3.898310288786888123e-02
3.763142600655555725e-02
3.764003515243530273e-02
3.804341331124305725e-02
3.869471698999404907e-02
3.946845978498458862e-02
4.033440724015235901e-02
3.866377845406532288e-02
4.099291935563087463e-02
4.300544038414955139e-02
4.379095882177352905e-02
4.623175784945487976e-02
4.453619197010993958e-02
4.534674808382987976e-02
4.674528539180755615e-02
4.881969094276428223e-02
5.116600170731544495e-02
4.964611679315567017e-02
4.966687411069869995e-02
4.923869669437408447e-02
4.834931716322898865e-02
4.971781745553016663e-02
5.020308494567871094e-02
5.019534006714820862e-02
4.971565678715705872e-02
5.142210423946380615e-02
5.161089077591896057e-02
4.975948482751846313e-02
5.124986916780471802e-02
4.948427528142929077e-02
5.019912868738174438e-02
4.960584640502929688e-02
4.836247488856315613e-02
4.797901213169097900e-02
4.810164496302604675e-02
4.832083731889724731e-02
4.801080375909805298e-02
4.848092421889305115e-02
4.743275791406631470e-02
4.557012766599655151e-02
4.584278911352157593e-02
4.635873436927795410e-02
4.537480324506759644e-02
4.506525769829750061e-02
4.456618428230285645e-02
4.459804296493530273e-02
4.358886554837226868e-02
4.380536451935768127e-02
4.254303127527236938e-02
4.171202331781387329e-02
4.182943701744079590e-02
4.200787842273712158e-02
4.098442569375038147e-02
4.061547666788101196e-02
4.050607234239578247e-02
3.987784683704376221e-02
3.914058953523635864e-02
3.930103406310081482e-02
3.902698680758476257e-02
3.928738087415695190e-02
3.877311944961547852e-02
3.757585585117340088e-02
3.748982772231101990e-02
3.778588771820068359e-02
3.662007674574851990e-02
3.569300100207328796e-02
3.559176996350288391e-02
3.505359962582588196e-02
3.417835012078285217e-02
3.425513952970504761e-02
3.370190411806106567e-02
3.302310779690742493e-02
3.234595432877540588e-02
3.161585330963134766e-02
3.154665976762771606e-02
3.053072281181812286e-02
3.020498342812061310e-02
2.952361665666103363e-02
2.855369634926319122e-02
2.798523381352424622e-02
2.764462865889072418e-02
2.733058668673038483e-02
2.659007161855697632e-02
2.575873211026191711e-02
2.529660239815711975e-02
2.487432770431041718e-02
2.441504038870334625e-02
2.397114597260951996e-02
2.349546737968921661e-02
2.302332594990730286e-02
2.266331017017364502e-02
2.215703949332237244e-02
2.159541845321655273e-02
2.107127942144870758e-02
2.048094943165779114e-02
1.995790936052799225e-02
1.954456605017185211e-02
1.902063004672527313e-02
1.876577362418174744e-02
1.821665465831756592e-02
1.768050529062747955e-02
1.733024977147579193e-02
1.692537777125835419e-02
1.660552807152271271e-02
1.611347869038581848e-02
1.569003611803054810e-02
1.534504722803831100e-02
1.501896977424621582e-02
1.456315070390701294e-02
1.425516512244939804e-02
1.384118571877479553e-02
1.347279921174049377e-02
1.309042144566774368e-02
1.275544241070747375e-02
1.241668686270713806e-02
1.215284783393144608e-02
1.176159828901290894e-02
1.141291670501232147e-02
1.117342431098222733e-02
1.086177863180637360e-02
1.053304038941860199e-02
1.018984243273735046e-02
9.862683713436126709e-03
9.531685151159763336e-03
9.240885265171527863e-03
8.973830379545688629e-03
8.727205917239189148e-03
8.445499464869499207e-03
8.162146434187889099e-03
7.909473963081836700e-03
7.694319821894168854e-03
7.409214507788419724e-03
7.186489179730415344e-03
6.940861232578754425e-03
6.725190207362174988e-03
6.518648937344551086e-03
6.333898752927780151e-03
6.129383575171232224e-03
5.922789685428142548e-03
5.716383922845125198e-03
5.551680456846952438e-03
5.363082978874444962e-03
5.207934882491827011e-03
5.032985471189022064e-03
4.881269298493862152e-03
4.692986141890287399e-03
4.551391582936048508e-03
4.410152789205312729e-03
4.254213534295558929e-03
4.104233346879482269e-03
3.980366978794336319e-03
3.844229737296700478e-03
3.719815285876393318e-03
3.592062275856733322e-03
3.466017311438918114e-03
3.350545419380068779e-03
3.240457968786358833e-03
3.125963034108281136e-03
3.017925890162587166e-03
2.909399103373289108e-03
2.814140170812606812e-03
2.719733398407697678e-03
2.619427395984530449e-03
2.528363140299916267e-03
2.436754759401082993e-03
2.347817411646246910e-03
2.263479633256793022e-03
2.183655975386500359e-03
2.105344319716095924e-03
2.029642928391695023e-03
1.955641433596611023e-03
1.887949067167937756e-03
1.820015255361795425e-03
1.754387514665722847e-03
1.691535930149257183e-03
1.628866186365485191e-03
1.569360378198325634e-03
1.511232578195631504e-03
1.455995836295187473e-03
1.400941517204046249e-03
1.350619131699204445e-03
1.301193377003073692e-03
1.254069735296070576e-03
1.207715831696987152e-03
1.162152388133108616e-03
1.119334250688552856e-03
1.077646738849580288e-03
1.036678557284176350e-03
9.977655718103051186e-04
9.618952753953635693e-04
9.257142664864659309e-04
8.919081301428377628e-04
8.589953649789094925e-04
8.269795216619968414e-04
7.971020531840622425e-04
7.680900162085890770e-04
7.389276870526373386e-04
7.110226433724164963e-04
6.843600422143936157e-04
6.584415095858275890e-04
6.342330598272383213e-04
6.106660584919154644e-04
5.876859067939221859e-04
5.652652471326291561e-04
5.439489614218473434e-04
5.238190060481429100e-04
5.042574484832584858e-04
4.852499987464398146e-04
4.669052432291209698e-04
4.495430621318519115e-04
4.324134788475930691e-04
4.159446398261934519e-04
4.002988862339407206e-04
3.851343062706291676e-04
3.706618153955787420e-04
3.564805956557393074e-04
3.431185905355960131e-04
3.302041150163859129e-04
3.174517187289893627e-04
3.056153655052185059e-04
2.940451086033135653e-04
2.828825381584465504e-04
2.721285563893616199e-04
2.618354628793895245e-04
2.519112895242869854e-04
2.423684927634894848e-04
2.331100113224238157e-04
2.242423361167311668e-04
2.157914568670094013e-04
2.076326491078361869e-04
1.996407954720780253e-04
1.920589129440486431e-04
1.847736857598647475e-04
1.777790021151304245e-04
1.711152872303500772e-04
1.644887815928086638e-04
1.582744444021955132e-04
1.522462844150140882e-04
1.464526139898225665e-04
1.408744428772479296e-04
1.355149142909795046e-04
1.303462631767615676e-04
1.254361122846603394e-04
1.206877932418137789e-04
1.160891260951757431e-04
1.116515923058614135e-04
1.073809180525131524e-04
1.033346561598591506e-04
9.936827700585126877e-05
9.555298311170190573e-05
9.189770207740366459e-05
8.836915367282927036e-05
8.501808042638003826e-05
8.176101255230605602e-05
7.863176870159804821e-05
7.561075472040101886e-05
7.273795199580490589e-05
6.993897113716229796e-05
6.726506398990750313e-05
6.470688094850629568e-05
6.223256787052378058e-05
5.984365998301655054e-05
5.756273094448260963e-05
5.536118260351940989e-05
5.325874735717661679e-05
5.122872244101017714e-05
4.925768735120072961e-05
4.737936978926882148e-05
4.556034400593489408e-05
4.381580583867616951e-05
4.214484579279087484e-05
4.053979500895366073e-05
3.898879003827460110e-05
3.749529423657804728e-05
3.606031896197237074e-05
3.467569331405684352e-05
3.334866050863638520e-05
3.207380359526723623e-05
3.084767013206146657e-05
2.966529245895799249e-05
2.852976649592164904e-05
2.743667937465943396e-05
2.638730256876442581e-05
2.537835825933143497e-05
2.440675052639562637e-05
2.347283225390128791e-05
2.257745290989987552e-05
2.171206142520532012e-05
2.088101609842851758e-05
2.008085539273452014e-05
1.931201586558017880e-05
1.857177267083898187e-05
1.785965832823421806e-05
1.717508712317794561e-05
1.651537786528933793e-05
1.588192753843031824e-05
1.527438871562480927e-05
1.468984555685892701e-05
1.412773872289108112e-05
1.358856570732314140e-05
1.306695503444643691e-05
1.256822633877163753e-05
1.208640787808690220e-05
1.162535954790655524e-05
1.117936426453525200e-05
1.075119780580280349e-05
1.033867920341435820e-05
9.942975339072290808e-06
9.561867955198977143e-06
9.195085112878587097e-06
8.842236638884060085e-06
8.503841854690108448e-06
8.178475582099054009e-06
7.864499821153003722e-06
7.563130566268227994e-06
7.273484698089305311e-06
6.993839178903726861e-06
6.727443178533576429e-06
6.469296295108506456e-06
6.221371677384013310e-06
5.983493792882654816e-06
5.753831828769762069e-06
5.533743660635082051e-06
5.321163826010888442e-06
5.117203272675396875e-06
4.921578693029005080e-06
4.732705292553873733e-06
4.551175607048207894e-06
4.376845936349127442e-06
4.208682639728067443e-06
4.047362381243146956e-06
3.892579115927219391e-06
3.743344677786808461e-06
3.599536057663499378e-06
3.461553433226072229e-06
3.328648517708643340e-06
3.201009121767128818e-06
3.078198233197326772e-06
2.960640813398640603e-06
2.846930556188453920e-06
2.737707973210490309e-06
2.632692030601901934e-06
2.531950485717970878e-06
2.434693442410207354e-06
2.341549816264887340e-06
2.251558044008561410e-06
2.165371824958128855e-06
2.082322680507786572e-06
2.002559767788625322e-06
1.925731112351058982e-06
1.851840693234407809e-06
1.780852130650600884e-06
1.712351831884006970e-06
1.646647660891176201e-06
1.583617404321557842e-06
1.522883962934429292e-06
1.464489514546585269e-06
1.408425760018872097e-06
1.354405412712367252e-06
1.302468149333435576e-06
1.252406946150586009e-06
1.204428940582147334e-06
1.158319946625852026e-06
1.113876237468502950e-06
1.071106453309766948e-06
1.030067323881667107e-06
9.904714488584431820e-07
9.524940765004430432e-07
9.159482488030334935e-07
8.807787139630818274e-07
8.470373700220079627e-07
8.145400443027028814e-07
7.833210702301585115e-07
7.532737527071731165e-07
7.243371555887279101e-07
6.965449301787884906e-07
6.697919729958812241e-07
6.441172786253446247e-07
6.194175057316897437e-07
5.956666200290783308e-07
5.727990810555638745e-07
5.508334766091138590e-07
5.297093821354792453e-07
5.094186690257629380e-07
4.898706720268819481e-07
4.710750545200426131e-07
4.529901218575105304e-07
4.355928808763565030e-07
4.189001856502727605e-07
4.028163118618977023e-07
3.873623199979192577e-07
3.724837824847782031e-07
3.582046872452337993e-07
3.444638991823012475e-07
3.312211731554270955e-07
3.185079719969508005e-07
3.062876885451260023e-07
2.945268420262436848e-07
2.832384780049324036e-07
2.723618308664299548e-07
2.619224233058048412e-07
2.518702615361689823e-07
2.422058287265826948e-07
2.329077801732637454e-07
2.239628855704722810e-07
2.153740297217154875e-07
2.071167699568832177e-07
1.991653562072315253e-07
1.915262970442199730e-07
1.841889911702310201e-07
1.771137476680451073e-07
1.703238012851215899e-07
1.637786937180862878e-07
1.574927352976374095e-07
1.514422791615288588e-07
1.456333507121598814e-07
1.400419336050617858e-07
1.346754459063959075e-07
1.295013589697191492e-07
1.245360010670992779e-07
1.197529542196207331e-07
1.151541368926700670e-07
1.107328699845311348e-07
1.064845207565667806e-07
1.024001932137252879e-07
9.846983317629565136e-08
9.468955397551326314e-08
9.105666975983695011e-08
8.756580882618436590e-08
8.420564512334749452e-08
8.097475756585481577e-08
7.786960054545488674e-08
7.488149833534407662e-08
7.200874563295656117e-08
6.924481965597806266e-08
6.659188045432529179e-08
6.403328001169938943e-08
6.157496557079866761e-08
5.921140555642523395e-08
5.693728155620192410e-08
5.475294528878293931e-08
5.265296110223971482e-08
5.063231611757146311e-08
4.868837422122851422e-08
4.681994170141479117e-08
4.502429007402497518e-08
4.329569947003619745e-08
4.163591782457842783e-08
4.003673481633995834e-08
3.850030338981014211e-08
3.702277950878851698e-08
3.560117889378489053e-08
3.423605576813315565e-08
3.292194961090899596e-08
3.165883555311665987e-08
3.044257113060666597e-08
2.927519382467380638e-08
2.815115784926547349e-08
2.707142421343178285e-08
2.603210802476496610e-08
2.503348994764564850e-08
2.407233345991244278e-08
2.314802394209891645e-08
2.226020967555086827e-08
2.140598631683587882e-08
2.058460246701088181e-08
1.979418939868082816e-08
1.903496738009380351e-08
1.830381357592614222e-08
1.760147760876407119e-08
1.692592910274015594e-08
1.627615020538542012e-08
1.565157781158177386e-08
1.505133440105055342e-08
1.447359920803137356e-08
1.391847703757775889e-08
1.338402277895056613e-08
1.287040252151427921e-08
1.237659308372940359e-08
1.190155973773698861e-08
1.144503070094060604e-08
1.100594637648555363e-08
1.058341325688161305e-08
1.017740114406251450e-08
9.786828236713063234e-09
9.411513346435640415e-09
9.050460825221762207e-09
8.703137766019608534e-09
8.369056558876764029e-09
8.047927657628406450e-09
7.738996110617790691e-09
7.441936400454096656e-09
7.156422565657294399e-09
6.881954561777092749e-09
6.617799197528029254e-09
6.363920945773315907e-09
6.119615036936920660e-09
5.885001375105503030e-09
5.659079427289270825e-09
5.441890493784740102e-09
5.232912325681127186e-09
5.032104510860335722e-09
4.839051381821946052e-09
4.653359475526031019e-09
4.474729919934361533e-09
4.302997957950083219e-09
4.137957976269035498e-09
3.979057972003374744e-09
3.826363670356158764e-09
3.679589299920849044e-09
3.538354942378418855e-09
3.402582438027934586e-09
3.272058846093273132e-09
3.146422455913011618e-09
3.025714789828271023e-09
2.909535945505581367e-09
2.797977627366776687e-09
2.690564659957317417e-09
2.587365433015520466e-09
2.488042216697294862e-09
2.392593456690406128e-09
2.300812207423064137e-09
2.212527494549476614e-09
2.127594989076442289e-09
2.045999369926221334e-09
1.967431995097967956e-09
1.891925061059396285e-09
1.819332684505070574e-09
1.749503431014431953e-09
1.682382233525459014e-09
1.617817879662197811e-09
1.555721329538073405e-09
1.496038404269484090e-09
1.438630770067561571e-09
1.383417269629205748e-09
1.330339949312531189e-09
1.279301553580580730e-09
1.230209600855403096e-09
1.182982711789293262e-09
1.137594796141172537e-09
1.093918178263209029e-09
1.051941200813644173e-09
1.011554173757645003e-09
9.727481042887120566e-10
9.354258478921906317e-10
8.995350020413184211e-10
8.650091753992228405e-10
8.318260524831089242e-10
7.999002571423829977e-10
7.692128600744752021e-10
7.396916967827849021e-10
7.112992417290797675e-10
6.839984134643373181e-10
6.577511313388129111e-10
6.325097667847501270e-10
6.082389591988146549e-10
5.848931894369968632e-10
5.624534171744244304e-10
5.408624659253291611e-10
5.200925246029441951e-10
5.001400404935907318e-10
4.809441733755193127e-10
4.624888250148728730e-10
4.447405499430345799e-10
4.276690668270077822e-10
4.112611362572238249e-10
3.954777616499427495e-10
3.802948511655301900e-10
3.657017744185253605e-10
3.516704427664052446e-10
3.381743496344569166e-10
3.251914570956415673e-10
3.127173242578606960e-10
3.007148974276674380e-10
2.891731298859667731e-10
2.780788932454925089e-10
2.674071242214637323e-10
2.571484691848979764e-10
2.472807514308783539e-10
2.377900376604458188e-10
2.286667660778007871e-10
2.198905085792901559e-10
2.114480673887086937e-10
2.033327950456964572e-10
1.955326595082240715e-10
1.880294114853242604e-10
1.808108524015139551e-10
1.738728327982386190e-10
1.671986160634020280e-10
1.607810690140709653e-10
1.546129752005853675e-10
1.486807343908935763e-10
1.429749374448618937e-10
1.374881042348619076e-10
1.322125742220237044e-10
1.271381749878841561e-10
1.222605211514959933e-10
1.175672753594980691e-10
1.130561616546899018e-10
1.087174933411816369e-10
1.045456013426537822e-10
1.005317495916813186e-10
9.667341926977712774e-11
9.296313718820670147e-11
8.939512324834808510e-11
8.596478390243689205e-11
8.266556883462783389e-11
7.949296776388337094e-11
7.644181121424509229e-11
7.350927505589410771e-11
7.068726159964455746e-11
6.797531287849878368e-11
6.536686469882369011e-11
6.285796882998795354e-11
6.044600930898980096e-11
5.812605605171050627e-11
5.589457716115298069e-11
5.375017445019558693e-11
5.168760558449392306e-11
4.970349826161069018e-11
4.779625653594798962e-11
4.596156788494454304e-11
4.419735757932308218e-11
4.250158558427585831e-11
4.087049101930695372e-11
3.930230446647087206e-11
3.779389301516999922e-11
3.634368500593510021e-11
3.494917896751381647e-11
3.360765138404886443e-11
3.231742651266245048e-11
3.107726923023967913e-11
2.988432418193909257e-11
2.873755920729248459e-11
2.763459946986124294e-11
2.657411096729234146e-11
2.555440581364365471e-11
2.457384642995386059e-11
2.363086115675372412e-11
2.272403445968684821e-11
2.185194386550293189e-11
2.101328833159499254e-11
2.020693681825669330e-11
1.943149460781334881e-11
1.868567973961621220e-11
1.796859883107515543e-11
1.727895777847709979e-11
1.661577819778159437e-11
1.597816323695155916e-11
1.536499399934498911e-11
1.477532332594400089e-11
1.420824829317934856e-11
1.366296138727296494e-11
1.313859177703990966e-11
1.263436230636294511e-11
1.214952791150913924e-11
1.168321342448486178e-11
1.123489148935341575e-11
1.080361407973517984e-11
1.038908629263923800e-11
9.990263824533052173e-12
9.606868252298728095e-12
9.238164053182451596e-12
8.883596983033648087e-12
8.542628410213026768e-12
8.214749193380388448e-12
7.899520447496310993e-12
7.596367111728508092e-12
7.304882393421863185e-12
7.024515084191884640e-12
6.754909132045128217e-12
6.495680295731665055e-12
6.246404435361618823e-12
6.006609272468654837e-12
5.776078833980013982e-12
5.554428878645767398e-12
5.341204475234340165e-12
5.136217406248588802e-12
4.939109017609855101e-12
4.749551880262048442e-12
4.567267571087274547e-12
4.392003254138909796e-12
4.223433668765208537e-12
4.061338071403852723e-12
3.905485310151668443e-12
3.755605635508141305e-12
3.611455101984462068e-12
3.472879536031703296e-12
3.339600948212839704e-12
3.211413556955533544e-12
3.088184439073438092e-12
2.969661842822102216e-12
2.855688125205646521e-12
2.746088079152997352e-12
2.640672402964838739e-12
2.539324653327845738e-12
2.441887187246138957e-12
2.348155741030422128e-12
2.258040542740813450e-12
2.171393924041420398e-12
2.088033955807699904e-12
2.007900356398861774e-12
1.930838735425544073e-12
1.856727228563559429e-12
1.785470100761077372e-12
1.716953185529335180e-12
1.651052016458931515e-12
1.587696662509741063e-12
1.526775125597346072e-12
1.468170095046683610e-12
1.411825842866087921e-12
1.357637960386348652e-12
1.305534565003430014e-12
1.255430872107443641e-12
1.207246433897191107e-12
1.160922378194706450e-12
1.116355163692517305e-12
1.073513023266969846e-12
1.032321255388379821e-12
9.926952922872933627e-13
9.545935006002870260e-13
9.179560323674396116e-13
8.827292195812130871e-13
8.488511542975585300e-13
8.162693611313276421e-13
7.849407972562727487e-13
7.548158062128940138e-13
7.258478215178831849e-13
6.979923366720597322e-13
6.712069593704794723e-13
6.454423584142943149e-13
6.206730550524508505e-13
5.968515070196855898e-13
5.739449172002808464e-13
5.519192958561291995e-13
5.307360995999987896e-13
5.103687112685550975e-13
4.907812437698888530e-13
4.719470257305569127e-13
4.538318234669630469e-13
4.364126518930505627e-13
4.196627041101047562e-13
4.035545226981074318e-13
3.880683209674107292e-13
3.731755301907696554e-13
3.588539242236482574e-13
3.450805450850441547e-13
3.318378558048173943e-13
3.191019497250646708e-13
3.068546393543425399e-13
2.950764632636548868e-13
2.837524594630214114e-13
2.728617299555674558e-13
2.623893669614213442e-13
2.523195682339191004e-13
2.426350407484095806e-13
2.333230993394747044e-13
2.243682805736293973e-13
2.157577773127111742e-13
2.074765869091582671e-13
1.995139893139902254e-13
1.918577330426579630e-13
1.844939132022993533e-13
1.774130565764323042e-13
1.706035893068655329e-13
1.640559026518453867e-13
1.577597373483147214e-13
1.517046037402547398e-13
1.458819501830299625e-13
1.402832385845320662e-13
1.348990499383875830e-13
1.297215644364274612e-13
1.247433823988244872e-13
1.199557624455629967e-13
1.153518198928477068e-13
1.109242363760143402e-13
1.066678009483713885e-13
1.025740636092370428e-13
9.863750848005878313e-14
9.485213856757004902e-14
9.121171293301547078e-14
8.771067504026106021e-14
8.434462709424467297e-14
8.110749756280039025e-14
7.799425845835331050e-14
7.500104731066395414e-14
7.212259218666861038e-14
6.935477311811183432e-14
6.669271797148101921e-14
6.413308604883219410e-14
6.167196066981725511e-14
5.930475430399387293e-14
5.702862092065927313e-14
5.483998265264425354e-14
5.273523452772529985e-14
5.071127301718367231e-14
4.876533001734774386e-14
4.689354983424161294e-14
4.509364886703948194e-14
4.336326558788440588e-14
4.169900847685557854e-14
4.009874639905770810e-14
3.855955878488866173e-14
3.707992436317517071e-14
3.565638046322885946e-14
3.428803261825742743e-14
3.297197719931768689e-14
3.170648964732902808e-14
3.048964889156707825e-14
2.931955757822998776e-14
2.819429463659338386e-14
2.711215075416970738e-14
2.607172324439830519e-14
2.507095720534913835e-14
2.410887007880339189e-14
2.318356620502511067e-14
2.229381569217488146e-14
2.143820230116489506e-14
2.061541990719048534e-14
1.982420643116024339e-14
1.906340143793643083e-14
1.833175978908658382e-14
1.762816848331801023e-14
1.695172797164072598e-14
1.630110163606396378e-14
1.567545938429941443e-14
1.507388811482993779e-14
1.449531040174662638e-14
1.393906555935062186e-14
1.340413375997343004e-14
1.288963832451464273e-14
1.239496346002160604e-14
1.191926298058001293e-14
1.146183554290953685e-14
1.102192305252238519e-14
1.059884364789601824e-14
1.019215856596375827e-14
9.800975881032146508e-15
9.424796690695250168e-15
9.063054329911356122e-15
8.715245661109795317e-15
8.380732868481285264e-15
8.059069565662622947e-15
7.749772096840926161e-15
7.452323771918369782e-15
7.166283286729434321e-15
6.891255500404225645e-15
6.626786826799489077e-15
6.372433420650863364e-15
6.127863245043024820e-15
5.892694711633235383e-15
5.666530561969232785e-15
5.449049770564007647e-15
5.239883031052557094e-15
5.038800797506175211e-15
4.845417669933861290e-15
4.659457939111284058e-15
4.480634884385797934e-15
4.308666867302440862e-15
4.143294272262879399e-15
3.984279930041882342e-15
3.831365072074063502e-15
3.684297706057614724e-15
3.542921766172004404e-15
3.406934226380352315e-15
3.276174573939153768e-15
3.150451802918802918e-15
3.029537426181777918e-15
2.913260766589207025e-15
2.801468934694110839e-15
2.693943607754334564e-15
2.590542907751213104e-15
2.491109074798320347e-15
2.395486043075124687e-15
2.303546545881301165e-15
2.215141928934606652e-15
2.130123749711034832e-15
2.048370882499128340e-15
1.969759236972114420e-15
1.894160699396720861e-15
1.821462402632726026e-15
1.751557726407894280e-15
1.684336662318200971e-15
1.619693225366120905e-15
1.557525348081509938e-15
1.497749174202589895e-15
1.440268459610729006e-15
1.384986536670821874e-15
1.331835325109732935e-15
1.280717945534119977e-15
1.231564517725834522e-15
1.184297220532847580e-15
1.138846914890839519e-15
1.095137897230149485e-15
1.053107592991799069e-15
1.012690145364139246e-15
9.738196975355209971e-16
9.364436275840961471e-16
9.005061372144643195e-16
8.659423754666013568e-16
8.327058614075266794e-16
8.007466200933522835e-16
7.700162118274070638e-16
7.404610617757771858e-16
7.120434769723098332e-16
6.847130589566433750e-16
6.584360322900060462e-16
6.331664454350093008e-16
6.088659172112306783e-16
5.854951135261820573e-16
5.630226941608150286e-16
5.414150954345946405e-16
5.206337773484208224e-16
5.006518466062182503e-16
4.814375394724648878e-16
4.629592510303163089e-16
4.451911467748812575e-16
4.281037393716834432e-16
4.116733383679793473e-16
3.958726798907792220e-16
3.806797940230136588e-16
3.660682639246401644e-16
3.520192695823619322e-16
3.385100469857215029e-16
3.255176203660246036e-16
3.130252078830037584e-16
3.010103631635567285e-16
2.894579454937513431e-16
2.783481554784455331e-16
2.676657994641479243e-16
2.573935397452194055e-16
2.475141709649188735e-16
2.380135317911594205e-16
2.288793137764262575e-16
2.200951850667051376e-16
2.116484931073464495e-16
2.035249442173652770e-16
1.957136460824555218e-16
1.882019329130777720e-16
1.809786874017993148e-16
1.740332422274406664e-16
1.673539506869770803e-16
1.609310189619559284e-16
1.547542958918999602e-16
1.488148611610834037e-16
1.431034503466456650e-16
1.376110504886323663e-16
1.323294559553669816e-16
1.272508052223078070e-16
1.223668661879987146e-16
1.176706111259554540e-16
1.131546152629997492e-16
1.088114538259533242e-16
1.046353630203079095e-16
1.006198048105018861e-16
9.675800293295721936e-17
9.304460387474946625e-17
8.947387692859485936e-17
8.603967448818090457e-17
8.273758271775901894e-17
7.956206943339244782e-17
7.650821787352017601e-17
7.357197816186314388e-17
7.074851956364404176e-17
6.803299149175085869e-17
6.542201904928437832e-17
6.291118178305111727e-17
6.049656216567002439e-17
5.817485147469088759e-17
5.594195351172034426e-17
5.379481432593684863e-17
5.173033695312700215e-17
4.974485202009351961e-17
4.783557358253332241e-17
4.599949401173916773e-17
4.423419794032240073e-17
4.253648583367366631e-17
4.090394894184921004e-17
3.933410572301137284e-17
3.782443493065309310e-17
3.637274619051233037e-17
3.497676310154333875e-17
3.363435153776573141e-17
3.234343031275832493e-17
3.110217632045105245e-17
2.990850175697783012e-17
2.876064638199514511e-17
2.765677054582067946e-17
2.659532245762528371e-17
2.557453360525931949e-17
2.459295642265081898e-17
2.364908874980738591e-17
2.274141684620804821e-17
2.186859571617679468e-17
2.102926216606413793e-17
2.022217377059002329e-17
1.944601862130294168e-17
1.869967175256982098e-17
1.798200323567391375e-17
1.729187817881479723e-17
1.662819643177777590e-17
1.598997530399513676e-17
1.537627180956856936e-17
1.478612476462628708e-17
1.421863750538428245e-17
1.367291584960038563e-17
1.314816735824777082e-17
1.264355575172714693e-17
1.215827204739943707e-17
1.169163547562051013e-17
1.124288833894926751e-17
1.081139122677220573e-17
1.039644682583294258e-17
9.997433923491450751e-18
9.613708146050551425e-18
9.244745888182498536e-18
8.889940826498290717e-18
8.548744540251805308e-18
8.220633424115296245e-18
7.905144256945733830e-18
7.601737716983733491e-18
7.309958854892391062e-18
7.029427167589932151e-18
6.759654204924644193e-18
6.500204042713711745e-18
6.250737123315681788e-18
6.010821658450801641e-18
5.780122639970987328e-18
5.558289756886822643e-18
5.344960704090009359e-18
5.139809572419201582e-18
4.942558015598275221e-18
4.752857376999039172e-18
4.570450403450989444e-18
4.395026075043806100e-18
4.226352781205974292e-18
4.064140595132794182e-18
3.908159974204282306e-18
3.758163177826979033e-18
3.613924385693657385e-18
3.475221499809846875e-18
3.341846691046643554e-18
3.213584892444783636e-18
3.090246886439145615e-18
2.971640560332464051e-18
2.857587036317274351e-18
2.747917776343768835e-18
2.642448319135348180e-18
2.541029151796293425e-18
2.443505591552057153e-18
2.349728952687532959e-18
2.259546413584551669e-18
2.172825211754798524e-18
2.089434859456643284e-18
2.009244662153302569e-18
1.932129095186821458e-18
1.857974421222973909e-18
1.786666075746921329e-18
1.718088873858365708e-18
1.652148516967476001e-18
1.588740263329187680e-18
1.527764334282111538e-18
1.469129016175830756e-18
1.412743008950234795e-18
1.358521216399807262e-18
1.306380300077833439e-18
1.256241367633391082e-18
1.208023975751909407e-18
1.161660192225582499e-18
1.117075157208974307e-18
1.074202799650657159e-18
1.032972912596140617e-18
9.933276968001225371e-19
9.552039763433191829e-19
9.185399194749422151e-19
8.832878599121932655e-19
8.493881372533919471e-19
8.167880704332762889e-19
7.854411305423901830e-19
7.552943263227419511e-19
7.263050062739968278e-19
6.984292781249012179e-19
6.716237665920843722e-19
6.458465439582475091e-19
6.210585259394474979e-19
5.972231614923671517e-19
5.743017282245813320e-19
5.522586573697502586e-19
5.310631364500563311e-19
5.106801136870426151e-19
4.910809479519994620e-19
4.722320867313301895e-19
4.541079391248339383e-19
4.366803292928956211e-19
4.199205385586231623e-19
4.038029501724215603e-19
3.883043513783510459e-19
3.734017879144132724e-19
3.590704702116257914e-19
3.452888657246680819e-19
3.320372255164154403e-19
3.192931898609347926e-19
3.070385349353558299e-19
2.952543131337722593e-19
2.839223264827079144e-19
2.730260313699117346e-19
2.625476175628196874e-19
2.524703088046334317e-19
2.427803532176692736e-19
2.334621636172594168e-19
2.245021173726908788e-19
2.158860748653678311e-19
2.076005039374567891e-19
1.996331002773460266e-19
1.919710684349351138e-19
1.846027244840717392e-19
1.775181034833140532e-19
1.707045133801381951e-19
1.641527517902295125e-19
1.578527762239637289e-19
1.517945571164136388e-19
1.459685431164436689e-19
1.403662039239868662e-19
1.349789575401879929e-19
1.297985321589215188e-19
1.248170049408828345e-19
1.200265693690409707e-19
1.154200393118243730e-19
1.109903708093292695e-19
1.067303583429384991e-19
1.026340242402566591e-19
9.869489322805110776e-20
9.490683899991012424e-20
9.126427162435044003e-20
8.776153654640343091e-20
8.439315369451093309e-20
8.115401135098131028e-20
7.803939846373213155e-20
7.504419039037468948e-20
7.216388933632822698e-20
6.939428185034755207e-20
6.673090891194312108e-20
6.416970570388606014e-20
6.170690467698013165e-20
5.933868012089227785e-20
5.706129033582040340e-20
5.487143952401136733e-20
5.276552815733085685e-20
5.074022812628305316e-20
4.879283816918008775e-20
4.692009156883722974e-20
4.511923859595259386e-20
4.338761676292952506e-20
4.172233416879835551e-20
4.012101590047226306e-20
3.858109317440835842e-20
3.710029124392212076e-20
3.567640321698865275e-20
3.430718665866611140e-20
3.299043467692959940e-20
3.172423764778685564e-20
3.050667625372281569e-20
2.933583763957095065e-20
2.820990588539276522e-20
2.712718785587193991e-20
2.608601788067343143e-20
2.508485307408437230e-20
2.412211016071354775e-20
2.319630926274631213e-20
2.230600927645923321e-20
2.144991773214519688e-20
2.062665168721759105e-20
1.983495098371197947e-20
1.907367340152470005e-20
1.834162179058953834e-20
1.763767008667417119e-20
1.696073261522462274e-20
1.630975762901672888e-20
1.568380485633856412e-20
1.508182901231449990e-20
1.450297868252497483e-20
1.394640406813756136e-20
1.341112369996841974e-20
1.289640006249092797e-20
1.240141647640890332e-20
1.192543461840215687e-20
1.146774039895750806e-20
1.102761326621324080e-20
1.060436094108248207e-20
1.019736869266078575e-20
9.805978169191090567e-21
9.429631993112203579e-21
9.067732397184584508e-21
8.719726042814875127e-21
8.385061206996851103e-21
8.063221709641233740e-21
7.753755994144100046e-21
7.456164036287510253e-21
7.169999126228943047e-21
6.894804052809506813e-21
6.630178958213563126e-21
6.375711867721969363e-21
6.131006558590138357e-21
5.895696292538676481e-21
5.669414331288190106e-21
5.451821805437345253e-21
5.242569344268437641e-21
5.041357660264913659e-21
4.847871310038880771e-21
4.661799293067064645e-21
4.482866555639920061e-21
4.310821066164559768e-21
4.145364748814780575e-21
3.986272633082187933e-21
3.833280166573606924e-21
3.686149857980355331e-21
3.544684201775314780e-21
3.408630358572031073e-21
3.277809402095425602e-21
3.152004843669556754e-21
3.031023822580316096e-21
2.914699529456129213e-21
2.802829410060084318e-21
2.695255944646626877e-21
2.591804245908513015e-21
2.492334161661877544e-21
2.396672420186610481e-21
2.304690178408783887e-21
2.216233349705502754e-21
2.131169253983396148e-21
2.049377731949380805e-21
1.970720045058333695e-21
1.895085323643191437e-21
1.822352196720520346e-21
1.752409996571648777e-21
1.685151993471543948e-21
1.620476102508183019e-21
1.558279531950172070e-21
1.498474232298713954e-21
1.440962258583816429e-21
1.385658186635774922e-21
1.332477097155864202e-21
1.281335484484101194e-21
1.232159334534914441e-21
1.184868473796784522e-21
1.139392624229387107e-21
1.095664738966665651e-21
1.053612217561790855e-21
1.013172758935911984e-21
9.742876970812295612e-22
9.368935192285424334e-22
9.009344876217313044e-22
8.663547635304810102e-22
8.331048191117181546e-22
8.011293709932048493e-22
7.703822739674292859e-22
7.408148584719829488e-22
7.123808783251581615e-22
6.850393884905303325e-22
6.587471215251698999e-22
6.334647984668840990e-22
6.091516257405421407e-22
5.857719089679045849e-22
5.632903576675154643e-22
5.416706716159601288e-22
5.208813468641276721e-22
5.008886075435001513e-22
4.816658974405642063e-22
4.631785824061370139e-22
4.454016208396432382e-22
4.283065885049459557e-22
4.118684690450187976e-22
3.960608072205442722e-22
3.808595964164546936e-22
3.662411076967210138e-22
3.521846918382881675e-22
3.386681597616140982e-22
3.256700292065278273e-22
3.131707364225798736e-22
3.011508943641635255e-22
2.895927568163549313e-22
2.784781484238977987e-22
2.677894744331620784e-22
2.575117654196102963e-22
2.476285121022179873e-22
2.381241392112724675e-22
2.289843841416073412e-22
2.201956406203293563e-22
2.117447820019756352e-22
2.036174194636349466e-22
1.958027361445749000e-22
1.882873655856174306e-22
1.810608443357156868e-22
1.741114341445999801e-22
1.674287725354193273e-22
1.610028378192338005e-22
1.548237345248483074e-22
1.488814788286463708e-22
1.431670082965488119e-22
1.376724343195034205e-22
1.323884546497158304e-22
1.273073195176531504e-22
1.224210267182928185e-22
1.177223565966302521e-22
1.132042914460526050e-22
1.088591950929973378e-22
1.046812615212020239e-22
1.006634667131665754e-22
9.679986581310924679e-23
9.308452658702277600e-23
8.951204060454096779e-23
8.607649456431828547e-23
8.277296597430614991e-23
7.959598329526594818e-23
7.654097113394739841e-23
7.360334147532573520e-23
7.077841795195480839e-23
6.806183342986331446e-23
6.544951107589307121e-23
6.293755707261590774e-23
6.052208391349089490e-23
5.819919778108986177e-23
5.596553497251294596e-23
5.381751090380682319e-23
5.175197959768147206e-23
4.976570987986910732e-23
4.785565359183195497e-23
4.601897398975484026e-23
4.425274913284482455e-23
4.255432529301674437e-23
4.092110869561423302e-23
3.935052765408627001e-23
3.784017140950649992e-23
3.638791003743082603e-23
3.499130437994030496e-23
3.364831286501222474e-23
3.235690338695473603e-23
3.111502175197064334e-23
2.992083149187259213e-23
2.877240778605184314e-23
2.766807509394570695e-23
2.660616418587873588e-23
2.558500109901005097e-23
2.460306017634895475e-23
2.365878578419035141e-23
2.275075323973941179e-23
2.187752366070501278e-23
2.103781909242069632e-23
2.023042311137061162e-23
1.945394416691794881e-23
1.870729520873531335e-23
1.798931976673565122e-23
1.729887557032820241e-23
1.663494341122342136e-23
1.599645674947744927e-23
1.538252417226738639e-23
1.479209018370204701e-23
1.422434067932724304e-23
1.367842053392171492e-23
1.315344385668889943e-23
1.264861863127995470e-23
1.216316388539871191e-23
1.169634755612512596e-23
1.124742732534738389e-23
1.081572792813061650e-23
1.040063799727327752e-23
1.000144992454338370e-23
9.617602829837322889e-24
9.248483768231738371e-24
8.893510560378577037e-24
8.552167291245824344e-24
8.223921479722456111e-24
7.908275354577277878e-24
7.604751654962630934e-24
7.312877853196287892e-24
7.032204298562272776e-24
6.762300273006334913e-24
6.502764246327716808e-24
6.253189166299324419e-24
6.013186518925336398e-24
5.782388300593467142e-24
5.560453723392661175e-24
5.347041604981410410e-24
5.141822595931785073e-24
4.944471291120381497e-24
4.754696600873173129e-24
4.572211774251112131e-24
4.396728482593340223e-24
4.227982457496608367e-24
4.065708247266309691e-24
3.909661305021825683e-24
3.759603394769779596e-24
3.615306930139015170e-24
3.476549057923807467e-24
3.343117968971104646e-24
3.214803037419212697e-24
3.091420064246762514e-24
2.972764931694528160e-24
2.858669612389697560e-24
2.748954443261106627e-24
2.643452185796848508e-24
2.541995995915468959e-24
2.444430862449092050e-24
2.350612818282514948e-24
2.260392768704650880e-24
2.173638776729101633e-24
2.090214961064942888e-24
2.009992145738944703e-24
1.932845493512855853e-24
1.858661211201098208e-24
1.787322744604925363e-24
1.718721822565095735e-24
1.652758555569485712e-24
1.589325855750211542e-24
1.528325608532186362e-24
1.469666700480857145e-24
1.413259990313933917e-24
1.359016336749126703e-24
1.306854684328424045e-24
1.256698612151632656e-24
1.208466571722675316e-24
1.162086776699176911e-24
1.117484088079915140e-24
1.074596580283830154e-24
1.033352762791386300e-24
9.936909072367500311e-25
9.555552017108769626e-25
9.188815512652178869e-25
8.836133551298231964e-25
8.496995345610798305e-25
8.170884684735023893e-25
7.857268101483753018e-25
7.555706298940390730e-25
7.265709197267568475e-25
6.986840950815151645e-25
6.718688886722096496e-25
6.460823568833123341e-25
6.212842678086569465e-25
5.974385310618296253e-25
5.745078729650586778e-25
5.524576822461275322e-25
5.312540378861116848e-25
5.108638570307984295e-25
4.912568178391433337e-25
4.724009714444849464e-25
4.542698910064983637e-25
4.368350789249824765e-25
4.200682841187690574e-25
4.039454709821521537e-25
3.884427025170389652e-25
3.735344393516229618e-25
3.591973361334902590e-25
3.454111536500412804e-25
3.321542228782857362e-25
3.194063292575273381e-25
3.071469377523270515e-25
2.953584715556404208e-25
2.840222445247750233e-25
2.731214687135916243e-25
2.626388384859819378e-25
2.525587984909711371e-25
2.428654482509383612e-25
2.335443417505567501e-25
2.245811315821125969e-25
2.159615196416987706e-25
2.076729088067350233e-25
1.997020610051556148e-25
1.920376117095447048e-25
1.846669268194671133e-25
1.775793197348474242e-25
1.707636601213510348e-25
1.642095695276936312e-25
1.579068174140106285e-25
1.518463195539403408e-25
1.460182644899740819e-25
1.404140733597675732e-25
1.350248838040887225e-25
1.298425483689007940e-25
1.248591044894417131e-25
1.200669224016437953e-25
1.154587790978436108e-25
1.110271434215866277e-25
1.067659140268090271e-25
1.026681883805901254e-25
9.872769257354308657e-26
9.493851014887875306e-26
9.129456441243659428e-26
8.779079556106671607e-26
8.442117004143934211e-26
8.118093003621985816e-26
7.806533005402529407e-26
7.506906993564869618e-26
7.218790955372450154e-26
6.941734377292679953e-26
6.675299071744612031e-26
6.419099236441786738e-26
6.172719486813798633e-26
5.935810998429120302e-26
5.707987969001292093e-26
5.488911434860101852e-26
5.278244281228084037e-26
5.075657405196341759e-26
4.880851286139923913e-26
4.693516542672564134e-26
4.513383852750839312e-26
4.340156777237709363e-26
4.173573697809528724e-26
4.013387787284624728e-26
3.859352834778906910e-26
3.711229408681689050e-26
3.568792252226675616e-26
3.431821347177019810e-26
3.300102530122905771e-26
3.173444132516268083e-26
3.051642776154979452e-26
2.934522508079320662e-26
2.821890118997270783e-26
2.713582598198336882e-26
2.609436934972026022e-26
2.509284726004000983e-26
2.412975440609808459e-26
2.320360551072137307e-26
2.231301544509387195e-26
2.145666071015779835e-26
2.063312844370594977e-26
1.984122610991676164e-26
1.907970108395440450e-26
1.834741629677971214e-26
1.764322389414582975e-26
1.696607154793114415e-26
1.631490847075799767e-26
1.568874396426299751e-26
1.508659041157066190e-26
1.450752952928350700e-26
1.395072161194577998e-26
1.341528843550284025e-26
1.290041340565826764e-26
1.240528840220739725e-26
1.192916616433180684e-26
1.147129943121307417e-26
1.103103954964592960e-26
1.060766853294710558e-26
1.020053310567946596e-26
9.809033148072339677e-27
9.432553903287478323e-27
9.070537622012987354e-27
8.722400362289728562e-27
8.387619041544806373e-27
8.065698310596524391e-27
7.756132035055497649e-27
7.458447976899362397e-27
7.172192387033221003e-27
6.896911516362175833e-27
6.632203230713838834e-27
6.377649603290277974e-27
6.132875462938326621e-27
5.897479060671585596e-27
5.671130292097586928e-27
5.453472860176618978e-27
5.244152393798914494e-27
5.042885396076659676e-27
4.849343303361342061e-27
4.663215655745926426e-27
4.484239371200009476e-27
4.312132108393744041e-27
4.146627703808815805e-27
3.987480408784320958e-27
3.834436385753589261e-27
3.687263367565327614e-27
3.545750657483620052e-27
3.409666373543162354e-27
3.278798278264083046e-27
3.152955704581887790e-27
3.031942785421232406e-27
2.915573668542483526e-27
2.803673094320701909e-27
2.696062143864053983e-27
2.592585587219022137e-27
2.493080490712311209e-27
2.397393357727353538e-27
2.305374928693459112e-27
2.216893855188420723e-27
2.131811277663248050e-27
2.049993536579800619e-27
1.971314098340732188e-27
1.895651244173557486e-27
1.822894233106474245e-27
1.752926353784852599e-27
1.685648420816556605e-27
1.620952389531706139e-27
1.558737726387204188e-27
1.498914201565156210e-27
1.441385037085856746e-27
1.386063662398305590e-27
1.332867069921899651e-27
1.281710422442588673e-27
1.232518897582033211e-27
1.185214206287993924e-27
1.139724800263036827e-27
1.095980960843175100e-27
1.053916436038321824e-27
1.013466322009351148e-27
9.745683149225621451e-28
9.371636739146510053e-28
9.011942359012972336e-28
8.666051118790857938e-28
8.333440128500265725e-28
8.013602387083335758e-28
7.706026560139833224e-28
7.410248498553160800e-28
7.125830053260970390e-28
6.852347519675496802e-28
6.589341082022517584e-28
6.336438554340279901e-28
6.093239824682837307e-28
5.859370781158492579e-28
5.634487645272172598e-28
5.418232675536707433e-28
5.210287130546300997e-28
5.010315417008143814e-28
4.818010349096106121e-28
4.633091222520793477e-28
4.455272036685464378e-28
4.284274013230668771e-28
4.119842929403747542e-28
3.961716136508534881e-28
3.809658911833058594e-28
3.663442791937665745e-28
3.522838831900217301e-28
3.387631809049427989e-28
3.257615167398762277e-28
3.132585721339087313e-28
3.012353044547151808e-28
2.896739951468072136e-28
2.785560349120971882e-28
2.678653422355494710e-28
2.575846559700374915e-28
2.476982557123901889e-28
2.381911914314142572e-28
2.290494038385156696e-28
2.202579429025011202e-28
2.118038567444946049e-28
2.036750601540950936e-28
1.958577105098273033e-28
1.883403846397085871e-28
1.811118760388750417e-28
1.741605448682252768e-28
1.674764485144213933e-28
1.610484286208480977e-28
1.548672046125858739e-28
1.489234598035287487e-28
1.432076969516384626e-28
1.377113817798489495e-28
1.324260040852184485e-28
1.273433666284211613e-28
1.224558499491146059e-28
1.177556660680861665e-28
1.132361825640898595e-28
1.088901892368963852e-28
1.047109453317003882e-28
1.006920651870300097e-28
9.682743999384289632e-29
9.311109335078037149e-29
8.953744607953478843e-29
8.610106344654432938e-29
8.279650469971610043e-29
7.961872029147716127e-29
7.656297965640161076e-29
7.362435963606910904e-29
7.079876762934783322e-29
6.808132260753497690e-29
6.546830511842544224e-29
6.295558043116987288e-29
6.053931474147272299e-29
5.821578257859781850e-29
5.598155337983171966e-29
5.383291973003148103e-29
5.176680014128608304e-29
4.978000479212513432e-29
4.786941909271669615e-29
4.603217822226849251e-29
4.426545948970578085e-29
4.256648233367135212e-29
4.093275207303411720e-29
3.936177703592852513e-29
3.785102643003702954e-29
3.639829145445466132e-29
3.500134826194876085e-29
3.365799407014543521e-29
3.236619461554092539e-29
3.112392466242808669e-29
2.992935156809421313e-29
2.878063065276444630e-29
2.767604061655099013e-29
2.661384210397281987e-29
2.559234992632859671e-29
2.461010158056680159e-29
2.366553074397485081e-29
2.275721704321875881e-29
2.188377170225269009e-29
2.104388268130203085e-29
2.023620483867124813e-29
1.945950287085694980e-29
1.871264529401680837e-29
1.799444645752881044e-29
1.730382152116646913e-29
1.663969768176545000e-29
1.600106081683941165e-29
1.538693441972123897e-29
1.479635853470427647e-29
1.422846047478247366e-29
1.368235702052039673e-29
1.315721911926229771e-29
1.265223276468011921e-29
1.216664112649102779e-29
1.169966330028788520e-29
1.125061618279354158e-29
1.081881215683253994e-29
1.040356962376049947e-29
1.000427318877487769e-29
9.620296172327364225e-30
9.251071327864026271e-30
8.896019371768778606e-30
8.554572305171303898e-30
8.226246388636351761e-30
7.910526285440521703e-30
7.606925246883025233e-30
7.314966304376072698e-30
7.034212362100254339e-30
6.764232342767236607e-30
6.504611720049145530e-30
6.254951766262182188e-30
6.014884974852505502e-30
5.784023150565699920e-30
5.562033017243420305e-30
5.348560233868554789e-30
5.143272652757335025e-30
4.945867842723181455e-30
4.756044124895899047e-30
4.573507719727330296e-30
4.397971618516778431e-30
4.229172886687851524e-30
4.066852727404272539e-30
3.910770399422993072e-30
3.760669739015081930e-30
3.616342730700217602e-30
3.477545247811621314e-30
3.344076798032816816e-30
3.215731246674443914e-30
3.092306408708161173e-30
2.973618718936144185e-30
2.859484988318760804e-30
2.749736321827684885e-30
2.644198746298994728e-30
2.542712582580074635e-30
2.445119468071981826e-30
2.351277591136233101e-30
2.261030469964846998e-30
2.174252279642511497e-30
2.090801772768031794e-30
2.010557450245306896e-30
1.933392922921736392e-30
1.859186503622123158e-30
1.787826849521557307e-30
1.719210329038070345e-30
1.653223530476694940e-30
1.589772978526653702e-30
1.528753913131401350e-30
1.470079253669428968e-30
1.413657875818660812e-30
1.359400065850242125e-30
1.307225419950576664e-30
1.257051935633751065e-30
1.208805791854533689e-30
1.162408653669385738e-30
1.117796856304266677e-30
1.074894697922983551e-30
1.033639266067880351e-30
9.939668019253684768e-31
9.558169321055896949e-31
9.191331388401564699e-31
8.838556129764989640e-31
8.499331970004693911e-31
8.173119122114779918e-31
7.859423878467902300e-31
7.557767577764406222e-31
7.267692717602951649e-31
6.988762484282773020e-31
6.720532070741519180e-31
6.462582530792557067e-31
6.214543348616507496e-31
5.976031313055002400e-31
5.746664623542894702e-31
5.526101446322965278e-31
5.314005590010878957e-31
5.110044154606482864e-31
4.913910571183082549e-31
4.725310495955232110e-31
4.543956167905850251e-31
4.369552773051750743e-31
4.201848285404117286e-31
4.040590208776393255e-31
3.885509354962240344e-31
3.736379088650820017e-31
3.592970423542592092e-31
3.455066598479264940e-31
3.322458845664132522e-31
3.194940748289190444e-31
3.072316704094461878e-31
2.954395107500762791e-31
2.841001985344171484e-31
2.731962188966415437e-31
2.627103155796793938e-31
2.526269485482128280e-31
2.429308128657941401e-31
2.336074499519082161e-31
2.246411552020280701e-31
2.160191627475037721e-31
2.077279308934138494e-31
1.997548583403174871e-31
1.920880020656103306e-31
1.847154778214055667e-31
1.776254483795904149e-31
1.708081806469400667e-31
1.642526837512743338e-31
1.579485428126449305e-31
1.518859894729965238e-31
1.460564426235681109e-31
1.404506041040446876e-31
1.350599398254392840e-31
1.298762330822396523e-31
1.248915492875777421e-31
1.200979420996419948e-31
1.154884643468190506e-31
1.110560277981734510e-31
1.067935207128827214e-31
1.026946424412264542e-31
9.875299829393617620e-32
9.496288124593864514e-32
9.131796126015468304e-32
8.781303677408190127e-32
8.444272402359353375e-32
8.120175679399789664e-32
7.808516862166276577e-32
7.508812822480626154e-32
7.220622162214104626e-32
6.943472332637681433e-32
6.676967192155129465e-32
6.420701195215415032e-32
6.174279963463837258e-32
5.937292073877608340e-32
5.709408975785673450e-32
5.490282722860189191e-32
5.279559491301558055e-32
5.076930126095513779e-32
4.882070484674817117e-32
4.694688162819701027e-32
4.514500748012380453e-32
4.341232586827587569e-32
4.174609495207993076e-32
4.014376978626643949e-32
3.860299644339788025e-32
3.712138866994208379e-32
3.569661017087679083e-32
3.432650391406824246e-32
3.300905098796890140e-32
3.174210905412439404e-32
3.052378556662989648e-32
2.935224087682637186e-32
2.822565884594179974e-32
2.714228798739345490e-32
2.610052375139246493e-32
2.509875864941408035e-32
2.413541751902819929e-32
2.320906478775888004e-32
2.231825312818667264e-32
2.146163953801576265e-32
2.063790746357322910e-32
1.984578296285636833e-32
1.908406850099528013e-32
1.835159299174295781e-32
1.764724118483405872e-32
1.696990664621087138e-32
1.631859167504313537e-32
1.569225889756625003e-32
1.508997526513925017e-32
1.451081948406467880e-32
1.395387760748477162e-32
1.341831062630662921e-32
1.290330304132436861e-32
1.240805845511530771e-32
1.193181720445522763e-32
1.147385709500234190e-32
1.103347650356600348e-32
1.060999658215861250e-32
1.020277448230706303e-32
9.811179845165726597e-33
9.434613168615683850e-33
9.072502133844878183e-33
8.724283238248884163e-33
8.389437060261432191e-33
8.067441974264344877e-33
7.757803537946307597e-33
7.460048614831114379e-33
7.173725374277667907e-33
6.898388597800594241e-33
6.633620984905351466e-33
6.379016255356936631e-33
6.134181720573778165e-33
5.898743793757505360e-33
5.672342847105163522e-33
5.454631375099290813e-33
5.245276198559826039e-33
5.043956995276170129e-33
4.850364095955278336e-33
4.664201422957537295e-33
4.485183551560887971e-33
4.313036811986779549e-33
4.147496718006277014e-33
3.988311640359907472e-33
3.835235459917967505e-33
3.688034179836246552e-33
3.546483354162134482e-33
3.410365516440729172e-33
3.279471649082775034e-33
3.153601183364663016e-33
3.032561264744461335e-33
2.916168038558861694e-33
2.804241507235394429e-33
2.696611040422197993e-33
2.593112619923134213e-33
2.493585900961911238e-33
2.397878987627883749e-33
2.305845310469183592e-33
2.217343626492719777e-33
