1.507964218579805893e+00
1.540600588688483708e+00
1.066429097683001759e+00
9.056542425583570255e-01
8.015555513210785854e-01
7.126292471702282416e-01
6.602808044506953689e-01
6.063546883754241668e-01
5.675325272939144572e-01
5.406418824043028870e-01
5.206955041640843884e-01
4.896416478432141783e-01
4.710819596663499698e-01
4.505855297813048943e-01
4.366338666432942883e-01
4.218644984639607909e-01
4.168395314079064717e-01
4.052069415648778539e-01
3.866303957425630822e-01
3.768040083539791474e-01
3.724774925754620325e-01
3.537990010701693167e-01
3.484286255561388490e-01
3.381535729536643275e-01
3.281109159573530332e-01
3.234526769090921294e-01
3.168257344991732838e-01
3.118809573352336884e-01
3.068151404078189870e-01
2.999500915981255789e-01
2.952391969851958509e-01
2.848835884760587689e-01
2.879844649479939567e-01
2.841289104368442398e-01
2.731607421850547057e-01
2.720018042203707354e-01
2.661260393758614895e-01
2.640534191559522625e-01
2.598466530442237743e-01
2.506425404968934401e-01
2.521894040398108827e-01
2.487838851717802113e-01
2.476095031851377193e-01
2.457580927854929320e-01
2.397244144326601267e-01
2.425194809643121951e-01
2.267039394913575590e-01
2.292281963695318170e-01
2.274614207064494242e-01
2.336413062917880590e-01
2.185104001982089705e-01
2.118998250709130116e-01
2.110634100933869717e-01
2.157949134325369833e-01
2.153731109813237787e-01
2.201895951651609840e-01
2.097858347189732187e-01
2.054745822571791003e-01
2.088705349618043550e-01
1.969066374959089760e-01
2.025219282469688242e-01
1.991019107783452147e-01
1.981488957428015063e-01
1.926377468193188613e-01
1.919705815613269861e-01
1.822924401706609854e-01
1.916614682246477186e-01
1.896751887332170372e-01
1.882237797268690171e-01
1.852082624840430680e-01
1.857372030138205177e-01
1.818385013403036599e-01
1.755216727272058130e-01
1.775894877142631112e-01
1.839114147119033094e-01
1.806589190298930059e-01
1.797462022266326787e-01
1.775972032967286229e-01
1.760365318602476470e-01
1.756542683125306425e-01
1.691463779180477911e-01
1.742260612260836949e-01
1.742295762953849914e-01
1.733303597340216939e-01
1.689970200164959968e-01
1.665348240962395421e-01
1.785300628783611232e-01
1.710818588065031176e-01
1.653912245272061710e-01
1.685902979320440531e-01
1.697556091997868000e-01
1.646396935941317197e-01
1.696058186869590645e-01
1.652489714133433818e-01
1.668360705272509403e-01
1.611476601698459687e-01
1.560307044440354951e-01
1.554195988445709886e-01
1.644685402225989634e-01
1.594188508888085554e-01
1.621080445173459228e-01
1.602976829768755496e-01
1.581007968920927764e-01
1.625389016113984175e-01
1.593419046260607652e-01
1.465648655803539757e-01
1.603751903543105539e-01
1.618183179065967314e-01
1.533878708210510977e-01
1.560706725869423217e-01
1.501126240556820979e-01
1.562653664356240812e-01
1.516532914474224558e-01
1.535925701403847154e-01
1.510774294248758143e-01
1.549129633949353213e-01
1.478362076653119972e-01
1.516169341806417881e-01
1.490120398979156435e-01
1.555282809222355844e-01
1.510187224890941204e-01
1.541714369582060096e-01
1.449508749044094436e-01
1.464428158429188498e-01
1.475344284461476974e-01
1.505700164402906660e-01
1.428682950540230701e-01
1.455626091704918801e-01
1.524557336114155948e-01
1.400524671261127174e-01
1.475212719291448538e-01
1.442004831842123025e-01
1.413224829408602778e-01
1.429990088376097146e-01
1.385477290035058429e-01
1.488248866720077446e-01
1.385049198348170807e-01
1.417219445491448293e-01
1.425223404398331395e-01
1.421867951941795938e-01
1.391373705978576902e-01
1.455414876485100206e-01
1.405917489471343873e-01
1.436393076697221050e-01
1.429529338788527726e-01
1.407013310835911746e-01
1.403776069577687691e-01
1.470928747684527582e-01
1.411459853012974330e-01
1.350134506057470152e-01
1.404304716831598632e-01
1.458789995656563643e-01
1.333496222081474725e-01
1.343306162609503862e-01
1.345538719246784920e-01
1.375950118479056239e-01
1.379888123761002783e-01
1.380334940141974276e-01
1.340068855060216613e-01
1.347714993434074582e-01
1.362132566670576639e-01
1.315993798896670230e-01
1.339396490691563968e-01
1.337308890831012120e-01
1.370056074303694360e-01
1.321803922358995853e-01
1.293434063259225608e-01
1.328569668798874615e-01
1.328490949020935952e-01
1.321832686758194209e-01
1.295794978069189363e-01
1.278918182716155538e-01
1.343344976218082965e-01
1.250662927778485589e-01
1.282200971188453553e-01
1.382131029493533780e-01
1.401010371553592093e-01
1.339210218917100959e-01
1.355651771745238487e-01
1.346972260624170192e-01
1.336583770047395647e-01
1.285025350271891409e-01
1.300533598050093165e-01
1.299555402487898581e-01
1.314389830455184038e-01
1.324297627768455388e-01
1.290606665257842123e-01
1.311042083331789843e-01
1.299683706452831322e-01
1.268373535516170436e-01
1.233783335401079650e-01
1.338600628460064890e-01
1.363838978207264074e-01
1.293745415906111529e-01
1.280760083538599603e-01
1.286949174478650149e-01
1.382967288677509066e-01
1.314381002806700172e-01
1.267595106162703877e-01
1.291222712072806478e-01
1.329871422252975888e-01
1.247131306152695213e-01
1.266167110548569730e-01
1.236363632508959559e-01
1.279985707157697550e-01
1.242803469682351170e-01
1.228146036657003226e-01
1.304272011638833995e-01
1.267676213135321972e-01
1.247324707416387762e-01
1.273631583039577242e-01
1.294666027411436326e-01
1.293465890085850056e-01
1.318249643517610259e-01
1.223830748062867402e-01
1.190516566284574029e-01
1.291444337902925010e-01
1.272858010652737626e-01
1.283554007705205446e-01
1.276566860074989374e-01
1.275447529955552051e-01
1.239709675980684017e-01
1.207023691672545196e-01
1.266037874449139899e-01
1.230811212976009456e-01
1.212172913675506891e-01
1.179225086974791947e-01
1.296492200535841466e-01
1.257194428394238228e-01
1.254111740594873181e-01
1.276224543794225452e-01
1.213952366764155660e-01
1.247051326032632412e-01
1.291486212076284890e-01
1.254748770346244269e-01
1.276099937991836131e-01
1.198438037568942127e-01
1.235378042388802916e-01
1.285913364484141952e-01
1.249771293634787533e-01
1.304674558962384823e-01
1.233692962198685433e-01
1.270316087187100818e-01
1.263585517517267220e-01
1.257573904326328984e-01
1.268752178607078784e-01
1.302027240920907436e-01
1.219554114513672349e-01
1.220370133956655417e-01
1.184608791644374548e-01
1.257949359858265281e-01
1.208529103069733296e-01
1.253800745957937002e-01
1.234993919634666260e-01
1.228059462391031115e-01
1.216571584200629857e-01
1.209556389982119617e-01
1.234554562526635618e-01
1.215985963980738965e-01
1.176102491716543852e-01
1.204039656963103860e-01
1.293856267172556751e-01
1.179673353353371951e-01
1.238769496098542783e-01
1.257121860885467290e-01
1.218908454793003887e-01
1.184451151257142065e-01
1.215976323980169360e-01
1.177301287460021523e-01
1.279338740576536348e-01
1.202732531401591448e-01
1.265531261761983217e-01
1.262962580730135620e-01
1.144552083542713788e-01
1.224172924478084679e-01
1.165380811175474735e-01
1.285753052156322906e-01
1.175084692211105231e-01
1.217487356315056501e-01
1.168835816809382228e-01
1.212562456965828595e-01
1.197480539146524164e-01
1.165762146218464884e-01
1.218012342563806472e-01
1.180478402723868642e-01
1.178810198003282933e-01
1.209534862245886799e-01
1.188470226927445528e-01
1.172279283356590096e-01
1.214962691355210150e-01
1.286384373425673300e-01
1.207172902683034954e-01
1.168169727214635883e-01
1.188336319218461362e-01
1.234912820160389002e-01
1.225381363947422031e-01
1.216411919309160622e-01
1.183499955978149082e-01
1.264212491420599049e-01
1.118235435671149219e-01
1.206984771749912144e-01
1.234544814110566380e-01
1.258469197039420728e-01
1.196847545460630741e-01
1.233669882879043223e-01
1.172429622556918766e-01
1.196127785226473450e-01
1.135699370708794231e-01
1.222802696224206537e-01
1.159807297759331141e-01
1.111206834037334473e-01
1.201398991812498152e-01
1.169183275734002742e-01
1.181460548431063351e-01
1.217249252905066165e-01
1.125247026339937506e-01
1.242482720372768551e-01
1.173159048343316163e-01
1.136281921504399689e-01
1.245302240053812598e-01
1.148982602482040705e-01
1.137131906592119962e-01
1.108146536856507575e-01
1.213665122882677944e-01
1.183278329622669128e-01
1.226094598666979674e-01
1.151492494564407970e-01
1.200563334024105366e-01
1.189412945738205496e-01
1.225431495656569836e-01
1.176095533256347331e-01
1.154247303517201007e-01
1.169439377788549783e-01
1.156710938478891643e-01
1.136415767937134502e-01
1.153243956418755767e-01
1.167142915849884305e-01
1.242011490779427324e-01
1.168840565885870819e-01
1.174254638930925937e-01
1.131518707455446276e-01
1.168156873769102960e-01
1.169847481764662023e-01
1.187379491061736347e-01
1.168192667074692548e-01
1.150863790407012643e-01
1.153653961964524743e-01
1.231414316890713512e-01
1.183511836502032372e-01
1.140624530183581148e-01
1.185099240917807939e-01
1.139353191145719563e-01
1.217651233220329587e-01
1.167256397601121459e-01
1.172227019253067465e-01
1.144688232348133328e-01
1.150308243739299324e-01
1.140133047333130450e-01
1.172696290203393971e-01
1.158902792069010229e-01
1.163420419710186754e-01
1.180850437675148995e-01
1.135447587841787453e-01
1.182508795522153322e-01
1.227432155766739336e-01
1.188178598833007638e-01
1.191454269326268078e-01
1.120602644454592317e-01
1.175817764531343346e-01
1.226686078672989816e-01
1.163526625587389951e-01
1.166089790897109624e-01
1.164633291272016702e-01
1.165033698177490445e-01
1.170574114777338803e-01
1.143613473345071879e-01
1.091028847898810328e-01
1.207077151928574593e-01
1.182376940567523987e-01
1.160332197466721893e-01
1.267079047906475298e-01
1.195159746238436405e-01
1.113258798917134557e-01
1.111769959235038574e-01
1.117521492859873955e-01
1.146336815725916419e-01
1.125747716436401452e-01
1.140232752148921669e-01
1.214857879596260848e-01
1.145337363322957991e-01
1.099878067198472170e-01
1.164282918645021259e-01
1.174293157071448351e-01
1.169798732472535907e-01
1.219083878522117942e-01
1.161124211186781857e-01
1.141043874411246661e-01
1.173467997151116521e-01
1.136314134949292926e-01
1.179770402992383060e-01
1.189834859269933848e-01
1.200810275780848924e-01
1.119858180530942382e-01
1.190117637411906154e-01
1.124213032949811369e-01
1.146695613096921917e-01
1.099685112348733756e-01
1.109577657177280158e-01
1.193344713069307561e-01
1.144563731140433166e-01
1.113232000563771362e-01
1.145876608526286422e-01
1.129920248754131551e-01
1.141713660735732411e-01
1.124164632736490282e-01
1.130788480624174419e-01
1.079704767427383388e-01
1.144756472359100968e-01
1.131872679035250961e-01
1.095892054004928978e-01
1.225829157882775966e-01
1.127890839933966965e-01
1.125309179560878281e-01
1.195403349681351396e-01
1.144538161511986646e-01
1.204024867918819935e-01
1.137181571040015993e-01
1.194191028292362483e-01
1.136257688013406902e-01
1.159855364893491447e-01
1.153179520932145624e-01
1.110905204589168194e-01
1.137043043875541476e-01
1.129237608888592481e-01
1.181759527860543613e-01
1.136454859270881329e-01
1.156631057747663643e-01
1.142386054047025146e-01
1.183614241484648166e-01
1.140374129399275155e-01
1.091396159707353625e-01
1.108218290102787468e-01
1.128522404875510754e-01
1.106419509324507860e-01
1.066439194795794909e-01
1.114494765583330244e-01
1.189311247318983050e-01
1.144623765387596248e-01
1.036720544720689391e-01
1.196062875863833364e-01
1.138165297798621328e-01
1.196257656678939435e-01
1.185048286803066786e-01
1.090887339833455233e-01
1.136036997183393210e-01
1.188297467927137974e-01
1.155116488392918528e-01
1.186425733212859157e-01
1.180276926320332764e-01
1.110766460163853109e-01
1.082527368592146183e-01
1.145521370932841981e-01
1.128966350394945833e-01
1.159776288920488091e-01
1.210741440025277643e-01
1.105037321599248168e-01
1.219450548482246821e-01
1.164185383954109282e-01
1.117869581931676681e-01
1.171296656513825390e-01
1.101767054830606191e-01
1.088467303567971917e-01
1.160728531913497452e-01
1.102552279782218758e-01
1.162475444042147671e-01
1.103168140093867544e-01
1.128014565278322306e-01
1.150315502371925536e-01
1.109899739806468610e-01
1.155846873966929200e-01
1.145867302679480643e-01
1.142581402873381613e-01
1.178363409347068097e-01
1.142005848483397396e-01
1.108436680183960826e-01
1.061810248220960290e-01
1.080275320042020232e-01
1.168584243609355061e-01
1.184541428843751965e-01
1.179759855262744184e-01
1.082103844445485297e-01
1.078323796009406088e-01
1.109798935647958312e-01
1.128935134945771579e-01
1.133364608368048337e-01
1.135268093349459800e-01
1.163910995977811280e-01
1.119167369527694494e-01
1.110638496680901588e-01
1.154720758302853617e-01
1.138038122548888920e-01
1.125428313532700897e-01
1.145452523221954372e-01
1.111174551865611315e-01
1.118920270305795578e-01
1.133868118819709031e-01
1.155990757907812416e-01
1.153099426378806497e-01
1.167667604409731302e-01
1.173567797463291734e-01
1.126763323465218847e-01
1.074287431505628054e-01
1.080973801943354157e-01
1.042287054400031360e-01
1.139892062793175370e-01
1.190354846608944472e-01
1.113043513292303471e-01
1.118002273810979608e-01
1.147312412993648084e-01
1.121868448594632861e-01
1.089942838566807654e-01
1.173045614017890065e-01
1.158863206608937296e-01
1.159343653573439714e-01
1.088869062467263255e-01
1.145019664930609499e-01
1.121831124887252423e-01
1.217489138484383199e-01
1.135337060866638687e-01
1.130201255281766265e-01
1.092991989965622218e-01
1.143958654111394552e-01
1.105876656105885120e-01
1.126561388707695843e-01
1.105592368982541290e-01
1.159596416191794876e-01
1.087683100587664570e-01
1.081931993174247292e-01
1.100304778713064313e-01
1.164762241049454722e-01
1.159689935927207677e-01
1.077440000831698802e-01
1.116498935203521642e-01
1.152140718669845548e-01
1.124918068353182171e-01
1.156272158265495981e-01
1.085341183707500129e-01
1.197179675484314892e-01
1.150643396119658823e-01
1.098844983638861267e-01
1.146936131497988398e-01
1.159867112023326013e-01
1.085089671544921669e-01
1.077347521073161035e-01
1.098962661834099325e-01
1.085558951474153017e-01
1.131019279074210321e-01
1.082329123257062403e-01
1.146020052381433035e-01
1.153086625326138343e-01
1.102803535138567326e-01
1.109623787017204877e-01
1.104168250631445553e-01
1.171639295390401181e-01
1.179270627741248190e-01
1.148437676091606796e-01
1.135734785491457344e-01
1.132626772500001516e-01
1.054124283293882969e-01
1.092691587714048479e-01
1.071296490824375364e-01
1.106906777008985904e-01
1.161697100418118273e-01
1.130230124753255072e-01
1.089381830527996337e-01
1.151703492666666384e-01
1.205239819052318778e-01
1.100380421066895487e-01
1.064812566464145988e-01
1.121641217229458060e-01
1.155017339457304060e-01
1.074041528531756162e-01
1.109385987982536015e-01
1.139835606305262955e-01
1.086410456838516059e-01
1.142761515310177500e-01
1.084175233514263065e-01
1.065675632741588802e-01
1.122143338171717464e-01
1.117202437936495457e-01
1.089908703349721786e-01
1.123509369217432496e-01
1.189963389188051224e-01
1.120277951734188343e-01
1.107706262944982561e-01
1.121182462128882257e-01
1.179403454733964768e-01
1.202746964226930615e-01
1.211246034990136472e-01
1.160338796627445046e-01
1.120174992543000458e-01
1.091726789155449684e-01
1.076065668167594108e-01
1.045488011951629936e-01
1.125444652058948253e-01
1.181538147851824705e-01
1.120427112978620438e-01
1.163274302027928475e-01
1.145323433435689181e-01
1.091739370559270533e-01
1.075049884808369216e-01
1.113172364540589154e-01
1.097574084758376478e-01
1.132834818691779433e-01
1.139701177007876876e-01
1.082246873599405496e-01
1.131135094528779028e-01
1.080708371451458844e-01
1.109770420079047859e-01
1.136904125603345750e-01
1.102493664440818283e-01
1.083314934888711389e-01
1.164028173646865782e-01
1.151183146840104726e-01
1.052377121475262522e-01
1.104320964847619740e-01
1.125005841016387259e-01
1.106463954330254851e-01
1.069430150187168360e-01
1.112194650925886902e-01
1.062133398432380110e-01
1.086720419187958420e-01
1.070138499427300272e-01
1.122701543813141439e-01
1.112183877696784617e-01
1.166917321916956102e-01
1.069063528512532862e-01
1.143098001201183350e-01
1.085778813618115957e-01
1.120791367374551623e-01
1.154250092565631269e-01
1.144851995357431679e-01
1.087110552984552475e-01
1.118251448162855266e-01
1.181044605059119318e-01
1.074049209268429367e-01
1.168404952551309883e-01
1.104071005223653257e-01
1.096522631625143351e-01
1.103640299242658468e-01
1.124644183243314471e-01
1.125500197379061817e-01
1.087547682321224479e-01
1.155607782925168608e-01
1.147537190037277999e-01
1.126847538332908516e-01
1.161212684300083342e-01
1.060943157101670864e-01
1.162343116190571041e-01
1.111763388061752650e-01
1.134364321374167206e-01
1.103359034332709460e-01
1.124961612459558641e-01
1.159077694830604049e-01
1.144581281747191343e-01
1.166452098876619992e-01
1.159522578024711342e-01
1.149522488841261680e-01
1.170761355222799810e-01
1.146578381124597340e-01
1.077878970461778191e-01
1.166893678550154773e-01
1.161593990686994315e-01
1.131443133577704485e-01
1.106318320004412714e-01
1.128373469106662003e-01
1.099717759551146062e-01
1.170447988674426648e-01
1.112245286838748487e-01
1.059172521345317364e-01
1.117877228949696600e-01
1.136902955527871045e-01
1.049670319072902175e-01
1.085195241543727013e-01
1.130283952499620409e-01
1.066483792872765096e-01
1.113016908701795760e-01
1.072509093114580869e-01
1.094266162373316587e-01
1.121772825144804475e-01
1.055442298404299234e-01
1.117983583408670573e-01
1.102211871972450796e-01
1.169886125729252130e-01
1.136618275481920959e-01
1.106649387341279295e-01
1.119091636238571941e-01
1.057456265848416566e-01
1.116921620061382264e-01
1.172935518603294286e-01
1.150329801039053912e-01
1.140404839259691744e-01
1.143252200017181724e-01
1.144407191098882615e-01
1.071407852980953007e-01
1.123892329155634640e-01
1.146226521581411306e-01
1.093078466896445361e-01
1.115038525934020641e-01
1.092020072568303524e-01
1.084697940219671308e-01
1.087490779419357928e-01
1.115849081570139262e-01
1.182128600203073976e-01
1.152848879114175412e-01
1.060929005487989130e-01
1.112404647354896248e-01
1.121488588121839075e-01
1.104481289449792680e-01
1.165545346692968692e-01
1.109795263610207083e-01
1.189098380935879884e-01
1.118769118657861050e-01
1.043011518816153171e-01
1.143560192141777482e-01
1.143091955102789048e-01
1.104501066251825092e-01
1.117184203691207467e-01
1.111935005451624159e-01
1.067869495027340410e-01
1.136607380201801326e-01
1.057385865837717626e-01
1.124405366201431389e-01
1.101361614054976318e-01
1.124857996423275081e-01
1.075915046991446078e-01
1.127206169880735631e-01
1.106990306518780831e-01
1.142233757063364358e-01
1.165071902080224153e-01
1.163791162320054473e-01
1.000442031150062944e-01
1.145610028042051975e-01
1.147221823581136141e-01
1.078606212440018502e-01
1.117460962719260126e-01
1.071704931748218986e-01
1.096291420694727181e-01
1.094342277600214991e-01
1.115234182240107119e-01
1.138531729435691420e-01
1.112868063438397226e-01
1.159253484641130094e-01
1.102958431371893616e-01
1.131726537234126057e-01
1.126165744012747050e-01
1.151469634654812280e-01
1.085921663886461469e-01
1.093466866283844680e-01
1.085955151953758302e-01
1.152238510978909614e-01
1.162711705009524671e-01
1.080913843969121962e-01
1.087357155883159343e-01
1.118559961087810667e-01
1.149269620673014636e-01
1.087694471319898548e-01
1.121850347385192487e-01
1.122361121173852533e-01
1.164169114417372558e-01
1.152242027390270596e-01
1.116931722332269727e-01
1.094411350882206202e-01
1.167552840107908552e-01
1.126779166360696166e-01
1.112988475137031974e-01
1.115977586390307363e-01
1.068751522124959941e-01
1.139651532690876545e-01
1.042219149187589289e-01
1.149129504576707483e-01
1.058642635217461880e-01
1.170598950905677588e-01
1.134517405564204190e-01
1.149387532176497639e-01
1.078511308257778523e-01
1.155844470486044884e-01
1.122292794334964899e-01
1.115571168991617707e-01
1.158857290179301502e-01
1.130664022830434323e-01
1.102515128560555280e-01
1.104241232889202895e-01
1.109346392731636044e-01
1.072215133370497259e-01
1.116475564929155229e-01
1.149754434776229794e-01
1.112334828489483923e-01
1.165360198905452671e-01
1.145206242990799428e-01
1.083142343192146362e-01
1.089578154090887485e-01
1.108132377625084819e-01
1.038795125551330717e-01
1.147424179678544071e-01
1.098186288697597240e-01
1.184967340471652780e-01
1.166258806171707602e-01
1.064119660271665990e-01
1.144472875465185197e-01
1.066874100755040439e-01
1.125427683194478307e-01
1.122692717406421070e-01
1.151641772534602731e-01
1.117587916935101483e-01
1.078742813318967764e-01
1.106782598468737666e-01
1.141231775140533061e-01
1.104213357067261037e-01
1.119103925469785155e-01
1.088215294079138695e-01
1.112025902200585725e-01
1.039105106957065733e-01
1.097478948438014718e-01
1.127896442579535280e-01
1.067027557068146171e-01
1.092329587405308639e-01
1.141419987265880343e-01
1.095554363937714104e-01
1.096693878253109933e-01
1.116588168562604871e-01
1.146933242296561267e-01
1.125623461909783241e-01
1.125216558766670705e-01
1.102901243055478125e-01
1.081133385785879170e-01
1.144636958789748971e-01
1.109563518076752964e-01
1.133459847372693952e-01
1.096995498459690660e-01
1.138392500245036243e-01
1.083043617076980825e-01
1.098935238778209061e-01
1.109150446712588584e-01
1.056602093653801200e-01
1.088430284403073545e-01
1.119723778265791087e-01
1.133845601875621556e-01
1.071122773134937645e-01
1.131361086064806287e-01
1.099191564493454398e-01
1.083642763587144703e-01
1.130736439703748791e-01
1.118478815954847272e-01
1.060846376973084981e-01
1.078270111662837233e-01
1.108614891528701130e-01
1.063903053410542310e-01
1.145330139173146994e-01
1.130879999830936705e-01
1.182028201241523829e-01
1.155685252677171593e-01
1.124739166635733423e-01
1.113936021637458029e-01
1.090529497283009436e-01
1.070301347101728084e-01
1.145569025180660783e-01
1.152332022308539122e-01
1.067308111975972529e-01
1.156986246840693983e-01
1.122330746947763774e-01
1.131387766593923982e-01
1.139693426541410898e-01
1.077566792089969666e-01
1.114647155961929204e-01
1.129771115592656944e-01
1.132270826934239777e-01
1.103213525210053475e-01
1.086362810232318343e-01
1.045665234231795970e-01
1.099291051714084144e-01
1.101941760629415457e-01
1.099441761413636892e-01
1.141888375704487174e-01
1.103140400483822170e-01
1.126021790055510285e-01
1.147314110770821516e-01
1.075014200539160941e-01
1.115645000567802997e-01
1.118787407827300934e-01
1.041159733079182748e-01
1.077035461003199579e-01
1.156077337570679542e-01
1.103678733014907543e-01
1.135382265664446055e-01
1.129324706128010392e-01
1.080288415297101651e-01
1.128091427139364805e-01
1.114261301998526604e-01
1.133858442067717937e-01
1.160629197143209224e-01
1.064243250502607818e-01
1.216285087072696419e-01
1.111776379916148277e-01
1.094942195340991020e-01
1.099178367174970805e-01
1.058258976978369292e-01
1.087035492874490888e-01
1.083959846972272906e-01
1.162902840198232618e-01
1.073674340756275714e-01
1.105743166107015785e-01
1.160447437769900475e-01
1.094051933536926841e-01
1.119797972866739960e-01
1.098633424116250840e-01
1.098398955347828360e-01
1.133823926727741127e-01
1.078180617199112207e-01
1.117897227884103034e-01
1.120399473235011156e-01
1.096297047841243294e-01
1.074385457600538496e-01
1.113796696639978018e-01
1.111008677536096390e-01
1.082340024698239117e-01
1.107680146892865564e-01
1.140176824508951220e-01
1.139250283678754777e-01
1.099342623868813928e-01
1.044304900062389824e-01
1.131756599849233214e-01
1.163341201555270349e-01
1.066741852137522845e-01
1.122447583633355561e-01
1.183408329836451028e-01
1.069891081955761519e-01
1.096408711316493867e-01
1.011642819795853104e-01
1.152759289703308015e-01
1.099878119734617327e-01
1.141375825334435823e-01
1.141825147259693946e-01
1.117063965743932963e-01
1.059043939822377350e-01
1.126486211776351332e-01
1.157579507392186430e-01
1.102137873952205305e-01
1.049172093327610938e-01
1.100963998108338143e-01
1.110934097319841440e-01
1.119744154123159530e-01
1.139844924689103339e-01
1.152184697823264714e-01
1.099182357342961547e-01
1.080146445080829021e-01
1.098245149143995403e-01
1.098391205884325234e-01
1.090350280730770227e-01
1.111678900197148323e-01
1.156145146785256123e-01
1.094552225075089008e-01
1.120454296995049837e-01
1.094851132912131458e-01
1.106385172082063467e-01
1.104953319693987163e-01
1.067115521870362488e-01
1.198558653394381224e-01
1.107672223486961399e-01
1.178929722605225328e-01
1.101389360638000969e-01
1.060057134439165716e-01
1.047221392249831767e-01
1.090026791231372416e-01
1.087263819642173973e-01
1.143073786241121798e-01
1.099153073504567091e-01
1.123132265244538991e-01
1.090887456463697641e-01
1.166255905842169677e-01
1.057494528925953803e-01
1.079480967102333516e-01
1.060690373946458903e-01
1.140322273262800307e-01
1.095205040457539053e-01
1.140658626810480414e-01
1.082668818055819299e-01
1.085205819983130898e-01
1.086375392161500752e-01
1.115884193625205634e-01
1.102254202732673022e-01
1.065918214284838766e-01
1.122724788024639514e-01
1.096209456356098955e-01
1.115824151211060045e-01
1.063155611165058911e-01
1.096322090914234187e-01
1.101106754336983740e-01
1.056312494027691062e-01
1.068452358580170569e-01
1.134377820990406516e-01
1.078777473324384478e-01
1.100006168039563414e-01
1.099787086725999147e-01
1.136747085799773571e-01
1.117195625670063253e-01
1.021138126723086237e-01
1.187730929647118627e-01
1.143010307772037298e-01
1.052578168610731751e-01
1.069809593809529780e-01
1.058627686821497355e-01
1.190772711896361385e-01
1.089333948989709283e-01
1.090005265453305033e-01
1.054143347132664443e-01
1.161619561700484721e-01
1.095080958297237339e-01
1.142540318031723678e-01
1.131578821450089783e-01
1.063819262796105447e-01
1.076510945191750113e-01
1.113856513435259876e-01
1.052644590871074232e-01
1.109098938031074372e-01
1.064792577272806462e-01
1.128758606524803698e-01
1.140554358991674871e-01
1.102406112572703600e-01
1.129316634808977399e-01
1.061749557319742049e-01
1.125917771735634593e-01
1.073089956234280912e-01
1.103687934864025916e-01
1.112382280855224725e-01
1.070159394819384935e-01
1.077309652255513672e-01
1.111418955959379701e-01
1.168549461529040934e-01
1.122023073287728573e-01
1.119656241307847022e-01
1.074010778027467278e-01
1.089059488035929446e-01
1.146911043243912520e-01
1.063531809056607602e-01
1.122274080960032200e-01
1.047279193854102758e-01
1.086001288098020490e-01
1.083548781342613399e-01
1.061608590782643913e-01
1.155739266497011336e-01
1.095341916697529644e-01
1.041562545232665865e-01
1.103335673323808525e-01
1.061528122482391506e-01
1.165423432412820010e-01
1.121244777328310877e-01
1.122390646009873150e-01
1.123394905947721900e-01
1.128545836091805754e-01
1.099247809690542671e-01
1.104366859612174456e-01
1.027200300724078474e-01
1.076179894356009276e-01
1.046246832332167892e-01
1.108874460658392791e-01
1.119782591286378054e-01
1.093266439862931455e-01
1.131716126002944439e-01
1.113002095610285402e-01
1.079520426404017713e-01
1.104798730653830108e-01
1.117290765142593678e-01
1.068431794595642026e-01
1.064118832158736649e-01
1.090705893360651435e-01
1.064432329235550645e-01
1.150143435893532518e-01
1.099266038586696054e-01
1.145346783173198935e-01
1.062210472109608173e-01
1.103682974305672526e-01
1.034813880299528394e-01
1.115188157663513507e-01
1.110853899127015737e-01
1.077369947559558422e-01
1.079252799256489870e-01
1.118594178834404762e-01
1.118651940558965385e-01
1.175602037316331450e-01
1.067161054422075955e-01
1.158752460223742009e-01
1.062365158675954852e-01
1.151638472261719282e-01
1.084980111139324938e-01
1.113057630900771144e-01
1.155956673841827959e-01
1.106719346693119943e-01
1.137356183897608314e-01
1.113435106208691266e-01
1.086010980682495380e-01
1.085889662926395743e-01
1.115272564670214267e-01
1.078967493314009485e-01
1.119501632662155688e-01
1.162058568201386061e-01
1.046019968887170193e-01
1.045125155829084163e-01
1.112697754150781815e-01
1.108502035912794920e-01
1.076295917853713063e-01
1.124384462260282908e-01
1.075733710271425669e-01
1.056541885750798132e-01
1.049104055437522082e-01
1.085146843002010586e-01
1.108926408040599998e-01
1.115045439547453221e-01
1.065459825194034760e-01
1.121535329769055012e-01
1.128623484896543738e-01
1.089463835391096536e-01
1.101241198917611991e-01
1.089205218383516999e-01
1.038102015423087027e-01
1.118266224001462639e-01
1.082651349190527079e-01
1.165409273444077964e-01
1.049918409986182605e-01
1.099133359889189337e-01
1.085481823923496042e-01
1.098552197456741930e-01
1.063968518032477467e-01
1.116531988749137339e-01
1.074248920505245508e-01
1.102512115421585559e-01
1.180366138855998281e-01
1.101106257488330270e-01
1.135584478576978085e-01
1.115899102045939534e-01
1.094323811957087222e-01
1.042811469580882666e-01
1.050699092877598884e-01
1.131066373047920348e-01
1.154731219682173793e-01
1.043536094280007598e-01
1.091854429541107979e-01
1.064723780713020262e-01
1.064618556378170433e-01
1.160754648013374718e-01
1.094435183522410870e-01
1.107527122999995145e-01
1.088192755953432678e-01
1.132231511462193224e-01
1.080656591277474043e-01
1.130925368087796062e-01
1.044185031730777147e-01
1.052737447313773361e-01
1.113516003371049223e-01
1.123186031547494385e-01
1.104052355512976646e-01
1.093043704875386740e-01
1.138938491399853620e-01
1.065147475888713752e-01
1.109561233637997718e-01
1.080125905095766781e-01
1.183648272345845520e-01
1.027157194864673495e-01
1.129697479021090772e-01
1.090579535621098994e-01
1.034262755026037900e-01
1.094200570661670174e-01
1.046418862178539605e-01
1.066329405213204684e-01
1.137061800234592940e-01
1.137673529342581036e-01
1.086619077011560797e-01
1.179556559150417711e-01
1.145316195698120598e-01
1.087694851156228576e-01
1.089555984362959862e-01
1.080119059827083228e-01
1.087513698026155856e-01
1.086602748777621835e-01
1.041574326176673976e-01
1.082844642110359912e-01
1.087801124088657173e-01
1.120792232979184594e-01
1.031697252574257373e-01
1.171624577437073711e-01
1.141164387050920548e-01
1.118053085075166042e-01
1.104084614425515504e-01
1.101761106401681900e-01
1.120975794031833922e-01
1.098607385483307691e-01
1.145011429603283171e-01
1.164069661631798175e-01
1.101292641499103664e-01
1.110754350630136639e-01
1.038980292681700168e-01
1.167545178332007882e-01
1.125957754034644515e-01
1.137188572245530632e-01
1.176287431890765817e-01
1.098539508735904280e-01
1.078805695072962700e-01
1.149338494795255211e-01
1.129948116552371290e-01
1.139077994542626177e-01
1.118228865882907180e-01
1.102193476488957102e-01
1.064121012217723455e-01
1.114453210256611676e-01
1.095297123138339046e-01
1.143648857680650832e-01
1.159465558158281479e-01
1.187373393573439989e-01
1.091909837383681359e-01
1.040746307501999174e-01
1.084450607594007049e-01
1.104309599751081283e-01
1.094274759197082225e-01
1.092529973970391838e-01
1.095142431175097492e-01
1.138781658206612646e-01
1.105730243504811500e-01
1.125286953929716255e-01
1.077196308292257543e-01
1.137693017864456480e-01
1.103289125152887434e-01
1.175443407291403147e-01
1.140300023823212355e-01
1.110367890351857956e-01
1.117250066489363369e-01
1.079120856065016593e-01
1.079233897324555908e-01
1.118113735260871794e-01
1.080066631333186089e-01
1.106981646962081761e-01
1.094592809629363894e-01
1.113611161326750754e-01
1.096752492663187889e-01
1.092617153787077966e-01
1.102446350149619281e-01
1.097825168894651648e-01
1.076273054887468966e-01
1.156989105809957535e-01
1.082818184573298842e-01
1.108136345727894490e-01
1.140372153419332568e-01
1.081281487567302552e-01
1.120885208917733883e-01
1.098416592543705883e-01
1.166554848735149030e-01
1.088795201088755549e-01
1.133042190462732884e-01
1.057432047067544401e-01
1.113413855242423589e-01
1.050027422678585232e-01
1.104943639192825650e-01
1.077000698074698504e-01
1.140873453747003469e-01
1.124454236278931291e-01
1.071094778629067684e-01
1.086208047393040776e-01
1.117148841468569576e-01
1.122277736759338673e-01
1.105959246197763118e-01
1.174996920455342736e-01
1.087963158885637965e-01
1.141026268068414534e-01
1.089262477456568179e-01
1.104452150324598397e-01
1.147953526976590033e-01
1.151039129457412657e-01
1.118420441372272311e-01
1.116035397140643509e-01
1.088661948266701762e-01
1.182412853607764658e-01
1.089334706226602612e-01
1.127781031223443892e-01
1.076211441690341081e-01
1.062176581663198949e-01
1.106795617976249757e-01
1.009645878026882854e-01
1.115071937537346070e-01
1.139875634979361091e-01
1.046740021174534796e-01
1.077904044292294083e-01
1.035312435422570260e-01
1.185351010029896679e-01
1.168819774419833507e-01
1.050319382443259952e-01
1.122918370394752619e-01
1.151532301918054280e-01
1.104916797138941614e-01
1.122042611480141283e-01
1.061530781862063261e-01
1.105215200533469500e-01
1.106271645006461080e-01
1.035104433743235380e-01
1.103526567132809277e-01
1.084456663530988518e-01
1.085266193709312349e-01
1.143022855839286034e-01
1.124271719931409924e-01
1.161055602992956404e-01
1.100597836172733518e-01
1.081952005768051506e-01
1.064495015937166333e-01
1.105348536649193580e-01
1.059592385322619679e-01
1.130543606308026250e-01
1.105962545730364566e-01
1.092253626539156919e-01
1.046825590185247873e-01
1.081941919377407968e-01
1.096524292125533734e-01
1.195603287229553280e-01
1.168824005728730797e-01
1.126512474261033292e-01
1.083018282571664159e-01
1.034791273327592132e-01
1.099961901991031166e-01
1.113410856049412284e-01
1.078368304870449546e-01
1.067651385632462924e-01
1.111670455632683546e-01
1.082634440312782859e-01
1.074855496533788229e-01
1.097721648426392138e-01
1.094987430012760998e-01
1.109443359650098410e-01
1.110681451666049452e-01
1.084069635432500095e-01
1.054651722455254015e-01
1.065083658418212176e-01
1.138400988653302248e-01
1.118085032161802855e-01
1.036838411663969367e-01
1.127277751142779921e-01
1.048224769914761628e-01
1.165143315513164635e-01
1.082136036016237979e-01
1.070930408767591657e-01
1.114960474272568974e-01
1.115164958370419707e-01
1.069164896622682298e-01
1.086201743437693601e-01
1.114521758105510296e-01
1.108194487551465990e-01
1.056123414482825901e-01
1.169103847052424400e-01
1.097940564728700219e-01
1.092213469915665064e-01
1.112215668345108988e-01
1.084961536746376631e-01
1.185614589315194395e-01
1.127261808715187552e-01
1.092607624327334020e-01
1.071008093177508030e-01
1.120158820007091938e-01
1.096719395369291361e-01
1.088934880370895086e-01
1.067489850119902606e-01
1.090020995682630806e-01
1.114079660521103826e-01
1.145352825283622172e-01
1.056982963560865463e-01
1.151250108407858158e-01
1.051459478166622968e-01
1.084041919893561218e-01
1.102845624901163252e-01
1.071126502866928398e-01
1.187037292533578009e-01
1.069306992257061661e-01
1.176683816628960461e-01
1.136548534656564441e-01
1.073188636308679278e-01
1.075759437579948130e-01
1.124492904219107775e-01
1.065300103897849765e-01
1.092035862163473342e-01
1.165717353901037784e-01
1.069944544193836417e-01
1.109857426526454777e-01
1.044452993867871077e-01
1.135240835304825724e-01
1.150875599147417605e-01
1.085717830950251039e-01
1.110153420231281135e-01
1.108378009058726132e-01
1.125835336171663731e-01
1.067374317835156766e-01
1.161967316690163676e-01
1.069556137666297230e-01
1.136030416123759990e-01
1.152769680970754385e-01
1.074535673699126836e-01
1.085772998559360325e-01
1.083620676054404264e-01
1.115249138182172473e-01
1.053228440479590383e-01
1.098102118485631135e-01
1.111040053841395314e-01
1.088854685521278565e-01
1.083424804684443299e-01
1.053068124593641575e-01
1.132533534835928474e-01
1.125732401529183774e-01
1.165000972218620534e-01
1.105376037983940157e-01
1.091604839867124227e-01
1.087094405904794336e-01
1.081686969846487045e-01
1.134564228737965641e-01
1.046605922233981995e-01
1.077941202200376064e-01
1.150386968006690408e-01
1.045565289373581175e-01
1.058488665435176612e-01
1.126052714932041232e-01
1.129242213156360780e-01
1.110261321402131046e-01
1.136428920981975704e-01
1.109486377917421190e-01
1.113501889105790732e-01
1.093382585077331548e-01
1.124827286801659137e-01
1.132405031854525623e-01
1.074193726413142924e-01
1.144489941163322894e-01
1.069913705237782869e-01
1.096646377769036201e-01
1.139509596885778936e-01
1.088455956500883337e-01
1.073783644785483715e-01
1.064159625568068951e-01
1.118938840400332119e-01
1.103575454833797959e-01
1.135777938872193638e-01
1.088485803693915038e-01
1.142465269479614048e-01
1.080424276276085588e-01
1.068735191598534640e-01
1.043137574998232037e-01
1.091303421948582736e-01
1.134824200127369370e-01
1.098865946038411201e-01
1.082509547949601497e-01
1.138029442192652341e-01
1.071368011335531861e-01
1.130804517473547877e-01
1.139733461209405663e-01
1.133447292953347479e-01
1.061578110290261473e-01
1.125939241252266465e-01
1.067361481774311838e-01
1.074451542578828689e-01
1.044428018184426488e-01
1.080403220290556965e-01
1.158163580470360221e-01
1.103069970097679403e-01
1.048018047729363800e-01
1.078901471092532788e-01
1.129149888045130612e-01
1.163298672590500210e-01
1.129122335798083271e-01
1.092958713236909657e-01
1.104400053333777637e-01
1.087383345294839349e-01
1.095791277212974368e-01
1.090980458240478485e-01
1.050035213048641503e-01
1.091956912611539571e-01
1.113548236731917440e-01
1.122558441992180522e-01
1.051630751349222903e-01
1.096108019734040318e-01
1.051015284103460762e-01
1.122398104996253226e-01
1.086140841197891088e-01
1.093262577190613066e-01
1.139455924001641779e-01
1.071576229129464208e-01
1.099035938055469425e-01
1.087872052899537950e-01
1.027986074964969548e-01
1.070223160326862905e-01
1.093531692448334869e-01
1.106213513857279007e-01
1.134253931446717323e-01
1.104164121576990815e-01
1.145878791235960398e-01
1.059925672239982186e-01
1.145876308712057562e-01
1.143221640672821282e-01
1.078205525755691202e-01
1.126370644961030010e-01
1.082063883137053401e-01
1.059028443426657945e-01
1.084175957701145054e-01
1.064741213113451629e-01
1.114900691195940402e-01
1.092827143434148551e-01
1.107325510145761999e-01
1.080156591959679779e-01
1.071693822072866675e-01
1.109827892329448285e-01
1.110043203410429891e-01
1.173876380500120942e-01
1.102335211988060837e-01
1.074663061075485648e-01
1.041315124632838512e-01
1.137807085584753575e-01
1.091829439672904190e-01
1.155491078845583414e-01
1.117811986842216637e-01
1.122490526678470435e-01
1.061284485082022722e-01
1.067101621236174469e-01
1.088308483003996852e-01
1.090219771871582116e-01
1.104509106096931009e-01
1.134116642702466399e-01
1.031890080955166072e-01
1.119868595726214860e-01
1.102830118810137067e-01
1.111205821092694224e-01
1.108272507691230591e-01
1.099200307988585507e-01
1.097149935956948791e-01
1.117289021038092162e-01
1.134519645514396463e-01
1.080184768264492307e-01
1.097972091478414958e-01
1.080332174085271713e-01
1.105924778785078999e-01
1.107915152795612840e-01
1.126956379232116195e-01
1.148276422722026291e-01
1.091485612333202987e-01
1.055426974804737628e-01
1.036533693377024029e-01
1.104686591535424534e-01
1.127036980544336292e-01
1.163805702151969462e-01
1.121745465418849258e-01
1.122121704837832634e-01
1.112519637753184021e-01
1.040720663296106491e-01
1.050848729287584687e-01
1.097145252407361327e-01
1.028769739115467374e-01
1.083057960734153391e-01
1.184085121091741771e-01
1.068068358283012359e-01
1.096351367540848581e-01
1.108005633673224688e-01
1.079410794167182386e-01
1.064201714518742681e-01
1.102887552756911665e-01
1.129684948529570548e-01
1.141855925990220844e-01
1.083062515522424940e-01
1.159584448839991455e-01
1.096837097492355528e-01
1.090092521972763212e-01
1.101345702671469723e-01
1.165079001862651259e-01
1.082028763416485878e-01
1.142392991922604739e-01
1.073208963068632005e-01
1.096013029702962993e-01
1.041081320351132933e-01
1.064418812019702759e-01
1.144900926555960652e-01
1.096829522114533689e-01
1.053080432594586668e-01
1.120969723623532477e-01
1.142342529331262235e-01
1.123229587164062682e-01
1.101330798787948373e-01
1.155949527349991734e-01
1.125052248772520219e-01
1.122556040779902342e-01
1.077192800358319907e-01
1.141016712459998195e-01
1.128381285291069624e-01
1.125803748527780535e-01
1.134667237695211051e-01
1.108704889002136706e-01
1.054371854385886403e-01
1.143600711790032920e-01
1.096291567509373038e-01
1.054069493682338599e-01
1.153755841346887495e-01
1.162209206189100535e-01
1.082498252391815158e-01
1.165145837104855503e-01
1.154413294859039513e-01
1.105805294015086565e-01
1.083182459458326696e-01
1.154372211545705851e-01
1.068352364051418368e-01
1.096217446482907476e-01
1.047407409152350394e-01
1.107495722050468173e-01
1.105261724370603382e-01
1.111600705589621541e-01
1.116694989924629511e-01
1.162187380572924228e-01
1.070617644164042620e-01
1.043921161634035616e-01
1.107968256928217737e-01
1.078517533313387428e-01
1.191790166382606236e-01
1.080449545564941827e-01
1.102641010465912341e-01
1.044780953954427688e-01
1.120400926957909882e-01
1.186848456660906520e-01
1.162452455992117883e-01
1.083296364030012782e-01
1.100548597625814889e-01
1.123094043431755867e-01
1.057951149673989205e-01
1.050910402662478954e-01
1.120434158075696435e-01
1.141491758469969781e-01
1.124607770775373217e-01
1.076114282704507680e-01
1.181860884890342384e-01
1.100226551771928130e-01
1.113206589116882000e-01
1.091666959894773276e-01
1.054987509806568774e-01
1.075878597652682872e-01
1.142336084674566155e-01
1.117155385561860587e-01
1.109862545123084937e-01
1.201354830501935450e-01
1.181895572548875423e-01
1.111003207544294658e-01
1.119138239381405053e-01
1.108477782410306756e-01
1.094057741551063001e-01
1.098848521566161696e-01
1.105682088348727971e-01
1.150921620237521648e-01
1.067291222608242329e-01
1.085476229874751536e-01
1.058526968678984853e-01
1.165835734361257287e-01
1.079349339748613412e-01
1.149040433028951647e-01
1.154674760901775177e-01
1.123725172848655668e-01
1.069525060220024582e-01
1.095030852521841347e-01
1.136644196242858201e-01
1.180484495865992967e-01
1.112366392730902431e-01
1.141772276602494446e-01
1.096974332697498444e-01
1.079031005406226873e-01
1.127883770956824988e-01
1.115541481365187049e-01
1.086892510215059365e-01
1.045503294620758472e-01
1.176913534076168000e-01
1.073978977516675676e-01
1.137116374400181651e-01
1.097332161397506084e-01
1.111135649900787947e-01
1.119051447568031460e-01
1.044645389016622128e-01
1.067540353665558245e-01
1.100830546556375023e-01
1.112372518875277966e-01
1.141599393569124044e-01
1.040116220091780036e-01
1.092750243412760613e-01
1.141440846646825519e-01
1.109922729002741637e-01
1.114333753880017847e-01
1.120807722831765746e-01
1.150058013410904523e-01
1.167231443648537037e-01
1.168023036219752731e-01
1.136447495279403891e-01
1.086410183984881789e-01
1.129208582095228702e-01
1.111524536608694408e-01
1.116262460557314040e-01
1.062934380741073492e-01
1.101150284497401655e-01
1.143406742515090252e-01
1.154443292377086844e-01
1.016010718038066890e-01
1.142875751337179835e-01
1.121646773117857127e-01
1.164149586445628048e-01
1.150993073311371712e-01
1.082598066458908409e-01
1.115203827906113415e-01
1.127724388614296941e-01
1.081303934686076995e-01
1.144712289795279531e-01
1.064381661227880443e-01
1.159492195822680594e-01
1.147764871517817226e-01
1.134783064946532222e-01
1.127696204835023641e-01
1.154978664735188815e-01
1.074799053108271840e-01
1.136135479387564567e-01
1.055005905719903769e-01
1.124962028020467519e-01
1.104137976152392564e-01
1.149086176489408223e-01
1.060609370231246351e-01
1.037798640628655733e-01
1.144300547500069348e-01
1.130825218099814206e-01
1.131395483580537320e-01
1.133515035208219196e-01
1.109852697795782328e-01
1.082163633492130433e-01
1.150921223350824391e-01
1.077718744102196813e-01
1.076964476599525239e-01
1.072170986722295050e-01
1.122856567303339576e-01
1.183100250239173534e-01
1.101600921402374894e-01
1.084170381586330029e-01
1.113424553368718151e-01
1.107218674073616599e-01
1.100005033330466453e-01
1.138688254576080833e-01
1.061111814414079368e-01
1.113452290160915764e-01
1.172093677835968767e-01
1.119617273219120773e-01
1.097804207545824556e-01
1.075551696551533820e-01
1.182924857315344747e-01
1.114000147590652467e-01
1.110214142558666323e-01
1.058344247965858492e-01
1.082676758130009381e-01
1.132084491161199774e-01
1.166880342775048346e-01
1.112727536604954659e-01
1.140828676569538291e-01
1.193440355169467504e-01
1.060315876864851986e-01
1.076413201550260601e-01
1.148993951340134267e-01
1.100198962319737794e-01
1.097092909738421468e-01
1.061094678842868511e-01
1.095963186178451898e-01
1.157806127738112006e-01
1.129009886811941088e-01
1.076379535266031029e-01
1.166609862628273514e-01
1.015600943890137553e-01
1.133439229132655324e-01
1.134747443959499003e-01
1.130482836984671030e-01
1.089669046923518181e-01
1.052758146292315095e-01
1.120298840750295344e-01
1.067098953785040466e-01
1.059454121220952394e-01
1.158668682170219955e-01
1.088740689321779226e-01
1.143859190102188977e-01
1.064986366539811408e-01
1.091464123043876383e-01
1.112563704928526548e-01
1.140056854448257412e-01
1.104032262109028995e-01
1.125447297659822044e-01
1.082265295231571584e-01
1.102797514472443341e-01
1.133730691690475467e-01
1.132209837102355066e-01
1.063503626304177080e-01
1.183820632883371415e-01
1.121357307936518555e-01
1.143316175048358918e-01
1.115029280575422083e-01
1.122839783581021517e-01
1.101049850336634217e-01
1.053486936033154187e-01
1.103189569778549317e-01
1.077441134991554139e-01
1.062810278091675248e-01
1.136402833251616840e-01
1.111375011408176211e-01
1.106102404447320137e-01
1.133439627786477361e-01
1.128849391132975277e-01
1.067464735597754150e-01
1.074752749493106813e-01
1.120989309528317157e-01
1.090840465699633027e-01
1.086475853044062134e-01
1.123455025112399669e-01
1.067390399411893842e-01
1.142865553880349216e-01
1.073705120250964817e-01
1.111440939589952853e-01
1.152585545602517192e-01
1.111473729547399758e-01
1.109859869791529063e-01
1.150487114221621782e-01
1.056184982546629070e-01
1.124408260274391974e-01
1.052143453692014341e-01
1.130995116554773805e-01
1.084215980166426119e-01
1.070062820393687664e-01
1.054861404097233030e-01
1.131105499007763054e-01
1.138001435269147960e-01
1.089608240251739857e-01
1.108290028400146093e-01
1.070301984986051502e-01
1.107398940871159171e-01
1.097414522981032398e-01
1.078181871523459789e-01
1.102525140708073559e-01
1.159469934657980233e-01
1.171136704822763469e-01
1.110928476000061366e-01
1.160902142190398251e-01
1.121944517709123762e-01
1.047303324899612337e-01
1.122689303631583813e-01
1.164808261566437214e-01
1.102793969596043561e-01
1.116277587528412135e-01
1.111047876951022084e-01
1.181852088190424171e-01
1.117731911010849122e-01
1.114613256441094880e-01
1.036454711109399823e-01
1.107189502567052786e-01
1.043162255930021737e-01
1.067980512737845694e-01
1.080655772334490061e-01
1.124952150890842495e-01
1.097987276239272836e-01
1.120149049239280853e-01
1.098603585400642485e-01
1.115884542083128844e-01
1.117393159283659454e-01
1.148494939295909290e-01
1.080093946642218528e-01
1.109777607190876453e-01
1.115375967600788776e-01
1.086652551419459850e-01
1.017944366360704067e-01
1.037513239404711934e-01
1.118231631624393013e-01
1.097821856681735070e-01
1.107185121530141619e-01
1.044643598560912462e-01
1.076099139757645401e-01
1.128135161951948490e-01
1.144364165476499523e-01
1.128524830803657175e-01
1.132116431370377568e-01
1.107693381607532529e-01
1.090541750622483347e-01
1.110574817284941673e-01
1.113763110330089484e-01
1.067924697525226146e-01
1.121351426276258889e-01
1.103382146415802095e-01
1.108098935192594198e-01
1.047268004753650755e-01
1.130698256815473174e-01
1.062668849236498986e-01
1.118691155495934036e-01
1.121482098952699957e-01
1.102663431364374336e-01
1.134124537070210215e-01
1.066101065001044540e-01
1.041590314931594430e-01
1.085295805325492829e-01
1.072665245439379661e-01
1.124213958493410076e-01
1.053168713795737538e-01
1.186398581673319547e-01
1.113627150845833275e-01
1.100208640719453485e-01
1.152039260054246034e-01
1.167793062348396332e-01
1.109779256467635783e-01
1.075373575186882313e-01
1.075445798679422055e-01
1.125709006801629691e-01
1.148082333688552614e-01
1.096350963633411918e-01
1.089843305448690985e-01
1.110033451746671590e-01
1.193027088370842842e-01
1.081595944861570985e-01
1.065700665116310064e-01
1.073937922143019114e-01
1.034177440481308247e-01
1.110968920378348768e-01
1.098391448696836442e-01
1.050936060742689998e-01
1.076470703985064475e-01
1.101476772139087651e-01
1.134687957473290293e-01
1.167605374390498219e-01
1.140284886965766964e-01
1.125574202778247684e-01
1.069780704875787081e-01
1.089866654947400093e-01
1.080102723569442008e-01
1.106565398235733744e-01
1.097031479653639702e-01
1.065272983330755596e-01
1.097349690416684481e-01
1.143714132408300971e-01
1.137894357912815485e-01
1.080800730161941975e-01
1.116110523589528558e-01
1.134960267692804309e-01
1.110517640001116718e-01
1.090938953252939131e-01
1.069001129517952592e-01
1.124091630514997692e-01
1.106916353106498774e-01
1.126460070745685105e-01
1.090995984295239779e-01
1.132477875416859625e-01
1.110829802564321372e-01
1.113469541741487351e-01
1.109743032699976178e-01
1.077576976412763926e-01
1.065419963155037342e-01
1.127995512949732659e-01
1.099743825646165157e-01
1.115173638631136027e-01
1.081313684487189980e-01
1.081149580434728891e-01
1.044629052281379755e-01
1.176179735610882460e-01
1.077239871741487443e-01
1.067229347685590829e-01
1.077398181200409505e-01
1.095623934832520990e-01
1.109978009349642664e-01
1.067498773622971298e-01
1.155571722783721444e-01
1.102793891317187247e-01
1.124063612224581871e-01
1.070684747722668584e-01
1.098936373272385303e-01
1.100032322729627282e-01
1.073925873790031876e-01
1.083879064052150759e-01
1.159803909655564846e-01
1.086913482023355304e-01
1.127813070821456487e-01
1.143128446231667789e-01
1.159278884625587758e-01
1.106624704236403439e-01
1.126793074875305917e-01
1.061255538788361402e-01
1.169195078934232440e-01
1.082471640326846812e-01
1.184445598234350888e-01
1.036863908458214578e-01
1.036122339729888264e-01
1.079433673897232798e-01
1.071793590075312552e-01
1.103925345847621975e-01
1.165652968944647372e-01
1.093061597516330336e-01
1.155229026117386010e-01
1.093221942058358459e-01
1.116845552546855691e-01
1.069217079868301362e-01
1.095945652239979778e-01
1.155077847007375536e-01
1.143029640261561397e-01
1.094037269218227776e-01
1.102386343316772016e-01
1.102835639308278326e-01
