-7.017568498849868774e-02
-6.981781125068664551e-02
-6.921778619289398193e-02
-6.769745051860809326e-02
-6.482430547475814819e-02
-6.207684054970741272e-02
-6.829497963190078735e-02
-6.967466324567794800e-02
-7.224474847316741943e-02
-7.815241068601608276e-02
-7.768883556127548218e-02
-8.200440555810928345e-02
-8.140800893306732178e-02
-8.341840654611587524e-02
-8.284773677587509155e-02
-8.469536900520324707e-02
-8.582776039838790894e-02
-8.697656542062759399e-02
-8.680061250925064087e-02
-8.707094192504882812e-02
-8.905692398548126221e-02
-8.879175782203674316e-02
-8.552169799804687500e-02
-8.628933131694793701e-02
-8.606797456741333008e-02
-8.538294583559036255e-02
-8.601417392492294312e-02
-8.492241054773330688e-02
-8.232831954956054688e-02
-8.157406747341156006e-02
-8.203598856925964355e-02
-8.029296249151229858e-02
-7.762806117534637451e-02
-7.556194812059402466e-02
-7.513840496540069580e-02
-7.335675507783889771e-02
-7.167862355709075928e-02
-7.001882791519165039e-02
-6.788860261440277100e-02
-6.749597191810607910e-02
-6.620915979146957397e-02
-6.451500952243804932e-02
-6.263948231935501099e-02
-6.075504422187805176e-02
-5.941839516162872314e-02
-5.751505121588706970e-02
-5.619429796934127808e-02
-5.467450618743896484e-02
-5.287328362464904785e-02
-5.154787749052047729e-02
-5.007652193307876587e-02
-4.934710264205932617e-02
-4.777553677558898926e-02
-4.586691781878471375e-02
-4.483260959386825562e-02
-4.331000521779060364e-02
-4.159000143408775330e-02
-4.079192131757736206e-02
-3.960443660616874695e-02
-3.835745900869369507e-02
-3.689064830541610718e-02
-3.590894863009452820e-02
-3.495132178068161011e-02
-3.387342020869255066e-02
-3.281856328248977661e-02
-3.160169720649719238e-02
-3.043200820684432983e-02
-2.941614389419555664e-02
-2.844881452620029449e-02
-2.762442454695701599e-02
-2.668644115328788757e-02
-2.579149976372718811e-02
-2.487336657941341400e-02
-2.402792684733867645e-02
-2.336212620139122009e-02
-2.248811349272727966e-02
-2.177791669964790344e-02
-2.098916471004486084e-02
-2.018638513982295990e-02
-1.949320547282695770e-02
-1.882490888237953186e-02
-1.813231781125068665e-02
-1.749704964458942413e-02
-1.693150214850902557e-02
-1.635170355439186096e-02
-1.575624011456966400e-02
-1.512301340699195862e-02
-1.458849385380744934e-02
-1.401061099022626877e-02
-1.353501249104738235e-02
-1.307880692183971405e-02
-1.259829755872488022e-02
-1.215508952736854553e-02
-1.169541012495756149e-02
-1.128549408167600632e-02
-1.087326370179653168e-02
-1.047459430992603302e-02
-1.008958276361227036e-02
-9.737621992826461792e-03
-9.386657737195491791e-03
-9.041734039783477783e-03
-8.707707747817039490e-03
-8.395446464419364929e-03
-8.086113259196281433e-03
-7.787172682583332062e-03
-7.496095262467861176e-03
-7.208878640085458755e-03
-6.946672219783067703e-03
-6.685488391667604446e-03
-6.432537920773029327e-03
-6.190153304487466812e-03
-5.962068680673837662e-03
-5.742333829402923584e-03
-5.525841843336820602e-03
-5.322787445038557053e-03
-5.124616436660289764e-03
-4.932330455631017685e-03
-4.748304374516010284e-03
-4.567208234220743179e-03
-4.397621378302574158e-03
-4.233411047607660294e-03
-4.080388229340314865e-03
-3.926305565983057022e-03
-3.777351928874850273e-03
-3.635735018178820610e-03
-3.497458295896649361e-03
-3.364882199093699455e-03
-3.238439559936523438e-03
-3.116124076768755913e-03
-2.998020732775330544e-03
-2.885174471884965897e-03
-2.776779467239975929e-03
-2.671818016096949577e-03
-2.568176714703440666e-03
-2.471405314281582832e-03
-2.378572477027773857e-03
-2.288782037794589996e-03
-2.201044233515858650e-03
-2.117069438099861145e-03
-2.036652760580182076e-03
-1.959323184564709663e-03
-1.883525867015123367e-03
-1.811411348171532154e-03
-1.742679625749588013e-03
-1.676410669460892677e-03
-1.612182473763823509e-03
-1.550256507471203804e-03
-1.491150120273232460e-03
-1.434414763934910297e-03
-1.379453693516552448e-03
-1.327015575952827930e-03
-1.276285038329660892e-03
-1.227855333127081394e-03
-1.181120984256267548e-03
-1.135950675234198570e-03
-1.092576887458562851e-03
-1.050843391567468643e-03
-1.010622363537549973e-03
-9.718898218125104904e-04
-9.347832528874278069e-04
-8.991554495878517628e-04
-8.647821960039436817e-04
-8.317150641232728958e-04
-7.999861845746636391e-04
-7.694855448789894581e-04
-7.400013855658471584e-04
-7.116406341083347797e-04
-6.843709270469844341e-04
-6.582175265066325665e-04
-6.330633186735212803e-04
-6.087939254939556122e-04
-5.854711635038256645e-04
-5.630881059914827347e-04
-5.415146588347852230e-04
-5.208075745031237602e-04
-5.008681910112500191e-04
-4.817483422812074423e-04
-4.632691852748394012e-04
-4.455247253645211458e-04
-4.284481401555240154e-04
-4.120324447285383940e-04
-3.962894843425601721e-04
-3.811146889347583055e-04
-3.665176627691835165e-04
-3.524843777995556593e-04
-3.389570920262485743e-04
-3.259805380366742611e-04
-3.134811995550990105e-04
-3.014699032064527273e-04
-2.899021492339670658e-04
-2.787886769510805607e-04
-2.681062615010887384e-04
-2.578306593932211399e-04
-2.479616960044950247e-04
-2.384705294389277697e-04
-2.293208526680245996e-04
-2.205286727985367179e-04
-2.120598219335079193e-04
-2.039286628132686019e-04
-1.961143861990422010e-04
-1.885904348455369473e-04
-1.813580893212929368e-04
-1.744051696732640266e-04
-1.677162799751386046e-04
-1.612836640560999513e-04
-1.550898887217044830e-04
-1.491364382673054934e-04
-1.434120058547705412e-04
-1.379102031933143735e-04
-1.326189667452126741e-04
-1.275300892302766442e-04
-1.226373860845342278e-04
-1.179303944809362292e-04
-1.134051562985405326e-04
-1.090553705580532551e-04
-1.048696649377234280e-04
-1.008441759040579200e-04
-9.697397035779431462e-05
-9.325175051344558597e-05
-8.967257599579170346e-05
-8.623122994322329760e-05
-8.292330312542617321e-05
-7.974085747264325619e-05
-7.668117905268445611e-05
-7.373706466751173139e-05
-7.090714643709361553e-05
-6.818573456257581711e-05
-6.556863809237256646e-05
-6.305206625256687403e-05
-6.063202454242855310e-05
-5.830486770719289780e-05
-5.606704507954418659e-05
-5.391509694163687527e-05
-5.184574911254458129e-05
-4.985584746464155614e-05
-4.794231790583580732e-05
-4.610221731127239764e-05
-4.433276262716390193e-05
-4.263122173142619431e-05
-4.099498255527578294e-05
-3.942153489333577454e-05
-3.790847767959348857e-05
-3.645350443548522890e-05
-3.505436325212940574e-05
-3.370893682586029172e-05
-3.241515150875784457e-05
-3.117101368843577802e-05
-2.997464252985082567e-05
-2.882417902583256364e-05
-2.771786785160657018e-05
-2.665401734702754766e-05
-2.563100133556872606e-05
-2.464725184836424887e-05
-2.370126094319857657e-05
-2.279157524753827602e-05
-2.191681232943665236e-05
-2.107561704178806394e-05
-2.026670699706301093e-05
-1.948883982549887151e-05
-1.874083500297274441e-05
-1.802153201424516737e-05
-1.732984492264222354e-05
-1.666470598138403147e-05
-1.602510019438341260e-05
-1.541003621241543442e-05
-1.481858271290548146e-05
-1.424982747266767547e-05
-1.370289919577771798e-05
-1.317696660407818854e-05
-1.267121297132689506e-05
-1.218487614096375182e-05
-1.171720396087039262e-05
-1.126748702517943457e-05
-1.083502411347581074e-05
-1.041916129906894639e-05
-1.001926284516230226e-05
-9.634709385863970965e-06
-9.264918844564817846e-06
-8.909316420613322407e-06
-8.567365512135438621e-06
-8.238540431193541735e-06
-7.922335498733446002e-06
-7.618264589837053791e-06
-7.325866590690566227e-06
-7.044691301416605711e-06
-6.774308076273882762e-06
-6.514300821436336264e-06
-6.264270268729887903e-06
-6.023839432600652799e-06
-5.792637693957658485e-06
-5.570309895119862631e-06
-5.356514975574100390e-06
-5.150925517227733508e-06
-4.953228199156001210e-06
-4.763116976391756907e-06
-4.580302174872485921e-06
-4.404504124977393076e-06
-4.235454071022104472e-06
-4.072892352269263938e-06
-3.916570676665287465e-06
-3.766247345993178897e-06
-3.621694077082793228e-06
-3.482688953226897866e-06
-3.349019380038953386e-06
-3.220480721211060882e-06
-3.096874479524558410e-06
-2.978012844323529862e-06
-2.863712552425567992e-06
-2.753799890342634171e-06
-2.648105692060198635e-06
-2.546467840147670358e-06
-2.448731720505747944e-06
-2.354745902266586199e-06
-2.264368276883033104e-06
-2.177459236918366514e-06
-2.093886223519803025e-06
-2.013520315813366324e-06
-1.936239414135343395e-06
-1.861923806245613378e-06
-1.790460942174831871e-06
-1.721740886750922073e-06
-1.655658252275316045e-06
-1.592112539583467878e-06
-1.531005295873910654e-06
-1.472243525313388091e-06
-1.415736733179073781e-06
-1.361399199595325626e-06
-1.309147137362742797e-06
-1.258900624634406995e-06
-1.210582581734342966e-06
-1.164118884844356216e-06
-1.119438820751383901e-06
-1.076473495231766719e-06
-1.035157083606463857e-06
-9.954263759937020950e-07
-9.572208909958135337e-07
-9.204812840835074894e-07
-8.851520192365569528e-07
-8.511786404596932698e-07
-8.185093065549153835e-07
-7.870941090004635043e-07
-7.568845035166305024e-07
-7.278343900907202624e-07
-6.998991466389270499e-07
-6.730361405971052591e-07
-6.472041604865808040e-07
-6.223637569746642839e-07
-5.984767312838812359e-07
-5.755063625656475779e-07
-5.534178058042016346e-07
-5.321770686350646429e-07
-5.117513524055539165e-07
-4.921096774523903150e-07
-4.732217746550304582e-07
-4.550587675566930557e-07
-4.375930302558117546e-07
-4.207977326586842537e-07
-4.046470394314383157e-07
-3.891161668434506282e-07
-3.741813827673468040e-07
-3.598197793053259375e-07
-3.460093012108700350e-07
-3.327290016841288889e-07
-3.199584455160220386e-07
-3.076779933053330751e-07
-2.958689719889662229e-07
-2.845131916728860233e-07
-2.735932298492116388e-07
-2.630923461310885614e-07
-2.529944538309791824e-07
-2.432842052257910836e-07
-2.339467073397827335e-07
-2.249675503662729170e-07
-2.163330634630256100e-07
-2.080299452700273832e-07
-2.000455339157269918e-07
-1.923675370107957860e-07
-1.849842306000937242e-07
-1.778843028432675055e-07
-1.710568682256052853e-07
-1.644914959797461051e-07
-1.581781106096968870e-07
-1.521069776799777173e-07
-1.462688885567331454e-07
-1.406549046123473090e-07
-1.352563856471533654e-07
-1.300650893654164975e-07
-1.250730008450773312e-07
-1.202725457005726639e-07
-1.156563698145873786e-07
-1.112173393380544439e-07
-1.069486827987020661e-07
-1.028438560979338945e-07
-9.889657803796580993e-08
-9.510080190011649393e-08
-9.145072255023478647e-08
-8.794074801699025556e-08
-8.456547107016376685e-08
-8.131974738034841721e-08
-7.819855341040238272e-08
-7.519721378912436194e-08
-7.231103893445833819e-08
-6.953563058686995646e-08
-6.686677522793615935e-08
-6.430035170978953829e-08
-6.183242362567398231e-08
-5.945921444094892649e-08
-5.717711459851670952e-08
-5.498258559555324609e-08
-5.287228077577310614e-08
-5.084297427515593881e-08
-4.889154681109175726e-08
-4.701503542037244188e-08
-4.521054108863609144e-08
-4.347531401549531438e-08
-4.180667545483629510e-08
-4.020207811095133366e-08
-3.865907416411573649e-08
-3.717529040159206488e-08
-3.574846019205324410e-08
-3.437637019487738144e-08
-3.305696694155813020e-08
-3.178820762173018011e-08
-3.056813824287019088e-08
-2.939489895936731045e-08
-2.826668676902954758e-08
-2.718177682936584461e-08
-2.613850469401768351e-08
-2.513526453640224645e-08
-2.417054112413552502e-08
-2.324284231747242302e-08
-2.235075058365509904e-08
-2.149290700970141188e-08
-2.066797932798181137e-08
-1.987471698328135972e-08
-1.911190672387874656e-08
-1.837836904883261013e-08
-1.767298840604780708e-08
-1.699467411242494563e-08
-1.634239588099717366e-08
-1.571515539922074822e-08
-1.511198632897503558e-08
-1.453197384648774459e-08
-1.397421822701971905e-08
-1.343787126018014533e-08
-1.292210694003870231e-08
-1.242613922869395537e-08
-1.194921050995390033e-08
-1.149058537208702546e-08
-1.104956304232018738e-08
-1.062546761687599428e-08
-1.021764983732964538e-08
-9.825487090608930885e-09
-9.448374527210035012e-09
-9.085734831160152680e-09
-8.737014667303810711e-09
-8.401676687697090529e-09
-8.079209301570244861e-09
-7.769121346257179539e-09
-7.470932317232836795e-09
-7.184187911235540014e-09
-6.908449368125957335e-09
-6.643295247243941049e-09
-6.388317874694848797e-09
-6.143126896063222375e-09
-5.907345723699108930e-09
-5.680614645342529911e-09
-5.462585939142172720e-09
-5.252925205923020258e-09
-5.051310925097141080e-09
-4.857437119198948494e-09
-4.671002251654954307e-09
-4.491722993549274179e-09
-4.319326230017850321e-09
-4.153545507534772696e-09
-3.994127695250426768e-09
-3.840828100010185153e-09
-3.693412242711247018e-09
-3.551654081945798680e-09
-3.415337568313248084e-09
-3.284252425572731227e-09
-3.158199257669025428e-09
-3.036983997617426212e-09
-2.920420794083611327e-09
-2.808331789339035822e-09
-2.700544010636463099e-09
-2.596893811102063410e-09
-2.497222206798710431e-09
-2.401375764904400967e-09
-2.309208380069094346e-09
-2.220578165790243474e-09
-2.135349674858844082e-09
-2.053392345047200251e-09
-1.974580499108924414e-09
-1.898793566823542278e-09
-1.825914641706560815e-09
-1.755833811678542133e-09
-1.688442607949980356e-09
-1.623638112846492731e-09
-1.561321183451980232e-09
-1.501395785474812783e-09
-1.443770325515458808e-09
-1.388356651865763070e-09
-1.335069499397434356e-09
-1.283827599785070106e-09
-1.234552904350039171e-09
-1.187169140770549802e-09
-1.141604144550001365e-09
-1.097788193682447400e-09
-1.055653675585688234e-09
-1.015136530391202996e-09
-9.761740304981003646e-10
-9.387068899968653568e-10
-9.026780989351834705e-10
-8.680322571841259105e-10
-8.347161850608131317e-10
-8.026787012838099145e-10
-7.718710115511839831e-10
-7.422455983174813809e-10
-7.137571089721461703e-10
-6.863618007280081201e-10
-6.600183732885511745e-10
-6.346859704464691276e-10
-6.103257899070513304e-10
-5.869008057324265337e-10
-5.643747691408407263e-10
-5.427133187296817596e-10
-5.218833143416645726e-10
-5.018525595090750357e-10
-4.825908006544921136e-10
-4.640683670675826988e-10
-4.462570035723700812e-10
-4.291290656155410943e-10
-4.126586017338951251e-10
-3.968202433313194888e-10
-3.815897875458773569e-10
-3.669439196940516013e-10
-3.528601577595935623e-10
-3.393169911714011278e-10
-3.262936310033381915e-10
-3.137700932409615007e-10
-3.017271432703694245e-10
-2.901464069005044166e-10
-2.790102593408505527e-10
-2.683014088677992959e-10
-2.580037017363423502e-10
-2.481012617572275758e-10
-2.385787956082907613e-10
-2.294219397791508186e-10
-2.206164417817291223e-10
-2.121488679174277081e-10
-2.040062979657975006e-10
-1.961762557955992747e-10
-1.886467648759548865e-10
-1.814062788874082344e-10
-1.744436539663496433e-10
-1.677483429940451742e-10
-1.613099376296389664e-10
-1.551186817883021263e-10
-1.491649720408716462e-10
-1.434398294586358702e-10
-1.379344000129734127e-10
-1.326403015200483537e-10
-1.275494154739931219e-10
-1.226539425580597253e-10
-1.179463332556807131e-10
-1.134194405061350608e-10
-1.090662560265798220e-10
-1.048801462344428614e-10
-1.008547204084386806e-10
-9.698376129962937853e-11
-9.326139166487834586e-11
-8.968189385560876303e-11
-8.623980696231825505e-11
-8.292982273117033287e-11
-7.974686189182733642e-11
-7.668609497413214626e-11
-7.374278271354839376e-11
-7.091245646240196265e-11
-6.819072390085167967e-11
-6.557347026481252783e-11
-6.305667793471414484e-11
-6.063649582443986219e-11
-5.830917693128156998e-11
-5.607120323602998724e-11
-5.391912263896792012e-11
-5.184964610438491661e-11
-4.985958867997908328e-11
-4.794590072187965291e-11
-4.610567483354088836e-11
-4.433608688514389939e-11
-4.263442029972530634e-11
-4.099806258373028811e-11
-3.942451226590648616e-11
-3.791136501951619664e-11
-3.645627896786685085e-11
-3.505703366490919848e-11
-3.371150233966169196e-11
-3.241761373229401499e-11
-3.117339025804355401e-11
-2.997692025163978258e-11
-2.882636490619816527e-11
-2.771997215100796552e-11
-2.665604542650967801e-11
-2.563295582735936051e-11
-2.464913689825820597e-11
-2.370307075616473469e-11
-2.279331931531736188e-11
-2.191848265387097427e-11
-2.107722503474906972e-11
-2.026825408896204550e-11
-1.949033122394805417e-11
-1.874226988884952760e-11
-1.802291649255494121e-11
-1.733117642455095364e-11
-1.666598629934679110e-11
-1.602632956898553118e-11
-1.541122091053281906e-11
-1.481972357331162726e-11
-1.425092075596490204e-11
-1.370395116828682092e-11
-1.317797693883848709e-11
-1.267218968648009536e-11
-1.218581919398831204e-11
-1.171811172401282519e-11
-1.126835777465196031e-11
-1.083586258915358869e-11
-1.041996870732031510e-11
-1.002003861827471809e-11
-9.635459097268039841e-12
-9.265638603594972267e-12
-8.910011617402346928e-12
-8.568036904965659062e-12
-8.239185375624735741e-12
-7.922955694295019669e-12
-7.618862138403237338e-12
-7.326440669419564955e-12
-7.045241560282855531e-12
-6.774835900613673800e-12
-6.514808224139523318e-12
-6.264761712865274390e-12
-6.024312992902736141e-12
-5.793093001832394506e-12
-5.570746988703412228e-12
-5.356934080352759864e-12
-5.151328582447822768e-12
-4.953613907954235174e-12
-4.763488214987177116e-12
-4.580660070002684492e-12
-4.404848447797649058e-12
-4.235785767275901392e-12
-4.073211819916044973e-12
-3.916875938175801153e-12
-3.766541332300699096e-12
-3.621975983025826906e-12
-3.482958279427128545e-12
-3.349278103123576322e-12
-3.220729238861963495e-12
-3.097113928166028707e-12
-2.978242869336455989e-12
-2.863934133248702274e-12
-2.754012295991259407e-12
-2.648308655706088643e-12
-2.546663184152531123e-12
-2.448918888856010945e-12
-2.354926149916725109e-12
-2.264541418967036535e-12
-2.177625918128867077e-12
-2.094046073694566523e-12
-2.013673516126912588e-12
-1.936385730580414410e-12
-1.862064755858705567e-12
-1.790597184414544074e-12
-1.721871777105032919e-12
-1.655784450521613493e-12
-1.592233506500506657e-12
-1.531121800527057708e-12
-1.472355440693129403e-12
-1.415844655058839940e-12
-1.361502924290824978e-12
-1.309246439561151387e-12
-1.258995945691010476e-12
-1.210674139065504029e-12
-1.164206534995382292e-12
-1.119522443498999209e-12
-1.076553776679922692e-12
-1.035234181365196626e-12
-9.955006654085996054e-13
-9.572919713873861980e-13
-9.205498776448939324e-13
-8.852182767186966839e-13
-8.512425790294098071e-13
-8.185708512929712466e-13
-7.871530033690121719e-13
-7.569410593114000996e-13
-7.278887778974785228e-13
-6.999514899977410387e-13
-6.730866406769175914e-13
-6.472527049918019859e-13
-6.224103806136416228e-13
-5.985212325754218909e-13
-5.755492653650162715e-13
-5.534589713612758644e-13
-5.322163066159846245e-13
-5.117892329549456054e-13
-4.921460916747222303e-13
-4.732570130054625235e-13
-4.550927234885093764e-13
-4.376258741240618422e-13
-4.208292514375905347e-13
-4.046772682578247959e-13
-3.891452860903948929e-13
-3.742092898571802717e-13
-3.598467010479389216e-13
-3.460353206231892020e-13
-3.327541692708935184e-13
-3.199825929396660218e-13
-3.077012657257821582e-13
-2.958912954063863676e-13
-2.845346029102524543e-13
-2.736138138975663381e-13
-2.631120419194915572e-13
-2.530134847293641354e-13
-2.433025569209545935e-13
-2.339643236093369438e-13
-2.249844868783615337e-13
-2.163493180180192654e-13
-2.080455626567515037e-13
-2.000605085240858561e-13
-1.923818770304189241e-13
-1.849979858973421765e-13
-1.778975187646802958e-13
-1.710695794005998027e-13
-1.645037594642448364e-13
-1.581898674551940331e-13
-1.521183352892752083e-13
-1.462798794853864548e-13
-1.406655011654961429e-13
-1.352665809223330129e-13
-1.300748652668590188e-13
-1.250824124181607044e-13
-1.202816329610306711e-13
-1.156650730055330811e-13
-1.112257191188646688e-13
-1.069567408273387754e-13
-1.028516058128661759e-13
-9.890402570284645423e-14
-9.510796284643158183e-14
-9.145760998573518319e-14
-8.794735637451464583e-14
-8.457183521201616649e-14
-8.132586943286612691e-14
-7.820449881212540588e-14
-7.520292575518075506e-14
-7.231656273158984516e-14
-6.954096451244548560e-14
-6.687190948553856096e-14
-6.430528445887720435e-14
-6.183715919958615581e-14
-5.946378643390676233e-14
-5.718149342697972926e-14
-5.498679379119415789e-14
-5.287633666421071021e-14
-5.084687960390729677e-14
-4.889531569343338879e-14
-4.701866337681465113e-14
-4.521402580137147409e-14
-4.347865180409117569e-14
-4.180989525404653351e-14
-4.020517778294610545e-14
-3.866205654777001011e-14
-3.717816663252951348e-14
-3.575122104826702896e-14
-3.437904122624221848e-14
-3.305954007727304744e-14
-3.179067455789073848e-14
-3.057051004484376278e-14
-2.939717290125279381e-14
-2.826887588759912501e-14
-2.718387581007730702e-14
-2.614052773070377200e-14
-2.513722059281284227e-14
-2.417242296083588204e-14
-2.324465930337877434e-14
-2.235250152289244840e-14
-2.149458589633182481e-14
-2.066959274636508137e-14
-1.987626846423028171e-14
-1.911339501654927414e-14
-1.837980180378895323e-14
-1.767436227212947075e-14
-1.699599730159602473e-14
-1.634367181792707041e-14
-1.571637954598126968e-14
-1.511316503259411970e-14
-1.453310162372132425e-14
-1.397529569960353005e-14
-1.343890785059000809e-14
-1.292310459626066013e-14
-1.242710073707338145e-14
-1.195013648447448493e-14
-1.149147661386575384e-14
-1.105041893493391436e-14
-1.062629005648589933e-14
-1.021843606908642843e-14
-9.826239485716953270e-15
-9.449096371886081536e-15
-9.086428204090838540e-15
-8.737679328717825461e-15
-8.402318656109113854e-15
-8.079826955068036831e-15
-7.769713793518134154e-15
-7.471500597844207142e-15
-7.184735052452421999e-15
-6.908976276693732863e-15
-6.643802024643933463e-15
-6.388805296971868108e-15
-6.143594764455905313e-15
-5.907797309082779558e-15
-5.681048283168697866e-15
-5.463001250238233228e-15
-5.253321632277220196e-15
-5.051692215446912035e-15
-4.857801715139192789e-15
-4.671352399273102571e-15
-4.492060088294837564e-15
-4.319649072980066493e-15
-4.153855079049246016e-15
-3.994424420134673470e-15
-3.841112303714592363e-15
-3.693684525179086880e-15
-3.551916832555371446e-15
-3.415590691343054451e-15
-3.284496037371216828e-15
-3.158433182622543377e-15
-3.037208580068586489e-15
-2.920636517735660659e-15
-2.808539118704842484e-15
-2.700744223529602528e-15
-2.597086660785226202e-15
-2.497407611794103324e-15
-2.401554610625728121e-15
-2.309379002997857463e-15
-2.220741875507141645e-15
-2.135506855849072724e-15
-2.053543077433299911e-15
-1.974725814658340010e-15
-1.898933518296262030e-15
-1.826050356591528943e-15
-1.755964521195103184e-15
-1.688568438922683455e-15
-1.623758877633823140e-15
-1.561436946231930297e-15
-1.501506718235728378e-15
-1.443877137603387546e-15
-1.388459265875446099e-15
-1.335168399757178607e-15
-1.283923224085648657e-15
-1.234644647159406378e-15
-1.187257494804382953e-15
-1.141688816307996103e-15
-1.097869472605926197e-15
-1.055731701062392891e-15
-1.015211233052523265e-15
-9.762462351711677540e-16
-9.387767798373081174e-16
-9.027454805687678760e-16
-8.680971743448570935e-16
-8.347784980898987489e-16
-8.027386827666167877e-16
-7.719286004640704604e-16
-7.423007114580951193e-16
-7.138102288816046935e-16
-6.864133717191379762e-16
-6.600680000815690660e-16
-6.347338799039033835e-16
-6.103719417914488243e-16
-5.869451280527630127e-16
-5.644175456667060477e-16
-5.427545721615589097e-16
-5.219228026754642574e-16
-5.018906852311368679e-16
-4.826274090051203662e-16
-4.641036454816160721e-16
-4.462907543590949495e-16
-4.291615511739060558e-16
-4.126898043744641094e-16
-3.968502882608086930e-16
-3.816187035752654491e-16
-3.669715716233276723e-16
-3.528867636692483442e-16
-3.393425480239744716e-16
-3.263182253198575276e-16
-3.137937314639594258e-16
-3.017500082149669445e-16
-2.901685531969384977e-16
-2.790315257784225416e-16
-2.683219058911351851e-16
-2.580234146206213846e-16
-2.481201436293405203e-16
-2.385970316126992266e-16
-2.294393613732389602e-16
-2.206332098068892284e-16
-2.121650243864939625e-16
-2.040218481549381318e-16
-1.961912535506987396e-16
-1.886612100589468146e-16
-1.814201636208862163e-16
-1.744570498686434353e-16
-1.677611750112593860e-16
-1.613222952440282118e-16
-1.551305373391584797e-16
-1.491764118806629814e-16
-1.434508794388077374e-16
-1.379450196978669759e-16
-1.326505343819355648e-16
-1.275592707988961816e-16
-1.226634203637663257e-16
-1.179554656591391150e-16
-1.134282069049628882e-16
-1.090746626968676976e-16
-1.048882420597327207e-16
-1.008624996022249444e-16
-9.699127448314207359e-17
-9.326865070674312912e-17
-8.968887771340964231e-17
-8.624651596343346446e-17
-8.293626488344935576e-17
-7.975306874555339212e-17
-7.669205711029886130e-17
-7.374851835691666126e-17
-7.091797247520920480e-17
-6.819603871665241108e-17
-6.557862088285291752e-17
-6.306162939286226194e-17
-6.064124598097289957e-17
-5.831375826059569242e-17
-5.607560604637421226e-17
-5.392333503207043764e-17
-5.185368612607090964e-17
-4.986346641121117357e-17
-4.794963848028193471e-17
-4.610928734880455620e-17
-4.433955428058205476e-17
-4.263774928426240795e-17
-4.100125185166504779e-17
-3.942758044095231518e-17
-3.791429983240085402e-17
-3.645910384646286646e-17
-3.505975909548445933e-17
-3.371412814476279561e-17
-3.242014304276649272e-17
-3.117582517347032383e-17
-2.997925547785316590e-17
-2.882861415856740228e-17
-2.772212939474094439e-17
-2.665810877484050872e-17
-2.563493764231039178e-17
-2.465104104526429259e-17
-2.370490524318123911e-17
-2.279508266998926354e-17
-2.192017704481437638e-17
-2.107884998942546683e-17
-2.026980779334450195e-17
-1.949182788362612836e-17
-1.874370753965969396e-17
-1.802429698039375005e-17
-1.733250432741972663e-17
-1.666726251774743029e-17
-1.602755577358464591e-17
-1.541239478691876008e-17
-1.482084318929636276e-17
-1.425200100821099626e-17
-1.370499804965825480e-17
-1.317898231760720876e-17
-1.267315723712796958e-17
-1.218674691280596250e-17
-1.171900605490927726e-17
-1.126921667066621782e-17
-1.083669054580714008e-17
-1.042076676302261415e-17
-1.002080177579607378e-17
-9.636190915099742717e-18
-9.266341919615032983e-18
-8.910684861899895545e-18
-8.568679593014333275e-18
-8.239802507630600108e-18
-7.923547371213813590e-18
-7.619431937466855306e-18
-7.326987194982407690e-18
-7.045768120590917212e-18
-6.775345407554468852e-18
-6.515299261712191947e-18
-6.265234290731286151e-18
-6.024766269217220581e-18
-5.793527928978021695e-18
-5.571164823121210519e-18
-5.357336566824721482e-18
-5.151716423746596139e-18
-4.953987583712226680e-18
-4.763848125798031250e-18
-4.581003987296247248e-18
-4.405179303472588238e-18
-4.236103586266749382e-18
-4.073515446605163921e-18
-3.917168798255597331e-18
-3.766822104479184127e-18
-3.622247890607472226e-18
-3.483221577104153482e-18
-3.349531819322720596e-18
-3.220972856085801003e-18
-3.097347611612453943e-18
-2.978467695518170465e-18
-2.864149473706963796e-18
-2.754220272225963492e-18
-2.648509691868983629e-18
-2.546857259597188919e-18
-2.449105397503888012e-18
-2.355105833464280777e-18
-2.264713810871170433e-18
-2.177791190562260626e-18
-2.094204796458930318e-18
-2.013825795180774374e-18
-1.936532591177747501e-18
-1.862206690827101475e-18
-1.790732702433385151e-18
-1.722002265336354082e-18
-1.655909707212754618e-18
-1.592353801835125582e-18
-1.531237355481491994e-18
-1.472466172959599377e-18
-1.415950815365715437e-18
-1.361604635530675242e-18
-1.309344501802917214e-18
-1.259090487855753416e-18
-1.210764942109180433e-18
-1.164294142091104477e-18
-1.119607363859152263e-18
-1.076635537832175613e-18
-1.035312799753899994e-18
-9.955762838977713737e-19
-9.573646755008842603e-19
-9.206200719203599414e-19
-8.852856044890853965e-19
-8.513073513708798250e-19
-8.186330967895758171e-19
-7.872128997156904837e-19
-7.569986285773308955e-19
-7.279440129589823675e-19
-7.000047469990850283e-19
-6.731377139082095511e-19
-6.473019165472462767e-19
-6.224577019455809442e-19
-5.985671231926126834e-19
-5.755934224498711693e-19
-5.535015996376877518e-19
-5.322575335557946185e-19
-5.118290158590904860e-19
-4.921843551903569163e-19
-4.732936179511771468e-19
-4.551281630128415288e-19
-4.376597628369466904e-19
-4.208618442463143655e-19
-4.047086612443788410e-19
-3.891754501115518108e-19
-3.742384294052223753e-19
-3.598747741103628994e-19
-3.460623054467993051e-19
-3.327800078570939169e-19
-3.200075120186626165e-19
-3.077252499401396965e-19
-2.959144032625895754e-19
-2.845569032595067981e-19
-2.736352240416628972e-19
-2.631327702980185276e-19
-2.530334637054171899e-19
-2.433217170791910879e-19
-2.339827445658908364e-19
-2.250021997517674686e-19
-2.163663436838343617e-19
-2.080618768488053115e-19
-2.000762235164300977e-19
-1.923970406010057808e-19
-1.850125924775917644e-19
-1.779116217350390849e-19
-1.710831682302314146e-19
-1.645167888079352716e-19
-1.582024022044351657e-19
-1.521304053698072392e-19
-1.462914666727661282e-19
-1.406766163735444609e-19
-1.352772853979840708e-19
-1.300851502411711429e-19
-1.250923656119834947e-19
-1.202911379180872281e-19
-1.156742164044254330e-19
-1.112344795629119107e-19
-1.069651225405387053e-19
-1.028596636017246397e-19
-9.891178256960192585e-20
-9.511543068594126976e-20
-9.146480476175772910e-20
-8.795427609147682193e-20
-8.457848092581402472e-20
-8.133225584828941660e-20
-7.821059253878793042e-20
-7.520876702053006413e-20
-7.232216517666142037e-20
-6.954635383608659775e-20
-6.687707431112065529e-20
-6.431026178453471914e-20
-6.184195483667648456e-20
-5.946838591834971393e-20
-5.718589734028327433e-20
-5.499103174601063553e-20
-5.288041255842196193e-20
-5.085080214090093269e-20
-4.889909210380193839e-20
-4.702228391740447430e-20
-4.521751799248155046e-20
-4.348201228798860377e-20
-4.181310431632897916e-20
-4.020825114335392963e-20
-3.866500030779420616e-20
-3.718098982126005774e-20
-3.575392878119562459e-20
-3.438164906966722282e-20
-3.306203749870372086e-20
-3.179307135321348513e-20
-3.057280869746157669e-20
-2.939938191272121566e-20
-2.827098477257671007e-20
-2.718591444818893709e-20
-2.614249072893864838e-20
-2.513910933680188857e-20
-2.417424031076286131e-20
-2.324640215741978708e-20
-2.235417639126910814e-20
-2.149619622559555133e-20
-2.067114818805926193e-20
-1.987776565834726812e-20
-1.911483694610915043e-20
-1.838118913508570280e-20
-1.767569131428320039e-20
-1.699727396501900629e-20
-1.634489341800462585e-20
-1.571755447156558120e-20
-1.511429746694434013e-20
-1.453419182595178048e-20
-1.397635382242566298e-20
-1.343992477180432369e-20
-1.292408476361731211e-20
-1.242804135237545390e-20
-1.195103763550652036e-20
-1.149234013645172423e-20
-1.105124849818852306e-20
-1.062708821308851668e-20
-1.021920658394961245e-20
-9.826982417518828678e-21
-9.449810676414522555e-21
-9.087115403823461362e-21
-8.738339222184452143e-21
-8.402951411124011166e-21
-8.080434982759292789e-21
-7.770295567427325868e-21
-7.472063029272147646e-21
-7.185276925960598723e-21
-6.909497817792260303e-21
-6.644304036525186409e-21
-6.389286838614502205e-21
-6.144058079251289986e-21
-5.908242134426919716e-21
-5.681474689242698605e-21
-5.463411623639107523e-21
-5.253719318872997642e-21
-5.052075061414373907e-21
-4.858171485811013247e-21
-4.671708092856011631e-21
-4.492401750904154376e-21
-4.319979021833030153e-21
-4.154172929868763205e-21
-3.994729827831332389e-21
-3.841406569857086864e-21
-3.693967684121261779e-21
-3.552189815702596476e-21
-3.415851225266964193e-21
-3.284747339093535775e-21
-3.158674593203440749e-21
-3.037440934676137631e-21
-2.920859965146053556e-21
-2.808753162234893390e-21
-2.700950081500031459e-21
-2.597283913569893350e-21
-2.497597744544099740e-21
-2.401736680006188673e-21
-2.309555519062501549e-21
-2.220912897838822763e-21
-2.135671087531987967e-21
-2.053701447016460962e-21
-1.974877960495798121e-21
-1.899079458934957497e-21
-1.826190831750649240e-21
-1.756099189791892603e-21
-1.688698207230438276e-21
-1.623883779670346053e-21
-1.561556851425469143e-21
-1.501622405777495484e-21
-1.443988354259793197e-21
-1.388566445425173397e-21
-1.335271759974910851e-21
-1.284022407836156378e-21
-1.234740033032916185e-21
-1.187349106866680790e-21
-1.141777129864816763e-21
-1.097954429832174984e-21
-1.055813354057523698e-21
-1.015289884900682410e-21
-9.763222261537797266e-22
-9.388499952476864110e-22
-9.028158388391492746e-22
-8.681647259914200997e-22
-8.348433928161783634e-22
-8.028010997800002504e-22
-7.719885209882041013e-22
-7.423587034397111613e-22
-7.138662592334786343e-22
-6.864671636201079462e-22
-6.601197647438034275e-22
-6.347834709778260258e-22
-6.104197101793540546e-22
-5.869910714088183125e-22
-5.644616583395876226e-22
-5.427970387708708983e-22
-5.219637397567378015e-22
-5.019302573480774259e-22
-4.826655419796602725e-22
-4.641402606475866032e-22
-4.463259891157194945e-22
-4.291954643511745082e-22
-4.127222311146341525e-22
-3.968814245103658611e-22
-3.816485582958715737e-22
-3.670003831625526168e-22
-3.529145333260241641e-22
-3.393692236035276323e-22
-3.263438300155569232e-22
-3.138183091842321813e-22
-3.017736022300832669e-22
-2.901911299010704149e-22
-2.790532469564656416e-22
-2.683428887571672061e-22
-2.580435965092485772e-22
-2.481395929946053346e-22
-2.386157320838572350e-22
-2.294573725186033764e-22
-2.206505041291670335e-22
-2.121815963733018556e-22
-2.040377245539367017e-22
-1.962065067103032227e-22
-1.886758890477696415e-22
-1.814342721555855885e-22
-1.744706246028524530e-22
-1.677742052594847457e-22
-1.613347904881508022e-22
-1.551424974394300138e-22
-1.491879481348811131e-22
-1.434619160573566350e-22
-1.379556543171394891e-22
-1.326607568124236401e-22
-1.275690824986672074e-22
-1.226728437410138490e-22
-1.179644800965479268e-22
-1.134368097755883086e-22
-1.090829917763649180e-22
-1.048962734495290629e-22
-1.008702303118686235e-22
-9.699870924832287591e-23
-9.327579064665904164e-23
-8.969575684303607879e-23
-8.625313629821537443e-23
-8.294262786691384336e-23
-7.975920177199979641e-23
-7.669792289965017092e-23
-7.375416536951675089e-23
-7.092338534278546329e-23
-6.820123461814672990e-23
-6.558356694268270908e-23
-6.306638752476936162e-23
-6.064580885786575839e-23
-5.831815169470994858e-23
-5.607981251868688261e-23
-5.392740238334773101e-23
-5.185761753922142820e-23
-4.986726152192001861e-23
-4.795329563923659093e-23
-4.611278217316010210e-23
-4.434291277886796532e-23
-4.264097693028984119e-23
-4.100436507555125860e-23
-3.943056863697361475e-23
-3.791718001107417509e-23
-3.646187679134796898e-23
-3.506241861282416873e-23
-3.371666924017143585e-23
-3.242258710136705836e-23
-3.117815902338091224e-23
-2.998150436181495059e-23
-2.883077087126371448e-23
-2.772421674684847592e-23
-2.666012542723947398e-23
-2.563688290302462647e-23
-2.465291145239349137e-23
-2.370669804012985478e-23
-2.279680536166440402e-23
-2.192183082230765613e-23
-2.108044598029521891e-23
-2.027135079285528815e-23
-1.949331779241933996e-23
-1.874513844408057573e-23
-1.802567521041366677e-23
-1.733382684159492456e-23
-1.666852995312411116e-23
-1.602877480304254368e-23
-1.541356269344421232e-23
-1.482197065707000849e-23
-1.425308992615711760e-23
-1.370603697649169210e-23
-1.317998271526234471e-23
-1.267411934890212912e-23
-1.218767063828030786e-23
-1.171989347642416272e-23
-1.127006842218813215e-23
-1.083750522228014775e-23
-1.042154596670525522e-23
-1.002155404471294118e-23
-9.636916511379848921e-24
-9.267039354444347011e-24
-8.911357749498297208e-24
-8.569330537960717898e-24
-8.240429183025111004e-24
-7.924150391433945520e-24
-7.620012958035036629e-24
-7.327545932867967386e-24
-7.046307553825814025e-24
-6.775861580827989327e-24
-6.515795834051515312e-24
-6.265712333169707981e-24
-6.025226114060819480e-24
-5.793969961973469427e-24
-5.571589678361213589e-24
-5.357745658604354319e-24
-5.152108947705414456e-24
-4.954365184593663427e-24
-4.764211052251043752e-24
-4.581355461003528879e-24
-4.405517576368860126e-24
-4.236429974500167572e-24
-4.073830753576917839e-24
-3.917473394566229363e-24
-3.767115717170199292e-24
-3.622528557295860922e-24
-3.483492217181110202e-24
-3.349791732229274406e-24
-3.221222393035448681e-24
-3.097587970449459300e-24
-2.978698743423600611e-24
-2.864372879519219170e-24
-2.754435448830582217e-24
-2.648716254617388320e-24
-2.547055355331103918e-24
-2.449296162082042641e-24
-2.355289382943891411e-24
-2.264890459155768479e-24
-2.177961537274486473e-24
-2.094368905376610431e-24
-2.013984176349815633e-24
-1.936685668399471739e-24
-1.862353080237532543e-24
-1.790873801969777748e-24
-1.722137787499929021e-24
-1.656039921112365663e-24
-1.592478735573153621e-24
-1.531357595421403321e-24
-1.472582133171327700e-24
-1.416062320072118409e-24
-1.361712564715558969e-24
-1.309448458984790732e-24
-1.259190229320773222e-24
-1.210860764570021087e-24
-1.164386503453122465e-24
-1.119695955450541705e-24
-1.076720785486364034e-24
-1.035394926459777194e-24
-9.956550722831371979e-25
-9.574408750971946387e-25
-9.206928745112184827e-25
-8.853554558313906483e-25
-8.513743848704771912e-25
-8.186973502897006429e-25
-7.872746045482255033e-25
-7.570579778270267145e-25
-7.280012231555356946e-25
-7.000597698926074564e-25
-6.731906744227140312e-25
-6.473527680673641973e-25
-6.225065584774903280e-25
-5.986137858991892040e-25
-5.756381627308206588e-25
-5.535444860544892049e-25
-5.322987855474637623e-25
-5.118685206974039644e-25
-4.922224328909404285e-25
-4.733303481984484510e-25
-4.551633745892743122e-25
-4.376934581974760900e-25
-4.208942214865354568e-25
-4.047398539137097126e-25
-3.892054570566778192e-25
-3.742673404363798581e-25
-3.599024791751446910e-25
-3.460890316866590111e-25
-3.328056987264818512e-25
-3.200320931705939057e-25
-3.077488139711073953e-25
-2.959369284662970159e-25
-2.845784900705689892e-25
-2.736559959325887242e-25
-2.631526827581202744e-25
-2.530525514619296261e-25
-2.433400959968485287e-25
-2.340003526575810713e-25
-2.250190972959299874e-25
-2.163824508903440449e-25
-2.080774711915969616e-25
-2.000912529283173874e-25
-1.924114948007645322e-25
-1.850265118067798098e-25
-1.779249517448990240e-25
-1.710959801036270301e-25
-1.645291074981147173e-25
-1.582143006037238060e-25
-1.521418465705587623e-25
-1.463025009348865277e-25
-1.406872411001036367e-25
-1.352874389000592346e-25
-1.300949345547649415e-25
-1.251017161956521065e-25
-1.203001417327014010e-25
-1.156828772246845986e-25
-1.112428475753579981e-25
-1.069731995556074921e-25
-1.028674435518924733e-25
-9.891928100292281777e-26
-9.512262905156217281e-26
-9.147170066351364367e-26
-8.796089369375499675e-26
-8.458483402736941390e-26
-8.133836325359384836e-26
-7.821648936201244842e-26
-7.521445453529059984e-26
-7.232763037858595121e-26
-6.955161036418574455e-26
-6.688211738686948468e-26
-6.431510237152209187e-26
-6.184660868766581700e-26
-5.947283994219428393e-26
-5.719020928317906587e-26
-5.499518532547413441e-26
-5.288440308428065615e-26
-5.085464856770743768e-26
-4.890277557659732800e-26
-4.702582588255574833e-26
-4.522092445736171740e-26
-4.348526714701620739e-26
-4.181624701274649574e-26
-4.021128793065897008e-26
-3.866792779191272578e-26
-3.718381850271956591e-26
-3.575664894714622579e-26
-3.438426208365499172e-26
-3.306456558195428140e-26
-3.179550717109535579e-26
-3.057514859518218359e-26
-2.940163171700441998e-26
-2.827315386613411851e-26
-2.718800481678066333e-26
-2.614448975059299365e-26
-2.514103094576066745e-26
-2.417608765832817496e-26
-2.324818077409822676e-26
-2.235588664565593182e-26
-2.149783247013693092e-26
-2.067272402261859583e-26
-1.987927478189807587e-26
-1.911628913066589545e-26
-1.838258377756422306e-26
-1.767704014248135859e-26
-1.699857970464844518e-26
-1.634615321743178068e-26
-1.571876536023610575e-26
-1.511546087180900432e-26
-1.453530914280134849e-26
-1.397742886767058665e-26
-1.344095722980163333e-26
-1.292507763489806834e-26
-1.242899737019478188e-26
-1.195195530817775213e-26
-1.149322498807195622e-26
-1.105210074914577066e-26
-1.062790928629063768e-26
-1.021999809444139888e-26
-9.827741631552117286e-27
-9.450541318596077351e-27
-9.087816295102051879e-27
-8.739014204361990614e-27
-8.403602719339264921e-27
-8.081060298204934739e-27
-7.770899295497081218e-27
-7.472644391705429590e-27
-7.185836445131237936e-27
-6.910036343747185968e-27
-6.644821153337486248e-27
-6.389783732311895315e-27
-6.144536198379613579e-27
-5.908700684085552264e-27
-5.681917425716099836e-27
-5.463840526253244346e-27
-5.254131022026773641e-27
-5.052471519781852704e-27
-4.858550404053479681e-27
-4.672073777932141079e-27
-4.492753907484145446e-27
-4.320316540285412038e-27
-4.154498209119548683e-27
-3.995043150489940756e-27
-3.841709082409584341e-27
-3.694259885867297564e-27
-3.552469841873598241e-27
-3.416121320344770614e-27
-3.285006320846820862e-27
-3.158923005921577202e-27
-3.037679360353584227e-27
-2.921088954124225253e-27
-2.808973638713644460e-27
-2.701162584135774700e-27
-2.597488427078448723e-27
-2.497793626472215653e-27
-2.401925070886496704e-27
-2.309736197052524008e-27
-2.221085449119385103e-27
-2.135837819397978444e-27
-2.053861766873102382e-27
-1.975032106098371747e-27
-1.899228466452262338e-27
-1.826333943987149848e-27
-1.756237219952248696e-27
-1.688830442270673196e-27
-1.624010573690398631e-27
-1.561678332522791839e-27
-1.501739251904080627e-27
-1.444100887196934407e-27
-1.388674453030916927e-27
-1.335375689970961246e-27
-1.284122264511944809e-27
-1.234835695008633837e-27
-1.187440677600202788e-27
-1.141865278803228800e-27
-1.098038913285250081e-27
-1.055894751277196392e-27
-1.015368274125930762e-27
-9.763973705907467030e-28
-9.389221442503737709e-28
-9.028849135029775686e-28
-8.682306930486458402e-28
-8.349070975928912532e-28
-8.028624640649556197e-28
-7.720477293995056751e-28
-7.424156120164067127e-28
-7.139208525619656324e-28
-6.865197805746934537e-28
-6.601703626335539251e-28
-6.348322023579635243e-28
-6.104666367042886777e-28
-5.870360137421166147e-28
-5.645048000639733909e-28
-5.428384252273572553e-28
-5.220034743477330894e-28
-5.019681214327698942e-28
-4.827019849375949610e-28
-4.641752129480702876e-28
-4.463595905905106011e-28
-4.292276733632083833e-28
-4.127534130636657968e-28
-3.969115318613627593e-28
-3.816775945201298576e-28
-3.670283454358886158e-28
-3.529412753024140082e-28
-3.393949581490747268e-28
-3.263685457842227796e-28
-3.138421289070580638e-28
-3.017964482181367068e-28
-2.902131833088627252e-28
-2.790744952531262321e-28
-2.683632673485464860e-28
-2.580630569682232809e-28
-2.481583363019799947e-28
-2.386336016137643101e-28
-2.294745528737391519e-28
-2.206670104226889691e-28
-2.121975890475002704e-28
-2.040531683504269177e-28
-1.962213983057005280e-28
-1.886902057399822236e-28
-1.814480109994813765e-28
-1.744838242464528268e-28
-1.677868723102701585e-28
-1.613470079475388813e-28
-1.551543005819832486e-28
-1.491993372310000678e-28
-1.434728734308562801e-28
-1.379661943485535332e-28
-1.326708860776472855e-28
-1.275787995270603484e-28
-1.226821707917044110e-28
-1.179734165224234483e-28
-1.134454468896096851e-28
-1.090913044713390223e-28
-1.049042485128061046e-28
-1.008778813154769207e-28
-9.700607601471588865e-29
-9.328286222769540809e-29
-8.970255244254846043e-29
-8.625965775893354205e-29
-8.294886381391035941e-29
-7.976516920815458193e-29
-7.670368087590125076e-29
-7.375971639997307446e-29
-7.092872577087643817e-29
-6.820638166476754682e-29
-6.558854935079704406e-29
-6.307118437608171671e-29
-6.065043488073279029e-29
-5.832259946813839557e-29
-5.608409109377711134e-29
-5.393152734318410751e-29
-5.186156191308101125e-29
-4.987106215804265521e-29
-4.795695260868909602e-29
-4.611630224038621935e-29
-4.434630039912143508e-29
-4.264422971811383434e-29
-4.100749621046957058e-29
-3.943357811166771176e-29
-3.792006800927777384e-29
-3.646465779663203023e-29
-3.506510256163905457e-29
-3.371926271650125415e-29
-3.242508594212164134e-29
-3.118057408618291437e-29
-2.998383131139606706e-29
-2.883301895651731722e-29
-2.772636757341025908e-29
-2.666219799190463002e-29
-2.563887317154770088e-29
-2.465481926646304272e-29
-2.370853766241267922e-29
-2.279857488414170565e-29
-2.192353914633874841e-29
-2.108209132583935075e-29
-2.027293292456382034e-29
-1.949483315290707221e-29
-1.874659733245047866e-29
-1.802708194228955977e-29
-1.733518107733906192e-29
-1.666983698076234119e-29
-1.603002800690921092e-29
-1.541477313521424885e-29
-1.482314099799341146e-29
-1.425421075999203863e-29
-1.370711725736792513e-29
-1.318102090503593966e-29
-1.267511672446463911e-29
-1.218862682051242333e-29
-1.172081317080607206e-29
-1.127095355161644008e-29
-1.083835959345168586e-29
-1.042237226715896438e-29
-1.002234909454589023e-29
-9.637679947024612607e-30
-9.267772751600509332e-30
-8.912063270985185712e-30
-8.570008332749013783e-30
-8.241081315422825161e-30
-7.924778167028987249e-30
-7.620615900448634185e-30
-7.328128831839744213e-30
-7.046864819055217047e-30
-6.776395794072257243e-30
-6.516310239828528935e-30
-6.266204538583733782e-30
-6.025698394405493758e-30
-5.794423924581775519e-30
-5.572027164253659459e-30
-5.358166937940762917e-30
-5.152514483383047915e-30
-4.954754203857205685e-30
-4.764585172809425722e-30
-4.581712858375165994e-30
-4.405860408124920836e-30
-4.236758116634837581e-30
-4.074146434752254669e-30
-3.917775217279317116e-30
-3.767406732238514625e-30
-3.622809266183413104e-30
-3.483761638096961833e-30
-3.350049437809570826e-30
-3.221470292213802519e-30
-3.097826530179622635e-30
-2.978928379899034424e-30
-2.864593780806982531e-30
-2.754647255106776204e-30
-2.648920848165569956e-30
-2.547251871565209980e-30
-2.449484595814099341e-30
-2.355470062268101839e-30
-2.265063073865003904e-30
-2.178127273260110151e-30
-2.094527807741494248e-30
-2.014136971602882860e-30
-1.936831761115405945e-30
-1.862493498369404483e-30
-1.791008583590815009e-30
-1.722267178587496688e-30
-1.656163394828327448e-30
-1.592598114629645955e-30
-1.531472690505531202e-30
-1.472692800789273209e-30
-1.416169107910209481e-30
-1.361814625286379170e-30
-1.309546598115484386e-30
-1.259284528544380819e-30
-1.210951868380942923e-30
-1.164474138303102595e-30
-1.119780432491618238e-30
-1.076802102076401828e-30
-1.035472661096970857e-30
-9.957299494120538423e-31
-9.575123711176676966e-31
-9.207618097731077657e-31
-8.854218416495345799e-31
-8.514383940068103138e-31
-8.187589927771142606e-31
-7.873340791186157526e-31
-7.571154107431570432e-31
-7.280562970151234711e-31
-7.001125863666981511e-31
-6.732413967639630862e-31
-6.474013978255433649e-31
-6.225533280401215226e-31
-5.986589133116347858e-31
-5.756817133152076634e-31
-5.535863221609933883e-31
-5.323390736907844100e-31
-5.119071010825317375e-31
-4.922595593644697938e-31
-4.733660267427992983e-31
-4.551974449971679239e-31
-4.377264956388625607e-31
-4.209260482582662302e-31
-4.047703830389829410e-31
-3.892348851293064741e-31
-3.742955509345930387e-31
-3.599296228842107150e-31
-3.461151192337991264e-31
-3.328306459861733073e-31
-3.200561727175952458e-31
-3.077719981427451605e-31
-2.959593143520098946e-31
-2.846001362818218673e-31
-2.736768080070317277e-31
-2.631727080375188488e-31
-2.530718966698860802e-31
-2.433587163193804692e-31
-2.340182617176335891e-31
-2.250362858731134738e-31
-2.163990825216895355e-31
-2.080934861266325644e-31
-2.001065662500835155e-31
-1.924262035452854109e-31
-1.850406548236735361e-31
-1.779385765647624559e-31
-1.711090719359200477e-31
-1.645416437725934685e-31
-1.582263591475182700e-31
-1.521534144378085942e-31
-1.463136055226975028e-31
-1.406979281154576969e-31
-1.352977893523846656e-31
-1.301049255081921283e-31
-1.251113432212944934e-31
-1.203093900234679079e-31
-1.156917896046807816e-31
-1.112513832043366070e-31
-1.069814352398051723e-31
-1.028753629427218727e-31
-9.892686566336630074e-32
-9.512994250307750864e-32
-9.147872186757313908e-32
-8.796766130098906497e-32
-8.459135940678325789e-32
-8.134464400981209980e-32
-7.822254276897161240e-32
-7.522027142225394899e-32
-7.233322203180388620e-32
-6.955697473886233223e-32
-6.688729188629457274e-32
-6.432008275375974616e-32
-6.185139180276733550e-32
-5.947746332886646354e-32
-5.719465917704133531e-32
-5.499946461918299217e-32
-5.288852361891983649e-32
-5.085860356678710697e-32
-4.890658646401924750e-32
-4.702948655496516947e-32
-4.522443563340886650e-32
-4.348866541015415209e-32
-4.181952514543992200e-32
-4.021444344537375247e-32
-3.867096646549830197e-32
-3.718672264596078653e-32
-3.575944916013587327e-32
-3.438695958853103271e-32
-3.306714685752241590e-32
-3.179799499429836264e-32
-3.057754386202887675e-32
-2.940394205711141312e-32
-2.827538813445333661e-32
-2.719014530115130728e-32
-2.614655023269891160e-32
-2.514301307298666242e-32
-2.417798804694322843e-32
-2.325000578663008178e-32
-2.235763806641097339e-32
-2.149952131283894939e-32
-2.067434778844872001e-32
-1.988084061250170452e-32
-1.911778902581655598e-32
-1.838402635025008325e-32
-1.767842264185755842e-32
-1.699990232330797910e-32
-1.634742655146880609e-32
-1.571999321740596338e-32
-1.511664282385559229e-32
-1.453644966901642026e-32
-1.397852478528563794e-32
-1.344201300052302211e-32
-1.292608852994712012e-32
-1.242996820044669663e-32
-1.195288426727387081e-32
-1.149411820950670255e-32
-1.105296179179882143e-32
-1.062873616616262756e-32
-1.022079260665326090e-32
-9.828506631896847115e-33
-9.451273596986681983e-33
-9.088517509690862586e-33
-8.739689561084348768e-33
-8.404248289081793013e-33
-8.081682353640587626e-33
-7.771498047133387246e-33
-7.473219294348108847e-33
-7.186388387171901000e-33
-6.910564515223205347e-33
-6.645326704587633658e-33
-6.390270144398121506e-33
-6.145004717466989746e-33
-5.909153530918005980e-33
-5.682353283528369196e-33
-5.464258306490540715e-33
-5.254533951256520818e-33
-5.052858793589756533e-33
-4.858923898881172380e-33
-4.672432822149170363e-33
-4.493098301961768285e-33
-4.320647035882399964e-33
-4.154815639708084282e-33
-3.995347341391563495e-33
-3.841999695222980506e-33
-3.694539071700109385e-33
-3.552737351450493683e-33
-3.416378537387169805e-33
-3.285253611920882161e-33
-3.159161271644052436e-33
-3.037909580369710427e-33
-2.921311010014701517e-33
-2.809187583387471519e-33
-2.701367200768220358e-33
-2.597684925605848280e-33
-2.497982617175971225e-33
