1.860635897440788167e+00
1.750758492640959840e+00
1.553652496215624623e+00
1.466390486863943243e+00
1.403800029326707888e+00
1.350338304348480900e+00
1.306816943180866719e+00
1.274143294187692454e+00
1.242300631908270114e+00
1.224080392489066416e+00
1.203089718635265593e+00
1.179508350292841623e+00
1.168818183587147619e+00
1.151923815103677695e+00
1.141561086055560059e+00
1.132933391974522586e+00
1.121587675045698118e+00
1.116022778780032532e+00
1.105297227089221623e+00
1.095583497560941311e+00
1.087051267654467912e+00
1.081906941915169673e+00
1.079262555868197637e+00
1.070900663351401327e+00
1.064137778221032615e+00
1.057490437305890651e+00
1.055219990167862276e+00
1.050833539320872312e+00
1.043064974210201168e+00
1.040986037407165998e+00
1.034444430088385491e+00
1.033502987103584569e+00
1.027373425929974271e+00
1.022956572893338301e+00
1.021180199354122742e+00
1.015350152284671070e+00
1.016189704338709587e+00
1.011165260045956416e+00
1.004728058821115821e+00
1.000046223554855729e+00
9.949985108314416404e-01
1.000877355000911573e+00
9.945291409125694981e-01
9.837881554395724315e-01
9.914021467551207278e-01
9.843365663137191302e-01
9.853663886204744315e-01
9.777898290218450805e-01
9.768593936394422972e-01
9.713469703992207993e-01
9.682606235528603555e-01
9.687932992592835912e-01
9.647259518122062172e-01
9.626611951069954376e-01
9.589976815076974859e-01
9.585827315464997556e-01
9.551652269485669811e-01
9.500320032621041300e-01
9.401789267857869614e-01
9.431332326852358561e-01
9.478853514561286220e-01
9.405849516391754372e-01
9.339356135099362577e-01
9.292958942743447803e-01
9.362065622439751378e-01
9.302523304254580738e-01
9.258975123747801295e-01
9.270332921773959400e-01
9.209683340329389845e-01
9.197684906996212995e-01
9.195601307428800109e-01
9.177880082374963999e-01
9.111250496827638656e-01
9.112461765607198227e-01
9.060275346804887997e-01
9.108783743320367776e-01
9.101279769188318491e-01
9.080515720905402155e-01
9.026285041601229686e-01
9.006110231081644324e-01
8.975456173603351129e-01
8.977090658285679092e-01
8.912173514182750722e-01
8.902741870818994263e-01
8.872341385254493007e-01
8.857057961133810720e-01
8.821425340114495972e-01
8.840323520012390857e-01
8.795509663911965648e-01
8.814255133653298158e-01
8.721291360182640284e-01
8.737358464644505718e-01
8.721483494990911467e-01
8.701312731473873630e-01
8.702606917955936217e-01
8.641889107532990666e-01
8.651336631713769654e-01
8.603509407777052420e-01
8.661584803691276813e-01
8.572260317129966056e-01
8.531595975924760600e-01
8.577859559120275534e-01
8.555555015038220912e-01
8.504769464333852280e-01
8.403926755373294366e-01
8.490100171321477429e-01
8.524266042770483054e-01
8.422786599550491360e-01
8.383088729320428145e-01
8.414114570006345772e-01
8.415071826714736192e-01
8.294647131974880461e-01
8.341341555118561013e-01
8.387395877104538711e-01
8.284102742488567150e-01
8.283647372172429080e-01
8.229457181233625906e-01
8.271314371854830982e-01
8.196119899933155262e-01
8.219160248071719632e-01
8.177951681308257559e-01
8.101517805686363483e-01
8.108276234223292800e-01
8.163416550709651220e-01
8.081122472500189557e-01
8.136762817700703421e-01
8.010405335670862659e-01
8.039246933582501198e-01
8.018518570906076892e-01
8.046423950256444968e-01
8.121710953040001124e-01
7.978962843998884669e-01
8.013273719793710947e-01
7.995646518010359749e-01
7.907847166061401367e-01
7.919142322662549027e-01
7.869893803046299485e-01
7.951510875652998411e-01
7.880488187838823322e-01
7.945703258881202657e-01
7.847169530697357676e-01
7.808776706457137839e-01
7.853659519782433263e-01
7.712819023010057951e-01
7.739673061248583119e-01
7.776872424743114243e-01
7.857363657309458516e-01
7.731760119780516360e-01
7.731944728356141550e-01
7.773479007757626569e-01
7.629483614212427822e-01
7.705381168768956623e-01
7.680031036719298099e-01
7.638274868329365530e-01
7.611635557351967840e-01
7.601936260095009112e-01
7.582699954509735107e-01
7.578303930086967011e-01
7.524896355011524429e-01
7.685656732473618025e-01
7.546356989787175173e-01
7.506796686313090827e-01
7.449037333329519006e-01
7.469781471368593939e-01
7.476580986609825397e-01
7.449518552957437034e-01
7.378384927908580027e-01
7.533288123515936574e-01
7.407139062117307216e-01
7.497037140986858583e-01
7.378663611717712900e-01
7.433314628325975448e-01
7.326927336362691889e-01
7.418533423008062400e-01
7.332076593851432067e-01
7.363254885642956937e-01
7.323295752971600292e-01
7.273177291338260853e-01
7.230746168356675385e-01
7.255840631631704785e-01
7.218263168365527394e-01
7.295722435682248097e-01
7.196331927409538309e-01
7.224111628073912605e-01
7.219379917169228555e-01
7.301317224899928071e-01
7.221620878347984052e-01
7.245883493087230676e-01
7.237727067409417403e-01
7.137802254695159165e-01
7.265464189725044930e-01
7.192839959493050328e-01
7.200750562625053419e-01
7.129603101656987185e-01
7.187587566100633873e-01
7.171234402901086602e-01
7.188533703486125193e-01
7.144265837394274676e-01
7.069501001101273774e-01
7.142703342132079580e-01
7.045727356122090113e-01
7.110170414050419607e-01
7.093712896108627097e-01
7.031039114181811822e-01
7.064541064011744531e-01
7.106502140179659088e-01
7.021868824194639203e-01
7.068541099627813074e-01
7.082172898145822071e-01
7.010664741198221472e-01
6.995822344834987661e-01
7.048959832160900385e-01
7.012680952365581977e-01
7.047219704359005688e-01
6.980818117276216261e-01
7.020984482306700247e-01
6.986059653453338125e-01
6.987990224972749909e-01
7.039510911091779732e-01
6.924013895866197865e-01
6.980108209909536843e-01
6.904120598848049184e-01
6.921832721966963975e-01
6.902741466577236862e-01
6.819106989181958900e-01
6.857588233856054538e-01
6.836743499988164885e-01
6.874003791656249085e-01
6.897230006181276352e-01
6.854578090019715075e-01
6.812432688780319934e-01
6.808638844734583584e-01
6.741207632498863456e-01
6.760116790349667282e-01
6.761735670841657608e-01
6.830554100947502372e-01
6.815857235437784434e-01
6.808263386671359330e-01
6.834874176826232217e-01
6.785294023079749826e-01
6.764583054261329442e-01
6.751970255222076167e-01
6.726055172773507396e-01
6.708371450503667344e-01
6.825391239080673689e-01
6.707259327937394877e-01
6.662907574421320644e-01
6.548144436799563373e-01
6.611979042108242499e-01
6.608596583207447805e-01
6.687320715341812383e-01
6.603059320113597863e-01
6.600033890742521558e-01
6.573775357924974694e-01
6.529941425873683203e-01
6.628101517756780359e-01
6.573793634390219243e-01
6.565057917283131372e-01
6.580860707240226981e-01
6.617422884091352930e-01
6.526888027405127746e-01
6.499354483989568942e-01
6.646927261963868627e-01
6.558736646786714752e-01
6.412866882024667037e-01
6.427561685060843022e-01
6.494700290453739866e-01
6.502770463625590081e-01
6.462127626706392070e-01
6.420598517625759616e-01
6.454328530109845197e-01
6.333502066441071277e-01
6.424439865045058484e-01
6.389920542637507195e-01
6.382431836464466102e-01
6.387338842336948153e-01
6.405042460331550336e-01
6.373524582538849792e-01
6.283063055613101744e-01
6.417866777151058910e-01
6.480177230559862611e-01
6.378715153688039319e-01
6.410283228525748278e-01
6.351322964980051777e-01
6.325258226730884337e-01
6.338089694579441824e-01
6.440980374048917989e-01
6.317388926561061657e-01
6.312462942722516512e-01
6.381378519993562426e-01
6.200954826214374327e-01
6.237753171951342379e-01
6.357367057830859425e-01
6.261153913461244835e-01
6.378351715894845508e-01
6.264621077439723740e-01
6.306926628718009242e-01
6.280845797978914513e-01
6.229678895228948354e-01
6.187877753606209064e-01
6.225797918362495631e-01
6.278358115599705913e-01
6.209818926377174142e-01
6.190669562572087559e-01
6.252261706651784934e-01
6.222712689485305759e-01
6.183620121234502109e-01
6.264893094698588127e-01
6.257979885889933813e-01
6.156810906453010768e-01
6.176171157604608553e-01
6.195779163103837250e-01
6.191866003550016151e-01
6.148153790296652099e-01
6.188940349297645804e-01
6.194305028670873403e-01
6.119854317261622656e-01
6.070819833339788918e-01
6.199144063851772524e-01
6.086363298770708363e-01
6.058889038287675888e-01
5.998005242683948079e-01
6.095461530563158759e-01
6.049138614764579813e-01
6.007839441299438477e-01
6.057681486392632042e-01
6.015275521156114857e-01
6.037656849011396876e-01
6.026754669654064145e-01
6.166095399703734881e-01
6.097587833801905166e-01
6.027268714629686608e-01
5.957418648860393073e-01
6.109725081003629654e-01
5.874587449507835402e-01
6.021091954066203344e-01
5.960675386282113797e-01
5.970959861309100836e-01
5.887408401721563322e-01
5.960683381710296658e-01
6.009753776666445502e-01
5.982597616238471971e-01
5.971853156120349171e-01
6.035241433443166992e-01
5.923397071850605711e-01
6.059755053275670544e-01
5.992717245450386310e-01
5.984678849959984559e-01
5.972631378051561635e-01
5.964953388923254218e-01
5.877466515852854956e-01
5.893942295740812742e-01
5.876552784290068887e-01
5.985312323539685453e-01
5.953272533722412385e-01
5.930468961978569986e-01
6.011203503761536338e-01
5.929284617686882974e-01
5.943373849758735172e-01
5.948716136889580230e-01
5.901228421773665467e-01
5.967498599718779051e-01
5.960829922021964045e-01
5.929361869127321993e-01
6.034042955209046877e-01
5.967044431429643359e-01
6.021745026875764406e-01
5.998719873336645358e-01
5.910090429660601608e-01
5.971680852083059987e-01
5.876648991535871058e-01
5.960387129050034316e-01
5.938024314550253147e-01
5.876805405586194020e-01
5.922779086308601615e-01
5.800384769072899349e-01
5.811670391987531215e-01
5.846046805381774902e-01
5.967103523321640735e-01
5.939913055071464054e-01
5.759300882999713878e-01
5.844495109258553978e-01
5.876572900093518514e-01
5.816416753408236717e-01
5.807189123752789506e-01
5.773900511173101213e-01
5.810802108966387491e-01
5.901815322729256907e-01
5.871657158319766312e-01
5.828073519926805224e-01
5.744379605238254527e-01
5.736843293293928392e-01
5.838896798781859632e-01
5.689906992209263770e-01
5.771772957000976811e-01
5.652778228888144518e-01
5.733598200174477855e-01
5.666271091271669613e-01
5.646013208688833718e-01
5.674438841831990210e-01
5.673797605129388133e-01
5.693622885606227646e-01
5.570353405597882057e-01
5.581196499176513948e-01
5.591685612996418753e-01
5.562265262771874941e-01
5.638445022014471064e-01
5.523348571398318807e-01
5.656791698474150643e-01
5.590556299075102320e-01
5.546186395944693315e-01
5.617520549358465676e-01
5.615869775032386046e-01
5.619957531109834870e-01
5.626948964137297171e-01
5.659889565828518654e-01
5.645540472024526135e-01
5.608809220485198033e-01
5.553302459991895645e-01
5.606701369468982676e-01
5.509157990033809460e-01
5.541800135221236490e-01
5.537165427055114053e-01
5.540715287893246410e-01
5.536708630048311486e-01
5.580172476096031398e-01
5.571854266600730909e-01
5.538367921725297904e-01
5.466600903333761474e-01
5.555377635436180572e-01
5.489918112754821333e-01
5.561534028022717679e-01
5.580989306553816309e-01
5.519007831047743062e-01
5.457370227728134404e-01
5.469326334121900057e-01
5.546657715852444381e-01
5.535274663032629938e-01
5.402811614366678228e-01
5.388313363759945629e-01
5.491179716128569144e-01
5.489827271455373081e-01
5.446852471583928379e-01
5.483757514220017892e-01
5.508846263854931813e-01
5.508207825513986577e-01
5.540528523616301548e-01
5.551390237533129213e-01
5.479899258185655375e-01
5.513178087197817545e-01
5.540659575890272137e-01
5.468283038108776584e-01
5.445355335107215922e-01
5.411371391553144727e-01
5.508582919836044756e-01
5.432428790972783084e-01
5.564532793485201800e-01
5.568979927362539550e-01
5.502083701200973787e-01
5.561442835208697533e-01
5.503277942920342669e-01
5.508503790085131913e-01
5.482608542228356585e-01
5.524405885965396612e-01
5.435929562036807550e-01
5.642407790972636672e-01
5.517693365231538527e-01
5.506349008816938673e-01
5.512065628400215633e-01
5.572745269689804992e-01
5.507936239242553489e-01
5.452772057973421793e-01
5.467667452035805953e-01
5.397704400313205753e-01
5.329205322724122063e-01
5.396002738139568100e-01
5.391620336434780336e-01
5.272385043211472722e-01
5.335238385658997995e-01
5.323640636144539862e-01
5.406638846947596777e-01
5.273545340849803420e-01
5.354413186128322844e-01
5.405415150599601759e-01
5.415354264088165781e-01
5.550600029719181538e-01
5.403251657883326731e-01
5.436429922397320036e-01
5.300438666190856463e-01
5.316858693575248207e-01
5.405369881636057361e-01
5.290294904357347727e-01
5.370548541729266434e-01
5.297930323542692221e-01
5.218310224704253431e-01
5.331149133352133251e-01
5.349396442755675052e-01
5.357519565866544209e-01
5.308631889331034692e-01
5.219165371778683449e-01
5.213763036789038630e-01
5.280990996421911499e-01
5.299054122123962873e-01
5.224246878654529302e-01
5.348571032285690530e-01
5.232286931612553094e-01
5.223384261895448466e-01
5.206557307487879038e-01
5.326469753797237194e-01
5.196203798819810649e-01
5.309293727844189847e-01
5.264404034003232757e-01
5.249067785648199314e-01
5.287875812023113964e-01
5.228099889480151141e-01
5.238171624067502474e-01
5.175092309713363870e-01
5.289805765335376941e-01
5.179258766846779327e-01
5.238283450786883622e-01
5.184397228253193601e-01
5.219414365597260241e-01
5.221694822494800103e-01
5.295066816684527167e-01
5.277314145595599637e-01
5.223262322254670353e-01
5.215510557859371898e-01
5.226686502114320509e-01
5.235928232089067658e-01
5.376559453896987417e-01
5.384684299047176603e-01
5.227228105832368854e-01
5.252645579668191456e-01
5.194908455396309854e-01
5.169561014725612136e-01
5.337470349593039787e-01
5.339870676016196249e-01
5.336543615047748546e-01
5.277882984051337489e-01
5.214774920390202739e-01
5.332913443064077885e-01
5.261087216627903240e-01
5.269422721404295462e-01
5.248515869562442315e-01
5.167469149216626922e-01
5.249860740624940902e-01
5.270382321797884018e-01
5.328154010650438810e-01
5.226263829530813920e-01
5.170625462746009093e-01
5.210477385001305306e-01
5.218056615346516880e-01
5.144009172152250731e-01
5.212728224503688779e-01
5.190737309364171770e-01
5.181490046855731224e-01
5.196302173993526674e-01
5.070201665545120973e-01
5.086557428806256498e-01
5.229417609098629960e-01
5.095331798761318920e-01
5.208499574508422825e-01
5.103296257746525733e-01
5.095844002870413281e-01
5.139865639118047502e-01
5.256189491504278388e-01
5.083286322080171615e-01
5.158148584457543651e-01
5.059193240526395074e-01
5.156489172807106058e-01
5.106824497381846628e-01
5.095091009751344657e-01
5.066465395383346060e-01
5.110591605687753169e-01
5.046582981562003356e-01
5.042900894696895620e-01
5.088462860920490716e-01
5.037906501537714465e-01
5.043713985345302797e-01
4.994493994193199282e-01
5.042810825201181624e-01
5.020772728400352269e-01
4.935645862649648552e-01
5.011291605921891490e-01
5.025649823439426456e-01
5.023864475580361866e-01
5.044611632823944314e-01
4.939895901924524768e-01
4.987105439106623295e-01
5.048711037788635725e-01
5.009812776094827447e-01
5.064785649761175401e-01
4.951326054258224363e-01
5.007852333478438611e-01
5.064828244539407720e-01
4.965989752457691808e-01
4.976594516100027454e-01
5.077645592200450420e-01
5.015427810641435169e-01
5.102976009631767784e-01
4.923562106031638130e-01
5.048457678311910612e-01
5.016858427952497479e-01
5.091666629681220746e-01
5.098166445126900426e-01
5.049519113241097701e-01
5.053064804046581981e-01
5.083072341405427963e-01
5.056255698204040749e-01
5.098927993804980296e-01
5.043468309518618353e-01
5.028295617837171827e-01
4.994305643515709048e-01
5.024628644570325875e-01
5.103683771995397578e-01
5.016996417290124910e-01
5.074935365181703073e-01
4.947573304940492411e-01
4.941679797875575542e-01
4.946322045265099665e-01
4.994085502166014656e-01
4.918358027170866009e-01
5.000177222184646331e-01
4.861972425228510142e-01
4.985893095915134299e-01
4.872594973979851862e-01
4.887813295309360040e-01
4.848536794766401536e-01
4.874067505964865821e-01
4.948964870893038381e-01
4.886315926527365905e-01
4.906691735371565000e-01
4.892835108897624630e-01
4.831275455844707967e-01
4.859376923396037107e-01
4.891953584475394745e-01
4.735735548612399204e-01
4.871907402689640287e-01
4.875924711808179990e-01
4.755864087969828846e-01
4.785504189439309108e-01
4.799885829671835524e-01
4.848599773186903494e-01
4.800849068623322946e-01
4.880785486637017612e-01
4.935639488391387331e-01
4.893425518885636816e-01
4.805946907171836369e-01
4.773284440621351488e-01
4.779261034650680307e-01
4.823139487168727757e-01
4.782639617721239911e-01
4.821556421808707582e-01
4.890889468865516898e-01
4.779719085647509691e-01
4.729947132942003973e-01
4.793816486994425530e-01
4.736492580328232060e-01
4.783683974773456082e-01
4.801147151833925486e-01
4.836737025624666675e-01
4.814958126117021564e-01
4.799686859051386367e-01
4.833695206122520793e-01
4.720115996706180095e-01
4.710915574660667904e-01
4.764974595644534960e-01
4.704888375141682011e-01
4.751032406703019628e-01
4.757042179505030499e-01
4.707316441413683661e-01
4.678251349009000526e-01
4.811482541836225035e-01
4.663314763934184315e-01
4.683454666382227405e-01
4.720422066939182759e-01
4.719558716584474345e-01
4.770383107738617179e-01
4.684693298278710949e-01
4.722344961686011922e-01
4.697028294587746733e-01
4.730336847977760772e-01
4.637248257795969497e-01
4.710128499529300794e-01
4.823146582413942451e-01
4.751866011665417666e-01
4.685610355857091069e-01
4.730696954024143919e-01
4.751900826509182219e-01
4.730110082870874755e-01
4.713067038701130862e-01
4.759363900392483693e-01
4.737342202510589351e-01
4.807028202674327733e-01
4.769787404781732909e-01
4.752339050937921527e-01
4.748073563361779326e-01
4.748907066690616352e-01
4.793803296028039118e-01
4.802207383589867096e-01
4.831269846512721289e-01
4.671373621011391530e-01
4.884475251803031548e-01
4.825341547910984019e-01
4.799848188574497576e-01
4.876197710251196638e-01
4.783924996088712578e-01
4.879185075179124365e-01
4.707385694369291551e-01
4.817540578353099456e-01
4.779013665058673976e-01
4.782924451124973553e-01
4.715901526885155071e-01
4.708276118987645975e-01
4.755350282559028252e-01
4.741923975256773227e-01
4.688963308548316222e-01
4.780185194733815313e-01
4.770217910791054727e-01
4.623529208776278598e-01
4.634228601669653780e-01
4.661844877860484848e-01
4.683502402825233113e-01
4.709730108578999985e-01
4.541778090672615176e-01
4.607075012647188772e-01
4.711660733971840265e-01
4.670742060893621206e-01
4.684595170693519606e-01
4.591409317193886896e-01
4.604633335883800971e-01
4.631559268022195086e-01
4.531356099324348463e-01
4.535459368656843404e-01
4.568851441909105304e-01
4.551840312205828187e-01
4.579196213147578853e-01
4.549236033589412198e-01
4.599198834254191737e-01
4.534408102432886944e-01
4.496457415895584453e-01
4.523868236786279806e-01
4.541724216479521292e-01
4.618282383069013952e-01
4.413266882682457815e-01
4.456513438087243428e-01
4.513743525896317110e-01
4.605136191233610288e-01
4.457647453133876669e-01
4.446984948256076930e-01
4.385940612890781298e-01
4.533820294798948658e-01
4.416985077353624001e-01
4.427903377856963751e-01
4.505819970598587410e-01
4.460839310135596980e-01
4.435249915489783423e-01
4.466419561551167594e-01
4.412997231269494280e-01
4.421290177183273551e-01
4.439165591047360415e-01
4.448698049554458134e-01
4.345027636259030102e-01
4.447096106715691666e-01
4.410572534952408308e-01
4.367214316741014346e-01
4.572321883760965822e-01
4.443764553238184201e-01
4.479888948492514733e-01
4.446710742436922326e-01
4.416894531784913425e-01
4.408246743373381848e-01
4.394648629885453683e-01
4.470971348193975570e-01
4.444411808863664159e-01
4.427005297098404180e-01
4.456170849693127378e-01
4.372526039679845433e-01
4.319346308326109662e-01
4.336984159854742060e-01
4.383258669804304120e-01
4.297139393595548751e-01
4.456411171800050974e-01
4.381752146360201605e-01
4.423717081546783558e-01
4.360975538308803912e-01
4.388066751834673873e-01
4.353294493678288579e-01
4.341753371633015890e-01
4.382805172067422150e-01
4.296804703963108540e-01
4.297448254166505444e-01
4.352129745177733544e-01
4.353428146778008934e-01
4.328011102401293497e-01
4.285999340124619361e-01
4.331645533060416442e-01
4.303365383010644418e-01
4.314670883310146587e-01
4.283179205197554240e-01
4.266458902985621471e-01
4.333176440153366227e-01
4.214882074258266553e-01
4.263350292276113507e-01
4.203193345513099310e-01
4.231881346458044035e-01
4.217243103262705572e-01
4.298357207423601500e-01
4.298956648279458892e-01
4.247176645657955163e-01
4.287408113097533335e-01
4.178952508629896756e-01
4.159133713596906423e-01
4.270483585504384894e-01
4.238115638876572833e-01
4.184447838709904333e-01
4.152083691878196703e-01
4.178192813427020202e-01
4.136520203871604795e-01
4.190280636151631488e-01
4.144633987775215855e-01
4.136853673519232388e-01
4.145371636519065150e-01
4.231122641609265100e-01
4.171570024811304678e-01
4.195059407980014088e-01
4.190068050454824333e-01
4.058325453828542928e-01
4.215468045610648029e-01
4.099981685097400796e-01
4.165028536548981419e-01
4.180109450068229537e-01
4.139572266202706796e-01
4.148669712054423586e-01
4.143249287437170136e-01
4.200201571369782672e-01
4.195481936518962729e-01
4.148389797180127014e-01
4.099807466451938498e-01
4.203726766201166254e-01
4.147961930586741564e-01
4.138874682096334578e-01
4.194119618107111092e-01
4.131219156277485260e-01
4.131987807460320572e-01
4.217530817557603728e-01
4.269191192510800592e-01
4.132905428990339414e-01
4.115036796300839406e-01
4.135877525195097437e-01
4.123253980126136420e-01
4.156524328849254268e-01
4.113790000860507723e-01
4.095450298144266976e-01
4.150581391193927661e-01
4.063784089608070138e-01
4.095509677743300325e-01
4.182187881607275504e-01
4.053964236607918159e-01
4.197135726610819462e-01
4.049728348851203696e-01
4.099675103257863773e-01
4.173081057958114015e-01
4.174689556925724743e-01
4.108867546686759131e-01
4.060342443677095181e-01
4.054654970383032575e-01
4.064171685622288699e-01
4.117432811321356523e-01
4.096550246843924659e-01
4.156789539334101446e-01
4.103970647622377510e-01
4.122015847227512020e-01
4.157117854708280436e-01
4.122841091492236987e-01
4.078880422008342999e-01
4.070418378099416867e-01
4.014350278637348057e-01
4.101099749024097463e-01
4.032467048901777762e-01
3.997243050581369417e-01
3.970903284274615030e-01
4.119505714147518871e-01
4.032667750349411828e-01
4.079659614043358307e-01
4.181928920822265972e-01
3.992332530709413185e-01
4.020285528057661040e-01
4.068675129459454198e-01
4.030824440794113506e-01
4.059222692862535231e-01
4.146503288012284294e-01
4.122111808031033164e-01
4.046673096525363333e-01
4.063060264556835888e-01
4.029289469887048503e-01
3.928385652792759641e-01
4.111277692593061084e-01
4.119979935960891848e-01
4.026666468916795250e-01
4.100243275746320859e-01
4.036612582130310045e-01
4.027322669059802407e-01
3.996166696151097764e-01
4.025295860874347209e-01
4.147994174407078627e-01
4.034456178928033099e-01
3.967843734301053638e-01
4.030461923434184301e-01
4.142875096354728948e-01
4.089517848613934414e-01
4.037798797472929579e-01
4.115337469256841185e-01
4.002826261214720849e-01
4.100892399748166661e-01
4.045104906345025064e-01
4.043191288526241656e-01
4.005490703842578548e-01
4.114554084646396270e-01
4.093166061700918568e-01
4.068925253855876223e-01
4.111181293542568449e-01
4.118237282221133833e-01
3.989335501805330031e-01
4.049801746240028755e-01
4.049354412616827381e-01
4.079666929367261052e-01
4.048500804946972842e-01
4.029060283532509557e-01
4.120336163502473226e-01
4.021017641593248593e-01
3.999390676617622375e-01
4.082108101019492619e-01
4.008475809907302012e-01
4.116913521136992826e-01
4.118000117632059087e-01
4.245895135097014772e-01
4.143760634538454779e-01
4.127338945101469148e-01
4.151344967576173772e-01
4.075935638103729830e-01
4.020810353832366957e-01
4.134038786093394147e-01
4.092061795103244526e-01
4.040423114712421437e-01
4.089252950671391496e-01
4.120704995516019098e-01
4.119544792251709220e-01
4.181025198636910689e-01
4.118954253884462013e-01
4.147592440629616628e-01
4.169562637423857576e-01
4.067711705580736026e-01
4.136540459516721002e-01
4.163902266667439123e-01
4.132226365499007126e-01
4.111381412698672522e-01
4.147210935369515794e-01
4.135255532769056552e-01
4.073037772988661875e-01
4.053612151971230371e-01
4.042846138660724509e-01
4.122870398637575873e-01
4.157270452150931828e-01
4.144269521419818858e-01
4.082901768959485422e-01
4.131290155725601543e-01
4.130400747824937713e-01
4.108545823357044324e-01
4.069248247223022918e-01
4.150279523470463139e-01
4.143071215504254834e-01
4.028103202581405640e-01
4.063399002338067278e-01
4.182885019442973973e-01
4.036844102235940812e-01
4.130553219562921874e-01
4.058373589164171458e-01
4.116905630781100278e-01
4.092254344087380424e-01
4.173524370560279251e-01
4.119432223148835059e-01
4.128723121606386881e-01
4.161141875080573427e-01
4.207833202603535883e-01
3.992213539588145843e-01
4.133505219832444566e-01
4.072209693682499188e-01
4.056309495980923163e-01
4.159977201085824361e-01
4.087236635195903300e-01
4.061644121240347016e-01
4.197843160766821513e-01
4.069755915265816926e-01
4.179445265959470523e-01
4.182858438063890572e-01
4.132517628562756284e-01
3.998876119653383965e-01
4.109860199766281474e-01
4.109443680598185433e-01
4.055904947412319883e-01
4.006426491034336679e-01
4.098360838034214026e-01
4.184836234801854737e-01
4.221199808594507941e-01
4.125050571102362174e-01
4.078220251278999453e-01
4.072726594331936845e-01
4.056099340319633262e-01
4.048903651344470389e-01
4.046349077652662274e-01
4.029009229097610945e-01
4.020599726300972954e-01
4.032308838688410391e-01
4.152797109805620446e-01
4.062720137146803023e-01
3.943929716944694630e-01
3.996795709316547374e-01
4.007630522052447186e-01
4.047013076834189427e-01
4.019538218012222996e-01
3.953646777532039414e-01
4.020720474613018736e-01
4.040395094798161502e-01
4.003066687629773246e-01
3.961203039456636654e-01
3.876015324623156566e-01
4.022620169780193322e-01
3.983112508287796616e-01
4.132666560319753768e-01
4.049326474467913051e-01
3.962766256087865702e-01
4.008339670988229630e-01
3.986291463940571655e-01
3.997360199307783968e-01
3.885886510595297216e-01
3.902357492309350140e-01
3.956238050491381886e-01
4.089489827553431378e-01
4.006013315075482861e-01
4.146771012590481642e-01
4.058372980509049044e-01
4.155910432338714711e-01
3.989088090566488276e-01
4.026714058640675775e-01
3.935879729879208089e-01
3.955711148870296734e-01
4.011507928753510477e-01
3.970048777950115904e-01
3.991682509581248040e-01
4.011799787863706834e-01
3.984824963105030315e-01
3.996429875110968366e-01
3.995203072061905281e-01
4.006515148740548149e-01
4.004357353999064562e-01
3.995127794070121308e-01
4.027760507968755621e-01
4.028493345930025948e-01
3.933611060946415883e-01
4.028619068555343019e-01
4.063155048168622385e-01
4.075220182538032421e-01
4.075319948868874054e-01
4.164764643097534913e-01
3.980253579142766229e-01
3.955910605497849342e-01
4.079184589095604663e-01
3.955525907950523390e-01
4.031592263625218275e-01
4.093007807548229571e-01
4.024969564798550614e-01
3.952190090448428617e-01
4.048243455015695935e-01
3.977851111537371032e-01
4.016985792380112774e-01
4.042973440427046761e-01
4.062269751842205179e-01
4.059346791643362873e-01
3.924415939511397000e-01
3.995075594156216603e-01
3.980290955840012912e-01
3.885687838762234558e-01
4.026176689909054529e-01
4.015799332123536347e-01
4.068344568212827195e-01
4.045802715879220357e-01
4.006852813638173694e-01
4.097828106620373112e-01
4.040836543608934406e-01
4.005068285725055799e-01
4.015706105109972945e-01
3.967768522409292342e-01
3.910979392436834678e-01
3.991642527473278634e-01
3.893898175695003627e-01
3.920840246555132858e-01
3.996535238165122017e-01
4.036410401646907675e-01
3.955548071326353554e-01
3.875533922360493433e-01
3.975551863129322405e-01
3.886179525118607647e-01
3.825795477781540055e-01
3.883251169935250657e-01
3.811859217209693784e-01
3.918679581238673215e-01
3.949995695398403894e-01
3.910977339515319118e-01
3.886664415781314608e-01
3.887793613549990757e-01
3.880188520902242422e-01
3.891008613201288324e-01
3.841204506464493407e-01
3.954752705418146386e-01
3.828697752111997477e-01
3.926106807513114472e-01
3.923318224075513228e-01
3.941741780974926113e-01
3.964962636622098580e-01
3.924498620705726970e-01
3.882494273476111424e-01
3.890321924518316266e-01
3.886348981505785005e-01
3.882884889841079490e-01
3.926950980073366515e-01
3.927746760921600466e-01
3.880235194395750264e-01
3.940130767913965215e-01
3.878460725148518695e-01
3.828726975581585035e-01
3.884616340200106044e-01
3.967647379789596696e-01
3.882663957965679646e-01
3.912316168347994561e-01
3.894100822699375630e-01
3.912782685496868362e-01
3.896492342918347340e-01
3.826707318425178750e-01
3.961561036797670021e-01
3.890205982785958638e-01
3.885122668284636260e-01
3.860362956539178381e-01
3.801769210742070304e-01
3.920665333286310061e-01
3.907300469584953917e-01
3.853073573265320406e-01
3.889079821415436511e-01
3.842806032452827925e-01
3.817392894472831366e-01
3.886695909958619577e-01
3.818743521586442369e-01
3.794304326558724516e-01
3.883786495297383290e-01
3.853404478766979113e-01
3.839323451885810479e-01
3.799486237840774550e-01
3.768885801999997121e-01
3.820706818730403298e-01
3.910373684687492024e-01
3.845426408144144159e-01
3.915697210110150595e-01
3.840296998620033042e-01
3.965318396305426707e-01
3.829736478435687430e-01
3.860723171096581696e-01
3.826898077741647253e-01
3.836844963140976783e-01
3.918116081983615273e-01
3.854328689666894903e-01
3.896232390250914945e-01
3.863979193644646037e-01
3.864592977059193024e-01
3.873331521566097391e-01
3.803069132260787355e-01
3.919247159591087715e-01
3.835491445584174874e-01
3.866384148597717396e-01
4.006601828031050583e-01
3.956437309965109006e-01
3.862150461245805744e-01
3.916927111454499011e-01
3.920853474583381182e-01
4.008520165315040962e-01
4.023840588254806172e-01
3.846236860140775926e-01
3.858050793409347756e-01
3.940955110467397327e-01
3.804351260646795518e-01
3.903594154195907939e-01
3.764047891283646696e-01
3.825652011311971301e-01
3.908212506618255477e-01
3.835733215778301952e-01
3.874665156770975005e-01
3.835330816033559187e-01
3.870341086616883031e-01
3.711197500809644834e-01
3.869805077711740982e-01
3.864740443153258931e-01
