6.990466117858886719e+00
7.191053867340087891e+00
7.430017471313476562e+00
7.726363182067871094e+00
8.085190773010253906e+00
8.464813232421875000e+00
8.826724052429199219e+00
9.218644142150878906e+00
9.591837882995605469e+00
9.918622970581054688e+00
1.024810218811035156e+01
1.057541465759277344e+01
1.090137290954589844e+01
1.121439170837402344e+01
1.150111198425292969e+01
1.181081104278564453e+01
1.207759857177734375e+01
1.235698795318603516e+01
1.259562873840332031e+01
1.280931282043457031e+01
1.304260635375976562e+01
1.325483512878417969e+01
1.345848083496093750e+01
1.366611099243164062e+01
1.388787460327148438e+01
1.408376121520996094e+01
1.422865867614746094e+01
1.432788181304931641e+01
1.441666793823242188e+01
1.448171424865722656e+01
1.462994003295898438e+01
1.469911766052246094e+01
1.474750900268554688e+01
1.479922103881835938e+01
1.490319442749023438e+01
1.490433502197265625e+01
1.495750427246093750e+01
1.492434310913085938e+01
1.495020294189453125e+01
1.493891334533691406e+01
1.494794559478759766e+01
1.496720886230468750e+01
1.493107032775878906e+01
1.488685607910156250e+01
1.487796401977539062e+01
1.484422492980957031e+01
1.482439994812011719e+01
1.477925014495849609e+01
1.476588821411132812e+01
1.471398735046386719e+01
1.466316223144531250e+01
1.464233016967773438e+01
1.452443122863769531e+01
1.446254158020019531e+01
1.441658878326416016e+01
1.442891502380371094e+01
1.441305541992187500e+01
1.435467338562011719e+01
1.438102722167968750e+01
1.434434223175048828e+01
1.431651687622070312e+01
1.428104400634765625e+01
1.426813507080078125e+01
1.422558879852294922e+01
1.415004348754882812e+01
1.414636421203613281e+01
1.405355358123779297e+01
1.405574035644531250e+01
1.400701332092285156e+01
1.394181251525878906e+01
1.391889190673828125e+01
1.387403297424316406e+01
1.380438423156738281e+01
1.382181644439697266e+01
1.376193428039550781e+01
1.367541599273681641e+01
1.367177009582519531e+01
1.363592529296875000e+01
1.362162971496582031e+01
1.356128787994384766e+01
1.355455780029296875e+01
1.353535366058349609e+01
1.353319931030273438e+01
1.350394630432128906e+01
1.351681327819824219e+01
1.345466232299804688e+01
1.339050865173339844e+01
1.332386589050292969e+01
1.336980247497558594e+01
1.328832721710205078e+01
1.331087875366210938e+01
1.330234909057617188e+01
1.336441612243652344e+01
1.330254364013671875e+01
1.333759689331054688e+01
1.335481071472167969e+01
1.332780551910400391e+01
1.332587051391601562e+01
1.341608810424804688e+01
1.337964534759521484e+01
1.341886520385742188e+01
1.340211009979248047e+01
1.342936515808105469e+01
1.339828872680664062e+01
1.337902069091796875e+01
1.329131031036376953e+01
1.329119110107421875e+01
1.326315689086914062e+01
1.329198837280273438e+01
1.334314727783203125e+01
1.327507209777832031e+01
1.335077190399169922e+01
1.333462905883789062e+01
1.332245826721191406e+01
1.341169929504394531e+01
1.331317806243896484e+01
1.330430221557617188e+01
1.328699874877929688e+01
1.334639358520507812e+01
1.330230522155761719e+01
1.331747245788574219e+01
1.327219486236572266e+01
1.331129837036132812e+01
1.332863616943359375e+01
1.336584854125976562e+01
1.345094108581542969e+01
1.338395309448242188e+01
1.339567756652832031e+01
1.345465373992919922e+01
1.348086738586425781e+01
1.348126792907714844e+01
1.340417766571044922e+01
1.346199035644531250e+01
1.342811393737792969e+01
1.342563915252685547e+01
1.335445499420166016e+01
1.333288955688476562e+01
1.334425354003906250e+01
1.338735198974609375e+01
1.341767024993896484e+01
1.340809440612792969e+01
1.340634155273437500e+01
1.342546749114990234e+01
1.348069477081298828e+01
1.351299190521240234e+01
1.346625995635986328e+01
1.347955989837646484e+01
1.352046489715576172e+01
1.354301834106445312e+01
1.361916828155517578e+01
1.357655334472656250e+01
1.354330444335937500e+01
1.371175003051757812e+01
1.367928123474121094e+01
1.373650264739990234e+01
1.373362159729003906e+01
1.379073524475097656e+01
1.369140243530273438e+01
1.360022544860839844e+01
1.363385009765625000e+01
1.364769840240478516e+01
1.370905590057373047e+01
1.373931407928466797e+01
1.377955055236816406e+01
1.371468257904052734e+01
1.361653709411621094e+01
1.366753292083740234e+01
1.372385978698730469e+01
1.374502754211425781e+01
1.374550628662109375e+01
1.379836463928222656e+01
1.378776168823242188e+01
1.375458049774169922e+01
1.380491447448730469e+01
1.374563980102539062e+01
1.376551246643066406e+01
1.378134632110595703e+01
1.381690216064453125e+01
1.381938743591308594e+01
1.382202243804931641e+01
1.374172210693359375e+01
1.383239936828613281e+01
1.390681362152099609e+01
1.385647583007812500e+01
1.388524913787841797e+01
1.393080711364746094e+01
1.396989440917968750e+01
1.393791484832763672e+01
1.385173034667968750e+01
1.391564369201660156e+01
1.392722320556640625e+01
1.394735622406005859e+01
1.393015098571777344e+01
1.392238235473632812e+01
1.389996433258056641e+01
1.394320011138916016e+01
1.398554325103759766e+01
1.399696063995361328e+01
1.404001808166503906e+01
1.404623889923095703e+01
1.401290416717529297e+01
1.407823371887207031e+01
1.406691837310791016e+01
1.411082077026367188e+01
1.410031509399414062e+01
1.415491199493408203e+01
1.416333389282226562e+01
1.415510654449462891e+01
1.412578487396240234e+01
1.404581928253173828e+01
1.398718166351318359e+01
1.406924819946289062e+01
1.409339332580566406e+01
1.411588668823242188e+01
1.410346508026123047e+01
1.406662178039550781e+01
1.395718383789062500e+01
1.399539089202880859e+01
1.413145828247070312e+01
1.407494258880615234e+01
1.415634536743164062e+01
1.422590732574462891e+01
1.430139350891113281e+01
1.421902370452880859e+01
1.421341228485107422e+01
1.420308208465576172e+01
1.421596336364746094e+01
1.420625400543212891e+01
1.418479919433593750e+01
1.406612968444824219e+01
1.416569328308105469e+01
1.415332508087158203e+01
1.421928977966308594e+01
1.410286521911621094e+01
1.424352455139160156e+01
1.421846008300781250e+01
1.418570041656494141e+01
1.428799057006835938e+01
1.433331966400146484e+01
1.430232810974121094e+01
1.435870742797851562e+01
1.444016551971435547e+01
1.442436599731445312e+01
1.446661281585693359e+01
1.437156963348388672e+01
1.442771720886230469e+01
1.452856445312500000e+01
1.448421478271484375e+01
1.452130031585693359e+01
1.457081222534179688e+01
1.468732547760009766e+01
1.459623527526855469e+01
1.457259178161621094e+01
1.460809516906738281e+01
1.457164287567138672e+01
1.469897937774658203e+01
1.465408134460449219e+01
1.464267063140869141e+01
1.465281105041503906e+01
1.469490909576416016e+01
1.468267440795898438e+01
1.460032844543457031e+01
1.467580127716064453e+01
1.472793102264404297e+01
1.467046928405761719e+01
1.470090866088867188e+01
1.472806930541992188e+01
1.472689819335937500e+01
1.478927326202392578e+01
1.474638080596923828e+01
1.475316524505615234e+01
1.470779228210449219e+01
1.470808792114257812e+01
1.475806713104248047e+01
1.474689579010009766e+01
1.474922370910644531e+01
1.484693813323974609e+01
1.482776737213134766e+01
1.488177776336669922e+01
1.492693901062011719e+01
1.494080924987792969e+01
1.506111812591552734e+01
1.505234622955322266e+01
1.502846527099609375e+01
1.509963703155517578e+01
1.494608402252197266e+01
1.494002914428710938e+01
1.496511936187744141e+01
1.502502155303955078e+01
1.485302829742431641e+01
1.489617347717285156e+01
1.495315933227539062e+01
1.496501350402832031e+01
1.501441287994384766e+01
1.503317928314208984e+01
1.509974479675292969e+01
1.507364368438720703e+01
1.506089496612548828e+01
1.499509143829345703e+01
1.498207569122314453e+01
1.497565269470214844e+01
1.508667373657226562e+01
1.508797645568847656e+01
1.506106948852539062e+01
1.503041744232177734e+01
1.502708625793457031e+01
1.505123615264892578e+01
1.492398643493652344e+01
1.496391105651855469e+01
1.489672279357910156e+01
1.482903099060058594e+01
1.488623619079589844e+01
1.487963390350341797e+01
1.485428333282470703e+01
1.484725761413574219e+01
1.488430595397949219e+01
1.494938373565673828e+01
1.499497222900390625e+01
1.498987388610839844e+01
1.498756408691406250e+01
1.503873157501220703e+01
1.505621910095214844e+01
1.505915546417236328e+01
1.501069450378417969e+01
1.499117565155029297e+01
1.502754688262939453e+01
1.514211940765380859e+01
1.519238758087158203e+01
1.516319561004638672e+01
1.510946655273437500e+01
1.521677207946777344e+01
1.521987724304199219e+01
1.517378520965576172e+01
1.524913406372070312e+01
1.531645774841308594e+01
1.523676586151123047e+01
1.519365882873535156e+01
1.510246849060058594e+01
1.516558647155761719e+01
1.513216018676757812e+01
1.514786624908447266e+01
1.513750362396240234e+01
1.520950126647949219e+01
1.521277809143066406e+01
1.524684906005859375e+01
1.516354846954345703e+01
1.521267795562744141e+01
1.532810592651367188e+01
1.528919696807861328e+01
1.520929336547851562e+01
1.534261608123779297e+01
1.528902244567871094e+01
1.530364894866943359e+01
1.533520603179931641e+01
1.529333305358886719e+01
1.526525497436523438e+01
1.537432861328125000e+01
1.542398929595947266e+01
1.535701370239257812e+01
1.533804607391357422e+01
1.546690559387207031e+01
1.546226215362548828e+01
1.551653385162353516e+01
1.552942180633544922e+01
1.543604087829589844e+01
1.537415599822998047e+01
1.535258579254150391e+01
1.541471385955810547e+01
1.541499614715576172e+01
1.529545211791992188e+01
1.538505172729492188e+01
1.530942153930664062e+01
1.535998153686523438e+01
1.540475273132324219e+01
1.550814056396484375e+01
1.537407493591308594e+01
1.547599029541015625e+01
1.547037124633789062e+01
1.547499370574951172e+01
1.534447193145751953e+01
1.537215709686279297e+01
1.546041107177734375e+01
1.548551559448242188e+01
1.557073402404785156e+01
1.561046504974365234e+01
1.555438041687011719e+01
1.548666572570800781e+01
1.547091102600097656e+01
1.546317863464355469e+01
1.548191261291503906e+01
1.557833290100097656e+01
1.561224174499511719e+01
1.566482925415039062e+01
1.553433513641357422e+01
1.566927528381347656e+01
1.557501411437988281e+01
1.554556941986083984e+01
1.551945781707763672e+01
1.555027580261230469e+01
1.572326469421386719e+01
1.575242710113525391e+01
1.570841789245605469e+01
1.573271179199218750e+01
1.577807617187500000e+01
1.569998168945312500e+01
1.568567657470703125e+01
1.569883728027343750e+01
1.577904987335205078e+01
1.572651195526123047e+01
1.584960556030273438e+01
1.587601470947265625e+01
1.584690284729003906e+01
1.586457252502441406e+01
1.569323635101318359e+01
1.566681861877441406e+01
1.568659591674804688e+01
1.574887084960937500e+01
1.583276844024658203e+01
1.584344863891601562e+01
1.585720825195312500e+01
1.576663970947265625e+01
1.581422710418701172e+01
1.583403205871582031e+01
1.582033061981201172e+01
1.571641731262207031e+01
1.572522163391113281e+01
1.577579879760742188e+01
1.573439216613769531e+01
1.583471298217773438e+01
1.569702625274658203e+01
1.568717575073242188e+01
1.572755050659179688e+01
1.580102920532226562e+01
1.571504306793212891e+01
1.572196197509765625e+01
1.564030170440673828e+01
1.574527931213378906e+01
1.579705333709716797e+01
1.580784797668457031e+01
1.573933029174804688e+01
1.565610122680664062e+01
1.567161846160888672e+01
1.574616050720214844e+01
1.567133522033691406e+01
1.563891983032226562e+01
1.570198345184326172e+01
1.580032730102539062e+01
1.572331523895263672e+01
1.586341190338134766e+01
1.583169746398925781e+01
1.585359668731689453e+01
1.589953422546386719e+01
1.592045593261718750e+01
1.587396144866943359e+01
1.583809089660644531e+01
1.581519126892089844e+01
1.582880592346191406e+01
1.583584594726562500e+01
1.586073589324951172e+01
1.591463470458984375e+01
1.591202640533447266e+01
1.589057922363281250e+01
1.583140563964843750e+01
1.582143497467041016e+01
1.589587211608886719e+01
1.587321281433105469e+01
1.583309268951416016e+01
1.586777496337890625e+01
1.589653491973876953e+01
1.590496921539306641e+01
1.596826171875000000e+01
1.588893127441406250e+01
1.594696807861328125e+01
1.595276069641113281e+01
1.588018703460693359e+01
1.595588016510009766e+01
1.603805351257324219e+01
1.594832229614257812e+01
1.596330356597900391e+01
1.595063209533691406e+01
1.593342494964599609e+01
1.594802761077880859e+01
1.590372180938720703e+01
1.584583377838134766e+01
1.592825984954833984e+01
1.597761821746826172e+01
1.596333122253417969e+01
1.594304084777832031e+01
1.592171001434326172e+01
1.596598815917968750e+01
1.592638587951660156e+01
1.598284530639648438e+01
1.601214790344238281e+01
1.590866470336914062e+01
1.599938774108886719e+01
1.591011714935302734e+01
1.588155841827392578e+01
1.591891479492187500e+01
1.588706302642822266e+01
1.586084842681884766e+01
1.595770740509033203e+01
1.583979988098144531e+01
1.598278999328613281e+01
1.595758724212646484e+01
1.593098735809326172e+01
1.597437286376953125e+01
1.591344451904296875e+01
1.587772083282470703e+01
1.587117862701416016e+01
1.593072795867919922e+01
1.585519981384277344e+01
1.585113143920898438e+01
1.587635421752929688e+01
1.588759517669677734e+01
1.596598625183105469e+01
1.599920845031738281e+01
1.607307815551757812e+01
1.596904945373535156e+01
1.604189872741699219e+01
1.594727134704589844e+01
1.600442504882812500e+01
1.607077789306640625e+01
1.612985229492187500e+01
1.618942451477050781e+01
1.607443237304687500e+01
1.615746498107910156e+01
1.620183372497558594e+01
1.614450454711914062e+01
1.604064559936523438e+01
1.607645797729492188e+01
1.607962226867675781e+01
1.599865627288818359e+01
1.598847770690917969e+01
1.606338882446289062e+01
1.604404258728027344e+01
1.604256820678710938e+01
1.597895336151123047e+01
1.602390670776367188e+01
1.594454765319824219e+01
1.598988151550292969e+01
1.596467590332031250e+01
1.600445938110351562e+01
1.603275871276855469e+01
1.599481678009033203e+01
1.600051307678222656e+01
1.613182449340820312e+01
1.611849212646484375e+01
1.613237190246582031e+01
1.615186119079589844e+01
1.625278472900390625e+01
1.624123382568359375e+01
1.618624877929687500e+01
1.611900520324707031e+01
1.610861587524414062e+01
1.607917404174804688e+01
1.602479171752929688e+01
1.609878921508789062e+01
1.613062286376953125e+01
1.600100326538085938e+01
1.603400611877441406e+01
1.600765228271484375e+01
1.592587757110595703e+01
1.592262744903564453e+01
1.597206115722656250e+01
1.584085845947265625e+01
1.593733215332031250e+01
1.604290008544921875e+01
1.597182941436767578e+01
1.603570938110351562e+01
1.601542091369628906e+01
1.606592178344726562e+01
1.611495208740234375e+01
1.607937812805175781e+01
1.604532051086425781e+01
1.623922920227050781e+01
1.623693466186523438e+01
1.614711189270019531e+01
1.612229537963867188e+01
1.616224098205566406e+01
1.621881294250488281e+01
1.621837043762207031e+01
1.620137405395507812e+01
1.620436096191406250e+01
1.623015975952148438e+01
1.622313308715820312e+01
1.617659950256347656e+01
1.621736145019531250e+01
1.615950584411621094e+01
1.619758224487304688e+01
1.628728485107421875e+01
1.638659095764160156e+01
1.625908279418945312e+01
1.636832046508789062e+01
1.637057876586914062e+01
1.644039726257324219e+01
1.631215095520019531e+01
1.615172767639160156e+01
1.630065917968750000e+01
1.620352935791015625e+01
1.622311782836914062e+01
1.618986892700195312e+01
1.621340751647949219e+01
1.628785324096679688e+01
1.624479866027832031e+01
1.621395874023437500e+01
1.630422019958496094e+01
1.636076736450195312e+01
1.629940986633300781e+01
1.630153656005859375e+01
1.632715034484863281e+01
1.635931968688964844e+01
1.632942008972167969e+01
1.625877380371093750e+01
1.620774078369140625e+01
1.631379127502441406e+01
1.626268768310546875e+01
1.618779182434082031e+01
1.618839454650878906e+01
1.616040039062500000e+01
1.613933944702148438e+01
1.608051490783691406e+01
1.625592041015625000e+01
1.635821533203125000e+01
1.623951911926269531e+01
1.625680160522460938e+01
1.619266891479492188e+01
1.622051429748535156e+01
1.619941711425781250e+01
1.619636726379394531e+01
1.629575729370117188e+01
1.627510070800781250e+01
1.617734527587890625e+01
1.621149063110351562e+01
1.615056610107421875e+01
1.619624328613281250e+01
1.627762603759765625e+01
1.628849983215332031e+01
1.616104316711425781e+01
1.631182861328125000e+01
1.628083038330078125e+01
1.642752456665039062e+01
1.640834999084472656e+01
1.646705055236816406e+01
1.639186859130859375e+01
1.636348724365234375e+01
1.646575927734375000e+01
1.644634628295898438e+01
1.624121093750000000e+01
1.638806915283203125e+01
1.643708419799804688e+01
1.643107986450195312e+01
1.638989639282226562e+01
1.626767730712890625e+01
1.628714370727539062e+01
1.635028076171875000e+01
1.632161903381347656e+01
1.623360252380371094e+01
1.634543228149414062e+01
1.632159423828125000e+01
1.624014854431152344e+01
1.643228149414062500e+01
1.635414505004882812e+01
1.634877777099609375e+01
1.638815307617187500e+01
1.628873252868652344e+01
1.636040115356445312e+01
1.629517745971679688e+01
1.645001411437988281e+01
1.648350334167480469e+01
1.646736907958984375e+01
1.635801696777343750e+01
1.636266136169433594e+01
1.634654235839843750e+01
1.635150718688964844e+01
1.645588493347167969e+01
1.652061462402343750e+01
1.650246238708496094e+01
1.635160064697265625e+01
1.631162452697753906e+01
1.639708328247070312e+01
1.633776092529296875e+01
1.631335830688476562e+01
1.628215789794921875e+01
1.631199073791503906e+01
1.639842987060546875e+01
1.629865264892578125e+01
1.644041252136230469e+01
1.635971641540527344e+01
1.618006134033203125e+01
1.625112533569335938e+01
1.630523681640625000e+01
1.630367279052734375e+01
1.626927566528320312e+01
1.631866455078125000e+01
1.636703109741210938e+01
1.638724708557128906e+01
1.627305412292480469e+01
1.626342010498046875e+01
1.622494125366210938e+01
1.626941680908203125e+01
1.624676895141601562e+01
1.617395782470703125e+01
1.617704772949218750e+01
1.633768463134765625e+01
1.632826232910156250e+01
1.630883026123046875e+01
1.630204772949218750e+01
1.631336212158203125e+01
1.643151092529296875e+01
1.625697708129882812e+01
1.633536529541015625e+01
1.636563491821289062e+01
1.631549835205078125e+01
1.625745201110839844e+01
1.634506607055664062e+01
1.634320068359375000e+01
1.628835868835449219e+01
1.638261985778808594e+01
1.641118812561035156e+01
1.635798454284667969e+01
1.641038131713867188e+01
1.640904998779296875e+01
1.635308265686035156e+01
1.634716796875000000e+01
1.629318237304687500e+01
1.631106758117675781e+01
1.642283439636230469e+01
1.638019943237304688e+01
1.639715194702148438e+01
1.640007209777832031e+01
1.638020706176757812e+01
1.630266189575195312e+01
1.654569244384765625e+01
1.643329620361328125e+01
1.643837356567382812e+01
1.642183876037597656e+01
1.656741142272949219e+01
1.658182525634765625e+01
1.653331756591796875e+01
1.655871582031250000e+01
1.660923004150390625e+01
1.657683563232421875e+01
1.659799003601074219e+01
1.660614395141601562e+01
1.663131713867187500e+01
1.652711105346679688e+01
1.657995986938476562e+01
1.662825584411621094e+01
1.653223609924316406e+01
1.665405082702636719e+01
1.663012313842773438e+01
1.658904647827148438e+01
1.661383819580078125e+01
1.662186050415039062e+01
1.650745010375976562e+01
1.661217117309570312e+01
1.663325500488281250e+01
1.650894165039062500e+01
1.664094924926757812e+01
1.659770202636718750e+01
1.661581611633300781e+01
1.648591995239257812e+01
1.656204414367675781e+01
1.649440383911132812e+01
1.664756202697753906e+01
1.664762306213378906e+01
1.660758972167968750e+01
1.659141540527343750e+01
1.652594184875488281e+01
1.669131469726562500e+01
1.662175369262695312e+01
1.659689331054687500e+01
1.673118972778320312e+01
1.675760269165039062e+01
1.666062927246093750e+01
1.672740554809570312e+01
1.671719360351562500e+01
1.655651283264160156e+01
1.659573554992675781e+01
1.654441070556640625e+01
1.658349609375000000e+01
1.667428779602050781e+01
1.659309959411621094e+01
1.657997512817382812e+01
1.660265731811523438e+01
1.664075088500976562e+01
1.662165832519531250e+01
1.665171432495117188e+01
1.658678054809570312e+01
1.657835769653320312e+01
1.658275985717773438e+01
1.668608474731445312e+01
1.665489959716796875e+01
1.674573135375976562e+01
1.668036651611328125e+01
1.659303283691406250e+01
1.654002761840820312e+01
1.656847381591796875e+01
1.658815956115722656e+01
1.666404914855957031e+01
1.666157913208007812e+01
1.668920135498046875e+01
1.663543701171875000e+01
1.661005401611328125e+01
1.663998031616210938e+01
1.672979736328125000e+01
1.663663291931152344e+01
1.670426177978515625e+01
1.676856803894042969e+01
1.659554290771484375e+01
1.662559700012207031e+01
1.666790580749511719e+01
1.670532226562500000e+01
1.655691909790039062e+01
1.660797691345214844e+01
1.662283706665039062e+01
1.667380714416503906e+01
1.671529769897460938e+01
1.660285949707031250e+01
1.648588752746582031e+01
1.662031745910644531e+01
1.657165527343750000e+01
1.656779861450195312e+01
1.658741950988769531e+01
1.657891845703125000e+01
1.666615676879882812e+01
1.663675308227539062e+01
1.672628402709960938e+01
1.671204566955566406e+01
1.656945991516113281e+01
1.661104011535644531e+01
1.676515960693359375e+01
1.670979690551757812e+01
1.662466621398925781e+01
1.678009796142578125e+01
1.674521636962890625e+01
1.666109085083007812e+01
1.658776473999023438e+01
1.660194778442382812e+01
1.652899932861328125e+01
1.654493713378906250e+01
1.661156463623046875e+01
1.661082267761230469e+01
1.650450897216796875e+01
1.651026535034179688e+01
1.655469703674316406e+01
1.658282089233398438e+01
1.655965042114257812e+01
1.645397567749023438e+01
1.646595001220703125e+01
1.650215148925781250e+01
1.654101943969726562e+01
1.644197273254394531e+01
1.644454574584960938e+01
1.643735122680664062e+01
1.645766830444335938e+01
1.646107101440429688e+01
1.656416130065917969e+01
1.657878494262695312e+01
1.665111541748046875e+01
1.655904769897460938e+01
1.656755256652832031e+01
1.659122848510742188e+01
1.657387161254882812e+01
1.657659530639648438e+01
1.658341217041015625e+01
1.663328933715820312e+01
1.661030960083007812e+01
1.645150756835937500e+01
1.650098419189453125e+01
1.649989509582519531e+01
1.655289459228515625e+01
1.652638053894042969e+01
1.654836654663085938e+01
1.654979324340820312e+01
1.654844856262207031e+01
1.650559616088867188e+01
1.653168487548828125e+01
1.653256034851074219e+01
1.655185699462890625e+01
1.660092163085937500e+01
1.662247848510742188e+01
1.651783943176269531e+01
1.645980262756347656e+01
1.653061294555664062e+01
1.652815628051757812e+01
1.648513793945312500e+01
1.658248901367187500e+01
1.646484375000000000e+01
1.649964141845703125e+01
1.652643775939941406e+01
1.660638618469238281e+01
1.669105339050292969e+01
1.659296798706054688e+01
1.671698760986328125e+01
1.664335632324218750e+01
1.667573356628417969e+01
1.660166168212890625e+01
1.657757759094238281e+01
1.651122093200683594e+01
1.652098464965820312e+01
1.651173210144042969e+01
1.652156829833984375e+01
1.656214523315429688e+01
1.647784042358398438e+01
1.655577087402343750e+01
1.663512420654296875e+01
1.653304290771484375e+01
1.660024642944335938e+01
1.649706459045410156e+01
1.656551551818847656e+01
1.655776977539062500e+01
1.670942497253417969e+01
1.665027046203613281e+01
1.671032714843750000e+01
1.652005958557128906e+01
1.651760482788085938e+01
1.650047302246093750e+01
1.649209594726562500e+01
1.657215499877929688e+01
1.660562133789062500e+01
1.654136657714843750e+01
1.658374786376953125e+01
1.650059509277343750e+01
1.649188613891601562e+01
1.655584716796875000e+01
1.650199890136718750e+01
1.665047264099121094e+01
1.652422142028808594e+01
1.644775772094726562e+01
1.655959701538085938e+01
1.653094482421875000e+01
1.660714530944824219e+01
1.659601593017578125e+01
1.663811111450195312e+01
1.666974258422851562e+01
1.652519035339355469e+01
1.666245079040527344e+01
1.666476821899414062e+01
1.669373893737792969e+01
1.671327018737792969e+01
1.679686355590820312e+01
1.676575469970703125e+01
1.676688385009765625e+01
1.682299804687500000e+01
1.682748413085937500e+01
1.675805664062500000e+01
1.688544082641601562e+01
1.675951004028320312e+01
1.678901672363281250e+01
1.676921463012695312e+01
1.678734207153320312e+01
1.671807861328125000e+01
1.671633529663085938e+01
1.658137893676757812e+01
1.661082458496093750e+01
1.653431320190429688e+01
1.659848022460937500e+01
1.663778686523437500e+01
1.667227172851562500e+01
1.657736206054687500e+01
1.674289131164550781e+01
1.676263046264648438e+01
1.678235435485839844e+01
1.673716926574707031e+01
1.682312774658203125e+01
1.684757614135742188e+01
1.667041397094726562e+01
1.672395324707031250e+01
1.680498504638671875e+01
1.682874870300292969e+01
1.678276824951171875e+01
1.679810714721679688e+01
1.684847450256347656e+01
1.677003860473632812e+01
1.670695495605468750e+01
1.671841430664062500e+01
1.667971420288085938e+01
1.671391868591308594e+01
1.670819282531738281e+01
1.673327636718750000e+01
1.668727874755859375e+01
1.684340667724609375e+01
1.690580368041992188e+01
1.679944992065429688e+01
1.689340782165527344e+01
1.691075515747070312e+01
1.685540390014648438e+01
1.683892059326171875e+01
1.690059280395507812e+01
1.684075546264648438e+01
1.680825042724609375e+01
1.674409484863281250e+01
1.658472824096679688e+01
1.669099807739257812e+01
1.675622177124023438e+01
1.673618316650390625e+01
1.683815956115722656e+01
1.686479568481445312e+01
1.690453338623046875e+01
1.689665412902832031e+01
1.678246116638183594e+01
1.678969955444335938e+01
1.679312133789062500e+01
1.672150611877441406e+01
1.665094375610351562e+01
1.669223785400390625e+01
1.674093627929687500e+01
1.679920768737792969e+01
1.682617378234863281e+01
1.677120780944824219e+01
1.671075630187988281e+01
1.675100326538085938e+01
1.675514602661132812e+01
1.678606414794921875e+01
1.685242843627929688e+01
1.681226921081542969e+01
1.668277740478515625e+01
1.668264007568359375e+01
1.667755508422851562e+01
1.663685417175292969e+01
1.665876770019531250e+01
1.671483421325683594e+01
1.673403739929199219e+01
1.663819694519042969e+01
1.665430831909179688e+01
1.670871734619140625e+01
1.661129760742187500e+01
1.662734031677246094e+01
1.654756927490234375e+01
1.663884353637695312e+01
1.658164215087890625e+01
1.661466598510742188e+01
1.669173812866210938e+01
1.671998596191406250e+01
1.664361953735351562e+01
1.666814041137695312e+01
1.660441207885742188e+01
1.659108734130859375e+01
1.652433586120605469e+01
1.658932495117187500e+01
1.663675308227539062e+01
1.667693710327148438e+01
1.673073005676269531e+01
1.666495132446289062e+01
1.676440429687500000e+01
1.677067947387695312e+01
1.669588661193847656e+01
1.671912765502929688e+01
1.670218086242675781e+01
1.672053146362304688e+01
1.686178207397460938e+01
1.680866241455078125e+01
1.684050178527832031e+01
1.674622154235839844e+01
1.662854766845703125e+01
1.673702621459960938e+01
1.674231910705566406e+01
1.685081100463867188e+01
1.699324607849121094e+01
1.694162559509277344e+01
1.692259597778320312e+01
1.682218170166015625e+01
1.689138793945312500e+01
1.691251945495605469e+01
1.697922515869140625e+01
1.684804534912109375e+01
1.667679977416992188e+01
1.667533111572265625e+01
1.665409469604492188e+01
1.663654708862304688e+01
1.656738853454589844e+01
1.658392906188964844e+01
1.659390640258789062e+01
1.671030998229980469e+01
1.675975036621093750e+01
1.670507812500000000e+01
1.673814392089843750e+01
1.675656318664550781e+01
1.679680252075195312e+01
1.676051139831542969e+01
1.677575683593750000e+01
1.679156303405761719e+01
1.668244934082031250e+01
1.669041061401367188e+01
1.663206863403320312e+01
1.664162254333496094e+01
1.667084503173828125e+01
1.674732589721679688e+01
1.672811126708984375e+01
1.666547584533691406e+01
1.671281433105468750e+01
1.668859672546386719e+01
1.667844581604003906e+01
1.679520034790039062e+01
1.671145439147949219e+01
1.689524459838867188e+01
1.679339408874511719e+01
1.681330108642578125e+01
1.677719879150390625e+01
1.674474334716796875e+01
1.677471542358398438e+01
1.674673271179199219e+01
1.668032073974609375e+01
1.676251602172851562e+01
1.680793952941894531e+01
1.667982292175292969e+01
1.672589683532714844e+01
1.675023841857910156e+01
1.681110000610351562e+01
1.683082962036132812e+01
1.685218048095703125e+01
1.681669998168945312e+01
1.679931259155273438e+01
1.682530975341796875e+01
1.683473205566406250e+01
1.690552902221679688e+01
1.683239555358886719e+01
1.683491516113281250e+01
1.687835693359375000e+01
1.705742263793945312e+01
1.705145454406738281e+01
1.698847389221191406e+01
1.688906097412109375e+01
1.698831558227539062e+01
1.693595504760742188e+01
1.691084671020507812e+01
1.687026214599609375e+01
1.687250518798828125e+01
1.695707511901855469e+01
1.686745452880859375e+01
1.699332046508789062e+01
1.699622917175292969e+01
1.694065284729003906e+01
1.686695098876953125e+01
1.682464218139648438e+01
1.686819839477539062e+01
1.681221961975097656e+01
1.680668640136718750e+01
1.684328460693359375e+01
1.689575958251953125e+01
1.684179306030273438e+01
1.690049171447753906e+01
1.686337280273437500e+01
1.695256614685058594e+01
1.694096565246582031e+01
1.712781524658203125e+01
1.707476425170898438e+01
1.710151290893554688e+01
1.716401672363281250e+01
1.714845085144042969e+01
1.705919075012207031e+01
1.698371124267578125e+01
1.705882644653320312e+01
1.709032249450683594e+01
1.706464958190917969e+01
1.693208694458007812e+01
1.690989685058593750e+01
1.689203262329101562e+01
1.696981811523437500e+01
1.690166854858398438e+01
1.696298789978027344e+01
1.703620338439941406e+01
1.696945762634277344e+01
1.700267791748046875e+01
1.705744361877441406e+01
1.705384826660156250e+01
1.701042175292968750e+01
1.706466674804687500e+01
1.696529388427734375e+01
1.696663475036621094e+01
1.697008514404296875e+01
1.691231536865234375e+01
1.705255699157714844e+01
1.698132514953613281e+01
1.696475982666015625e+01
1.692138862609863281e+01
1.697502136230468750e+01
1.696565437316894531e+01
1.703484344482421875e+01
1.725578880310058594e+01
1.714783096313476562e+01
1.702289772033691406e+01
1.702761268615722656e+01
1.715448570251464844e+01
1.715777206420898438e+01
1.723871994018554688e+01
1.725012969970703125e+01
1.716086769104003906e+01
1.717737197875976562e+01
1.712902832031250000e+01
1.711889266967773438e+01
1.708429908752441406e+01
1.706846046447753906e+01
1.708231544494628906e+01
1.707766342163085938e+01
1.697862052917480469e+01
1.701345443725585938e+01
1.696575546264648438e+01
1.701949691772460938e+01
1.707305145263671875e+01
1.711640167236328125e+01
1.707796096801757812e+01
1.708645820617675781e+01
1.703079605102539062e+01
1.688285446166992188e+01
1.696598815917968750e+01
1.690518569946289062e+01
1.700517272949218750e+01
1.697379493713378906e+01
1.698537063598632812e+01
1.694174194335937500e+01
1.690795135498046875e+01
1.693873405456542969e+01
1.706233787536621094e+01
1.707170486450195312e+01
1.700138473510742188e+01
1.703098678588867188e+01
1.701861000061035156e+01
1.697739219665527344e+01
1.692574882507324219e+01
1.693514251708984375e+01
1.689009094238281250e+01
1.703432464599609375e+01
1.713844299316406250e+01
1.712566757202148438e+01
1.714405059814453125e+01
1.726411056518554688e+01
1.736984825134277344e+01
1.714273071289062500e+01
1.718418884277343750e+01
1.714853286743164062e+01
1.707989883422851562e+01
1.707875061035156250e+01
1.715204429626464844e+01
1.701983261108398438e+01
1.698762130737304688e+01
1.714761924743652344e+01
1.704788970947265625e+01
1.703197288513183594e+01
1.708755874633789062e+01
1.692710876464843750e+01
1.696275520324707031e+01
1.707098960876464844e+01
1.702389526367187500e+01
1.708882331848144531e+01
1.709388351440429688e+01
1.708255004882812500e+01
1.697731781005859375e+01
1.706359291076660156e+01
1.708695983886718750e+01
1.701551437377929688e+01
1.705598068237304688e+01
1.702289581298828125e+01
1.686384010314941406e+01
1.697362136840820312e+01
1.710218811035156250e+01
1.713626670837402344e+01
1.723514938354492188e+01
1.722388839721679688e+01
1.712167739868164062e+01
1.716386222839355469e+01
1.719407081604003906e+01
1.717057037353515625e+01
1.717212486267089844e+01
1.707920265197753906e+01
1.711209678649902344e+01
1.703341674804687500e+01
1.705390548706054688e+01
1.705446624755859375e+01
1.709893608093261719e+01
1.712561416625976562e+01
1.704464530944824219e+01
1.715160179138183594e+01
1.706330490112304688e+01
1.710199737548828125e+01
1.714392089843750000e+01
1.710116195678710938e+01
1.699765968322753906e+01
1.710371398925781250e+01
1.704039192199707031e+01
1.695340347290039062e+01
1.714647674560546875e+01
1.718754959106445312e+01
1.725882148742675781e+01
1.712750625610351562e+01
1.716240310668945312e+01
1.699871635437011719e+01
1.705895996093750000e+01
1.708306694030761719e+01
1.712318420410156250e+01
1.707041358947753906e+01
1.712230300903320312e+01
1.712639999389648438e+01
1.719921875000000000e+01
1.732570457458496094e+01
1.718325996398925781e+01
1.722613143920898438e+01
1.719621658325195312e+01
1.719972991943359375e+01
1.696130561828613281e+01
1.700369262695312500e+01
1.709356117248535156e+01
1.709679985046386719e+01
1.704136657714843750e+01
1.705927276611328125e+01
1.710257720947265625e+01
1.713159751892089844e+01
1.712185859680175781e+01
1.694672203063964844e+01
1.711166572570800781e+01
1.699882316589355469e+01
1.695295524597167969e+01
1.710944938659667969e+01
1.701388549804687500e+01
1.715159034729003906e+01
1.726807785034179688e+01
1.719472694396972656e+01
1.716719055175781250e+01
1.712170791625976562e+01
1.727153587341308594e+01
1.727385711669921875e+01
1.718809700012207031e+01
1.711764335632324219e+01
1.700218200683593750e+01
1.717197036743164062e+01
1.717443084716796875e+01
1.718993759155273438e+01
1.706782150268554688e+01
1.715150070190429688e+01
1.723379135131835938e+01
1.715869331359863281e+01
1.716883087158203125e+01
1.724346351623535156e+01
1.720484924316406250e+01
1.721193313598632812e+01
1.734811782836914062e+01
1.747533035278320312e+01
1.746526718139648438e+01
1.752859115600585938e+01
1.747388076782226562e+01
1.731956672668457031e+01
1.730405807495117188e+01
1.721347999572753906e+01
1.724711036682128906e+01
1.742693710327148438e+01
1.728967285156250000e+01
1.738184356689453125e+01
1.730760383605957031e+01
1.736263656616210938e+01
1.730345153808593750e+01
1.740046310424804688e+01
1.738221931457519531e+01
1.739569854736328125e+01
1.751853752136230469e+01
1.755497741699218750e+01
1.745505523681640625e+01
1.747663497924804688e+01
1.751613616943359375e+01
1.738371276855468750e+01
1.740117645263671875e+01
1.741670608520507812e+01
1.730681610107421875e+01
1.736836242675781250e+01
1.731102371215820312e+01
1.732174873352050781e+01
1.728815078735351562e+01
1.731283187866210938e+01
1.738517761230468750e+01
1.742589950561523438e+01
1.739463806152343750e+01
1.744560241699218750e+01
1.745406341552734375e+01
1.744308471679687500e+01
1.745373535156250000e+01
1.741545486450195312e+01
1.738245964050292969e+01
1.738670349121093750e+01
1.745075798034667969e+01
1.749018478393554688e+01
1.745866775512695312e+01
1.739562225341796875e+01
1.730976867675781250e+01
1.738311958312988281e+01
1.746510696411132812e+01
1.748740768432617188e+01
1.746626663208007812e+01
1.738864898681640625e+01
1.740910530090332031e+01
1.740030670166015625e+01
1.735261154174804688e+01
1.733288383483886719e+01
1.735177993774414062e+01
1.727295684814453125e+01
1.727567672729492188e+01
1.716761207580566406e+01
1.711255073547363281e+01
1.716242408752441406e+01
1.717995452880859375e+01
1.713795280456542969e+01
1.705625915527343750e+01
1.709380340576171875e+01
1.715917968750000000e+01
1.708510398864746094e+01
1.707110786437988281e+01
1.713588714599609375e+01
1.714593887329101562e+01
1.713958168029785156e+01
1.717283821105957031e+01
1.715006446838378906e+01
1.712647628784179688e+01
1.721259689331054688e+01
1.732959175109863281e+01
1.732564163208007812e+01
1.727575492858886719e+01
1.729114151000976562e+01
1.735192680358886719e+01
1.724884414672851562e+01
1.718824005126953125e+01
1.727466773986816406e+01
1.719262313842773438e+01
1.718466949462890625e+01
1.716197586059570312e+01
1.733777999877929688e+01
1.715159797668457031e+01
1.721471405029296875e+01
1.728331375122070312e+01
1.729500198364257812e+01
1.726857185363769531e+01
1.737435531616210938e+01
1.727270126342773438e+01
1.724663352966308594e+01
1.718444633483886719e+01
1.719394302368164062e+01
1.718098068237304688e+01
1.711963462829589844e+01
1.717633819580078125e+01
1.726205062866210938e+01
1.722314453125000000e+01
1.717096710205078125e+01
1.707456398010253906e+01
1.719723892211914062e+01
1.720170783996582031e+01
1.722517585754394531e+01
1.718362045288085938e+01
1.716659736633300781e+01
1.710406303405761719e+01
1.705584716796875000e+01
1.711403656005859375e+01
1.720222663879394531e+01
1.714354705810546875e+01
1.719992637634277344e+01
1.734930229187011719e+01
1.737738418579101562e+01
1.740193367004394531e+01
1.729957199096679688e+01
1.743721008300781250e+01
1.746836662292480469e+01
1.741573715209960938e+01
1.734429168701171875e+01
1.735076522827148438e+01
1.737594985961914062e+01
1.736054611206054688e+01
1.739719581604003906e+01
1.724536323547363281e+01
1.734704208374023438e+01
1.737642478942871094e+01
1.731100845336914062e+01
1.734145355224609375e+01
1.735847473144531250e+01
1.727058219909667969e+01
1.729331588745117188e+01
1.728591918945312500e+01
1.727636909484863281e+01
1.729138565063476562e+01
1.743107223510742188e+01
1.737685585021972656e+01
1.737263488769531250e+01
1.739396667480468750e+01
1.737376785278320312e+01
1.736761283874511719e+01
1.746431159973144531e+01
1.746526718139648438e+01
1.743695068359375000e+01
1.737953567504882812e+01
1.732450866699218750e+01
1.736458969116210938e+01
1.747415161132812500e+01
1.746958160400390625e+01
1.760257339477539062e+01
1.756629562377929688e+01
1.752929687500000000e+01
1.752812576293945312e+01
1.758370971679687500e+01
1.761025047302246094e+01
1.759777259826660156e+01
1.751011276245117188e+01
1.746142578125000000e+01
1.753336334228515625e+01
1.755043411254882812e+01
1.761764144897460938e+01
1.751347351074218750e+01
1.760269165039062500e+01
1.769469070434570312e+01
1.756295776367187500e+01
1.765677833557128906e+01
1.758574867248535156e+01
1.758588409423828125e+01
1.741887855529785156e+01
1.743492889404296875e+01
1.752587509155273438e+01
1.769883537292480469e+01
1.770047760009765625e+01
1.757601547241210938e+01
1.758289909362792969e+01
1.749127006530761719e+01
1.742928886413574219e+01
1.739430618286132812e+01
1.742080879211425781e+01
1.750407981872558594e+01
1.747616958618164062e+01
1.742387771606445312e+01
1.735195541381835938e+01
1.742635917663574219e+01
1.742551803588867188e+01
1.751482582092285156e+01
1.732904243469238281e+01
1.731282043457031250e+01
1.737825012207031250e+01
1.724428558349609375e+01
1.720507431030273438e+01
1.725036239624023438e+01
1.717967987060546875e+01
1.716894531250000000e+01
1.729910278320312500e+01
1.730623245239257812e+01
1.745872688293457031e+01
1.740280914306640625e+01
1.747824478149414062e+01
1.736644744873046875e+01
1.737242126464843750e+01
1.749778366088867188e+01
1.745918464660644531e+01
1.749112892150878906e+01
1.758945083618164062e+01
1.737060546875000000e+01
1.730756568908691406e+01
1.737941551208496094e+01
1.744122695922851562e+01
1.751715469360351562e+01
1.744900703430175781e+01
1.725442314147949219e+01
1.728614616394042969e+01
1.734528732299804688e+01
1.739882659912109375e+01
1.739228439331054688e+01
1.739230155944824219e+01
1.744030189514160156e+01
1.739184570312500000e+01
1.739053726196289062e+01
1.740399169921875000e+01
1.747892761230468750e+01
1.742922592163085938e+01
1.739467048645019531e+01
1.726951026916503906e+01
1.720722389221191406e+01
1.717675399780273438e+01
1.728231430053710938e+01
1.730349159240722656e+01
1.713835144042968750e+01
1.721692276000976562e+01
1.716392517089843750e+01
1.729705619812011719e+01
1.727988433837890625e+01
1.732515335083007812e+01
1.734444236755371094e+01
1.735227775573730469e+01
1.723479461669921875e+01
1.726118850708007812e+01
1.726554489135742188e+01
1.722507095336914062e+01
1.716603279113769531e+01
1.721767425537109375e+01
1.723583412170410156e+01
1.723260307312011719e+01
1.728226089477539062e+01
1.734857559204101562e+01
1.736940002441406250e+01
1.732951736450195312e+01
1.743549346923828125e+01
1.731979751586914062e+01
1.736015319824218750e+01
1.738463211059570312e+01
1.736931991577148438e+01
1.734392166137695312e+01
1.740876007080078125e+01
1.738714408874511719e+01
1.740490722656250000e+01
1.741044235229492188e+01
1.744460296630859375e+01
1.744622802734375000e+01
1.736467742919921875e+01
1.747834777832031250e+01
1.737541007995605469e+01
1.728887939453125000e+01
1.730249404907226562e+01
1.745939636230468750e+01
1.748891258239746094e+01
1.741535186767578125e+01
1.743582534790039062e+01
1.750166893005371094e+01
1.726979827880859375e+01
1.738247108459472656e+01
1.737598609924316406e+01
1.733487319946289062e+01
1.732835769653320312e+01
1.738858032226562500e+01
1.741213798522949219e+01
1.731034469604492188e+01
1.747151565551757812e+01
1.735395050048828125e+01
1.739390945434570312e+01
1.748336601257324219e+01
1.741978454589843750e+01
1.744280624389648438e+01
1.758671569824218750e+01
1.746915435791015625e+01
1.748283386230468750e+01
1.753645324707031250e+01
1.757948684692382812e+01
1.757932662963867188e+01
1.760010910034179688e+01
1.757327270507812500e+01
1.767226791381835938e+01
1.762915420532226562e+01
1.757668685913085938e+01
1.751988983154296875e+01
1.759499740600585938e+01
1.755864524841308594e+01
1.754037475585937500e+01
1.745845222473144531e+01
1.747394752502441406e+01
1.736762428283691406e+01
1.746237945556640625e+01
1.731153297424316406e+01
1.736815834045410156e+01
1.741522598266601562e+01
1.742899703979492188e+01
1.745689392089843750e+01
1.745977210998535156e+01
1.736204147338867188e+01
1.746501922607421875e+01
1.736546325683593750e+01
1.747684478759765625e+01
1.737308502197265625e+01
1.726979446411132812e+01
1.736964988708496094e+01
1.731518936157226562e+01
1.729309844970703125e+01
1.732881927490234375e+01
1.730340194702148438e+01
1.742124748229980469e+01
1.743367576599121094e+01
1.749299049377441406e+01
1.739958953857421875e+01
1.739438629150390625e+01
1.744701004028320312e+01
1.745207977294921875e+01
1.741302490234375000e+01
1.744829177856445312e+01
1.735046768188476562e+01
1.740379905700683594e+01
1.742565155029296875e+01
1.730447578430175781e+01
1.727397537231445312e+01
1.732544326782226562e+01
1.734184646606445312e+01
1.731489753723144531e+01
1.746506309509277344e+01
1.739406967163085938e+01
1.744714546203613281e+01
1.738054275512695312e+01
1.746286010742187500e+01
1.741939163208007812e+01
1.739317703247070312e+01
1.741704940795898438e+01
1.735851097106933594e+01
1.736734771728515625e+01
1.737275695800781250e+01
1.733562850952148438e+01
1.739539718627929688e+01
1.747879600524902344e+01
1.735794448852539062e+01
1.728960037231445312e+01
1.744487762451171875e+01
1.757112693786621094e+01
1.754830932617187500e+01
1.754414939880371094e+01
1.753274726867675781e+01
1.733551406860351562e+01
1.741139221191406250e+01
1.749045944213867188e+01
1.743549728393554688e+01
1.745004653930664062e+01
1.742390060424804688e+01
1.744507980346679688e+01
1.742189025878906250e+01
1.740618896484375000e+01
1.738573074340820312e+01
1.732897949218750000e+01
1.733860588073730469e+01
1.734321594238281250e+01
1.744342041015625000e+01
1.742048263549804688e+01
1.747565841674804688e+01
1.747586250305175781e+01
1.738638305664062500e+01
1.745488548278808594e+01
1.731371116638183594e+01
1.751820755004882812e+01
1.744325828552246094e+01
1.749310302734375000e+01
1.747124099731445312e+01
1.752090644836425781e+01
1.742752838134765625e+01
1.731800842285156250e+01
1.720104026794433594e+01
1.728159713745117188e+01
1.742171669006347656e+01
1.730638313293457031e+01
1.736761474609375000e+01
1.735405540466308594e+01
1.741554260253906250e+01
1.742817687988281250e+01
1.742988586425781250e+01
1.740434455871582031e+01
1.731985473632812500e+01
1.734914970397949219e+01
1.737820053100585938e+01
1.746662712097167969e+01
1.758196830749511719e+01
1.749129867553710938e+01
1.753675651550292969e+01
1.757288360595703125e+01
1.747340774536132812e+01
1.755024147033691406e+01
1.747672080993652344e+01
1.743060493469238281e+01
1.750055694580078125e+01
1.747402000427246094e+01
1.749413681030273438e+01
1.745927047729492188e+01
1.760083389282226562e+01
1.749530601501464844e+01
1.757017898559570312e+01
1.739519500732421875e+01
1.737160110473632812e+01
1.748950576782226562e+01
1.747041702270507812e+01
1.746801376342773438e+01
1.751679992675781250e+01
1.748512840270996094e+01
1.737848472595214844e+01
1.740081405639648438e+01
1.748247528076171875e+01
1.755527877807617188e+01
1.739264297485351562e+01
1.741951942443847656e+01
1.739278411865234375e+01
1.740415573120117188e+01
1.744353485107421875e+01
1.743397521972656250e+01
1.740803909301757812e+01
1.739942169189453125e+01
1.743008804321289062e+01
1.745687484741210938e+01
1.733775329589843750e+01
1.735486602783203125e+01
1.736189079284667969e+01
1.736503028869628906e+01
1.733127593994140625e+01
1.755501747131347656e+01
1.744291877746582031e+01
1.738372993469238281e+01
1.750944137573242188e+01
1.748727798461914062e+01
1.759767913818359375e+01
1.752467727661132812e+01
1.757224845886230469e+01
1.748052024841308594e+01
1.743850708007812500e+01
1.743305206298828125e+01
1.742805099487304688e+01
1.736663818359375000e+01
1.744514465332031250e+01
1.746423149108886719e+01
1.766003608703613281e+01
1.768803215026855469e+01
1.760968780517578125e+01
1.749740409851074219e+01
1.752425003051757812e+01
1.751412200927734375e+01
1.747317886352539062e+01
1.745864105224609375e+01
1.743020629882812500e+01
1.738555145263671875e+01
1.742948913574218750e+01
1.760357666015625000e+01
1.744620132446289062e+01
1.743933105468750000e+01
1.744162368774414062e+01
1.752836418151855469e+01
1.747916030883789062e+01
1.739158439636230469e+01
1.735216140747070312e+01
1.742341423034667969e+01
1.742772293090820312e+01
1.749277877807617188e+01
1.759236145019531250e+01
1.748938369750976562e+01
1.740789985656738281e+01
1.760099220275878906e+01
1.754850387573242188e+01
1.741870880126953125e+01
1.751795387268066406e+01
1.750226211547851562e+01
1.753445625305175781e+01
1.744829940795898438e+01
1.744043731689453125e+01
1.742712783813476562e+01
1.735030937194824219e+01
1.731823539733886719e+01
1.730477905273437500e+01
1.741777610778808594e+01
1.742097663879394531e+01
1.734669113159179688e+01
1.732053756713867188e+01
1.750412559509277344e+01
1.743980026245117188e+01
1.747091674804687500e+01
1.752472686767578125e+01
1.736572456359863281e+01
1.737283897399902344e+01
1.733331680297851562e+01
1.736999702453613281e+01
1.739404296875000000e+01
1.730169296264648438e+01
1.731044006347656250e+01
1.728707122802734375e+01
1.733973884582519531e+01
1.724583053588867188e+01
1.736695289611816406e+01
1.734147262573242188e+01
1.734565544128417969e+01
1.727985763549804688e+01
1.734595108032226562e+01
1.726308631896972656e+01
1.719622230529785156e+01
1.712367630004882812e+01
1.732496261596679688e+01
1.732936859130859375e+01
1.726630020141601562e+01
1.724199295043945312e+01
1.731324386596679688e+01
1.737027549743652344e+01
1.725064468383789062e+01
1.735958480834960938e+01
1.729401969909667969e+01
1.746267509460449219e+01
1.740230369567871094e+01
1.726314926147460938e+01
1.727670478820800781e+01
1.731333541870117188e+01
1.731059265136718750e+01
1.724790573120117188e+01
1.719627189636230469e+01
1.726387023925781250e+01
1.719118118286132812e+01
1.730672073364257812e+01
1.733946800231933594e+01
1.738150787353515625e+01
1.724380683898925781e+01
1.730755615234375000e+01
1.724584007263183594e+01
1.743511581420898438e+01
1.736095809936523438e+01
1.727130889892578125e+01
1.731333923339843750e+01
1.729614257812500000e+01
1.727558898925781250e+01
1.735469818115234375e+01
1.726567459106445312e+01
1.734221649169921875e+01
1.725712013244628906e+01
1.720310020446777344e+01
1.722364807128906250e+01
1.741993331909179688e+01
1.720944976806640625e+01
1.726892852783203125e+01
1.718793296813964844e+01
