-2.910300903022289276e-02
1.413718331605195999e-02
2.686825953423976898e-02
2.425435557961463928e-02
1.964055188000202179e-02
1.584901474416255951e-02
2.370176091790199280e-02
2.015748806297779083e-02
2.031192183494567871e-02
2.445089630782604218e-02
3.148816153407096863e-02
2.637178637087345123e-02
3.019787929952144623e-02
3.223590180277824402e-02
3.073353879153728485e-02
3.229053318500518799e-02
3.046898357570171356e-02
3.261249884963035583e-02
3.135679289698600769e-02
3.155805915594100952e-02
2.902568504214286804e-02
2.600508928298950195e-02
2.758839540183544159e-02
2.658708766102790833e-02
2.800878882408142090e-02
2.625363506376743317e-02
2.325535938143730164e-02
2.592743560671806335e-02
2.382364496588706970e-02
2.611168101429939270e-02
2.595088072121143341e-02
2.343072555959224701e-02
2.266730368137359619e-02
2.090568095445632935e-02
2.164115011692047119e-02
2.183120511472225189e-02
1.925290375947952271e-02
1.970028504729270935e-02
1.894572935998439789e-02
1.850599795579910278e-02
1.802956685423851013e-02
1.793773472309112549e-02
1.687140762805938721e-02
1.723154634237289429e-02
1.649880222976207733e-02
1.448489911854267120e-02
1.503814477473497391e-02
1.439392752945423126e-02
1.343029737472534180e-02
1.347870752215385437e-02
1.356090418994426727e-02
1.349685247987508774e-02
1.344679761677980423e-02
1.258431747555732727e-02
1.212586928158998489e-02
1.182611566036939621e-02
1.114464085549116135e-02
1.057884562760591507e-02
1.061936002224683762e-02
1.017628517001867294e-02
1.042798161506652832e-02
1.010586135089397430e-02
9.529147297143936157e-03
8.659635670483112335e-03
8.575270883738994598e-03
8.340280503034591675e-03
7.848108187317848206e-03
7.965266704559326172e-03
7.876337505877017975e-03
7.514201570302248001e-03
7.505380548536777496e-03
7.283529732376337051e-03
7.256315555423498154e-03
6.963218562304973602e-03
6.392715033143758774e-03
6.201087031513452530e-03
5.864718463271856308e-03
5.744232796132564545e-03
5.389885976910591125e-03
5.320620723068714142e-03
5.159091204404830933e-03
5.071876570582389832e-03
4.886665847152471542e-03
4.650639835745096207e-03
4.392041824758052826e-03
4.015307873487472534e-03
3.859351621940732002e-03
3.579952521249651909e-03
3.542177146300673485e-03
3.351663472130894661e-03
3.167040180414915085e-03
3.008523257449269295e-03
2.915748162195086479e-03
2.730172593146562576e-03
2.642055507749319077e-03
2.513638930395245552e-03
2.375178039073944092e-03
2.231728984043002129e-03
2.126672305166721344e-03
2.027462469413876534e-03
1.956921536475419998e-03
1.879630843177437782e-03
1.803883351385593414e-03
1.714528887532651424e-03
1.642987946979701519e-03
1.594836474396288395e-03
1.503252075053751469e-03
1.448491704650223255e-03
1.375381019897758961e-03
1.312969019636511803e-03
1.243763719685375690e-03
1.182548468932509422e-03
1.130870310589671135e-03
1.078345929272472858e-03
1.024181488901376724e-03
9.736332576721906662e-04
9.210006683133542538e-04
8.895828505046665668e-04
8.544423035345971584e-04
8.214559056796133518e-04
7.886310340836644173e-04
7.481797365471720695e-04
7.138343644328415394e-04
6.881178705953061581e-04
6.547149387188255787e-04
6.257089553400874138e-04
5.960694979876279831e-04
5.717729800380766392e-04
5.505743902176618576e-04
5.282670026645064354e-04
5.060330731794238091e-04
4.868234682362526655e-04
4.655714146792888641e-04
4.469870764296501875e-04
4.265334573574364185e-04
4.080917860846966505e-04
3.895966219715774059e-04
3.747142909560352564e-04
3.597982577048242092e-04
3.437915875110775232e-04
3.294711932539939880e-04
3.151860728394240141e-04
3.031796077266335487e-04
2.899108512792736292e-04
2.775668399408459663e-04
2.671717957127839327e-04
2.569570788182318211e-04
2.476220543030649424e-04
2.366276021348312497e-04
2.269817923661321402e-04
2.176044799853116274e-04
2.093054790748283267e-04
2.004558773478493094e-04
1.923908566823229194e-04
1.850599655881524086e-04
1.774729898897930980e-04
1.708952331682667136e-04
1.641913695493713021e-04
1.574267080286517739e-04
1.514339965069666505e-04
1.452933356631547213e-04
1.392900885548442602e-04
1.339197624474763870e-04
1.285957114305347204e-04
1.235134404851123691e-04
1.189776448882184923e-04
1.140720705734565854e-04
1.095958286896348000e-04
1.050307400873862207e-04
1.009451079880818725e-04
9.716078784549608827e-05
9.328428131993860006e-05
8.970158523879945278e-05
8.607345080235973001e-05
8.275737491203472018e-05
7.944366370793431997e-05
7.623796409461647272e-05
7.321016164496541023e-05
7.042635115794837475e-05
6.764061981812119484e-05
6.507427315227687359e-05
6.246751581784337759e-05
6.005710747558623552e-05
5.774545206804759800e-05
5.543672523344866931e-05
5.326461541699245572e-05
5.116642205393873155e-05
4.914949386147782207e-05
4.725382677861489356e-05
4.541844828054308891e-05
4.364777487353421748e-05
4.197176167508587241e-05
4.030906347907148302e-05
3.872271190630272031e-05
3.721230314113199711e-05
3.576785456971265376e-05
3.439232023083604872e-05
3.306590951979160309e-05
3.177814505761489272e-05
3.055428896914236248e-05
2.935249176516663283e-05
2.820798545144498348e-05
2.710816261242143810e-05
2.605802728794515133e-05
2.504094663891009986e-05
2.407037936791311949e-05
2.313623190275393426e-05
2.224549643869977444e-05
2.138695708708837628e-05
2.055505683529190719e-05
1.976864405150990933e-05
1.900353527162224054e-05
1.827074083848856390e-05
1.756843266775831580e-05
1.689276723482180387e-05
1.624413380341138691e-05
1.562036595714744180e-05
1.502044324297457933e-05
1.443881410523317754e-05
1.388351574860280380e-05
1.334587523160735145e-05
1.283073561353376135e-05
1.233353577845264226e-05
1.185980363516137004e-05
1.140070708061102778e-05
1.096271898859413341e-05
1.054188305715797469e-05
1.013717519526835531e-05
9.748076990945264697e-06
9.373932698508724570e-06
9.014149327413178980e-06
8.668176633364055306e-06
8.335479833476711065e-06
8.015555977181065828e-06
7.707908480369951576e-06
7.412068953271955252e-06
7.127584467525593936e-06
6.854019375168718398e-06
6.590953944396460429e-06
6.337985723803285509e-06
6.094725449656834826e-06
5.860803412360837683e-06
5.635858087771339342e-06
5.419547051133122295e-06
5.211537882132688537e-06
5.011514076613821089e-06
4.819165496883215383e-06
4.634199740394251421e-06
4.456334409042028710e-06
4.285295290173962712e-06
4.120820904063293710e-06
3.962658865930279717e-06
3.810567477557924576e-06
3.664312544060521759e-06
3.523671921357163228e-06
3.388428922335151583e-06
3.258376636949833483e-06
3.133317022729897872e-06
3.013056584677542560e-06
2.897411377489333972e-06
2.786205186566803604e-06
2.679267254279693589e-06
2.576434098955360241e-06
2.477547923263045959e-06
2.382456614213879220e-06
2.291014652655576356e-06
2.203083795393467881e-06
2.118526481353910640e-06
2.037214926531305537e-06
1.959023848030483350e-06
1.883833647298160940e-06
1.811529614315077197e-06
1.742000563353940379e-06
1.675140197221480776e-06
1.610846652511099819e-06
1.549020339552953374e-06
1.489567011958570220e-06
1.432395833944610786e-06
1.377418357151327655e-06
1.324551362813508604e-06
1.273713337468507234e-06
1.224826746692997403e-06
1.177816670860920567e-06
1.132610691456648055e-06
1.089139914256520569e-06
1.047337491399957798e-06
1.007139189823647030e-06
9.684837323220563121e-07
9.313117743658949621e-07
8.955668704402341973e-07
8.611939961156167556e-07
8.281403438559209462e-07
7.963554935486172326e-07
7.657903324798098765e-07
7.363982490460330155e-07
7.081341095727111679e-07
6.809549404351855628e-07
6.548189617205935065e-07
6.296861556620569900e-07
6.055179824215883855e-07
5.822775506203470286e-07
5.599290489044506103e-07
5.384382575357449241e-07
5.177722641747095622e-07
4.978993501936201937e-07
4.787894454238994513e-07
4.604129344443208538e-07
4.427417650276765926e-07
4.257487944414606318e-07
4.094080452432535822e-07
3.936944779070472578e-07
3.785839908232446760e-07
3.640535339854977792e-07
3.500806826650659787e-07
3.366441490015859017e-07
3.237233840991393663e-07
3.112983790742873680e-07
2.993502903336775489e-07
2.878608427181461593e-07
2.768123295027180575e-07
2.661878681919915834e-07
2.559712015681725461e-07
2.461467261127836537e-07
2.366993356872626464e-07
2.276145494306547334e-07
2.188784407053390169e-07
2.104775802536096307e-07
2.023991783062228933e-07
1.946308429978671484e-07
1.871606940540004871e-07
1.799772206823035958e-07
1.730695089463551994e-07
1.664269007051188964e-07
1.600392351974733174e-07
1.538966643011008273e-07
1.479899367495818296e-07
1.423099007524797344e-07
1.368478450558541226e-07
1.315954705205513164e-07
1.265446911702383659e-07
1.216877620890954859e-07
1.170172510001066257e-07
1.125259885270679661e-07
1.082070824054426339e-07
1.040539672203522059e-07
1.000602196654654108e-07
9.621978591667357250e-08
9.252674715298780939e-08
8.897546166508618626e-08
8.556049380104013835e-08
8.227657133375032572e-08
7.911867072607492446e-08
7.608200291997491149e-08
7.316188543882162776e-08
7.035380633624299662e-08
6.765354498838860309e-08
6.505690919311746256e-08
6.255996964910082170e-08
6.015882547671935754e-08
5.784987422430276638e-08
5.562953120374913851e-08
5.349440357349521946e-08
5.144122283695651277e-08
4.946681997353152838e-08
4.756821780915743147e-08
4.574248535504921165e-08
4.398684083639636810e-08
4.229856997994829726e-08
4.067508996286051115e-08
3.911394230726727983e-08
3.761269695701230376e-08
3.616907662262747181e-08
3.478086441077721247e-08
3.344592869325424545e-08
3.216223376512061805e-08
3.092780787028459599e-08
2.974076629413957562e-08
2.859927761278413527e-08
2.750160099651566270e-08
2.644605778812092467e-08
2.543102084473503055e-08
2.445495361769189913e-08
2.351634442732120078e-08
2.261375620093986072e-08
2.174581581471102254e-08
2.091118567193461786e-08
2.010859212475679669e-08
1.933680415788785467e-08
1.859463516495907243e-08
1.788095005395007320e-08
1.719466169447514403e-08
1.653470782514432358e-08
1.590008835705702950e-08
1.528982451759475225e-08
1.470298016670312791e-08
1.413866357324877754e-08
1.359600521055881472e-08
1.307417463181081985e-08
1.257237514096232189e-08
1.208982958189608325e-08
1.162580787195111043e-08
1.117959413932112511e-08
1.075050803933663701e-08
1.033789143178864833e-08
9.941108380928653787e-09
9.559560254501775489e-09
9.192651084788394655e-09
8.839827536633038108e-09
8.500544268486009969e-09
8.174283472328625066e-09
7.860544215532172529e-09
7.558846881750014290e-09
7.268726509579437334e-09
6.989744338881109798e-09
6.721469159032267271e-09
6.463490187513798446e-09
6.215415293553405718e-09
5.976860339984568782e-09
5.747461173655210587e-09
5.526866075911129883e-09
5.314737983042050473e-09
5.110752709924781811e-09
4.914596285487959904e-09
4.725968061336516257e-09
4.544579379484048332e-09
4.370153572352819538e-09
4.202421965970870588e-09
4.041127432685698295e-09
3.886023502985835876e-09
3.736873033233223396e-09
3.593445541127948673e-09
3.455524089090999951e-09
3.322897068613883675e-09
3.195359976615463893e-09
3.072719634289455826e-09
2.954784861231019022e-09
2.841376467443978981e-09
2.732319925868864630e-09
2.627450035319611743e-09
2.526605147323834899e-09
2.429630940881111201e-09
2.336378646106140877e-09
2.246705710362562058e-09
2.160474465995321225e-09
2.077552574419883058e-09
1.997813026122230440e-09
1.921134806792679228e-09
1.847399233589896994e-09
1.776493840921489209e-09
1.708310048975647533e-09
1.642743163721149813e-09
1.579692709974267473e-09
1.519062209354160586e-09
1.460758403126760641e-09
1.404692584472400085e-09
1.350778155995158158e-09
1.298933627325027373e-09
1.249078729337327331e-09
1.201137411754871209e-09
1.155036066791126359e-09
1.110704306306331546e-09
1.068074184651379710e-09
1.027079976623213042e-09
9.876587325763352965e-10
9.497513886458364141e-10
9.132989364779575681e-10
8.782454208322576505e-10
8.445372734477984977e-10
8.121228689539350398e-10
7.809525803814665323e-10
7.509786681403340936e-10
7.221552800196207045e-10
6.944380626094925901e-10
6.677848274350139945e-10
6.421545517554250182e-10
6.175078226533514680e-10
5.938069480571073200e-10
5.710157346960897939e-10
5.490993770784768913e-10
5.280243464689249322e-10
5.077581133328123997e-10
4.882697579589034831e-10
4.695293598366845345e-10
4.515083862344226873e-10
4.341788872874730032e-10
4.175145229545762504e-10
4.014898136173172816e-10
3.860800290578225713e-10
3.712617990814237601e-10
3.570123086049648009e-10
3.433097972571630407e-10
3.301331152893993703e-10
3.174622231760793056e-10
3.052775532363938282e-10
2.935606202569829293e-10
2.822934386248476812e-10
2.714585500829258535e-10
2.610396621083310720e-10
2.510206764672062718e-10
2.413861888150847790e-10
2.321215303302537336e-10
2.232124485246345102e-10
2.146452876550242195e-10
2.064069332119444766e-10
1.984847564084901705e-10
1.908666003025416558e-10
1.835408908190672150e-10
1.764963730721547108e-10
1.697222640206774713e-10
1.632081136904162122e-10
1.569439578297249227e-10
1.509202762761674421e-10
1.451277986674881504e-10
1.395576015861266228e-10
1.342011779481566691e-10
1.290503398587716788e-10
1.240972602456480445e-10
1.193342230587646213e-10
1.147540257262491536e-10
1.103496322096830795e-10
1.061142840264039933e-10
1.020414794328239338e-10
9.812496648553548084e-11
9.435883324693250529e-11
9.073720941277230168e-11
8.725460631797687938e-11
8.390568101424022984e-11
8.068529178117955780e-11
7.758849812633528131e-11
7.461057466295883955e-11
7.174692784328584594e-11
6.899320004194464673e-11
6.634515853365385851e-11
6.379873712658579166e-11
6.135007779572987374e-11
5.899538496612066751e-11
5.673106429071594903e-11
5.455364979201071662e-11
5.245981427037804679e-11
5.044634501794043047e-11
4.851015769635758090e-11
4.664827898959167385e-11
4.485786395114210734e-11
4.313616130957598216e-11
4.148054122410371747e-11
3.988846752900343517e-11
3.835750120306791189e-11
3.688529343071067501e-11
3.546958907141295470e-11
3.410823012917063579e-11
3.279911758857778636e-11
3.154025304819008113e-11
3.032970055660832998e-11
2.916561089860714162e-11
2.804619557428278398e-11
2.696974761573489587e-11
2.593461383149087141e-11
2.493921215374061973e-11
2.398202122999570918e-11
2.306156134113113154e-11
2.217642909585482158e-11
2.132526794040856544e-11
2.050678030163233245e-11
1.971970677028256347e-11
1.896284344826693058e-11
1.823502460140957737e-11
1.753514174140935467e-11
1.686212627860506075e-11
1.621493564418763356e-11
1.559258624994619424e-11
1.499412399796895556e-11
1.441862861745191182e-11
1.386522147095448076e-11
1.333305514605864772e-11
1.282131345536896561e-11
1.232921750804472083e-11
1.185600662784169756e-11
1.140095916979388946e-11
1.096337690770221585e-11
1.054258763621973571e-11
1.013795037502207563e-11
9.748844093104835906e-12
9.374672045592280512e-12
9.014861773737337103e-12
8.668859900751169079e-12
8.336140805420555466e-12
8.016190142234869143e-12
7.708516984450408671e-12
7.412653824090398302e-12
7.128143995199787142e-12
6.854556852675663947e-12
6.591471292394235348e-12
6.338483123785598750e-12
6.095205069833742328e-12
5.861263297629593083e-12
5.636300020456230797e-12
5.419970462022805080e-12
5.211944157507142350e-12
5.011902351470531869e-12
4.819539298900332724e-12
4.634559229443890871e-12
4.456679816855491083e-12
4.285627408506798020e-12
4.121139627472070188e-12
3.962964938847290952e-12
3.810859613984085570e-12
3.664595103064494097e-12
3.523943940472729075e-12
3.388691020497769379e-12
3.258629043684235782e-12
3.133558950513259944e-12
3.013289487721615423e-12
2.897635473578241694e-12
2.786421267331196105e-12
2.679474480835053463e-12
2.576632700604375437e-12
2.477738500483717132e-12
2.382639007966758093e-12
2.291189807324123251e-12
2.203251036475561975e-12
2.118687170149513577e-12
2.037368971447017785e-12
1.959172190799107760e-12
1.883976481764637612e-12
1.811667244173975622e-12
1.742133672565093772e-12
1.675268647763350494e-12
1.610969604243228659e-12
1.549138530128335578e-12
1.489680449308361521e-12
1.432504830901903947e-12
1.377523529272339786e-12
1.324652735591735908e-12
1.273811026276938652e-12
1.224920664032180806e-12
1.177905971545822883e-12
1.132696800937305071e-12
1.089222462224981314e-12
1.047416493815678251e-12
1.007215361462088232e-12
9.685573740605968318e-13
9.313829004917173471e-13
8.956353996121546590e-13
8.612598481616551283e-13
8.282034997045273350e-13
7.964160472599679519e-13
7.658484306796720098e-13
7.364542461106571292e-13
7.081882281122220402e-13
6.810070085974673226e-13
6.548693878838385274e-13
6.297345999696501995e-13
6.055645893586480977e-13
5.823222221264245935e-13
5.599719906518307866e-13
5.384793088855643894e-13
5.178118133927767097e-13
4.979375744194880493e-13
4.788262343048688141e-13
4.604482485397187741e-13
4.427757260231507397e-13
4.257814261755810126e-13
4.094394365650871892e-13
3.937246579113762301e-13
3.786128311908387722e-13
3.640811339477439956e-13
3.501072587223930110e-13
3.366697383117706055e-13
3.237479457695452423e-13
3.113220401959604366e-13
2.993731564732149408e-13
2.878828902694308134e-13
2.768335690891965406e-13
2.662083877988385971e-13
2.559909207354438276e-13
2.461656909130000015e-13
2.367175737112009459e-13
2.276320679259896673e-13
2.188952957695583512e-13
2.104937995824410213e-13
2.024147857790023486e-13
1.946458402443673741e-13
1.871751045172745376e-13
1.799911131597498049e-13
1.730828208621609798e-13
1.664397244159621092e-13
1.600515645580960489e-13
1.539086241265918975e-13
1.480014705625490312e-13
1.423209965677185718e-13
1.368585556297749473e-13
1.316057722869357072e-13
1.265545692330158345e-13
1.216972757376449943e-13
1.170263972533058805e-13
1.125347577168693547e-13
1.082155334309123362e-13
1.040620972096555075e-13
1.000680725890719380e-13
9.622736093194139695e-14
9.253403300763310413e-14
8.898245774111371298e-14
8.556719379273006187e-14
8.228303021579064236e-14
7.912491191766624077e-14
7.608800064616214054e-14
7.316766143699096614e-14
7.035938129860974666e-14
6.765891151375505452e-14
6.506209145658997661e-14
6.256492990786705066e-14
6.016361183119184330e-14
5.785445771544148186e-14
5.563392018663286531e-14
5.349862127737234352e-14
5.144527788795635881e-14
4.947073905582112519e-14
4.757200289620157341e-14
4.574613189883662556e-14
4.399034101939570951e-14
4.230193669310655658e-14
4.067832699915056860e-14
3.911704876571713008e-14
3.761569303110424978e-14
3.617195586569539600e-14
3.478363159569591856e-14
3.344859925060589267e-14
3.216479884629759589e-14
3.093027204259697627e-14
2.974312487383397319e-14
2.860154807763325147e-14
2.750377304920094412e-14
2.644813960396043273e-14
2.543302821491656707e-14
2.445688034144639922e-14
2.351820012336507809e-14
2.261554421653048236e-14
2.174753026317269300e-14
2.091282503343273175e-14
2.011016644821918969e-14
1.933831106316549753e-14
1.859608319654086628e-14
1.788234104793239715e-14
1.719599702703581562e-14
1.653599573079884283e-14
1.590132071968477362e-14
1.529100468206784358e-14
1.470411926983786199e-14
1.413975561664242500e-14
1.359705652513891125e-14
1.307518597380838074e-14
1.257334605761451993e-14
1.209076597657532740e-14
1.162670881202669190e-14
1.118045797409523631e-14
1.075133753048905169e-14
1.033868256034454342e-14
9.941870494445479572e-15
9.560288080938048050e-15
9.193350867088643380e-15
8.840498117086183216e-15
8.501188576877372061e-15
8.174902168232595773e-15
7.861138294680027061e-15
7.559412453373836466e-15
7.269274869819031953e-15
6.990272804905306100e-15
6.721976812928400977e-15
6.463979471040687264e-15
6.215883944306376321e-15
5.977310338448624596e-15
5.747893582267165485e-15
5.527283004121835708e-15
5.315138943800786289e-15
5.111139105267586968e-15
4.914967968749385518e-15
4.726326108099327544e-15
4.544921720467083939e-15
4.370481214210691565e-15
4.202735656369397180e-15
4.041430090026077240e-15
3.886315063977765355e-15
3.737153832515703947e-15
3.593717273227660727e-15
3.455786851613244087e-15
3.323149115369745943e-15
3.195602258897482957e-15
3.072951041102113014e-15
2.955006785394635217e-15
2.841589920790231656e-15
2.732526170260004758e-15
2.627649091829819053e-15
2.526796266932038529e-15
2.429814594361446971e-15
2.336554996319327622e-15
2.246875171270541760e-15
2.160637476361160561e-15
2.077708715660228286e-15
1.997963951808024927e-15
1.921279729752488168e-15
1.847538947188660102e-15
1.776628101701608654e-15
1.708439302469677307e-15
1.642867305649169715e-15
1.579811949594073055e-15
1.519176884306637151e-15
1.460868406767071997e-15
1.404798319669744739e-15
1.350880437412272251e-15
1.299032386040534053e-15
1.249173909182777799e-15
1.201228773873750603e-15
1.155124452917343815e-15
1.110789477908632854e-15
1.068155980332718968e-15
1.027158526894426764e-15
9.877346489138962363e-16
9.498244188101091431e-16
9.133686501558760905e-16
8.783124975678623624e-16
8.446018568165620903e-16
8.121850059526335586e-16
7.810122876695439840e-16
7.510359504848919052e-16
7.222102546195255900e-16
6.944908896623917978e-16
6.678355039661278136e-16
6.422032811305878209e-16
6.175547811841652912e-16
5.938524170398258150e-16
5.710597133412782540e-16
5.491417299794483682e-16
5.280649562133604095e-16
5.077972577305779178e-16
4.883072943120524839e-16
4.695655786233078176e-16
4.515430468463412558e-16
4.342122498197058386e-16
4.175466118846814624e-16
4.015206691132912949e-16
3.861098310802853597e-16
3.712905132120385447e-16
3.570399250283137890e-16
3.433362819004988960e-16
3.301586197631493219e-16
3.174867157046493702e-16
3.053011673765509970e-16
2.935833665237942095e-16
2.823152607566906504e-16
2.714796447184992167e-16
2.610599747969688479e-16
2.510402103056609156e-16
2.414050252421860374e-16
2.321396229997468646e-16
2.232298422462564895e-16
2.146619584009914323e-16
2.064229748021672597e-16
1.985001991904649580e-16
1.908815216417167511e-16
1.835552954528978922e-16
1.765102180281184568e-16
1.697355294019703550e-16
1.632208666557395226e-16
1.569562639174059207e-16
1.509320729523047308e-16
1.451391616864733673e-16
1.395685171599574527e-16
1.342117087479538463e-16
1.290605308187860222e-16
1.241070292036836704e-16
1.193436335456807057e-16
1.147630911251662630e-16
1.103583345109866894e-16
1.061226139093435520e-16
1.020494905463487382e-16
9.813267784934684500e-17
9.436623335281729133e-17
9.074434694013750477e-17
8.726147319248092984e-17
8.391227844925782460e-17
8.069160110344585817e-17
7.759456409815341789e-17
7.461638963816239747e-17
7.175253153882620548e-17
6.899858919928605980e-17
6.635033407225058937e-17
6.380374275122033625e-17
6.135488447392444845e-17
5.899999391421458460e-17
5.673550426928941604e-17
5.455789174973946687e-17
5.246389395522882795e-17
5.045027164647874162e-17
4.851393116799825956e-17
4.665191452191689214e-17
4.486135304587030546e-17
4.313951373511462433e-17
4.148375953785702968e-17
3.989154604653330841e-17
3.836045127630990524e-17
3.688813596041452022e-17
3.547232038907895720e-17
3.411085389271057832e-17
3.280163543255349887e-17
3.154267315769269118e-17
3.033202153932743051e-17
2.916782769288559808e-17
2.804833468674613128e-17
2.697181371342879426e-17
2.593660379426358055e-17
2.494112666864173897e-17
2.398385701551372174e-17
2.306332907083408489e-17
2.217813001011658785e-17
2.132690822024031898e-17
2.050835344711499428e-17
1.972121499365443357e-17
1.896429013924798475e-17
1.823641090487072294e-17
1.753647217722427730e-17
1.686339862151232889e-17
1.621615957069163664e-17
1.559375909930468671e-17
1.499525256709194354e-17
1.441971187740612262e-17
1.386626683624281819e-17
1.333406627475171316e-17
1.282228962976515493e-17
1.233015356124305580e-17
1.185690698918921761e-17
1.140182282184520624e-17
1.096420788185770227e-17
1.054338718984686242e-17
1.013872050801857064e-17
9.749584969371574516e-18
9.375384176684223303e-18
9.015540757888954992e-18
8.669515391226385008e-18
8.336768754937128777e-18
8.016790478583241082e-18
7.709096661506378400e-18
7.413212502034935295e-18
7.128683878012620153e-18
6.855077346798455189e-18
6.591971459870344635e-18
6.338962966679668890e-18
6.095665987470671966e-18
5.861704982245254789e-18
5.636725917701244663e-18
5.420381377981369316e-18
5.212340077250301261e-18
5.012286032514045241e-18
4.819906983091362489e-18
4.634913415767859444e-18
4.457019126051592759e-18
4.285953212291951318e-18
4.121451390283224428e-18
3.963264678661033627e-18
3.811149886325288327e-18
3.664874161933554848e-18
3.524211685178606216e-18
3.388948216281791195e-18
3.258876132909358975e-18
3.133796704919143693e-18
3.013517612818726768e-18
2.897853568150896323e-18
2.786630242601556807e-18
2.679675789398450329e-18
2.576826633575444527e-18
2.477924990430694911e-18
2.382818658731491725e-18
2.291363502256097602e-18
2.203418279914919115e-18
2.118848368063263257e-18
2.037524519730418617e-18
1.959321417053583413e-18
1.884120359614856285e-18
1.811805748923632946e-18
1.742266535982678154e-18
1.675396428083278844e-18
1.611092441239172163e-18
1.549256761342923718e-18
1.489794262624089909e-18
1.432614162010443041e-18
1.377628674959475925e-18
1.324753532446284721e-18
1.273908187758722077e-18
1.225014058738595457e-18
1.177996699130775088e-18
1.132784040824392286e-18
1.089306497250416030e-18
1.047497687164688937e-18
1.007293607467314718e-18
9.686323230099284650e-19
9.314551039690389127e-19
8.957049782799564714e-19
8.613265765404283727e-19
8.282677863718637761e-19
7.964778912629555238e-19
7.659081392563512720e-19
7.365117429486534899e-19
7.082435175989014685e-19
6.810602430200893120e-19
6.549203016876479461e-19
6.297836787394451183e-19
6.056118068794205436e-19
5.823676697751624740e-19
5.600158020579076984e-19
5.385216172382938434e-19
5.178525450797016335e-19
4.979768425261243463e-19
4.788639038948975197e-19
4.604845193706403750e-19
4.428105648125261092e-19
4.258148208085228992e-19
4.094715413620650321e-19
3.937555233138637828e-19
3.786426750285785444e-19
3.641099646960285434e-19
3.501350067408865637e-19
3.366963978648027955e-19
3.237735877994341247e-19
3.113466725112909940e-19
2.993968336414378219e-19
2.879056664212453038e-19
2.768554898651201185e-19
2.662294501680814981e-19
2.560112622118198050e-19
2.461852095646965315e-19
2.367362995781091541e-19
2.276500307419438525e-19
2.189125477809403634e-19
2.105103185372652023e-19
2.024306509583945085e-19
1.946611114857458443e-19
1.871897964733166890e-19
1.800052675641990826e-19
1.730964482930030572e-19
1.664527921069185617e-19
1.600640626458652524e-19
1.539206180858280582e-19
1.480129458497626191e-19
1.423320115744162076e-19
1.368691427880540880e-19
1.316159384375800186e-19
1.265643722861128209e-19
1.217066636660156679e-19
1.170353938011697246e-19
1.125434282587917213e-19
1.082238781753427396e-19
1.040701196435738199e-19
1.000757937125259606e-19
9.623476761343890547e-20
9.254116060914528522e-20
8.898932460702501123e-20
8.557377953551991969e-20
8.228934905345301861e-20
7.913094083017827841e-20
7.609378565247644804e-20
7.317321124235631001e-20
7.036472626758564279e-20
6.766403326638829200e-20
6.506700279805002806e-20
6.256964759352440395e-20
6.016813548012982635e-20
5.785877645685248449e-20
5.563808731783170586e-20
5.350264624951790586e-20
5.144914452946087237e-20
4.947446407449219262e-20
4.757557404314868404e-20
4.574955991624080430e-20
4.399363642154972253e-20
4.230510875973610579e-20
4.068139199138572589e-20
3.911999811231238816e-20
3.761852959120939595e-20
3.617468906317235393e-20
3.478624378678222248e-20
3.345109996111347675e-20
3.216719609698326975e-20
3.093258379630812695e-20
2.974535343509578727e-20
2.860369555575629095e-20
2.750584916831369504e-20
2.645014860243295622e-20
2.543495565276030737e-20
2.445872743358288102e-20
2.351997275797609428e-20
2.261724244428084544e-20
2.174916162784619189e-20
2.091440391163520777e-20
2.011168490387644844e-20
1.933977352717388771e-20
1.859748878733265007e-20
1.788369492659760900e-20
1.719729173013058362e-20
1.653724037540448096e-20
1.590251496458927920e-20
1.529215745451458001e-20
1.470522595788132399e-20
1.414082543941733461e-20
1.359808186648317597e-20
1.307617371302126367e-20
1.257429480105178527e-20
1.209167691889257483e-20
1.162758416660414425e-20
1.118129760791191133e-20
1.075214515856817671e-20
1.033946442784804442e-20
9.942625336769296342e-21
9.561015577808187159e-21
9.194050308422247740e-21
8.841172151050285127e-21
8.501838268415311396e-21
8.175527633666646173e-21
7.861738606999215796e-21
7.559993782414954991e-21
7.269834333167838252e-21
6.990807087066808695e-21
6.722490779766703816e-21
6.464473436548380994e-21
6.216358834667253061e-21
5.977767311146855249e-21
5.748332935501360875e-21
5.527704317529148294e-21
5.315543395622450470e-21
5.111527052354488879e-21
4.915341056027721403e-21
4.726684907435244012e-21
4.545269416480089925e-21
4.370817509968796556e-21
4.203059788746787309e-21
4.041740586150123674e-21
3.886614736831237444e-21
3.737441114410395145e-21
3.593993940585635280e-21
3.456051879919614559e-21
3.323404704136535204e-21
3.195848041463959796e-21
3.073187415600646010e-21
2.955234812593887091e-21
2.841809488633078800e-21
2.732737364204544207e-21
2.627851629936708897e-21
2.526991534909750553e-21
2.430002386655598956e-21
2.336735955054719456e-21
2.247049058697370820e-21
2.160804776573955646e-21
2.077870226642711266e-21
1.998119393107194054e-21
1.921429289396836434e-21
1.847682785444431189e-21
1.776766588202214100e-21
1.708572453332214359e-21
1.642994963773945473e-21
1.579934861892868912e-21
1.519294909538363514e-21
1.460982513372818058e-21
1.404908513181280844e-21
1.350986374077892748e-21
1.299133903067216981e-21
1.249271330534517597e-21
1.201322925832893376e-21
1.155214674876772863e-21
1.110876400600027597e-21
1.068239541523663010e-21
1.027239070265539922e-21
9.878125847726117315e-22
9.498991976047698590e-22
9.134407476251941701e-22
8.783819009745488421e-22
8.446685354838484719e-22
8.122488009035146927e-22
7.810736237743555159e-22
7.510948898920397015e-22
7.222669589200347826e-22
6.945455536734525144e-22
6.678880630416364786e-22
6.422536934494558863e-22
6.176031154476200387e-22
5.938987666352659321e-22
5.711042458147830481e-22
5.491846159144009586e-22
5.281063030139934573e-22
5.078368943966868233e-22
4.883455929327412282e-22
4.696023587988858560e-22
4.515783638622003100e-22
4.342462441156042837e-22
4.175791151794478451e-22
4.015518849660577241e-22
3.861398905280930912e-22
3.713193776859759311e-22
3.570677534633807142e-22
3.433629802420591861e-22
3.301842825812114464e-22
3.175113646674679689e-22
3.053247384810261737e-22
2.936059762311400979e-22
2.823370035367493177e-22
2.715005285668113886e-22
2.610800672838508123e-22
2.510594638165286624e-22
2.414235467919157285e-22
2.321573467854745367e-22
2.232468031404304275e-22
2.146783600709880833e-22
2.064387773357142744e-22
1.985154079165764977e-22
1.908961601536195255e-22
1.835693462836716032e-22
1.765237455492168672e-22
1.697485410895229270e-22
1.632333956712877664e-22
1.569683128491204247e-22
1.509436369655409969e-22
1.451502424775978862e-22
1.395791553036332984e-22
1.342218936111942972e-22
1.290702658686410676e-22
1.241163834669213994e-22
1.193526228542472368e-22
1.147717138885160630e-22
1.103666262413405484e-22
1.061306198851464845e-22
1.020572261605110591e-22
9.814014680196698762e-23
9.437340539929631569e-23
9.075123380156006728e-23
8.726808473887272822e-23
8.391863182240224624e-23
8.069772536815933857e-23
7.760046181675715141e-23
7.462205751566642455e-23
7.175798755873481024e-23
6.900378383779513670e-23
6.635534427614025465e-23
6.380854786440128953e-23
6.135948185248834512e-23
5.900442912781602001e-23
5.673977355199478109e-23
5.456202520437993059e-23
5.246787402461316116e-23
5.045409830475755018e-23
4.851760886550825217e-23
4.665543958986163612e-23
4.486473795678442286e-23
4.314277135210092680e-23
4.148690182494408887e-23
3.989457977686823478e-23
3.836339129350338821e-23
3.689094770402853995e-23
3.547502757613458763e-23
3.411345049827950037e-23
3.280413387767349470e-23
3.154506454128644660e-23
3.033431766850961679e-23
2.917005048026840901e-23
2.805047384002978198e-23
2.697385856468949126e-23
2.593857328989553978e-23
2.494301662801032891e-23
2.398567554381764472e-23
2.306507486742472395e-23
2.217979938236760008e-23
2.132850960282920784e-23
2.050989128654144903e-23
1.972269803327407444e-23
1.896571815267666461e-23
1.823778728605311331e-23
1.753779787269249026e-23
1.686468021720731574e-23
1.621739302320269804e-23
1.559494863682530045e-23
1.499639411410161597e-23
1.442081279865977780e-23
1.386732747717318017e-23
1.333508460214237395e-23
1.282326849139136061e-23
1.233109343945854001e-23
1.185781160620576266e-23
1.140269250643479387e-23
1.096504352027084962e-23
1.054419253822268159e-23
1.013949269434800855e-23
9.750329466001663346e-24
9.376099374591151893e-24
9.016235229125620285e-24
8.670184038110508594e-24
8.337412531573887417e-24
8.017411894231889199e-24
7.709695398905992577e-24
7.413786573609444059e-24
7.129236556487172891e-24
6.855609896319497073e-24
6.592482974800312922e-24
6.339455050589768165e-24
6.096138792983399284e-24
5.862161859633941961e-24
5.637164924399068026e-24
5.420804438354553729e-24
5.212747502198395802e-24
5.012675416124884956e-24
4.820282890963700661e-24
4.635274892736290257e-24
4.457367431516774180e-24
4.286288744723303791e-24
4.121775352813535274e-24
3.963576398019608345e-24
3.811450488904525376e-24
3.665162544918530505e-24
3.524488923994993575e-24
3.389215055967694471e-24
3.259131695481523319e-24
3.134042416171080087e-24
3.013753947114585628e-24
2.898082286505897141e-24
2.786850729502245119e-24
2.679888290502422907e-24
2.577030689222918230e-24
2.478121336774044717e-24
2.383007194140189493e-24
2.291544885851828637e-24
2.203592614161248673e-24
2.119016075499335723e-24
2.037685896677633543e-24
1.959476846027438296e-24
1.884269805552061609e-24
1.811949009913662299e-24
1.742404215800735730e-24
1.675528335345398149e-24
1.611218718022357672e-24
1.549378136725045809e-24
1.489911040676317666e-24
1.432726612264459673e-24
1.377736992106152840e-24
1.324857969299764824e-24
1.274008192564444708e-24
1.225109761885801918e-24
1.178088524338745677e-24
1.132872003327608807e-24
1.089390877700345010e-24
1.047578685925689416e-24
1.007371333055092818e-24
9.687073865455611293e-25
9.315270901835238588e-25
8.957739418066445513e-25
8.613929183667840411e-25
8.283316592213582837e-25
7.965392828419805238e-25
7.659671756753665166e-25
7.365684991052687643e-25
7.082980908448633643e-25
6.811128100633960423e-25
6.549707485252769320e-25
6.298320687547923725e-25
6.056580179599733815e-25
5.824120127163403346e-25
5.600583570679319809e-25
5.385624890463383250e-25
5.178917695316058474e-25
4.980143975684928261e-25
4.789000020121482522e-25
4.605191484900460666e-25
4.428435859210180419e-25
4.258466902495129689e-25
4.095023058061421135e-25
3.937851397381318269e-25
3.786711564397761565e-25
3.641372817295973876e-25
3.501612302870230267e-25
3.367216042599989538e-25
3.237978686130861345e-25
3.113701292603310264e-25
2.994194042362017488e-25
2.879274018284584896e-25
2.768763973186370641e-25
2.662494301972752207e-25
2.560304027715257930e-25
2.462036117789942253e-25
2.367539949067714538e-25
2.276671061395306188e-25
2.189289925000106236e-25
2.105262187009194230e-25
2.024460150563537517e-25
1.946758830513465144e-25
1.872039527944644635e-25
1.800188351063884709e-25
1.731094489565905101e-25
1.664652926342698263e-25
1.600761479255134787e-25
1.539322280247160690e-25
1.480241405567248097e-25
1.423427889692263708e-25
1.368794588144083891e-25
1.316258670527660438e-25
1.265739155340691757e-25
1.217157896049754390e-25
1.170441923021115393e-25
1.125518882918624027e-25
1.082320613229688539e-25
1.040779814258332261e-25
1.000833438761895733e-25
9.624202883904661060e-26
9.254813834654264651e-26
8.899602094984887113e-26
8.558021625238695778e-26
8.229553502851474949e-26
7.913692980103399618e-26
7.609957495987604120e-26
7.317877431746449072e-26
7.037007820525583246e-26
6.766919719207792717e-26
6.507197743222672047e-26
6.257443764332117505e-26
6.017273212844833849e-26
5.786321856889738565e-26
5.564236557952228809e-26
5.350674038279016999e-26
5.145307660151535062e-26
4.947824652546814509e-26
4.757920564459246607e-26
4.575306352322777719e-26
4.399699443695967350e-26
4.230833598023303409e-26
4.068448121427513638e-26
3.912296803024507575e-26
3.762138670459643488e-26
3.617743536585968214e-26
3.478890766869052752e-26
3.345367430494245649e-26
3.216967992217881899e-26
3.093496161260029556e-26
2.974764583155698628e-26
2.860589293076601248e-26
2.750796495104555910e-26
2.645217939999620947e-26
2.543690771125698972e-26
2.446060914087239009e-26
2.352177992274183300e-26
2.261898408349878334e-26
2.175084419804701536e-26
2.091601981914523554e-26
2.011323829228619279e-26
1.934126702230547929e-26
1.859892579933317453e-26
1.788507601358615679e-26
1.719862219611205860e-26
1.653851972250904432e-26
1.590375016102252199e-26
1.529334746519238697e-26
1.470637024046182278e-26
1.414192485533663373e-26
1.359914078948195681e-26
1.307719220413763875e-26
1.257527251984297020e-26
1.209261752759601829e-26
1.162848767029813832e-26
1.118217189461386253e-26
1.075298919171485559e-26
1.034027473058431502e-26
9.943403739548281613e-27
9.561761461768506956e-27
9.194770888633652635e-27
8.841864255996113292e-27
8.502503844215416012e-27
8.176167341090642975e-27
7.862354775208231255e-27
7.560590056685928328e-27
7.270406340105214727e-27
6.991358350462948125e-27
6.723020842427407818e-27
6.464984748478405958e-27
6.216847549257565614e-27
5.978236769913642292e-27
5.748783402269291400e-27
5.528137312260623337e-27
5.315961847333359215e-27
5.111928829024975449e-27
4.915727027056459061e-27
4.727054455612530133e-27
4.545624921503452722e-27
4.371158009329324045e-27
4.203387940757818666e-27
4.042057026362377570e-27
3.886917976738141438e-27
3.737733902501950639e-27
3.594276003176411969e-27
3.456322796817920898e-27
3.323664357062539215e-27
3.196097113115145190e-27
3.073426160865366834e-27
2.955464685108598587e-27
2.842030685465095853e-27
2.732950250460880467e-27
2.628056209376779614e-27
2.527187747062436963e-27
2.430190981715295971e-27
2.336916075985683313e-27
2.247222244394664281e-27
2.160971012579237433e-27
2.078030261745217805e-27
1.998272880516275839e-27
1.921576957526931823e-27
1.847824625864589258e-27
1.776902448255523736e-27
1.708702187436860695e-27
1.643120420970586540e-27
1.580055748645129283e-27
1.519411296184286245e-27
1.461094618950726840e-27
1.405015968609042623e-27
1.351089930166200019e-27
1.299233399745098719e-27
1.249367414218018847e-27
1.201415128980179352e-27
1.155303069804201861e-27
1.110961132840110678e-27
1.068320851278382838e-27
1.027317128686898051e-27
9.878871797494692940e-28
9.499708191553344656e-28
9.135095949306814132e-28
8.784479439966145652e-28
8.447319403146910788e-28
8.123100652588985955e-28
7.811328705779149731e-28
7.511520154301360920e-28
7.223219034241285842e-28
6.945981900229229338e-28
6.679386492124884506e-28
6.423023549815069057e-28
6.176499702108641900e-28
5.939438911183961426e-28
5.711476213316566254e-28
5.492263496669008392e-28
5.281460834606103492e-28
5.078752374616972047e-28
4.883824190120678938e-28
4.696375354563413660e-28
4.516122756243351288e-28
4.342789542730986158e-28
4.176107528281562347e-28
4.015823212366149885e-28
3.861691761140568545e-28
3.713475322256686503e-28
3.570947117463552162e-28
3.433889516677449765e-28
3.302092112051955005e-28
3.175353884649122466e-28
3.053479593320839891e-28
2.936284348792446105e-28
2.823585669201710418e-28
2.715213109748554560e-28
2.610999355269059889e-28
2.510786238766543604e-28
2.414418963621725580e-28
2.321749473970131050e-28
2.232637899149548889e-28
2.146947016651441507e-28
2.064544178050889234e-28
1.985305040495857568e-28
1.909106344469905727e-28
1.835832654546992000e-28
1.765371063084126686e-28
1.697613116151316478e-28
1.632456498720265805e-28
1.569800580951380434e-28
1.509549788571170148e-28
1.451611676942304359e-28
1.395896690322369061e-28
1.342320328535054265e-28
1.290800739557723512e-28
1.241258358409549305e-28
1.193617351598971397e-28
1.147804654158724597e-28
1.103750451128324867e-28
1.061387334959718655e-28
1.020650064776039842e-28
9.814763487806496544e-29
9.438060016627859906e-29
9.075816066359818061e-29
8.727473719171606333e-29
8.392502742475410612e-29
8.070389153717322552e-29
7.760637025936662442e-29
7.462775710003270650e-29
7.176344788289817103e-29
6.900909722852599430e-29
6.636046207250744819e-29
6.381347388783501467e-29
6.136423266637130957e-29
5.900900691884908264e-29
5.674416747102937917e-29
5.456625366754337834e-29
5.247194929776808840e-29
5.045801338271897018e-29
4.852137045301608033e-29
4.665905939136992346e-29
4.486823042331591410e-29
4.314613007088668611e-29
4.149014027306408810e-29
3.989769713560965455e-29
3.836637218123413470e-29
3.689382420134888279e-29
3.547779624680032005e-29
3.411611261860439652e-29
3.280670294207089591e-29
3.154753596296159732e-29
3.033670380692534214e-29
2.917234975712511955e-29
2.805268029130021894e-29
2.697598614662499663e-29
2.594061523631903295e-29
2.494497415427990127e-29
2.398755676310578002e-29
2.306688400878469055e-29
2.218154755504479970e-29
2.133019774629226735e-29
2.051151652422140349e-29
1.972426106216497074e-29
1.896722013074388179e-29
1.823923064882765906e-29
1.753918821596381798e-29
1.686601401045694790e-29
1.621867735886024783e-29
1.559618369891337404e-29
1.499758360733905440e-29
1.442195775351539782e-29
1.386842442263973950e-29
1.333613801109587193e-29
1.282427849402466147e-29
1.233206120543704725e-29
1.185874059979596372e-29
1.140358693020842042e-29
1.096590430401873055e-29
1.054502240732828120e-29
1.014029199109722622e-29
9.751093898941100485e-30
9.376833048599743720e-30
9.016937679620915967e-30
8.670855591778374946e-30
8.338057154337414170e-30
8.018033049105709356e-30
7.710290508851395802e-30
7.414360840466913646e-30
7.129788140223239970e-30
6.856139073882887649e-30
6.592990839637752920e-30
6.339942452854883285e-30
6.096608727545401298e-30
5.862613881675236089e-30
5.637600188803545419e-30
5.421221583393447208e-30
5.213149679343095741e-30
5.013062109081721514e-30
4.820653432157206863e-30
4.635627988230432967e-30
4.457706667922740583e-30
4.286614123437393096e-30
4.122088172514383105e-30
3.963877165323086575e-30
3.811738103671301520e-30
3.665438521796209328e-30
3.524754229415221169e-30
3.389467807093208955e-30
3.259375753248158331e-30
3.134277575563593047e-30
3.013980681045074380e-30
2.898300187941105001e-30
2.787059866138609631e-30
2.680088939818300810e-30
2.577223780166544075e-30
2.478307153058973436e-30
2.383186714427722326e-30
2.291717455289673306e-30
2.203759068639112229e-30
2.119176325605920499e-30
2.037838699297382808e-30
1.959623750221917507e-30
1.884410919678904264e-30
1.812084539024222163e-30
1.742534581986634240e-30
1.675654219639537765e-30
1.611340384638252639e-30
1.549495746050530777e-30
1.490024101418700884e-30
1.432834890657975610e-30
1.377840845067749909e-30
1.324957517133860707e-30
1.274103938805423365e-30
1.225202245336639415e-30
1.178177299128604297e-30
1.132957630124788015e-30
1.089473272901429626e-30
1.047657929577142755e-30
1.007447371140598470e-30
9.687803778460059473e-31
9.315969524616992173e-31
8.958411414565791390e-31
8.614577436159310978e-31
8.283941908323863210e-31
7.965994196313450885e-31
7.660250466653275549e-31
7.366240521603008287e-31
7.083514852122894656e-31
6.811641346489572383e-31
6.550199177725447089e-31
6.298794320124123144e-31
6.057038390352088864e-31
5.824563223578666708e-31
5.601009118532505057e-31
5.386034711654125117e-31
5.179313215513998294e-31
4.980524895648700924e-31
4.789366474515720859e-31
4.605543138131871867e-31
4.428776059237138903e-31
4.258794403933092511e-31
4.095337212473850144e-31
3.938151988672855174e-31
3.787001047572371335e-31
3.641651171093195485e-31
3.501880425901892375e-31
3.367473696532261528e-31
3.238225271472909043e-31
3.113937902771766940e-31
2.994421630541742338e-31
2.879492372367496466e-31
2.768974039195276146e-31
2.662697830036303297e-31
2.560501056472424114e-31
2.462225732062888083e-31
2.367722333926270608e-31
2.276846276257420547e-31
2.189458145426330378e-31
2.105424170175876524e-31
2.024615751424079027e-31
1.946908169220315643e-31
1.872183403931763812e-31
1.800326609760348199e-31
1.731227995533702002e-31
1.664781649210816131e-31
1.600885185233733967e-31
1.539441390219642506e-31
1.480355519323865471e-31
1.423537764778000040e-31
1.368900552252909952e-31
1.316360304100251743e-31
1.265837086704169497e-31
1.217252377042028285e-31
1.170533059365206961e-31
1.125606605672259791e-31
1.082404719741403998e-31
1.040860751042947959e-31
1.000911457980817436e-31
9.624950683268767171e-32
9.255533363360425576e-32
8.900294268564527002e-32
8.558689144996640730e-32
8.230198424153703308e-32
7.914313116981808686e-32
7.610553034038645960e-32
7.318449153078237037e-32
7.037558312730321914e-32
6.767448518820973402e-32
6.507706585085877465e-32
6.257932843445754526e-32
6.017745258236587342e-32
5.786777662968094769e-32
5.564675058346328479e-32
5.351095963262374594e-32
5.145713590286704521e-32
4.948215257921999530e-32
4.758295043763458121e-32
4.575665245568716539e-32
4.400044626314340552e-32
4.231165173288342678e-32
4.068768865480717425e-32
3.912604440973976530e-32
3.762433862162078478e-32
3.618026732152262103e-32
3.479162645753748224e-32
3.345627662994687185e-32
3.217219011099562142e-32
3.093738325396671834e-32
2.974996939042709284e-32
2.860813238160472448e-32
2.751012367965276511e-32
2.645424763397015358e-32
2.543889675603214041e-32
2.446251498519182460e-32
2.352360650488778478e-32
2.262074455885171042e-32
2.175253618627787709e-32
2.091764867044604002e-32
2.011480219188174146e-32
1.934276982835631064e-32
1.860036726931129410e-32
1.788645428522639423e-32
1.719994942129885452e-32
1.653979473261293491e-32
1.590497341655517412e-32
1.529452450649377494e-32
1.470750319884426395e-32
1.414301170979620063e-32
1.360018164289791501e-32
1.307818721336795443e-32
1.257623055441569828e-32
1.209354245192532720e-32
1.162937793635200759e-32
1.118302950703333827e-32
1.075381170382599601e-32
1.034106845394542810e-32
9.944164990442190511e-33
9.562496668409579036e-33
9.195475740672182527e-33
8.842540908677483342e-33
8.503152914392041756e-33
8.176791601565618908e-33
7.862952976995299742e-33
7.561160965469001231e-33
7.270953450770056363e-33
6.991884479729121933e-33
6.723527935644024862e-33
6.465469456756100294e-33
6.217316721825761289e-33
5.978690266582883029e-33
5.749220544990925757e-33
5.528558582164489106e-33
5.316365321451757772e-33
5.112316399880301731e-33
4.916098842079214549e-33
4.727413264331021174e-33
4.545970201151831617e-33
4.371490472633325587e-33
4.203707388494660275e-33
4.042361605294685516e-33
3.887211779349498107e-33
3.738015832291225585e-33
3.594544910063442235e-33
3.456582280895215197e-33
3.323914519093473301e-33
3.196338851882699702e-33
3.073659118643100930e-33
2.955689076988468580e-33
2.842246157952440564e-33
2.733156792447278279e-33
2.628254941895928078e-33
2.527378608483167264e-33
2.430374794272396623e-33
2.337093991075870946e-33
2.247394037545537662e-33
2.161136078411205888e-33
2.078188788913369698e-33
1.998425436067331063e-33
1.921723327650222908e-33
1.847965281568947634e-33
1.777037054466284702e-33
1.708832300837683157e-33
1.643245409862561309e-33
1.580175729837130001e-33
1.519526741654927183e-33
1.461205415958344810e-33
1.405122672316109631e-33
1.351192185361833134e-33
1.299331211313476969e-33
1.249461230821826054e-33
1.201505102070107675e-33
1.155389815838876230e-33
1.111044842467082382e-33
1.068401305332607637e-33
1.027394735917149085e-33
9.879623187413346603e-34
9.500430750357154571e-34
9.135794239442004146e-34
8.785148866366523682e-34
8.447963821962919990e-34
8.123722072387823579e-34
7.811923114187173397e-34
7.512093076200794210e-34
7.223769566705530532e-34
6.946512693674785585e-34
6.679895881228905500e-34
6.423513216474871955e-34
6.176971184311647958e-34
5.939891881672543376e-34
5.711912099170253354e-34
5.492681943564415943e-34
5.281867133649016058e-34
5.079143949300096778e-34
4.884201068185682514e-34
4.696739565765779003e-34
4.516473374469854104e-34
4.343125610276991473e-34
4.176430868603294515e-34
4.016134765124405595e-34
3.861991180710621297e-34
3.713762950193113607e-34
3.571224158251333867e-34
3.434156465993166454e-34
3.302349340543669173e-34
3.175601662166256022e-34
3.053718050842850876e-34
2.936512539693733803e-34
2.823805590323915928e-34
2.715424552000620230e-34
2.611203202475800744e-34
2.510982666341104145e-34
2.414607741608023428e-34
2.321932180248926992e-34
2.232813866833510345e-34
2.147115966472498081e-34
2.064707154406384272e-34
1.985460927239211286e-34
1.909256406499161166e-34
1.835976616723002671e-34
1.765509633399793250e-34
1.697747090644066472e-34
1.632585558728274400e-34
1.569925166550345219e-34
1.509669486839313038e-34
1.451726569304649668e-34
1.396007218720711660e-34
1.342426716842293268e-34
1.290902985694703286e-34
1.241356587573765053e-34
1.193711872989518422e-34
1.147895717928147594e-34
1.103837983029461903e-34
1.061471283998155422e-34
1.020730762015066571e-34
9.815537393540675201e-35
9.438800063679896867e-35
9.076527398435853135e-35
8.728158627310129273e-35
8.393161678396859919e-35
8.071022846889411310e-35
7.761247943024083254e-35
7.463361144136407161e-35
7.176907864520400974e-35
6.901447293794506335e-35
6.636561006479353397e-35
6.381842056532592060e-35
6.136898995151848888e-35
5.901357018718429079e-35
5.674856820853614492e-35
5.457048278728302786e-35
5.247600784556325192e-35
5.046190044241873804e-35
4.852510704760223301e-35
4.666265448692562187e-35
4.487169012028949701e-35
4.314946462252762857e-35
4.149333485326621937e-35
3.990077533636092465e-35
3.836933234214877308e-35
3.689666119561848095e-35
3.548049757781790279e-35
3.411871205317987517e-35
3.280919240529276430e-35
3.154992686281885918e-35
3.033900409949437163e-35
2.917455009722582763e-35
2.805479128299367597e-35
2.697801435082271914e-35
2.594255191248583861e-35
2.494684276454834852e-35
2.398935296723848493e-35
2.306861889233622986e-35
2.218321565472150696e-35
2.133179729040375069e-35
2.051305657849233714e-35
1.972573939049285873e-35
1.896864325537749678e-35
1.824060444521837423e-35
1.754050945462457545e-35
1.686728639116438137e-35
1.621990067057638714e-35
1.559735645169912953e-35
1.499870668097847925e-35
1.442303874317136628e-35
1.386946011204950513e-35
1.333713565856970907e-35
1.282524173312581112e-35
1.233299199428195848e-35
1.185964027863186747e-35
1.140445261967108789e-35
1.096673307653029746e-35
1.054581655932716449e-35
1.014105304494044570e-35
9.751826231095143305e-36
9.377539904531044107e-36
9.017616506073091989e-36
8.671511479927662610e-36
8.338687444949268976e-36
8.018639305909042135e-36
7.710872012085505416e-36
