2.044588608925159257e+00
1.874723372092613749e+00
1.744758129731202700e+00
1.668718301027249051e+00
1.617138982736147312e+00
1.574427971167442042e+00
1.541446199783912174e+00
1.521710868982168341e+00
1.499959192214868064e+00
1.482123101980258317e+00
1.472404967210231730e+00
1.452608085901309298e+00
1.443638668916164214e+00
1.431997425433916948e+00
1.426862041461162134e+00
1.416741604988391634e+00
1.409532811702826072e+00
1.403440326605087662e+00
1.400570175280937857e+00
1.393483753999074315e+00
1.389278539633139520e+00
1.382830855479607157e+00
1.379849399970128010e+00
1.373518736240191274e+00
1.372365764165536017e+00
1.366227690990154509e+00
1.359409795357630735e+00
1.359401215651096395e+00
1.354534445359156791e+00
1.352017735212277083e+00
1.345914933926019907e+00
1.344913560916215944e+00
1.338336135179568620e+00
1.335600462632301477e+00
1.331444859199034880e+00
1.325480408851916980e+00
1.330797190849597689e+00
1.322999126636065004e+00
1.321498002302952335e+00
1.317124682512038847e+00
1.318624816491053675e+00
1.311718871960273258e+00
1.311874097585678189e+00
1.310144785734323358e+00
1.302338004570740893e+00
1.299330733372614954e+00
1.294080502558977219e+00
1.294962824919284827e+00
1.292770525583854191e+00
1.290154088307649660e+00
1.289733738165635302e+00
1.284485918894792134e+00
1.284099268301939434e+00
1.277873198344157357e+00
1.279254044324923845e+00
1.275854747264813183e+00
1.272878394829921156e+00
1.270555287599563599e+00
1.267554208865532495e+00
1.265696908418948885e+00
1.265624618377441113e+00
1.256255264007128281e+00
1.255146262431755977e+00
1.256539090627279087e+00
1.253580879706602813e+00
1.260175919991273208e+00
1.252387363788409091e+00
1.244394699732462639e+00
1.243669322515145392e+00
1.241841864585876420e+00
1.239080964449124522e+00
1.236199177228487489e+00
1.240629129073558712e+00
1.237927923905543848e+00
1.235002179634876684e+00
1.232273890727605625e+00
1.237077997739498336e+00
1.228455571944897073e+00
1.225100121895472238e+00
1.225539153967148298e+00
1.218393845894397920e+00
1.217032509583693356e+00
1.217638517801578280e+00
1.213782830421741288e+00
1.209981020444478750e+00
1.213877743176924984e+00
1.203140727067605109e+00
1.206520869334538837e+00
1.201608748313708119e+00
1.200204413212262677e+00
1.199548284671245524e+00
1.195362535195472864e+00
1.194820236854064133e+00
1.195404422436004976e+00
1.191043428732798670e+00
1.194877940416336104e+00
1.188225123362663505e+00
1.186656118203432086e+00
1.189182333304331873e+00
1.177786869880480536e+00
1.179714420972726385e+00
1.181234151124954224e+00
1.176841551065444857e+00
1.174285032657476524e+00
1.170802397300035436e+00
1.174378037299865341e+00
1.169445591095166437e+00
1.170251167584688279e+00
1.160478264704728701e+00
1.165515336470726249e+00
1.161351416814021542e+00
1.166460649630962187e+00
1.158072846058087579e+00
1.160552221078139157e+00
1.158039349623215530e+00
1.154882771540910680e+00
1.151129636703393411e+00
1.151212286643492844e+00
1.148311880154487374e+00
1.144512619269199893e+00
1.145343246521093983e+00
1.143029166032106358e+00
1.148582417842669345e+00
1.148220856525959066e+00
1.143530882016206451e+00
1.132828957300919814e+00
1.136769370390818601e+00
1.135173490872749991e+00
1.126797191913311291e+00
1.135212025122764867e+00
1.135352528859407517e+00
1.131622627759591104e+00
1.126021816333135028e+00
1.119097332465343042e+00
1.122092970823630242e+00
1.126041798713879771e+00
1.123769689981753972e+00
1.122116240935447928e+00
1.121225004012768034e+00
1.119479541136668255e+00
1.127755717742137342e+00
1.117759578961592393e+00
1.117466436746793024e+00
1.113062159220377545e+00
1.114536706606547023e+00
1.109184436003367136e+00
1.103660404376494597e+00
1.113930511933106660e+00
1.107897437994296741e+00
1.098755124593392418e+00
1.099618850763027567e+00
1.100626359230432838e+00
1.099134469490784971e+00
1.103502309169524853e+00
1.099577981539261673e+00
1.091749556553669454e+00
1.092414356500674533e+00
1.089433958285894066e+00
1.097462924474325030e+00
1.085351859453396850e+00
1.089877177201784564e+00
1.085845124874359469e+00
1.087141319115956684e+00
1.085316306811112685e+00
1.085007304106003101e+00
1.082271584486349969e+00
1.083981879552205374e+00
1.075749502579371075e+00
1.074765304877207894e+00
1.073376894914186863e+00
1.071146437296500498e+00
1.071740352190457823e+00
1.076239976210471960e+00
1.069359436249121664e+00
1.061189315410760781e+00
1.076656876313380806e+00
1.064272905160219329e+00
1.072802181580127856e+00
1.067212960964594171e+00
1.067857275559352059e+00
1.070879566822296569e+00
1.065995712769337134e+00
1.061678461692272091e+00
1.059004502571546213e+00
1.056910463479848961e+00
1.056335747089141464e+00
1.052973872270339672e+00
1.053641233841578151e+00
1.051511175968708134e+00
1.050308338953898524e+00
1.051558114320803927e+00
1.050649802501385066e+00
1.046907025575637862e+00
1.039477840142372322e+00
1.044443946006970547e+00
1.039367554890803902e+00
1.040900837763761855e+00
1.040273788647773978e+00
1.042643153514617449e+00
1.035529898680173533e+00
1.036336363126070026e+00
1.032722835663037353e+00
1.036466385003848023e+00
1.036586200121121459e+00
1.036351201931635435e+00
1.033209639482009168e+00
1.022272307903338673e+00
1.028316771984100431e+00
1.032699947937940843e+00
1.030462235670823290e+00
1.032898383262830011e+00
1.028130872433002274e+00
1.022588682174682573e+00
1.021205514363753508e+00
1.022424473517980381e+00
1.027843570403563778e+00
1.020054741547657962e+00
1.015137477104480546e+00
1.021695887583952578e+00
1.019548731889480253e+00
1.013255224625269513e+00
1.017372010762874979e+00
1.013330628780218179e+00
1.018945504763187460e+00
1.018594255202855736e+00
1.011552429810548492e+00
1.010885054637224334e+00
1.011774927377700806e+00
1.008540731974137072e+00
1.012065859482838448e+00
1.008123346322622016e+00
1.001775226837549493e+00
1.003310376558548267e+00
9.998154739538828162e-01
1.000043316987844655e+00
1.004998984703650899e+00
9.969402650992075232e-01
9.984086206326118207e-01
1.003723073464173554e+00
9.913902423320672952e-01
9.970750263104072308e-01
9.887888835026668044e-01
9.982852903696206592e-01
9.948283193967281113e-01
9.958565270289396754e-01
9.936581862278474064e-01
9.965090154073177331e-01
9.915978937576979124e-01
9.942256126648340020e-01
9.870178198203062303e-01
9.862789765382424800e-01
1.000847688546547598e+00
9.923277861032731018e-01
9.894999118951650630e-01
9.929314601115691863e-01
9.833713135658166404e-01
9.907063560608105890e-01
9.817273612205799083e-01
9.851003156258509863e-01
9.820519762161450394e-01
9.885356059441199328e-01
9.782701851465762655e-01
9.825467375608590848e-01
9.741554128818022962e-01
9.745997788050235755e-01
9.823333347455048825e-01
9.802206537662407904e-01
9.769230799797253839e-01
9.769972888322976390e-01
9.836877738818143868e-01
9.747300733358431613e-01
9.690818288387396118e-01
9.689253915578891485e-01
9.698334435621897009e-01
9.682534628953689548e-01
9.694939714211684434e-01
9.733437802547063589e-01
9.677760118093245989e-01
9.629492021523988754e-01
9.598959080683879819e-01
9.641361887638385531e-01
9.619713800075726517e-01
9.684935986995697466e-01
9.634416309686807400e-01
9.635304402082394137e-01
9.522032950169000420e-01
9.551175815936846503e-01
9.587565385378323812e-01
9.618565151324638407e-01
9.559486068212068588e-01
9.662714556241647212e-01
9.545980195204416541e-01
9.611689319977393398e-01
9.531934851255172703e-01
9.555810858041812184e-01
9.522787515933697211e-01
9.539808750152587447e-01
9.521046849397513112e-01
9.519766419361799237e-01
9.495861592965247899e-01
9.502248938267047196e-01
9.447543972577804317e-01
9.462303615533388390e-01
9.497179514322525717e-01
9.454282276141338093e-01
9.470259965994418661e-01
9.466207563877105935e-01
9.449401461161099913e-01
9.389312863349914551e-01
9.451312341751196833e-01
9.479348653402084324e-01
9.452625827911572687e-01
9.417306979497274133e-01
9.442519563895005463e-01
9.345896500807542306e-01
9.359510965836354002e-01
9.363107808125324949e-01
9.339319511865957768e-01
9.367694394710736061e-01
9.406790074629661769e-01
9.350369027027717328e-01
9.378297949448609616e-01
9.358715181167308605e-01
9.371262108668302337e-01
9.294641875303708556e-01
9.316685114151391778e-01
9.312813819983066788e-01
9.273474340255444259e-01
9.353473432553119915e-01
9.331974086089012133e-01
9.286750162259126418e-01
9.295582520656097136e-01
9.302465703242864814e-01
9.306932631211403129e-01
9.209426505443377708e-01
9.222715370165995852e-01
9.291965428071143895e-01
9.189018787481846307e-01
9.252628505229949507e-01
9.301362392229911569e-01
9.258022876886221608e-01
9.196038424968719927e-01
9.276558423653626928e-01
9.201915372640658841e-01
9.218299732758448162e-01
9.165651092162498959e-01
9.160754912938826600e-01
9.119053473839393575e-01
9.155963252752254977e-01
9.102253495118557414e-01
9.174866514328198219e-01
9.233941298264723985e-01
9.111462438717866652e-01
9.162796692970471835e-01
9.163059181127792829e-01
9.142077224376874423e-01
9.051317791144053437e-01
9.113137390369023816e-01
9.155864319740197876e-01
9.114448808706723248e-01
9.064703588302318593e-01
9.167695976220644472e-01
9.053197027781070272e-01
9.088998814423878692e-01
9.034619990067603856e-01
9.033031200751280299e-01
9.080229733234796985e-01
9.059418698151906479e-01
9.047873345705178538e-01
8.985222449669471034e-01
8.986299060858212728e-01
8.980627423677689514e-01
9.071543050882143744e-01
8.890349935262631398e-01
9.003449103771111739e-01
9.051815575514083889e-01
8.986403893201778681e-01
8.951346442485467181e-01
9.003140972210810222e-01
8.963175819470332595e-01
8.929643782285543452e-01
8.894363580605922914e-01
8.931196857721377391e-01
8.904647579559913373e-01
8.947364878960144541e-01
8.988844489439939967e-01
8.881365907497894563e-01
8.953847631430014165e-01
8.948604615835042964e-01
8.988703827063242446e-01
9.014718301785298316e-01
8.969408018466753507e-01
8.864742592359200479e-01
8.903742351593115778e-01
8.936918261723640899e-01
8.893732905387878862e-01
8.827181635758816203e-01
8.894769833638117573e-01
8.916329423586527581e-01
8.898255844910939460e-01
8.893973113634647820e-01
8.876536546609340439e-01
8.799838750790327513e-01
8.807842141542678860e-01
8.866777256513252992e-01
8.861543351258986956e-01
8.817073970268933802e-01
8.789489252445025214e-01
8.803615982715899957e-01
8.748800950172620494e-01
8.740344489232088065e-01
8.815672032344035181e-01
8.811340609422096959e-01
8.779330319319016418e-01
8.762751003106434844e-01
8.789928156595964159e-01
8.826438012795571053e-01
8.804766901028462378e-01
8.797249055825746566e-01
8.727573266396155827e-01
8.734745387847606679e-01
8.730289502021594261e-01
8.862871200610429323e-01
8.808160826181754555e-01
8.780194129699315786e-01
8.743145114336258183e-01
8.819803499258481727e-01
8.635393419326879982e-01
8.766064336666694601e-01
8.697917880156100789e-01
8.699069709349901425e-01
8.769653566372700437e-01
8.638678981707645921e-01
8.668070854284823934e-01
8.719242655313932389e-01
8.697150484109535951e-01
8.691196195590190632e-01
8.781821029308515270e-01
8.708482583363851282e-01
8.670164181635929834e-01
8.717788084959372519e-01
8.593574728721227185e-01
8.773315232533674957e-01
8.738266367178696425e-01
8.659292129369882129e-01
8.670926899482042094e-01
8.641976163937494793e-01
8.644760935734480123e-01
8.623277415831883674e-01
8.604221851397783061e-01
8.596151642310313479e-01
8.559847414493561013e-01
8.587625728203700515e-01
8.551884369972424516e-01
8.612767641360943305e-01
8.623346389104158405e-01
8.585109064212211871e-01
8.588016571142734756e-01
8.584951646817036153e-01
8.484361792222047116e-01
8.489943640354352672e-01
8.539754019333766211e-01
8.546618709197411068e-01
8.495432786452464802e-01
8.545671988756228243e-01
8.504185916521610489e-01
8.485388540304623639e-01
8.433567260320370407e-01
8.525207586777515667e-01
8.384951261373666531e-01
8.494365737988398557e-01
8.450326762138269387e-01
8.445169432040972035e-01
8.405452321737240107e-01
8.473537960113622924e-01
8.512375515240889756e-01
8.502529028898629937e-01
8.447921237884423729e-01
8.573870279850104303e-01
8.564392783702947654e-01
8.485028295944898602e-01
8.453943289243257553e-01
8.431254431223258461e-01
8.440606451951540024e-01
8.469459983018728932e-01
8.523306496632404583e-01
8.494035621484120613e-01
8.431717570011432183e-01
8.429913947215447179e-01
8.471604914237291784e-01
8.379688089474653934e-01
8.519251410777751721e-01
8.426191883209424027e-01
8.413358749487460653e-01
8.447168735357430958e-01
8.342841209509433975e-01
8.407674635067964308e-01
8.450455463849581017e-01
8.461208322109320390e-01
8.379973176198127760e-01
8.337728182474771765e-01
8.399978194481286797e-01
8.411191223523555305e-01
8.415461135980409901e-01
8.319324204554924274e-01
8.422305529698347337e-01
8.359050624645673055e-01
8.317193068754978880e-01
8.304725123521609076e-01
8.419358961093119653e-01
8.318777038500859700e-01
8.441395145960343127e-01
8.324017345905303511e-01
8.334407441891156232e-01
8.417783083059848792e-01
8.266673289048366291e-01
8.367507645717033871e-01
8.299458525119683960e-01
8.267562547555336039e-01
8.292229432326096994e-01
8.245855409365433486e-01
8.324626892040937198e-01
8.198687174381353859e-01
8.292886992295582793e-01
8.344311165503967009e-01
8.331652876658317552e-01
8.268517004373746593e-01
8.297802122739644792e-01
8.332874336303808249e-01
8.187577088673909653e-01
8.226512053838143101e-01
8.258651522489693919e-01
8.300505218597559187e-01
8.240962412112798896e-01
8.221116671195396464e-01
8.318532657928955354e-01
8.151178321777245994e-01
8.238886696405899324e-01
8.236222291604066159e-01
8.200361868509880026e-01
8.309423154745346762e-01
8.263394995377614238e-01
8.251887416228269601e-01
8.343106910204276527e-01
8.311559666425754056e-01
8.193259451633844170e-01
8.210571598548155325e-01
8.134415793113219939e-01
8.193943818410237556e-01
8.326586900613246467e-01
8.151965111494063887e-01
8.236678670614193676e-01
8.262621971277089861e-01
8.140553336877088819e-01
8.233270142322931529e-01
8.175531169542900045e-01
8.155408568107165301e-01
8.128653694421816844e-01
8.199075293082457305e-01
8.262904275686312472e-01
8.092964640030494428e-01
8.209519614011813182e-01
8.172810102884585648e-01
8.130048002952184882e-01
8.181655625502268769e-01
8.128216788554802896e-01
8.129594954160543896e-01
8.059428667410826197e-01
8.087545081590994389e-01
8.124661133839533589e-01
8.014501557136193277e-01
8.066794418371641129e-01
8.034151031420780908e-01
8.056949166151193831e-01
8.114547432997287757e-01
8.092588848792590106e-01
8.086287120978037368e-01
8.131367927942521057e-01
7.961455004337506525e-01
8.076134765759492851e-01
8.072120200365017206e-01
7.952910129076394830e-01
8.087389948276373364e-01
8.082685845020489701e-01
8.097099439455912595e-01
8.000731618740619666e-01
8.070990520410048497e-01
7.895308747505530578e-01
7.958149775480612975e-01
7.943889358868965189e-01
7.981563622370744238e-01
7.949522473873236184e-01
7.922998707263897433e-01
8.007037871159039533e-01
7.987818284676625469e-01
8.020314241066957006e-01
8.010816543530194789e-01
7.983046575234487019e-01
8.045223940641451632e-01
7.985564233400882506e-01
7.997253744265971909e-01
7.973644749476359594e-01
7.864573315168038592e-01
7.906468988229067296e-01
7.925610521664986363e-01
8.020613353986006944e-01
7.940066820535904846e-01
7.912447139238699689e-01
8.016091001339448185e-01
7.929547925790151330e-01
7.943987343555841685e-01
7.921068678299586496e-01
7.918579129836498254e-01
7.868434080710777767e-01
8.002144914406996712e-01
7.978299307517516814e-01
8.019815742969512717e-01
7.985020789580467016e-01
7.962128086731984355e-01
7.973418640784728506e-01
7.961885232191819872e-01
7.953458025669439824e-01
7.849662458285306954e-01
7.894950940058781397e-01
7.886311199420538154e-01
7.852759769329658024e-01
7.866015835450246296e-01
7.893630600892580507e-01
7.881551588957126375e-01
7.887924137787941659e-01
7.863804464156810559e-01
7.924726253900772344e-01
7.892749995757372128e-01
7.902657357545999073e-01
7.886697282393773101e-01
7.938328979871211999e-01
7.879590463179808602e-01
7.772971677474486141e-01
7.852570715623024000e-01
7.918204118043948858e-01
7.917735107434101804e-01
7.892766770644065177e-01
7.779651388908044307e-01
7.813477536806693324e-01
7.928454237106519198e-01
7.821128345452822428e-01
7.864440262317657915e-01
7.881514945855507825e-01
7.796580713528853401e-01
7.820246055340155378e-01
7.782433777283399579e-01
7.834880518607604261e-01
7.779958489613655326e-01
7.729501690620030896e-01
7.781182545882004975e-01
7.764533122380574692e-01
7.937770550067607678e-01
7.766667369084480077e-01
7.854163533602005476e-01
7.789544844474547425e-01
7.813041362242820753e-01
7.793236698095614701e-01
7.767596228764607202e-01
7.808335771163305017e-01
7.961060482722062126e-01
7.809940353418007852e-01
7.823293423805481872e-01
7.805339383773314266e-01
7.800706851176726353e-01
7.645438666527087923e-01
7.759267994990715067e-01
7.826943276020196238e-01
7.769576969819190770e-01
7.717892439701617979e-01
7.737125927057021402e-01
7.714254308205384936e-01
7.759998780030470389e-01
7.807088754115960594e-01
7.719419772808367997e-01
7.610297305461687367e-01
7.645008750450916768e-01
7.712662599789790185e-01
7.728581176354334392e-01
7.695102532704670706e-01
7.792677013537823161e-01
7.646854526721513778e-01
7.587024753674482813e-01
7.816458497291955965e-01
7.709495939505406348e-01
7.646659511022079192e-01
7.793446787656881369e-01
7.736755003531773367e-01
7.631113394712790710e-01
7.708371154772929446e-01
7.715189289588194610e-01
7.636162456029500500e-01
7.660770410146469089e-01
7.649344753760557447e-01
7.675372691490711663e-01
7.659896033696639295e-01
7.624298829298753466e-01
7.610578993956248484e-01
7.682002717867876251e-01
7.562696572297659126e-01
7.564740599730075399e-01
7.582947712678175245e-01
7.512763289304880132e-01
7.548374114128258983e-01
7.620159415098336497e-01
7.586338623976096596e-01
7.577134118630335369e-01
7.558389549071972136e-01
7.613580433221963650e-01
7.606922921461937159e-01
7.549501298329769350e-01
7.596380341511506096e-01
7.509411876018230458e-01
7.648750049945635121e-01
7.490976412326861844e-01
7.449708499969580622e-01
7.581487710659320367e-01
7.602026921816361638e-01
7.593592927241936685e-01
7.583397764426010879e-01
7.524105764352357895e-01
7.514507856888649195e-01
7.505419096121421774e-01
7.590387540750014317e-01
7.551127245028813606e-01
7.557015564961311327e-01
7.516000192898970589e-01
7.580416995745439257e-01
7.552673658499351461e-01
7.538191793820796516e-01
7.545492074428460372e-01
7.645223846802344791e-01
7.588149314507459664e-01
7.605195543704889038e-01
7.547075389287410951e-01
7.471543051493473309e-01
7.443353375563255270e-01
7.513365547626446039e-01
7.482484651681704513e-01
7.542991057420388445e-01
7.468373848077578536e-01
7.493544581608894140e-01
7.490746385011917141e-01
7.536727630175077408e-01
7.569203421091421635e-01
7.413773337235817218e-01
7.446184809391315218e-01
7.519513460306020969e-01
7.411851503146000830e-01
7.510041603675254862e-01
7.461869997091782336e-01
7.378138924256348874e-01
7.335796473117974781e-01
7.457772700450359116e-01
7.439505469340544908e-01
7.408699948818255887e-01
7.503693096148662534e-01
7.459615279466678128e-01
7.510271853361374372e-01
7.421574038572800180e-01
7.355397792962881098e-01
7.383638828228681339e-01
7.472120011464143952e-01
7.431265769860683212e-01
7.366008973274476013e-01
7.370466250639695627e-01
7.444852955830403296e-01
7.511671406336319912e-01
7.345145223232415477e-01
7.330512282940057078e-01
7.518316537905962438e-01
7.386988118672982440e-01
7.519512483706840555e-01
7.405813567913495099e-01
7.334950372194632973e-01
7.394004263174839275e-01
7.435977825751671766e-01
7.375392102278195416e-01
7.299114853143692239e-01
7.329236383621509088e-01
7.325221137358591816e-01
7.377470780641605108e-01
7.275759755036770304e-01
7.420514288621070653e-01
7.374810522183393724e-01
7.341067337072813004e-01
7.349873560361372959e-01
7.357973056725967131e-01
7.431767889322378196e-01
7.369218980654691498e-01
7.315893737933574226e-01
7.359402007017380454e-01
7.270926801057961963e-01
7.434368631778619507e-01
7.315677615312429216e-01
7.369750891740505239e-01
7.315675768332603468e-01
7.287160656391046265e-01
7.273829973660982384e-01
7.278977800638247730e-01
7.254872773702327748e-01
7.316129211431894319e-01
7.446504088548513423e-01
7.239490848321180616e-01
7.289536807781610284e-01
7.231552357092881911e-01
7.368136250055753456e-01
7.256705623406630723e-01
7.356351490968312534e-01
7.255272817917358674e-01
7.300967175226945605e-01
7.177678996935868971e-01
7.284143371459764760e-01
7.351163578339111604e-01
7.297642364715918317e-01
7.313120683034260994e-01
7.261510856640644995e-01
7.319883669034028539e-01
7.326572950069720758e-01
7.238143366116743804e-01
7.208293156746106156e-01
7.263418155602919812e-01
7.208955550040954119e-01
7.246084586932108884e-01
7.313589912194472520e-01
7.256880234449337719e-01
7.227457479788707007e-01
7.294647047917047766e-01
7.249151843480574620e-01
7.209547704611068975e-01
7.168267605396417830e-01
7.262697944274315587e-01
7.259010166693956601e-01
7.195437020980395282e-01
7.151256183783213372e-01
7.290269041672731154e-01
7.215435604254404334e-01
7.221867361129858942e-01
7.284854470155177619e-01
7.195052114052650216e-01
7.233077912758558714e-01
7.275158952444027438e-01
7.247017326263280879e-01
7.131886531909307214e-01
7.182922040040676803e-01
7.137828495257939609e-01
7.192998898334992397e-01
7.169181980383702024e-01
7.201776751340963623e-01
7.187165380288392802e-01
7.058105997550181421e-01
7.125334548644530752e-01
7.136122284027246465e-01
7.101140495294179233e-01
7.181060114732155109e-01
7.134291905623215690e-01
7.140918805049015772e-01
7.100636593042275457e-01
7.161455316421313499e-01
7.105972717969845087e-01
7.092083853788865300e-01
7.049096713463465225e-01
7.097271508131272055e-01
7.169759340775319068e-01
7.098909556865692361e-01
7.114336975874044899e-01
7.074583937724431282e-01
7.000698924828798742e-01
7.061720260442831965e-01
7.159633964300156084e-01
7.067622741827598309e-01
7.001984354777214259e-01
7.085749423656708679e-01
7.045920709768931367e-01
7.033345494514856577e-01
7.000429750252992189e-01
6.969957363911164494e-01
7.071765126326144957e-01
6.928263181295150064e-01
7.036528066946909910e-01
7.089754891701233186e-01
6.997171166615608895e-01
6.965122601924798040e-01
7.048573007950416081e-01
7.072052059265283575e-01
7.030192603667576590e-01
7.102880984544753806e-01
6.999675721694261776e-01
6.929995573483980209e-01
7.019218013836787673e-01
6.960534308965389272e-01
6.925005586483539144e-01
7.028404414653778298e-01
7.002612332503000969e-01
6.966683863065181725e-01
7.022738261100572865e-01
6.930893529684115650e-01
6.960547643594252598e-01
6.972274132263965862e-01
7.028429338565239659e-01
6.947370685063876117e-01
7.043318750002445228e-01
6.893098510992832217e-01
6.958072000589126116e-01
6.929054098251538063e-01
7.012261845362491863e-01
6.906035202435958364e-01
6.854955233060396891e-01
6.847692449887593513e-01
6.939634865675217146e-01
6.879187207191418407e-01
6.947374341579584112e-01
6.931609161389179485e-01
6.942179980950478058e-01
6.951885643677834237e-01
6.875588240531774753e-01
6.974014258537537536e-01
6.917681945440096181e-01
6.901814992611224886e-01
6.875677444231815816e-01
6.870847867085383420e-01
6.825197856395672780e-01
6.808744342663348714e-01
6.811663418244092716e-01
6.774487414421179743e-01
6.854076212797409751e-01
6.892123516553487761e-01
6.900075984306824894e-01
6.952338577845157408e-01
6.921457263139577654e-01
6.870101315088761318e-01
6.952970534563064353e-01
7.020851395069024337e-01
7.006520043580960477e-01
6.875836366262191302e-01
6.927207898635130423e-01
6.847587853670120683e-01
6.921069307969166529e-01
6.940213959186505299e-01
6.912335349199099088e-01
6.890567102493383445e-01
6.872069414609517368e-01
6.844042643522605385e-01
6.932602536219817368e-01
6.897798163004410510e-01
6.899654418230056763e-01
6.879869051468677776e-01
6.854274279031997708e-01
6.821155526699164140e-01
6.923331978993537694e-01
6.995830853015948536e-01
6.958560197781293866e-01
6.964241423668005027e-01
6.913818117899772631e-01
6.888917922973633035e-01
6.879749234670248237e-01
6.896388448201693500e-01
6.963227372903090240e-01
6.925823592222654090e-01
6.875605936997976064e-01
6.998888646180813078e-01
6.864734629789988052e-01
6.953027037473825667e-01
6.835207475301546820e-01
6.895267202303959619e-01
6.919632696188413590e-01
6.959932375412720695e-01
6.935265329403754730e-01
6.895106456982783572e-01
6.941734785452867706e-01
7.003219401989227988e-01
6.868112204166558765e-01
6.799069536802095914e-01
6.905663954141812999e-01
6.922165600153116216e-01
6.956532829082928693e-01
6.859756364272191487e-01
6.834654595607366767e-01
6.962076864945583310e-01
6.936819078066409627e-01
6.848787527053784574e-01
6.872142666425460344e-01
6.844868867825238956e-01
6.859849934394542936e-01
6.997449298699697229e-01
6.897242002762280499e-01
6.804614264231462206e-01
6.885938953130673612e-01
6.858981962387378228e-01
6.838782040736613999e-01
6.949106052899971520e-01
6.953496880256212487e-01
6.939410594029303825e-01
6.929205224300042376e-01
6.880412877370150060e-01
6.970586649882487551e-01
6.866466420583235974e-01
6.904442702348415617e-01
6.833256658835288322e-01
6.912382545379491816e-01
6.916976629159389267e-01
6.965154929038805953e-01
6.948334193382508239e-01
6.849514541717676153e-01
6.945360083610583324e-01
6.995955893626579769e-01
6.917812170126499405e-01
7.037159304588268549e-01
6.984666912983625853e-01
7.017742534478504934e-01
6.998785774677227511e-01
6.921770136325787748e-01
6.970975393668199516e-01
6.958013030963066115e-01
6.964281179966070878e-01
6.954596015887383187e-01
6.971758921176959278e-01
6.939416533861404446e-01
6.904683274336350651e-01
6.928964840295986916e-01
6.887421845625608663e-01
6.835508382473236555e-01
6.901219368745119542e-01
7.021991989551445990e-01
6.912072180937498533e-01
6.919594481205328940e-01
6.939441395111572985e-01
6.961235382618048417e-01
6.943642664414185761e-01
6.947059883521153889e-01
6.972369488997337550e-01
6.973337355332497323e-01
6.936207453409830581e-01
6.902017474174499956e-01
6.979199182528715850e-01
6.997935426540863313e-01
7.020757400836700191e-01
6.957146908992376533e-01
6.898963527801709184e-01
6.841069278808740162e-01
6.975198962749579179e-01
6.951483358939488655e-01
6.828854910838297876e-01
6.845241140860777174e-01
6.889956442973552697e-01
6.884919103139486296e-01
6.904658452822611814e-01
6.890202783621274252e-01
6.882792325356067442e-01
6.847514675977902643e-01
6.932288864484199564e-01
6.840233961741130075e-01
6.867992770213346976e-01
6.889313259185888549e-01
6.925823826056259902e-01
7.006512765701000678e-01
7.008493126967014764e-01
6.955421502773578846e-01
6.875522848887321015e-01
6.860771499383143679e-01
6.826815535624821685e-01
6.853916660333291277e-01
6.848763834971648423e-01
6.836069976672147774e-01
7.008035649855931526e-01
6.898571296380116014e-01
6.836638836524425722e-01
6.959064949781467169e-01
6.890402605136235481e-01
6.875410998478913571e-01
6.765307328639886819e-01
6.948388889814034464e-01
6.873241076102623026e-01
6.826406939671589846e-01
6.875971898818626915e-01
6.785687321271651751e-01
6.814722217046297326e-01
6.767652988433837669e-01
6.780425449976554830e-01
6.711453875670065905e-01
6.738502499384757538e-01
6.770209674651805898e-01
6.800982541762865541e-01
6.725769931689287162e-01
6.717568742159085726e-01
6.801796996440643284e-01
6.736352202219840768e-01
6.744375970883247362e-01
6.747714214600049054e-01
6.808641232741184934e-01
6.768744868345749621e-01
6.767737046266213419e-01
6.878504469608649474e-01
6.728344098879740498e-01
6.810347710664456100e-01
6.716795015793580736e-01
6.767119095875666623e-01
6.690200023162059528e-01
6.772811670333911405e-01
6.613697588443756548e-01
6.678886053653864119e-01
6.736924005624574940e-01
6.710558201257998956e-01
6.696967347310139873e-01
6.671920771018052809e-01
6.611730979803280839e-01
6.687016703379460303e-01
6.713499455879896605e-01
6.670477321514716174e-01
6.593298857792829759e-01
6.603511783557060033e-01
6.603915854906424743e-01
6.641371921851084714e-01
6.591829045460774195e-01
6.518357188273699032e-01
6.572502308166944252e-01
6.537885561203344853e-01
6.630200926309977039e-01
6.617014399705789529e-01
6.503024779069117578e-01
6.676551866225707288e-01
6.663863276059810437e-01
6.612110061523241988e-01
6.701257189879050724e-01
6.620468245102808513e-01
6.572326110723690773e-01
6.605431317518919432e-01
6.570909859278263321e-01
6.699722394729271668e-01
6.615205365113723257e-01
6.597102958422440544e-01
6.584886238361016275e-01
6.645149382261129611e-01
6.575762203106513271e-01
6.516095952345775100e-01
6.542045503090589964e-01
6.538794093407117591e-01
6.608026748284315799e-01
6.593772314297847714e-01
6.621808077280337823e-01
6.673989281440392274e-01
6.614484872573461738e-01
6.552240083614985222e-01
6.639330436021854132e-01
6.545405912857789055e-01
6.554563888372518798e-01
6.579940725595523343e-01
6.594420987061965223e-01
6.560777863630882223e-01
6.521844805815281143e-01
6.491750261722466497e-01
6.590309671866587671e-01
6.616497535736133306e-01
6.474341361950605167e-01
6.570668240388234382e-01
6.550172308316597469e-01
6.488965664918605603e-01
6.495492771649972186e-01
6.522608224398050991e-01
6.606778547549858605e-01
6.575529607442709423e-01
6.417082739946169401e-01
6.527427239295763295e-01
6.448340195111739170e-01
6.550470715914017417e-01
6.554330562933897708e-01
6.593269856312335975e-01
6.533497711022694387e-01
6.625626532695232385e-01
6.561999006913258325e-01
6.516542390370980709e-01
6.525760254034629337e-01
6.471449686166567128e-01
6.544645314033215033e-01
6.458187126196347494e-01
6.417153030633926392e-01
6.519160530506036277e-01
6.511485034838701003e-01
6.531519487118109257e-01
6.512136558691660193e-01
6.610913722178874963e-01
6.555664213039935628e-01
6.443521577578324999e-01
6.545251075273904595e-01
6.444813950703693894e-01
6.510046119873340587e-01
6.471046987252357940e-01
6.435758029803251290e-01
6.432213314832785356e-01
6.496301028973017200e-01
6.470317646478995766e-01
6.366967965395022855e-01
6.456770423131111825e-01
6.457159761434946299e-01
6.506511186177913464e-01
6.564240388381175073e-01
6.528854507666367324e-01
6.406080753375322789e-01
6.414923199476340043e-01
6.429891384564913048e-01
6.483752559392880199e-01
6.480404746838105412e-01
6.508258176155579111e-01
6.382185545487281120e-01
6.344240647860062143e-01
6.470076874280586976e-01
6.396135265246415402e-01
6.371840411271804117e-01
6.383776963521272663e-01
6.423783640830944552e-01
6.467856099972357775e-01
6.501437799288676267e-01
6.427977790435155381e-01
6.350677221249311222e-01
6.369574453586187568e-01
6.508681998803065305e-01
6.437388414755845778e-01
6.527006026261892302e-01
6.443037535135562877e-01
6.390827839191143278e-01
6.463608201497640371e-01
6.463521645619318967e-01
6.385556405171369798e-01
6.364449412394792560e-01
6.400246311456728732e-01
6.393013464334683649e-01
6.415738260898834477e-01
6.383849030885940801e-01
6.352401453715104118e-01
6.442059519199224704e-01
6.504233009540117960e-01
6.336159878052197714e-01
6.461318920056025039e-01
6.422553409368564337e-01
6.453906170068642867e-01
6.351450450145281756e-01
6.406891125899094597e-01
6.363693612508284358e-01
6.579489360253015784e-01
6.394442280897727482e-01
6.441247049050453644e-01
6.466656260765515363e-01
6.413854254361910368e-01
6.566794620874600863e-01
6.370292693376541360e-01
6.346845375421720226e-01
6.412001045850607150e-01
6.410939077536265129e-01
6.391564076527570526e-01
6.439946082157966822e-01
6.306909672724895222e-01
6.368089219698539472e-01
6.371211577684451344e-01
6.437474281359941708e-01
6.458423408942345345e-01
6.490255910616654633e-01
6.383270001564270713e-01
6.502840987382790816e-01
6.330920948432041673e-01
6.398772057814475778e-01
6.421369175880383695e-01
6.304815864715820339e-01
6.407973716656366614e-01
6.317516843477885002e-01
6.386970455829913407e-01
6.397967968231592639e-01
6.364314878598237302e-01
6.360310539985314371e-01
6.530789544185002793e-01
6.379054912389853227e-01
6.432389639126948611e-01
6.422577115969779760e-01
6.445702995245273792e-01
6.386161390787515879e-01
6.317847852523510443e-01
6.382651656866074052e-01
6.344257757449761614e-01
6.402883159044461259e-01
6.436027678923729178e-01
6.342284959860337024e-01
6.392859598765006091e-01
6.377142498126396886e-01
6.267943434990369544e-01
6.377074425801252389e-01
6.405034154653549416e-01
6.349689146647086169e-01
6.245697914025722941e-01
6.356248763127204660e-01
6.307664039807442391e-01
6.431221520289396310e-01
6.283313158230904305e-01
6.465847441783317828e-01
6.321512797704109676e-01
6.264204291961131821e-01
6.284938879502125486e-01
6.364248462976553888e-01
6.295510212580363030e-01
6.359871888007873064e-01
6.405274937550227143e-01
6.303248891463646419e-01
6.369100974920468561e-01
6.303384232979554191e-01
6.357156645793181626e-01
6.415202838488114345e-01
6.359998684663038526e-01
6.305903965081923745e-01
6.348028960900429229e-01
6.428271916432258815e-01
6.329270783143166046e-01
6.354070509091401808e-01
6.457131712864606632e-01
6.412081175889724483e-01
6.206197941914582961e-01
6.346171484543726704e-01
6.314940685645128449e-01
6.286105227776063176e-01
6.310662623399343474e-01
6.325858725187105680e-01
6.273385468201759796e-01
6.285470513197092268e-01
6.323466294851058933e-01
6.327275883692961012e-01
6.270379476822339759e-01
6.254604603999700529e-01
6.238450907743894325e-01
6.307526016846681793e-01
6.269984491360492962e-01
6.304471637193973521e-01
6.157611346397644514e-01
6.290247480838726535e-01
6.311838262356244122e-01
6.407088792476898220e-01
6.447742969561846005e-01
6.311667144298553911e-01
6.282504231501848668e-01
6.305715256012403014e-01
6.336052809006128550e-01
6.467723037187870228e-01
6.295761321599666616e-01
6.412866657361006029e-01
6.242845720969714129e-01
6.264292731499060407e-01
6.348182618618011253e-01
6.280441976510561242e-01
6.265552618564703691e-01
6.320051997900009155e-01
6.382674857591971174e-01
6.356441988394810894e-01
6.389954450802924901e-01
6.335190144104835275e-01
6.338099576723881245e-01
6.345017807605939364e-01
6.458197701435822724e-01
6.324262302655440093e-01
6.353779288438650141e-01
6.430663831723042456e-01
6.451941181451846807e-01
6.457788141110004654e-01
6.387226908634870970e-01
6.279225597778955725e-01
6.337186004106815096e-01
6.327797694848134036e-01
6.386882202747540260e-01
6.260951416614728426e-01
6.376832654078801177e-01
6.325468405699118390e-01
6.383972827440652642e-01
6.319483643158888553e-01
6.257777580848107313e-01
6.297066740500620874e-01
6.240760826147520035e-01
6.362031044868322605e-01
6.366232832272847864e-01
6.331846285324830292e-01
6.262599225227649669e-01
6.248841567681385767e-01
6.310551779392438165e-01
6.348461764745223501e-01
6.269895999095378425e-01
6.304966594928350654e-01
6.324134855698316793e-01
6.262357790500689969e-01
6.295742614911152835e-01
6.272988367539186205e-01
6.350439384197577031e-01
6.257801932402146106e-01
6.283093405839724754e-01
6.260290926083540430e-01
6.241857449977825656e-01
6.292204520641229148e-01
6.197604475113062117e-01
6.343167291237757910e-01
6.337724498449227584e-01
6.106615616725041829e-01
6.291835094109560211e-01
6.309366052731489871e-01
6.227365053617037738e-01
6.278906742731730217e-01
6.332320683277570250e-01
6.290754720950737511e-01
6.250113368034362349e-01
6.242745964955060956e-01
6.289474080770444120e-01
6.305877966758531850e-01
6.241742241841096162e-01
6.222982316445081485e-01
6.263133388299207960e-01
6.291873186062544310e-01
6.157998852240733623e-01
6.211839553637382716e-01
6.234055787324905840e-01
6.292888279908742666e-01
6.273542192501899706e-01
6.231519445394858581e-01
6.201905258955099365e-01
6.182173825991459370e-01
6.186784294935373518e-01
6.196025432684482137e-01
6.260826913974224528e-01
6.180947748514321605e-01
6.073737304180096830e-01
6.219658267803681584e-01
6.240735984765566347e-01
6.247541234279290201e-01
6.227611723618630135e-01
6.307410830106490174e-01
6.307586293189954008e-01
6.252902970864222532e-01
6.199987442829669737e-01
6.220788218272037540e-01
6.206121145150600427e-01
6.267561329480929588e-01
6.205380536042727213e-01
6.279238556440059904e-01
6.290353275262392518e-01
6.162828978055562290e-01
6.212601364423067096e-01
6.170226701559164972e-01
6.169322701600882253e-01
6.226076782513887409e-01
6.195427394830264056e-01
6.424430790619972687e-01
6.318336829925195186e-01
6.162614146104226087e-01
6.151048243045806885e-01
6.186525783477685447e-01
6.145270974972308897e-01
6.129274455400613997e-01
6.286204840128238880e-01
6.168559987575580328e-01
6.279634249516022892e-01
6.239345913514112718e-01
6.263378442862095330e-01
6.180283489899757177e-01
6.171841729909945951e-01
6.252340139486850523e-01
6.208230211948737587e-01
6.234090716410906063e-01
6.147377464251640999e-01
6.352341760427523409e-01
6.184064745903015137e-01
6.258138743730691234e-01
6.260546921919554197e-01
6.326104642489017715e-01
6.314525596606426205e-01
6.201339407609058885e-01
6.322473998253161920e-01
6.354372638158308773e-01
6.205215603113174438e-01
6.308198251021214231e-01
6.251572774770932650e-01
6.123435313885028375e-01
6.254705996849597716e-01
6.149944117436042523e-01
6.331496635308632159e-01
6.262696282221720256e-01
6.167965563443991162e-01
6.166596175768436217e-01
6.201443599584774979e-01
6.193113650266940384e-01
6.087796632295999766e-01
6.200238839938090329e-01
6.268681907500975869e-01
6.017000925846588411e-01
6.113789953482456907e-01
6.022924971122007864e-01
6.076558869618635672e-01
6.287689775228499922e-01
6.208145648241043535e-01
6.159691498829767964e-01
6.199567138384549647e-01
6.284885078668593916e-01
6.241258286512815223e-01
6.222824960947036521e-01
6.105597704648971780e-01
6.153400466992304807e-01
6.165503815198556392e-01
6.141264462318175577e-01
6.179757848764076966e-01
6.097885354207112085e-01
6.194931364212280522e-01
6.243363005228531604e-01
6.150532907400375615e-01
6.116684705783159703e-01
6.299210277123329371e-01
6.169550437957812550e-01
6.161765832931567211e-01
6.171765105082438474e-01
6.185602415066498994e-01
6.224521092115304910e-01
6.147158423295387975e-01
6.096121021570303222e-01
6.098696654423688690e-01
6.138053882580537524e-01
6.186149406127440242e-01
6.065776219734778651e-01
6.092751260751333442e-01
6.102514249392044787e-01
5.974154824629808180e-01
6.107393461924333078e-01
6.054127647326542627e-01
6.053801875083874018e-01
6.105807137030822007e-01
6.073815118043850436e-01
6.139836532183182705e-01
6.090029816596935763e-01
6.058207625762009885e-01
6.035785044615085138e-01
6.128157036426740145e-01
6.107099639299587990e-01
6.084519855487040552e-01
6.069150165105476891e-01
5.948171021082462318e-01
6.064210593700408714e-01
6.037094736710573173e-01
5.996563504903744679e-01
6.051687434697762269e-01
6.035462872340129348e-01
6.055461637484721438e-01
5.966453516330474383e-01
6.093266594104277400e-01
6.072609846408550949e-01
6.110180344337071690e-01
6.031415360860336028e-01
6.080236945396814141e-01
6.069073045100921160e-01
6.078634631175261482e-01
6.056711744803648934e-01
6.122361678343553049e-01
6.074132675543809645e-01
6.110153081325384594e-01
6.162352992173952826e-01
6.001418419373341084e-01
6.092056315678816558e-01
6.001113820534486054e-01
6.013402336683029148e-01
5.955546030631432286e-01
6.073829481999079016e-01
5.977507336017412465e-01
6.039642568582143101e-01
5.998885575777445078e-01
5.923839854124265392e-01
6.017311680775422333e-01
5.942594681030665127e-01
5.992097166868356473e-01
6.052743055881597556e-01
6.023086325480387915e-01
5.975085381513987048e-01
6.134585909354380862e-01
6.049966297088524847e-01
6.011828621992698629e-01
6.045456812931940815e-01
6.056583620798893230e-01
5.946246450528119842e-01
5.964761863152185928e-01
6.037776405230547150e-01
6.038437515497208086e-01
6.038185895253450619e-01
6.000176611619117972e-01
5.959645163554411207e-01
6.065009867533659449e-01
6.035383639427331914e-01
5.985961003181261564e-01
6.004556150772633050e-01
6.101229113646042812e-01
6.122177523680222277e-01
6.018342575201621747e-01
5.980684864979524118e-01
6.073204469986450693e-01
5.995854089657465247e-01
6.014595919694656345e-01
5.965518073393748510e-01
5.950180543538851063e-01
5.958783494356351129e-01
5.937789776386358520e-01
5.919094897997685401e-01
5.956648313082181234e-01
6.067850135839902848e-01
5.920430755768066877e-01
5.915675340554653605e-01
5.951768358548482629e-01
5.981609222216484056e-01
6.033723839582540993e-01
5.893505705472750211e-01
5.946985278374109507e-01
5.955162129341027288e-01
5.957305497083908996e-01
5.888871215092830180e-01
5.896532250520510887e-01
5.974549185007046459e-01
5.931713147041125511e-01
5.941246277246720053e-01
6.034455893131402959e-01
6.102137059737474667e-01
5.984790405401816393e-01
6.014869590600331328e-01
5.991899971778575917e-01
5.932177843955847019e-01
5.995604437895309946e-01
5.964130940345617748e-01
5.995851969871766052e-01
5.925173573004893779e-01
5.956258845634949672e-01
5.957710987482315312e-01
5.972850148494427414e-01
5.982672174007465093e-01
5.973859804563033116e-01
5.977146954108507604e-01
5.946354288321274995e-01
5.927745303282371259e-01
5.954585640858380824e-01
5.934182387896073108e-01
6.041699203925254835e-01
5.950818352974378556e-01
5.920930031018379891e-01
5.960369112399908076e-01
6.015389865025495553e-01
6.022705876674407932e-01
5.892566862014624318e-01
5.807174130127980005e-01
5.839123676220575598e-01
5.811645154769603527e-01
5.903597837075208465e-01
5.940298032302122611e-01
5.952946506249598979e-01
5.896384110817542989e-01
5.991072693696388729e-01
5.837831760064149389e-01
5.907934013085487379e-01
6.013374353066468503e-01
5.935775944055654563e-01
5.955837714366424285e-01
5.854139650479340817e-01
5.919974543345279949e-01
5.875742249763928893e-01
5.902361467098578007e-01
5.971928254151955828e-01
5.948942799598743170e-01
5.862636620417619460e-01
5.878653287887573020e-01
5.812597979337741361e-01
5.750389412427560076e-01
5.833417782416709940e-01
5.859069699660325314e-01
5.866927030758980477e-01
5.770432834441845404e-01
5.838995247315137416e-01
5.810538293459476256e-01
5.940887589485217557e-01
5.857844449770756023e-01
5.802376365814453374e-01
5.835216587170576341e-01
5.781777658523656882e-01
5.816469411819409352e-01
5.876372652176099498e-01
5.812076738247504704e-01
5.803326750412965973e-01
5.858073009130282394e-01
5.790352538610116229e-01
5.846584047262485262e-01
5.819135627685448897e-01
5.821560090933091125e-01
5.844523461201251990e-01
5.794892144508850818e-01
5.796756411974246515e-01
5.776753356823554064e-01
5.780759212298270944e-01
5.752926886845857180e-01
5.855899497484549077e-01
5.798809352593544686e-01
5.771130836162812194e-01
5.766548996552443018e-01
5.828791937002768542e-01
5.786495891137001246e-01
5.834912838079990838e-01
5.802924846227351940e-01
5.777837912241617913e-01
5.848141928513844734e-01
5.864767476534231694e-01
5.798676322668027128e-01
5.834538352030974595e-01
5.776657171738452945e-01
5.823196207865690699e-01
5.665154535036820427e-01
5.786050876745810756e-01
5.845082587920702455e-01
5.879527030082849492e-01
5.786564119351216284e-01
5.771807675942396409e-01
5.733901658119299194e-01
5.834105506921425377e-01
5.829647218569731226e-01
5.730333082951032386e-01
5.793750001833989360e-01
5.758257736762364409e-01
5.747859633885896713e-01
5.753974736501008547e-01
5.788561033896910679e-01
5.757275045682221926e-01
5.820118166697331175e-01
5.878990868727366204e-01
5.677764483751395197e-01
5.678716402787428175e-01
5.730038616901789172e-01
5.770576106432157015e-01
5.804728150367737260e-01
5.743212816042777558e-01
5.873068878283866923e-01
5.813669222287642935e-01
5.820616573095321877e-01
5.781592030555774420e-01
5.722903107221309904e-01
5.847472332226923974e-01
5.712257176637649536e-01
5.797619106677862622e-01
5.822286271131955626e-01
5.827798258799773423e-01
5.702909471132816543e-01
5.825341982719225431e-01
5.830013040548716052e-01
5.831479016022804718e-01
5.887731899817784109e-01
5.765372555989485281e-01
5.769539826191388832e-01
5.649872040137265961e-01
5.796007582774529432e-01
5.707970099571423317e-01
5.838324144864693865e-01
5.701215737141095419e-01
5.668381741413703878e-01
5.738664663754976525e-01
5.817990905199295071e-01
5.796095480521520349e-01
5.778337418268888470e-01
5.750463893780342062e-01
5.786202974808521970e-01
5.814966634297982218e-01
5.773335143541677983e-01
5.748329185522519369e-01
5.663071098235937795e-01
5.719872484604517915e-01
5.732439924509097340e-01
5.834394186735153420e-01
5.773288476161467786e-01
5.817793669608922746e-01
5.841099203397066564e-01
5.835004900510494252e-01
5.691462646692226901e-01
5.731724379154351512e-01
5.776368339092303739e-01
5.748788779362653534e-01
5.772073827492885112e-01
5.807389802657640931e-01
5.845611505019359111e-01
5.653812674375681135e-01
5.721971362065045863e-01
5.817036416286077705e-01
5.741932942317082844e-01
5.745084669345464912e-01
5.727472584217022655e-01
5.752810603533036193e-01
5.821677606839400498e-01
5.802685860639963389e-01
5.700303817406678908e-01
5.775897217102540226e-01
5.648088684448828722e-01
5.694243213305106854e-01
5.772325245233682622e-01
5.808561526812039411e-01
5.737293042433567747e-01
5.717751839986213724e-01
5.731664187633074281e-01
5.868991735654000008e-01
5.777162523605884337e-01
5.787775572293843984e-01
5.819539965727390518e-01
5.810225791656054017e-01
5.751460642386705402e-01
5.704598779861743685e-01
5.723606735467910989e-01
5.811189419183975247e-01
5.830094691270436558e-01
5.736831256976494542e-01
5.715984146564434543e-01
5.708015020077045198e-01
5.795010810479139796e-01
5.761367855163720408e-01
5.648909403727604417e-01
5.695160554005549436e-01
5.734899447514461013e-01
5.716526791835442323e-01
5.803031618778522471e-01
5.873583950293369549e-01
5.736619399908261530e-01
5.759760085588846446e-01
5.705543472980841857e-01
5.813224857434248216e-01
5.673100402721992230e-01
5.785377238805476940e-01
5.780079548939680567e-01
5.674980133771896362e-01
5.706311837984965329e-01
5.693372274056459625e-01
5.709574557267702577e-01
5.659130468582496132e-01
5.716664609236594696e-01
5.701677771715017995e-01
5.684151053428649902e-01
5.658835293390811483e-01
5.654658601834223752e-01
5.781147026862853977e-01
5.769593943388033885e-01
5.641108718438025971e-01
5.694947484976206065e-01
5.670755599553768400e-01
5.692354074655434637e-01
5.746593798582370072e-01
5.633504422811361767e-01
5.732515196769665256e-01
5.770407432164901262e-01
5.704766804591203666e-01
5.714060217142105103e-01
5.706844352758847494e-01
5.664048725213759461e-01
5.743265483623896106e-01
5.685861566892036478e-01
5.752636191172477709e-01
5.664471301512840062e-01
5.873335703061177693e-01
5.848077181058052298e-01
5.810168245664009135e-01
5.737339594425299172e-01
5.872360794207989176e-01
5.786787358614114973e-01
5.779368956119586009e-01
5.694911081057328905e-01
5.732781821336501160e-01
5.744138689377369378e-01
5.670630480234439830e-01
5.734991030815320689e-01
5.685661140924844759e-01
5.765243775569475204e-01
5.615703556017997977e-01
5.759226353504718343e-01
5.700047453244526663e-01
5.729574691790800811e-01
5.735026280085245842e-01
5.762158856942103391e-01
5.686773451474996799e-01
5.728868327079674749e-01
5.711972630176789245e-01
5.752056627701490621e-01
5.799012134472528723e-01
5.624290756690196735e-01
5.719444938195057393e-01
5.658197098817581150e-01
5.667940943669049769e-01
5.635799384269959411e-01
5.609100742217821844e-01
5.712842063261912573e-01
5.668024242688447512e-01
5.663054938499744173e-01
5.634507768429242169e-01
5.748308440813651998e-01
5.771978872708785069e-01
5.769458040212973593e-01
5.685549379923404700e-01
5.667830652915514245e-01
5.760829783402956483e-01
5.691237834783701155e-01
5.715067301041040215e-01
5.788613062638502393e-01
5.759626846282910329e-01
5.732167068964395540e-01
5.766221880148618695e-01
5.673297654359769071e-01
5.745144779101396537e-01
5.742347129644491677e-01
5.775305162637661693e-01
5.665079595186771622e-01
5.786715846795301710e-01
5.724494697955938571e-01
5.762929171323776245e-01
5.565211460376396913e-01
5.549473722775777329e-01
5.760945064899248846e-01
5.778513027307314864e-01
5.686090023853840325e-01
5.695965439081192017e-01
5.729165492913661506e-01
5.674437762835087273e-01
5.688407599925995317e-01
5.673748845473314262e-01
5.720826318630805041e-01
5.625576802553274858e-01
5.612060546874999556e-01
5.730876422845400109e-01
5.674419289216017237e-01
5.757783325054706136e-01
5.665485169643010854e-01
5.668920782132026437e-01
5.604454453174884110e-01
5.657360375691682375e-01
5.609795647553909026e-01
5.731997974407978536e-01
5.720253243660315956e-01
5.562597046295801873e-01
5.731013259826562845e-01
5.680256735820036207e-01
5.666307551738543058e-01
5.759042002451725262e-01
5.696607997784247646e-01
5.681787137801830312e-01
5.701251032260747920e-01
5.645410565993724816e-01
5.722438566195658938e-01
5.748295936064842238e-01
5.594264962734319946e-01
5.625253286117162244e-01
5.665376304051814582e-01
5.580206624972514629e-01
5.671177010505626948e-01
5.683417184230609154e-01
5.667730928995670103e-01
5.593658862969814738e-01
5.616070965161690243e-01
5.582531772362879785e-01
5.535655906567207296e-01
5.659275307869300331e-01
5.627835094164579388e-01
5.677162246062205098e-01
5.655794489078033171e-01
5.567805168720392217e-01
5.629051336875328104e-01
5.624220403341146923e-01
5.605032717570280765e-01
5.706012585224249367e-01
5.612867334714302103e-01
5.618523191183041332e-01
5.649816139386250047e-01
5.610042104354271419e-01
5.569144939000789662e-01
5.541010942214574797e-01
5.568486432998608349e-01
5.520736511701193061e-01
5.565842362550589284e-01
5.632716311094088102e-01
5.596322821500974154e-01
5.638828392212207330e-01
5.563368937143913229e-01
5.669110025350864168e-01
5.517326449736570382e-01
5.674625695515901347e-01
5.677925532444929591e-01
5.515973007831818098e-01
5.595657551899934079e-01
5.533081684357080698e-01
5.633176138003667122e-01
5.642960043289722005e-01
5.553669876013046514e-01
5.598883920755142185e-01
5.626673606725839383e-01
5.575854551333647713e-01
5.689021807450515000e-01
5.600309371184080121e-01
5.581511294994598860e-01
5.532355873630596665e-01
5.560302212452277182e-01
5.576595027477313504e-01
5.604213833044736637e-01
5.568491139473059626e-01
5.631445138118206239e-01
5.605616588623095753e-01
5.534022526099131589e-01
5.657590192097884385e-01
5.613697224702590693e-01
