7.576347351074218750e+00
9.018056869506835938e+00
1.023267173767089844e+01
1.133899497985839844e+01
1.228858757019042969e+01
1.314598751068115234e+01
1.397366809844970703e+01
1.472816181182861328e+01
1.552047824859619141e+01
1.611791801452636719e+01
1.680616760253906250e+01
1.738372802734375000e+01
1.797112274169921875e+01
1.854378509521484375e+01
1.907993698120117188e+01
1.957467651367187500e+01
2.007908248901367188e+01
2.056108283996582031e+01
2.101149749755859375e+01
2.145925331115722656e+01
2.180361938476562500e+01
2.219189453125000000e+01
2.252709960937500000e+01
2.285964202880859375e+01
2.319369888305664062e+01
2.357123947143554688e+01
2.388807868957519531e+01
2.410896873474121094e+01
2.437016868591308594e+01
2.457259368896484375e+01
2.480721282958984375e+01
2.502652359008789062e+01
2.518926239013671875e+01
2.540155029296875000e+01
2.560700607299804688e+01
2.571838951110839844e+01
2.586687469482421875e+01
2.590605163574218750e+01
2.607569885253906250e+01
2.616817092895507812e+01
2.626535034179687500e+01
2.639075851440429688e+01
2.640123939514160156e+01
2.638444137573242188e+01
2.640100097656250000e+01
2.651731491088867188e+01
2.651302337646484375e+01
2.662587928771972656e+01
2.659722518920898438e+01
2.662959861755371094e+01
2.663685607910156250e+01
2.666961288452148438e+01
2.667385101318359375e+01
2.666629600524902344e+01
2.661500549316406250e+01
2.656286811828613281e+01
2.656833457946777344e+01
2.646471405029296875e+01
2.646113204956054688e+01
2.646132469177246094e+01
2.640508270263671875e+01
2.648329734802246094e+01
2.643067550659179688e+01
2.647391128540039062e+01
2.645489883422851562e+01
2.640006446838378906e+01
2.632220458984375000e+01
2.628414154052734375e+01
2.629307174682617188e+01
2.633685874938964844e+01
2.627926445007324219e+01
2.619571685791015625e+01
2.609339141845703125e+01
2.625007247924804688e+01
2.620450401306152344e+01
2.616949653625488281e+01
2.626453781127929688e+01
2.625053596496582031e+01
2.628224563598632812e+01
2.624683952331542969e+01
2.628995132446289062e+01
2.623283195495605469e+01
2.635871887207031250e+01
2.629036331176757812e+01
2.640008354187011719e+01
2.630186843872070312e+01
2.634735488891601562e+01
2.630720901489257812e+01
2.631694793701171875e+01
2.627309799194335938e+01
2.627150726318359375e+01
2.622495269775390625e+01
2.622133445739746094e+01
2.627533149719238281e+01
2.621506500244140625e+01
2.617856216430664062e+01
2.615950012207031250e+01
2.615793609619140625e+01
2.614765930175781250e+01
2.628223991394042969e+01
2.625625228881835938e+01
2.632545661926269531e+01
2.621950149536132812e+01
2.634508895874023438e+01
2.633850097656250000e+01
2.631955146789550781e+01
2.633748626708984375e+01
2.633609390258789062e+01
2.627450370788574219e+01
2.618947601318359375e+01
2.614727783203125000e+01
2.633044624328613281e+01
2.629942703247070312e+01
2.625088500976562500e+01
2.628416442871093750e+01
2.630659866333007812e+01
2.647550773620605469e+01
2.629450798034667969e+01
2.633718109130859375e+01
2.641789245605468750e+01
2.646422576904296875e+01
2.632124328613281250e+01
2.647286033630371094e+01
2.650521087646484375e+01
2.646410751342773438e+01
2.653052520751953125e+01
2.654424285888671875e+01
2.650408554077148438e+01
2.666139411926269531e+01
2.665930557250976562e+01
2.670139694213867188e+01
2.670531272888183594e+01
2.673658752441406250e+01
2.672365570068359375e+01
2.679208755493164062e+01
2.689263534545898438e+01
2.679511642456054688e+01
2.691775321960449219e+01
2.695238494873046875e+01
2.697061157226562500e+01
2.703092193603515625e+01
2.710888862609863281e+01
2.713811492919921875e+01
2.737438774108886719e+01
2.734370040893554688e+01
2.741597175598144531e+01
2.756057357788085938e+01
2.744626235961914062e+01
2.752376174926757812e+01
2.742216300964355469e+01
2.732685852050781250e+01
2.745895004272460938e+01
2.755027198791503906e+01
2.759324645996093750e+01
2.755792427062988281e+01
2.734485626220703125e+01
2.730801582336425781e+01
2.745997047424316406e+01
2.747206497192382812e+01
2.756431388854980469e+01
2.753632736206054688e+01
2.762161827087402344e+01
2.749149322509765625e+01
2.745011711120605469e+01
2.747970390319824219e+01
2.755234146118164062e+01
2.760954284667968750e+01
2.767920684814453125e+01
2.762229156494140625e+01
2.761712837219238281e+01
2.772594833374023438e+01
2.779712295532226562e+01
2.795725631713867188e+01
2.796549797058105469e+01
2.799561119079589844e+01
2.812114524841308594e+01
2.809937858581542969e+01
2.808113288879394531e+01
2.820259857177734375e+01
2.816247749328613281e+01
2.816800498962402344e+01
2.825291442871093750e+01
2.822761344909667969e+01
2.829631042480468750e+01
2.842759704589843750e+01
2.825852012634277344e+01
2.823503112792968750e+01
2.810016250610351562e+01
2.817508316040039062e+01
2.811837196350097656e+01
2.820777511596679688e+01
2.840784072875976562e+01
2.832208633422851562e+01
2.829234695434570312e+01
2.836566162109375000e+01
2.835143280029296875e+01
2.824780082702636719e+01
2.828854560852050781e+01
2.834894561767578125e+01
2.855068969726562500e+01
2.856618690490722656e+01
2.862198829650878906e+01
2.865898513793945312e+01
2.852474021911621094e+01
2.863523101806640625e+01
2.873997497558593750e+01
2.880165481567382812e+01
2.879146766662597656e+01
2.875400161743164062e+01
2.879158782958984375e+01
2.879545211791992188e+01
2.857620620727539062e+01
2.872757339477539062e+01
2.871320724487304688e+01
2.878614425659179688e+01
2.884580993652343750e+01
2.881025314331054688e+01
2.885057830810546875e+01
2.891851806640625000e+01
2.890677261352539062e+01
2.905772209167480469e+01
2.901122665405273438e+01
2.904316711425781250e+01
2.890770149230957031e+01
2.900752639770507812e+01
2.895798110961914062e+01
2.897020721435546875e+01
2.909723854064941406e+01
2.918929481506347656e+01
2.910510635375976562e+01
2.921018600463867188e+01
2.911112976074218750e+01
2.912478256225585938e+01
2.913888549804687500e+01
2.911267852783203125e+01
2.904973030090332031e+01
2.906560325622558594e+01
2.914500427246093750e+01
2.905640029907226562e+01
2.896948623657226562e+01
2.901756668090820312e+01
2.911657905578613281e+01
2.913805389404296875e+01
2.923504638671875000e+01
2.921676635742187500e+01
2.931170463562011719e+01
2.926124191284179688e+01
2.935668182373046875e+01
2.933695983886718750e+01
2.944109344482421875e+01
2.953542709350585938e+01
2.948304367065429688e+01
2.954497146606445312e+01
2.981529808044433594e+01
2.983483695983886719e+01
2.995330619812011719e+01
2.982276535034179688e+01
2.984799957275390625e+01
2.975533103942871094e+01
2.972511482238769531e+01
2.979536628723144531e+01
2.979685592651367188e+01
2.984722900390625000e+01
2.980783843994140625e+01
2.982197761535644531e+01
2.992352294921875000e+01
2.999557113647460938e+01
2.998642158508300781e+01
2.989012908935546875e+01
2.993401908874511719e+01
2.998859596252441406e+01
2.995246505737304688e+01
3.001450157165527344e+01
3.007284355163574219e+01
3.011033821105957031e+01
3.014729690551757812e+01
3.019673919677734375e+01
3.016191101074218750e+01
3.030032730102539062e+01
3.021739578247070312e+01
3.019577789306640625e+01
3.026251220703125000e+01
3.043728637695312500e+01
3.038907432556152344e+01
3.021080970764160156e+01
3.048622703552246094e+01
3.039075660705566406e+01
3.042589569091796875e+01
3.048161125183105469e+01
3.038352203369140625e+01
3.044449806213378906e+01
3.027633285522460938e+01
3.037265777587890625e+01
3.034234809875488281e+01
3.014384460449218750e+01
3.020215415954589844e+01
3.030891799926757812e+01
3.021509361267089844e+01
3.012210464477539062e+01
3.008370971679687500e+01
3.007624816894531250e+01
3.013035011291503906e+01
3.031881141662597656e+01
3.022277450561523438e+01
3.005317497253417969e+01
3.009802627563476562e+01
3.025842285156250000e+01
3.012721443176269531e+01
3.023092460632324219e+01
3.012873840332031250e+01
3.029889869689941406e+01
3.016432762145996094e+01
3.009979629516601562e+01
3.011311149597167969e+01
3.019852447509765625e+01
3.018115806579589844e+01
3.021158218383789062e+01
3.033161354064941406e+01
3.011985206604003906e+01
3.011894798278808594e+01
3.020991516113281250e+01
3.025177764892578125e+01
3.018538093566894531e+01
3.023558807373046875e+01
3.021727752685546875e+01
3.029807281494140625e+01
3.018622016906738281e+01
3.045991325378417969e+01
3.033804702758789062e+01
3.032179450988769531e+01
3.036108016967773438e+01
3.039080810546875000e+01
3.046260452270507812e+01
3.039738655090332031e+01
3.050560569763183594e+01
3.059634208679199219e+01
3.067197036743164062e+01
3.063150596618652344e+01
3.071408462524414062e+01
3.073462486267089844e+01
3.068873596191406250e+01
3.068894195556640625e+01
3.069748306274414062e+01
3.073967361450195312e+01
3.088125228881835938e+01
3.096337699890136719e+01
3.090603637695312500e+01
3.086702919006347656e+01
3.099728775024414062e+01
3.105079460144042969e+01
3.102170944213867188e+01
3.115809249877929688e+01
3.097284317016601562e+01
3.121576118469238281e+01
3.118399429321289062e+01
3.116238784790039062e+01
3.113359451293945312e+01
3.124356460571289062e+01
3.133500099182128906e+01
3.155467033386230469e+01
3.157877349853515625e+01
3.134340667724609375e+01
3.146365356445312500e+01
3.153664016723632812e+01
3.146914291381835938e+01
3.165466690063476562e+01
3.151402091979980469e+01
3.146919822692871094e+01
3.157125854492187500e+01
3.155789947509765625e+01
3.144746208190917969e+01
3.142542076110839844e+01
3.147624969482421875e+01
3.142579650878906250e+01
3.144239425659179688e+01
3.118047523498535156e+01
3.127557563781738281e+01
3.140531921386718750e+01
3.121652221679687500e+01
3.139631652832031250e+01
3.143310737609863281e+01
3.148755836486816406e+01
3.157529067993164062e+01
3.147104072570800781e+01
3.128580665588378906e+01
3.135327529907226562e+01
3.157904815673828125e+01
3.140565299987792969e+01
3.145318984985351562e+01
3.153619003295898438e+01
3.151494216918945312e+01
3.138661384582519531e+01
3.129615020751953125e+01
3.128509521484375000e+01
3.153263854980468750e+01
3.158074569702148438e+01
3.137780952453613281e+01
3.133559799194335938e+01
3.138750839233398438e+01
3.131950759887695312e+01
3.142202949523925781e+01
3.167161178588867188e+01
3.155588722229003906e+01
3.149536132812500000e+01
3.155064010620117188e+01
3.150767135620117188e+01
3.146570587158203125e+01
3.146520805358886719e+01
3.143069076538085938e+01
3.151796531677246094e+01
3.154113388061523438e+01
3.165292739868164062e+01
3.174599075317382812e+01
3.164783477783203125e+01
3.167929077148437500e+01
3.184549140930175781e+01
3.199602890014648438e+01
3.195809173583984375e+01
3.203767013549804688e+01
3.205256652832031250e+01
3.215904235839843750e+01
3.213690948486328125e+01
3.216731262207031250e+01
3.201595687866210938e+01
3.216616821289062500e+01
3.210255813598632812e+01
3.200247192382812500e+01
3.199041557312011719e+01
3.203137969970703125e+01
3.210412597656250000e+01
3.215983581542968750e+01
3.221108627319335938e+01
3.235099411010742188e+01
3.220613861083984375e+01
3.214952468872070312e+01
3.210668945312500000e+01
3.223443603515625000e+01
3.215422439575195312e+01
3.219686889648437500e+01
3.207401657104492188e+01
3.218717193603515625e+01
3.217165756225585938e+01
3.212666320800781250e+01
3.214031219482421875e+01
3.212507247924804688e+01
3.208416748046875000e+01
3.211355209350585938e+01
3.229137420654296875e+01
3.239644241333007812e+01
3.244501876831054688e+01
3.265247344970703125e+01
3.271228790283203125e+01
3.268840789794921875e+01
3.252490234375000000e+01
3.274683380126953125e+01
3.278530120849609375e+01
3.284568786621093750e+01
3.255914306640625000e+01
3.253005599975585938e+01
3.241666412353515625e+01
3.226858520507812500e+01
3.230204772949218750e+01
3.225434875488281250e+01
3.219068908691406250e+01
3.209816360473632812e+01
3.200028228759765625e+01
3.194729614257812500e+01
3.202826690673828125e+01
3.201312637329101562e+01
3.210438919067382812e+01
3.206113815307617188e+01
3.194850921630859375e+01
3.203564071655273438e+01
3.190364074707031250e+01
3.186251068115234375e+01
3.176094245910644531e+01
3.165349578857421875e+01
3.178378677368164062e+01
3.172541999816894531e+01
3.170471191406250000e+01
3.176849174499511719e+01
3.174922370910644531e+01
3.183926010131835938e+01
3.149460029602050781e+01
3.160157012939453125e+01
3.154727935791015625e+01
3.165974617004394531e+01
3.176908111572265625e+01
3.171968841552734375e+01
3.158145332336425781e+01
3.163241958618164062e+01
3.155015563964843750e+01
3.146361160278320312e+01
3.161803436279296875e+01
3.163757324218750000e+01
3.161477661132812500e+01
3.161705398559570312e+01
3.150023269653320312e+01
3.166404342651367188e+01
3.150202941894531250e+01
3.155663299560546875e+01
3.146373939514160156e+01
3.161333274841308594e+01
3.171887969970703125e+01
3.173914718627929688e+01
3.190717315673828125e+01
3.189160346984863281e+01
3.191665267944335938e+01
3.196359825134277344e+01
3.187047195434570312e+01
3.170686912536621094e+01
3.175859642028808594e+01
3.172595977783203125e+01
3.176678276062011719e+01
3.173309135437011719e+01
3.166004180908203125e+01
3.167677879333496094e+01
3.177719497680664062e+01
3.196315574645996094e+01
3.195332717895507812e+01
3.199315071105957031e+01
3.215464401245117188e+01
3.231574249267578125e+01
3.221433258056640625e+01
3.211542510986328125e+01
3.228246307373046875e+01
3.229802322387695312e+01
3.245589828491210938e+01
3.232298278808593750e+01
3.226295089721679688e+01
3.233630371093750000e+01
3.224862670898437500e+01
3.234770965576171875e+01
3.235496520996093750e+01
3.247042083740234375e+01
3.244372177124023438e+01
3.217839431762695312e+01
3.200834655761718750e+01
3.216844940185546875e+01
3.238033676147460938e+01
3.214788055419921875e+01
3.240859222412109375e+01
3.249517822265625000e+01
3.246457672119140625e+01
3.234109115600585938e+01
3.233611679077148438e+01
3.227175140380859375e+01
3.247791290283203125e+01
3.256280517578125000e+01
3.244504928588867188e+01
3.241659545898437500e+01
3.242242813110351562e+01
3.254920196533203125e+01
3.275085067749023438e+01
3.277708435058593750e+01
3.287653732299804688e+01
3.276765823364257812e+01
3.280098724365234375e+01
3.279407501220703125e+01
3.267170715332031250e+01
3.282400512695312500e+01
3.280478668212890625e+01
3.299196243286132812e+01
3.292220306396484375e+01
3.270947265625000000e+01
3.263682556152343750e+01
3.247880554199218750e+01
3.263665008544921875e+01
3.261430740356445312e+01
3.266038513183593750e+01
3.269505310058593750e+01
3.262862396240234375e+01
3.255376815795898438e+01
3.264678192138671875e+01
3.264881134033203125e+01
3.253804016113281250e+01
3.266032409667968750e+01
3.259784317016601562e+01
3.273107147216796875e+01
3.261232376098632812e+01
3.273024749755859375e+01
3.265232849121093750e+01
3.272834014892578125e+01
3.268516921997070312e+01
3.272268676757812500e+01
3.266788482666015625e+01
3.265254974365234375e+01
3.271255493164062500e+01
3.270623779296875000e+01
3.260207748413085938e+01
3.267240142822265625e+01
3.268338012695312500e+01
3.260445785522460938e+01
3.258606719970703125e+01
3.258430099487304688e+01
3.275782012939453125e+01
3.278027343750000000e+01
3.285289764404296875e+01
3.289174270629882812e+01
3.303808212280273438e+01
3.306765747070312500e+01
3.304503250122070312e+01
3.302192306518554688e+01
3.321828842163085938e+01
3.306890106201171875e+01
3.316519927978515625e+01
3.305935668945312500e+01
3.297908782958984375e+01
3.310150146484375000e+01
3.293296051025390625e+01
3.287791824340820312e+01
3.292671203613281250e+01
3.307581329345703125e+01
3.304092407226562500e+01
3.304766082763671875e+01
3.296433639526367188e+01
3.288055419921875000e+01
3.281502914428710938e+01
3.298455047607421875e+01
3.302394866943359375e+01
3.296976470947265625e+01
3.304264068603515625e+01
3.292550659179687500e+01
3.305216598510742188e+01
3.310723495483398438e+01
3.292912292480468750e+01
3.294449615478515625e+01
3.276956939697265625e+01
3.254496765136718750e+01
3.245808029174804688e+01
3.256312179565429688e+01
3.259791183471679688e+01
3.247356033325195312e+01
3.253572082519531250e+01
3.261336898803710938e+01
3.289313125610351562e+01
3.280748367309570312e+01
3.277711486816406250e+01
3.269947433471679688e+01
3.266228485107421875e+01
3.276415252685546875e+01
3.286688995361328125e+01
3.300933074951171875e+01
3.295596313476562500e+01
3.296606063842773438e+01
3.313869094848632812e+01
3.318472290039062500e+01
3.313224029541015625e+01
3.328685760498046875e+01
3.309293746948242188e+01
3.331024169921875000e+01
3.327600860595703125e+01
3.322906494140625000e+01
3.324913787841796875e+01
3.322484588623046875e+01
3.323963928222656250e+01
3.327056884765625000e+01
3.299870300292968750e+01
3.291782379150390625e+01
3.282571029663085938e+01
3.282040786743164062e+01
3.278974151611328125e+01
3.295983123779296875e+01
3.309979248046875000e+01
3.314696502685546875e+01
3.298543548583984375e+01
3.316168594360351562e+01
3.327923583984375000e+01
3.314664840698242188e+01
3.326593399047851562e+01
3.306886291503906250e+01
3.303152847290039062e+01
3.300914764404296875e+01
3.282430267333984375e+01
3.280550003051757812e+01
3.296235656738281250e+01
3.303170776367187500e+01
3.306691741943359375e+01
3.328433609008789062e+01
3.317251968383789062e+01
3.329440307617187500e+01
3.348477935791015625e+01
3.356059646606445312e+01
3.325529861450195312e+01
3.336492538452148438e+01
3.337767028808593750e+01
3.337193298339843750e+01
3.357308959960937500e+01
3.341492843627929688e+01
3.343275833129882812e+01
3.366877746582031250e+01
3.370990753173828125e+01
3.352517318725585938e+01
3.348768615722656250e+01
3.354575347900390625e+01
3.344172668457031250e+01
3.353165054321289062e+01
3.359233856201171875e+01
3.371252441406250000e+01
3.370384216308593750e+01
3.375909423828125000e+01
3.350523757934570312e+01
3.342532348632812500e+01
3.354351043701171875e+01
3.360580062866210938e+01
3.349728012084960938e+01
3.364755630493164062e+01
3.377785491943359375e+01
3.362939071655273438e+01
3.354509735107421875e+01
3.365055847167968750e+01
3.361244201660156250e+01
3.374948501586914062e+01
3.378437042236328125e+01
3.377195739746093750e+01
3.383660125732421875e+01
3.382870101928710938e+01
3.389247894287109375e+01
3.392374420166015625e+01
3.403314208984375000e+01
3.400534820556640625e+01
3.408880996704101562e+01
3.392197036743164062e+01
3.421830749511718750e+01
3.425723266601562500e+01
3.420626449584960938e+01
3.408233261108398438e+01
3.406454849243164062e+01
3.408584213256835938e+01
3.433800888061523438e+01
3.434909057617187500e+01
3.433872222900390625e+01
3.422569656372070312e+01
3.420041656494140625e+01
3.414897155761718750e+01
3.405064392089843750e+01
3.403442001342773438e+01
3.405145263671875000e+01
3.395199584960937500e+01
3.407212829589843750e+01
3.407031250000000000e+01
3.416986465454101562e+01
3.413490676879882812e+01
3.409416961669921875e+01
3.413488769531250000e+01
3.400970077514648438e+01
3.395641708374023438e+01
3.397547912597656250e+01
3.408483123779296875e+01
3.404571914672851562e+01
3.403248596191406250e+01
3.390187835693359375e+01
3.380430984497070312e+01
3.392142486572265625e+01
3.410578155517578125e+01
3.403727722167968750e+01
3.394389343261718750e+01
3.393700408935546875e+01
3.413148117065429688e+01
3.408516693115234375e+01
3.412524795532226562e+01
3.405764770507812500e+01
3.417869567871093750e+01
3.413692855834960938e+01
3.415402221679687500e+01
3.407522583007812500e+01
3.406033706665039062e+01
3.385092926025390625e+01
3.378844070434570312e+01
3.387655639648437500e+01
3.395590972900390625e+01
3.396298217773437500e+01
3.389606475830078125e+01
3.389170837402343750e+01
3.369909286499023438e+01
3.370127105712890625e+01
3.371020507812500000e+01
3.369468307495117188e+01
3.382083129882812500e+01
3.370756912231445312e+01
3.368006134033203125e+01
3.363231277465820312e+01
3.355234527587890625e+01
3.341400527954101562e+01
3.346517944335937500e+01
3.331914138793945312e+01
3.326908111572265625e+01
3.342856979370117188e+01
3.336312484741210938e+01
3.328573989868164062e+01
3.328066635131835938e+01
3.327270889282226562e+01
3.325838470458984375e+01
3.337048339843750000e+01
3.348261260986328125e+01
3.346334457397460938e+01
3.352731323242187500e+01
3.350963592529296875e+01
3.352391815185546875e+01
3.330529403686523438e+01
3.334312057495117188e+01
3.326007080078125000e+01
3.343401336669921875e+01
3.335571670532226562e+01
3.324237060546875000e+01
3.325536727905273438e+01
3.342790222167968750e+01
3.338281250000000000e+01
3.342713165283203125e+01
3.337993621826171875e+01
3.326218795776367188e+01
3.341302108764648438e+01
3.325291061401367188e+01
3.311072540283203125e+01
3.327961349487304688e+01
3.334788131713867188e+01
3.342572784423828125e+01
3.332951354980468750e+01
3.343766021728515625e+01
3.360329818725585938e+01
3.361567687988281250e+01
3.366205596923828125e+01
3.350933074951171875e+01
3.350964355468750000e+01
3.365167236328125000e+01
3.352894592285156250e+01
3.380739212036132812e+01
3.398675155639648438e+01
3.404421615600585938e+01
3.405266189575195312e+01
3.393950653076171875e+01
3.391156005859375000e+01
3.395196151733398438e+01
3.381729888916015625e+01
3.383903121948242188e+01
3.371841049194335938e+01
3.387380218505859375e+01
3.387634658813476562e+01
3.399549484252929688e+01
3.383355712890625000e+01
3.397138595581054688e+01
3.389005279541015625e+01
3.378409194946289062e+01
3.375019073486328125e+01
3.383796691894531250e+01
3.375498962402343750e+01
3.363304138183593750e+01
3.357724761962890625e+01
3.363262557983398438e+01
3.383444213867187500e+01
3.379368972778320312e+01
3.390563964843750000e+01
3.397473144531250000e+01
3.398197937011718750e+01
3.400485229492187500e+01
3.394509887695312500e+01
3.395077514648437500e+01
3.365126037597656250e+01
3.362622833251953125e+01
3.364003372192382812e+01
3.365578079223632812e+01
3.381983947753906250e+01
3.368720245361328125e+01
3.359145355224609375e+01
3.365430450439453125e+01
3.374428558349609375e+01
3.373803329467773438e+01
3.375351715087890625e+01
3.374554061889648438e+01
3.368546676635742188e+01
3.381652069091796875e+01
3.385967636108398438e+01
3.393825531005859375e+01
3.398708343505859375e+01
3.397243881225585938e+01
3.393299865722656250e+01
3.394099426269531250e+01
3.385105133056640625e+01
3.386464691162109375e+01
3.391811370849609375e+01
3.387467956542968750e+01
3.394372940063476562e+01
3.384410095214843750e+01
3.395784378051757812e+01
3.385785293579101562e+01
3.381645202636718750e+01
3.375700378417968750e+01
3.352439117431640625e+01
3.354776000976562500e+01
3.355180358886718750e+01
3.348667526245117188e+01
3.347375488281250000e+01
3.352704620361328125e+01
3.342681884765625000e+01
3.361542892456054688e+01
3.350661849975585938e+01
3.363576507568359375e+01
3.376281738281250000e+01
3.385021209716796875e+01
3.390587615966796875e+01
3.380926895141601562e+01
3.373057556152343750e+01
3.387453460693359375e+01
3.390528106689453125e+01
3.381063079833984375e+01
3.386973571777343750e+01
3.383287811279296875e+01
3.373531341552734375e+01
3.401651000976562500e+01
3.405459594726562500e+01
3.402062988281250000e+01
3.414619445800781250e+01
3.421141052246093750e+01
3.420050048828125000e+01
3.413317108154296875e+01
3.434745407104492188e+01
3.446002960205078125e+01
3.429285430908203125e+01
3.445619964599609375e+01
3.444623947143554688e+01
3.452542114257812500e+01
3.468698501586914062e+01
3.457582855224609375e+01
3.454755020141601562e+01
3.469670104980468750e+01
3.472960662841796875e+01
3.465729522705078125e+01
3.453279113769531250e+01
3.459230041503906250e+01
3.443058013916015625e+01
3.445070266723632812e+01
3.440772247314453125e+01
3.442885589599609375e+01
3.441497802734375000e+01
3.445223999023437500e+01
3.443971633911132812e+01
3.457021331787109375e+01
3.469060897827148438e+01
3.446929931640625000e+01
3.462779235839843750e+01
3.446923828125000000e+01
3.449824905395507812e+01
3.439626312255859375e+01
3.445495605468750000e+01
3.453573989868164062e+01
3.440507507324218750e+01
3.446825790405273438e+01
3.443432617187500000e+01
3.440366744995117188e+01
3.443434906005859375e+01
3.431491088867187500e+01
3.436848449707031250e+01
3.432454299926757812e+01
3.441219711303710938e+01
3.432316970825195312e+01
3.445401000976562500e+01
3.454550552368164062e+01
3.463073730468750000e+01
3.441712951660156250e+01
3.427920532226562500e+01
3.442299270629882812e+01
3.441717147827148438e+01
3.441002273559570312e+01
3.434358215332031250e+01
3.440480041503906250e+01
3.456611633300781250e+01
3.435921859741210938e+01
3.425636291503906250e+01
3.441373825073242188e+01
3.431851196289062500e+01
3.425158691406250000e+01
3.436149215698242188e+01
3.428322982788085938e+01
3.405228424072265625e+01
3.424041366577148438e+01
3.414870071411132812e+01
3.429708862304687500e+01
3.422942733764648438e+01
3.389249038696289062e+01
3.385779571533203125e+01
3.391327285766601562e+01
3.401520538330078125e+01
3.402313995361328125e+01
3.395109558105468750e+01
3.390301895141601562e+01
3.410002899169921875e+01
3.412722396850585938e+01
3.429292297363281250e+01
3.432316589355468750e+01
3.429035186767578125e+01
3.433539962768554688e+01
3.431671905517578125e+01
3.427045440673828125e+01
3.439502716064453125e+01
3.445341491699218750e+01
3.440291213989257812e+01
3.448322296142578125e+01
3.464989471435546875e+01
3.455161285400390625e+01
3.473677444458007812e+01
3.452392578125000000e+01
3.449360656738281250e+01
3.448641204833984375e+01
3.450571441650390625e+01
3.454711532592773438e+01
3.434977340698242188e+01
3.433376693725585938e+01
3.436708068847656250e+01
3.439907836914062500e+01
3.438188934326171875e+01
3.423487091064453125e+01
3.412626647949218750e+01
3.411147308349609375e+01
3.394219970703125000e+01
3.394959640502929688e+01
3.384514617919921875e+01
3.390148544311523438e+01
3.400511169433593750e+01
3.377862167358398438e+01
3.390387725830078125e+01
3.392668533325195312e+01
3.379520416259765625e+01
3.396773147583007812e+01
3.379483795166015625e+01
3.390589904785156250e+01
3.394736099243164062e+01
3.396893310546875000e+01
3.405523681640625000e+01
3.409610366821289062e+01
3.402147674560546875e+01
3.412834548950195312e+01
3.396696472167968750e+01
3.390936279296875000e+01
3.396288681030273438e+01
3.393772125244140625e+01
3.376000976562500000e+01
3.378377532958984375e+01
3.396892547607421875e+01
3.401671218872070312e+01
3.404703521728515625e+01
3.409909057617187500e+01
3.418912506103515625e+01
3.408913421630859375e+01
3.387178039550781250e+01
3.396732711791992188e+01
3.404814529418945312e+01
3.402539825439453125e+01
3.409278869628906250e+01
3.418493652343750000e+01
3.416580581665039062e+01
3.430081176757812500e+01
3.426177978515625000e+01
3.442894744873046875e+01
3.426719284057617188e+01
3.444064331054687500e+01
3.442728424072265625e+01
3.434091567993164062e+01
3.418328857421875000e+01
3.424200820922851562e+01
3.434046173095703125e+01
3.431957244873046875e+01
3.433681488037109375e+01
3.440533065795898438e+01
3.425035095214843750e+01
3.423302459716796875e+01
3.415689086914062500e+01
3.418929290771484375e+01
3.410149002075195312e+01
3.410922622680664062e+01
3.400457763671875000e+01
3.401396942138671875e+01
3.400867462158203125e+01
3.388772583007812500e+01
3.384125518798828125e+01
3.387184524536132812e+01
3.387874603271484375e+01
3.382939529418945312e+01
3.369968414306640625e+01
3.370010375976562500e+01
3.371622085571289062e+01
3.383053588867187500e+01
3.359614944458007812e+01
3.360581588745117188e+01
3.363644409179687500e+01
3.369901657104492188e+01
3.384597396850585938e+01
3.386825561523437500e+01
3.383354949951171875e+01
3.378455352783203125e+01
3.397351074218750000e+01
3.393140792846679688e+01
3.397220230102539062e+01
3.411067199707031250e+01
3.393518066406250000e+01
3.397360992431640625e+01
3.412713623046875000e+01
3.428897094726562500e+01
3.423073577880859375e+01
3.438127136230468750e+01
3.442563247680664062e+01
3.422976684570312500e+01
3.425503158569335938e+01
3.432765579223632812e+01
3.408011245727539062e+01
3.413502883911132812e+01
3.405101776123046875e+01
3.413998413085937500e+01
3.411046600341796875e+01
3.402011108398437500e+01
3.401681518554687500e+01
3.377724456787109375e+01
3.403911590576171875e+01
3.369329071044921875e+01
3.386248016357421875e+01
3.393464660644531250e+01
3.383097076416015625e+01
3.404083251953125000e+01
3.393547058105468750e+01
3.394448852539062500e+01
3.392932891845703125e+01
3.398831939697265625e+01
3.409895706176757812e+01
3.406393432617187500e+01
3.391258239746093750e+01
3.378571319580078125e+01
3.374664306640625000e+01
3.373738098144531250e+01
3.389166641235351562e+01
3.390997314453125000e+01
3.389376449584960938e+01
3.392570495605468750e+01
3.394168090820312500e+01
3.388481903076171875e+01
3.374831771850585938e+01
3.390272903442382812e+01
3.382735824584960938e+01
3.377607345581054688e+01
3.387108612060546875e+01
3.380532836914062500e+01
3.369397735595703125e+01
3.364920425415039062e+01
3.366205215454101562e+01
3.368469238281250000e+01
3.357040405273437500e+01
3.370101165771484375e+01
3.381989669799804688e+01
3.391160964965820312e+01
3.375752258300781250e+01
3.371724700927734375e+01
3.361857223510742188e+01
3.367490386962890625e+01
3.383330917358398438e+01
3.382001876831054688e+01
3.387401580810546875e+01
3.371810531616210938e+01
3.398057556152343750e+01
3.395664215087890625e+01
3.374436950683593750e+01
3.367992401123046875e+01
3.373872375488281250e+01
3.371051025390625000e+01
3.385052871704101562e+01
3.374621963500976562e+01
3.382508087158203125e+01
3.383072662353515625e+01
3.372239685058593750e+01
3.361921310424804688e+01
3.356066894531250000e+01
3.348254394531250000e+01
3.352626037597656250e+01
3.349760055541992188e+01
3.336086654663085938e+01
3.342899703979492188e+01
3.343802261352539062e+01
3.342088699340820312e+01
3.340602111816406250e+01
3.345446395874023438e+01
3.337474441528320312e+01
3.346911239624023438e+01
3.341510772705078125e+01
3.344462203979492188e+01
3.335391998291015625e+01
3.333472442626953125e+01
3.311669540405273438e+01
3.304782867431640625e+01
3.306336975097656250e+01
3.281974411010742188e+01
3.309304809570312500e+01
3.307660293579101562e+01
3.306611633300781250e+01
3.292675781250000000e+01
3.299378967285156250e+01
3.295653533935546875e+01
3.304156112670898438e+01
3.312859344482421875e+01
3.315067291259765625e+01
3.324692535400390625e+01
3.316056823730468750e+01
3.310915756225585938e+01
3.318568420410156250e+01
3.325351715087890625e+01
3.322419357299804688e+01
3.317932128906250000e+01
3.323636627197265625e+01
3.311996841430664062e+01
3.328999710083007812e+01
3.331476593017578125e+01
3.329904937744140625e+01
3.323541641235351562e+01
3.319240570068359375e+01
3.328955459594726562e+01
3.321147918701171875e+01
3.317199707031250000e+01
3.325817489624023438e+01
3.315402984619140625e+01
3.320953369140625000e+01
3.344309234619140625e+01
3.332173156738281250e+01
3.331858825683593750e+01
3.334938049316406250e+01
3.348163986206054688e+01
3.347859954833984375e+01
3.342907714843750000e+01
3.336238861083984375e+01
3.325609970092773438e+01
3.322769927978515625e+01
3.334591293334960938e+01
3.338233184814453125e+01
3.333070755004882812e+01
3.346597290039062500e+01
3.365348052978515625e+01
3.345021820068359375e+01
3.347594070434570312e+01
3.354670715332031250e+01
3.358615875244140625e+01
3.370441436767578125e+01
3.368893051147460938e+01
3.381951904296875000e+01
3.393050384521484375e+01
3.391933441162109375e+01
3.398977661132812500e+01
3.402165603637695312e+01
3.396839523315429688e+01
3.413230514526367188e+01
3.419840621948242188e+01
3.411884689331054688e+01
3.410478973388671875e+01
3.412183380126953125e+01
3.398311233520507812e+01
3.385386276245117188e+01
3.402659606933593750e+01
3.384403610229492188e+01
3.399082565307617188e+01
3.395661926269531250e+01
3.385411071777343750e+01
3.395379257202148438e+01
3.393700790405273438e+01
3.386516189575195312e+01
3.379573059082031250e+01
3.375352096557617188e+01
3.378372192382812500e+01
3.378258895874023438e+01
3.391870498657226562e+01
3.395818328857421875e+01
3.394633102416992188e+01
3.367136383056640625e+01
3.364386749267578125e+01
3.373151397705078125e+01
3.391801834106445312e+01
3.388189315795898438e+01
3.400568008422851562e+01
3.393695068359375000e+01
3.392642211914062500e+01
3.364659118652343750e+01
3.357442474365234375e+01
3.361650466918945312e+01
3.357568740844726562e+01
3.327683258056640625e+01
3.340038299560546875e+01
3.329341506958007812e+01
3.340613555908203125e+01
3.332506561279296875e+01
3.340484619140625000e+01
3.332172775268554688e+01
3.336993408203125000e+01
3.318402099609375000e+01
3.335987091064453125e+01
3.328286743164062500e+01
3.323553466796875000e+01
3.313720703125000000e+01
3.333220672607421875e+01
3.346036529541015625e+01
3.344841384887695312e+01
3.363247299194335938e+01
3.363727188110351562e+01
3.352385711669921875e+01
3.335488891601562500e+01
3.326278686523437500e+01
3.331602859497070312e+01
3.323621749877929688e+01
3.314227294921875000e+01
3.323921585083007812e+01
3.321861267089843750e+01
3.341980743408203125e+01
3.330445861816406250e+01
3.334918212890625000e+01
3.340031051635742188e+01
3.353868103027343750e+01
3.340100097656250000e+01
3.344464111328125000e+01
3.351912689208984375e+01
3.370399856567382812e+01
3.335836029052734375e+01
3.331895065307617188e+01
3.352705383300781250e+01
3.360037994384765625e+01
3.344665527343750000e+01
3.345200729370117188e+01
3.357345581054687500e+01
3.336923217773437500e+01
3.355687332153320312e+01
3.358248138427734375e+01
3.367905426025390625e+01
3.378832244873046875e+01
3.366104507446289062e+01
3.349712371826171875e+01
3.332511901855468750e+01
3.326346206665039062e+01
3.322007751464843750e+01
3.330571365356445312e+01
3.324649429321289062e+01
3.341283035278320312e+01
3.348519897460937500e+01
3.335259246826171875e+01
3.340854263305664062e+01
3.356514358520507812e+01
3.340430068969726562e+01
3.374138641357421875e+01
3.375254821777343750e+01
3.346643829345703125e+01
3.370441436767578125e+01
3.375476455688476562e+01
3.375717163085937500e+01
3.371980667114257812e+01
3.364200592041015625e+01
3.366449356079101562e+01
3.378316497802734375e+01
3.364575958251953125e+01
3.350275421142578125e+01
3.354299163818359375e+01
3.357719039916992188e+01
3.367320251464843750e+01
3.367091369628906250e+01
3.368887710571289062e+01
3.360877227783203125e+01
3.363948059082031250e+01
3.355438995361328125e+01
3.354981231689453125e+01
3.349150085449218750e+01
3.372188949584960938e+01
3.357534027099609375e+01
3.344880676269531250e+01
3.354076385498046875e+01
3.344656372070312500e+01
3.323291778564453125e+01
3.340698242187500000e+01
3.345988082885742188e+01
3.318525695800781250e+01
3.325150680541992188e+01
3.309274291992187500e+01
3.320823287963867188e+01
3.322709655761718750e+01
3.324655532836914062e+01
3.341384124755859375e+01
3.315114593505859375e+01
3.321473693847656250e+01
3.301185226440429688e+01
3.299404907226562500e+01
3.320251464843750000e+01
3.309252166748046875e+01
3.305731964111328125e+01
3.302511596679687500e+01
3.315123748779296875e+01
3.332089996337890625e+01
3.343735885620117188e+01
3.358922576904296875e+01
3.378780364990234375e+01
3.379578399658203125e+01
3.376165390014648438e+01
3.369298553466796875e+01
3.372977447509765625e+01
3.361140060424804688e+01
3.360238265991210938e+01
3.349574279785156250e+01
3.356529235839843750e+01
3.359118270874023438e+01
3.336643218994140625e+01
3.336524200439453125e+01
3.322890853881835938e+01
3.343619918823242188e+01
3.342185211181640625e+01
3.343759918212890625e+01
3.347794342041015625e+01
3.356578063964843750e+01
3.359925842285156250e+01
3.351039505004882812e+01
3.368598175048828125e+01
3.358759307861328125e+01
3.357758331298828125e+01
3.374379730224609375e+01
3.352896881103515625e+01
3.356070709228515625e+01
3.355918502807617188e+01
3.375960540771484375e+01
3.367102432250976562e+01
3.350418853759765625e+01
3.368189620971679688e+01
3.353295898437500000e+01
3.355645751953125000e+01
3.350234985351562500e+01
3.358831405639648438e+01
3.362004852294921875e+01
3.375891876220703125e+01
3.374015426635742188e+01
3.389809417724609375e+01
3.385202789306640625e+01
3.371647644042968750e+01
3.364715194702148438e+01
3.367822265625000000e+01
3.357480621337890625e+01
3.359746932983398438e+01
3.363380050659179688e+01
3.373919677734375000e+01
3.388219451904296875e+01
3.365910339355468750e+01
3.361074829101562500e+01
3.371728515625000000e+01
3.364881515502929688e+01
3.375128936767578125e+01
3.372568893432617188e+01
3.387917327880859375e+01
3.370897293090820312e+01
3.381166839599609375e+01
3.380965042114257812e+01
3.373965454101562500e+01
3.364083862304687500e+01
3.375386047363281250e+01
3.373988342285156250e+01
3.377611541748046875e+01
3.371679687500000000e+01
3.371485900878906250e+01
3.349824905395507812e+01
3.355401229858398438e+01
3.346141052246093750e+01
3.347399902343750000e+01
3.343996429443359375e+01
3.336552810668945312e+01
3.342551040649414062e+01
3.350060272216796875e+01
3.332127380371093750e+01
3.320127487182617188e+01
3.323284149169921875e+01
3.331890106201171875e+01
3.309411621093750000e+01
3.312629699707031250e+01
3.304270553588867188e+01
3.316917419433593750e+01
3.308643341064453125e+01
3.313990783691406250e+01
3.310862731933593750e+01
3.317889022827148438e+01
3.334746551513671875e+01
3.324172973632812500e+01
3.326105499267578125e+01
3.332760620117187500e+01
3.328895950317382812e+01
3.337542724609375000e+01
3.360683822631835938e+01
3.343497467041015625e+01
3.348176574707031250e+01
3.350540924072265625e+01
3.349126815795898438e+01
3.360201263427734375e+01
3.350935363769531250e+01
3.356352233886718750e+01
3.363168334960937500e+01
3.351076507568359375e+01
3.332536315917968750e+01
3.355050659179687500e+01
3.336051177978515625e+01
3.312861633300781250e+01
3.332069396972656250e+01
3.308556365966796875e+01
3.326963806152343750e+01
3.349254989624023438e+01
3.354675674438476562e+01
3.367339324951171875e+01
3.366515731811523438e+01
3.365168762207031250e+01
3.349145889282226562e+01
3.342358779907226562e+01
3.332025527954101562e+01
3.337963485717773438e+01
3.323720169067382812e+01
3.342192840576171875e+01
3.329689788818359375e+01
3.336051177978515625e+01
3.330771636962890625e+01
3.353672027587890625e+01
3.345116424560546875e+01
3.337572479248046875e+01
3.345034790039062500e+01
3.341566467285156250e+01
3.338292694091796875e+01
3.325617218017578125e+01
3.342843627929687500e+01
3.344601440429687500e+01
3.341326522827148438e+01
3.341342926025390625e+01
3.357168579101562500e+01
3.348886489868164062e+01
3.356190872192382812e+01
3.349486160278320312e+01
3.357584381103515625e+01
3.357690429687500000e+01
3.376055908203125000e+01
3.369479370117187500e+01
3.370232009887695312e+01
3.378093719482421875e+01
3.357466506958007812e+01
3.350594711303710938e+01
3.354680252075195312e+01
3.357114791870117188e+01
3.362024307250976562e+01
3.337815475463867188e+01
3.351512145996093750e+01
3.349580383300781250e+01
3.379497528076171875e+01
3.391190338134765625e+01
3.400217437744140625e+01
3.378441238403320312e+01
3.369490814208984375e+01
3.354884719848632812e+01
3.351745605468750000e+01
3.355361557006835938e+01
3.350125885009765625e+01
3.374648666381835938e+01
3.369906616210937500e+01
3.348832702636718750e+01
3.343310165405273438e+01
3.348760223388671875e+01
3.352051544189453125e+01
3.356523132324218750e+01
3.366300201416015625e+01
3.347712707519531250e+01
3.353086471557617188e+01
3.346281051635742188e+01
3.340771865844726562e+01
3.341884613037109375e+01
3.337284088134765625e+01
3.334125518798828125e+01
3.335083007812500000e+01
3.364363098144531250e+01
3.372346496582031250e+01
3.364366912841796875e+01
3.373614120483398438e+01
3.350922393798828125e+01
3.346991729736328125e+01
3.375861358642578125e+01
3.368543243408203125e+01
3.364949417114257812e+01
3.348462295532226562e+01
3.362191009521484375e+01
3.375083541870117188e+01
3.357756042480468750e+01
3.348050308227539062e+01
3.348856735229492188e+01
3.348134994506835938e+01
3.364099884033203125e+01
3.353430557250976562e+01
3.373535156250000000e+01
3.367216873168945312e+01
3.371473312377929688e+01
3.366172027587890625e+01
3.353002929687500000e+01
3.341314697265625000e+01
3.324961471557617188e+01
3.302354431152343750e+01
3.307452011108398438e+01
3.333077239990234375e+01
3.349787521362304688e+01
3.342969512939453125e+01
3.335365295410156250e+01
3.339690780639648438e+01
3.339277648925781250e+01
3.346800994873046875e+01
3.338019561767578125e+01
3.350773620605468750e+01
3.336583709716796875e+01
3.353387832641601562e+01
3.345683670043945312e+01
3.341571044921875000e+01
3.342897796630859375e+01
3.356796646118164062e+01
3.347443389892578125e+01
3.326020812988281250e+01
3.340230178833007812e+01
3.350589752197265625e+01
3.332233428955078125e+01
3.336703491210937500e+01
3.328998565673828125e+01
3.339075088500976562e+01
3.342932891845703125e+01
3.350122833251953125e+01
3.368780136108398438e+01
3.350053405761718750e+01
3.345355987548828125e+01
3.340451812744140625e+01
3.346993637084960938e+01
3.344530868530273438e+01
3.346988677978515625e+01
3.351858139038085938e+01
3.341845321655273438e+01
3.337437820434570312e+01
3.330094528198242188e+01
3.328902053833007812e+01
3.316852569580078125e+01
3.310464859008789062e+01
3.307934570312500000e+01
3.318881607055664062e+01
3.334371566772460938e+01
3.335977172851562500e+01
3.330456924438476562e+01
3.321632385253906250e+01
3.339961242675781250e+01
3.314302062988281250e+01
3.311208343505859375e+01
3.312277603149414062e+01
3.315013504028320312e+01
3.297108840942382812e+01
3.302449035644531250e+01
3.300117492675781250e+01
3.319139099121093750e+01
3.313659286499023438e+01
3.329659652709960938e+01
3.314362335205078125e+01
3.293508148193359375e+01
3.311615753173828125e+01
3.312667083740234375e+01
3.317370986938476562e+01
3.305314636230468750e+01
3.321438598632812500e+01
3.318891143798828125e+01
3.304274368286132812e+01
3.302535247802734375e+01
3.301342010498046875e+01
3.299549484252929688e+01
3.319297027587890625e+01
3.304573440551757812e+01
3.320875549316406250e+01
3.327153396606445312e+01
3.321312713623046875e+01
3.331524658203125000e+01
3.333954238891601562e+01
3.362244033813476562e+01
3.336739349365234375e+01
3.344928741455078125e+01
3.337161254882812500e+01
3.324377441406250000e+01
3.348402404785156250e+01
3.323184585571289062e+01
3.328062057495117188e+01
3.313682556152343750e+01
3.336318588256835938e+01
3.330510711669921875e+01
3.311586761474609375e+01
3.321684265136718750e+01
3.306607055664062500e+01
3.312958526611328125e+01
3.312398147583007812e+01
3.303444290161132812e+01
3.298905944824218750e+01
3.326547622680664062e+01
3.300331115722656250e+01
3.319014739990234375e+01
3.319160461425781250e+01
3.315331268310546875e+01
3.327600860595703125e+01
3.296627044677734375e+01
3.277722930908203125e+01
3.281790161132812500e+01
3.281788253784179688e+01
3.284266281127929688e+01
3.290506744384765625e+01
3.282006835937500000e+01
3.292480468750000000e+01
3.285562515258789062e+01
3.289135742187500000e+01
3.266528320312500000e+01
3.272409820556640625e+01
3.282214736938476562e+01
3.283622741699218750e+01
3.284062194824218750e+01
3.294247055053710938e+01
3.285917282104492188e+01
3.300414276123046875e+01
3.297353744506835938e+01
3.305006027221679688e+01
3.302086639404296875e+01
3.298447418212890625e+01
3.263607788085937500e+01
3.276207351684570312e+01
3.265396499633789062e+01
3.268968963623046875e+01
3.291392135620117188e+01
3.298633193969726562e+01
3.304968643188476562e+01
3.283823776245117188e+01
3.285354232788085938e+01
3.304979705810546875e+01
3.282884979248046875e+01
3.301552200317382812e+01
3.319449234008789062e+01
3.304786682128906250e+01
3.291779327392578125e+01
3.297176742553710938e+01
3.300199890136718750e+01
3.310496139526367188e+01
3.310684967041015625e+01
3.291648101806640625e+01
3.310955429077148438e+01
3.306418609619140625e+01
3.318679428100585938e+01
3.319845581054687500e+01
3.327258300781250000e+01
3.311451721191406250e+01
3.307141876220703125e+01
3.296121215820312500e+01
3.295008850097656250e+01
3.302134323120117188e+01
3.329813385009765625e+01
3.341087341308593750e+01
3.319356155395507812e+01
3.325939559936523438e+01
3.320305633544921875e+01
3.314914321899414062e+01
3.323266983032226562e+01
3.309181213378906250e+01
3.325152587890625000e+01
3.329204177856445312e+01
3.325978851318359375e+01
3.328485107421875000e+01
3.325250244140625000e+01
3.332266235351562500e+01
3.330511474609375000e+01
3.306514739990234375e+01
3.309089660644531250e+01
3.305650329589843750e+01
3.306784057617187500e+01
3.274121856689453125e+01
3.300922393798828125e+01
3.289442825317382812e+01
3.288982391357421875e+01
3.289270019531250000e+01
3.279293060302734375e+01
3.278079223632812500e+01
3.268497467041015625e+01
3.273175430297851562e+01
3.279687118530273438e+01
3.298455047607421875e+01
3.307147979736328125e+01
3.289614105224609375e+01
3.300297927856445312e+01
3.297842788696289062e+01
3.303046798706054688e+01
3.313143920898437500e+01
3.303735351562500000e+01
3.304186630249023438e+01
3.310333633422851562e+01
3.316673278808593750e+01
3.306773757934570312e+01
3.292248916625976562e+01
3.298397827148437500e+01
3.294902801513671875e+01
3.277053833007812500e+01
3.283432388305664062e+01
3.276838302612304688e+01
3.258985900878906250e+01
3.262259674072265625e+01
3.253290176391601562e+01
3.287722778320312500e+01
3.293279266357421875e+01
3.291804504394531250e+01
3.279995346069335938e+01
3.289326095581054688e+01
3.273252868652343750e+01
3.275907135009765625e+01
3.284720993041992188e+01
3.280752182006835938e+01
3.287171936035156250e+01
3.304383087158203125e+01
3.300253295898437500e+01
3.302628326416015625e+01
3.319522094726562500e+01
3.314300537109375000e+01
3.301692962646484375e+01
3.305018234252929688e+01
3.316835021972656250e+01
3.316341400146484375e+01
3.303620910644531250e+01
3.302608489990234375e+01
3.316389465332031250e+01
3.304917907714843750e+01
3.304140853881835938e+01
3.306999206542968750e+01
3.287230682373046875e+01
3.302192306518554688e+01
3.308605957031250000e+01
3.307720184326171875e+01
3.298428344726562500e+01
3.302075195312500000e+01
3.325686264038085938e+01
3.319783782958984375e+01
3.305266189575195312e+01
3.306055450439453125e+01
3.300876617431640625e+01
3.304874801635742188e+01
3.308739852905273438e+01
3.289502716064453125e+01
3.295508193969726562e+01
3.305473327636718750e+01
3.305390167236328125e+01
3.311443710327148438e+01
3.294686126708984375e+01
3.293154144287109375e+01
3.293036270141601562e+01
3.297170639038085938e+01
3.285733032226562500e+01
3.271009826660156250e+01
3.293961334228515625e+01
3.270473861694335938e+01
3.275755310058593750e+01
3.269424438476562500e+01
3.280361938476562500e+01
3.287998580932617188e+01
3.279174804687500000e+01
3.286664581298828125e+01
3.280912017822265625e+01
3.287926483154296875e+01
3.283999633789062500e+01
3.279641342163085938e+01
3.275964355468750000e+01
3.258560562133789062e+01
3.254125976562500000e+01
3.265602111816406250e+01
3.238994598388671875e+01
3.261251831054687500e+01
3.272341537475585938e+01
3.278620147705078125e+01
3.269383239746093750e+01
3.272722625732421875e+01
3.263762664794921875e+01
3.264274978637695312e+01
3.281676101684570312e+01
3.287165069580078125e+01
3.279741668701171875e+01
3.281182861328125000e+01
3.275299835205078125e+01
3.293417739868164062e+01
3.292248153686523438e+01
3.286686706542968750e+01
3.272694778442382812e+01
3.273553466796875000e+01
3.271524047851562500e+01
3.262025451660156250e+01
3.280530166625976562e+01
3.289594650268554688e+01
3.279071044921875000e+01
3.260063552856445312e+01
3.262460327148437500e+01
3.264308166503906250e+01
3.232242584228515625e+01
3.243893051147460938e+01
3.245342254638671875e+01
3.242004394531250000e+01
3.244280242919921875e+01
3.241638183593750000e+01
3.249708938598632812e+01
3.241695404052734375e+01
3.228242111206054688e+01
3.243849945068359375e+01
3.238882064819335938e+01
3.236542510986328125e+01
3.253466415405273438e+01
3.252680206298828125e+01
3.271870422363281250e+01
3.253407669067382812e+01
3.273970794677734375e+01
3.267967224121093750e+01
3.271397399902343750e+01
3.246201324462890625e+01
3.237090682983398438e+01
3.248874282836914062e+01
3.245481491088867188e+01
3.249730682373046875e+01
3.252832412719726562e+01
3.243305206298828125e+01
3.244583892822265625e+01
3.265682983398437500e+01
3.270001983642578125e+01
3.259822082519531250e+01
3.249624633789062500e+01
3.275202941894531250e+01
3.250085067749023438e+01
3.250253295898437500e+01
3.246079254150390625e+01
3.239135742187500000e+01
3.249405288696289062e+01
3.240328216552734375e+01
3.251718521118164062e+01
3.257312774658203125e+01
3.261305236816406250e+01
3.256999969482421875e+01
3.258396148681640625e+01
3.263286209106445312e+01
3.263088989257812500e+01
3.274005126953125000e+01
3.286734390258789062e+01
3.293850708007812500e+01
3.271256637573242188e+01
3.268235778808593750e+01
3.258437347412109375e+01
3.264061355590820312e+01
3.272094726562500000e+01
3.253862762451171875e+01
3.257467651367187500e+01
3.263735961914062500e+01
3.273405456542968750e+01
3.260417938232421875e+01
3.264097595214843750e+01
3.264679718017578125e+01
3.256996154785156250e+01
3.265730285644531250e+01
3.269738006591796875e+01
3.285464859008789062e+01
3.279758834838867188e+01
3.287185668945312500e+01
3.273770904541015625e+01
3.262692642211914062e+01
3.267414093017578125e+01
3.269067382812500000e+01
3.269925689697265625e+01
3.260916519165039062e+01
3.262694549560546875e+01
3.272956085205078125e+01
3.260060119628906250e+01
3.257280349731445312e+01
3.280850219726562500e+01
3.275101852416992188e+01
3.272474288940429688e+01
3.293818283081054688e+01
3.289813232421875000e+01
3.286627578735351562e+01
3.289227676391601562e+01
3.285472869873046875e+01
3.269457244873046875e+01
3.292417526245117188e+01
3.274752044677734375e+01
3.269326782226562500e+01
3.279560852050781250e+01
3.285916137695312500e+01
3.280002593994140625e+01
3.283845901489257812e+01
3.287412643432617188e+01
3.261132049560546875e+01
3.287390136718750000e+01
3.286043548583984375e+01
3.264363098144531250e+01
3.273475265502929688e+01
3.273099517822265625e+01
3.269279479980468750e+01
3.266689300537109375e+01
3.255023193359375000e+01
3.259471893310546875e+01
3.260051727294921875e+01
3.263793563842773438e+01
3.261670684814453125e+01
3.247383499145507812e+01
3.256171417236328125e+01
3.262393951416015625e+01
3.262497711181640625e+01
3.269905090332031250e+01
3.283520507812500000e+01
3.274312973022460938e+01
3.285851669311523438e+01
3.274696350097656250e+01
3.256420898437500000e+01
3.264217376708984375e+01
3.262770462036132812e+01
3.263670349121093750e+01
