1.360359674539321606e+00
9.947619001070658884e-01
7.361529180636772196e-01
6.031117742642377877e-01
4.822980452806521767e-01
4.216754475083106524e-01
3.319582790136337280e-01
2.620724284113981617e-01
2.159271889390089461e-01
1.688056031576333771e-01
1.195650728849264322e-01
1.147154382549417373e-01
9.355114993567649473e-02
8.592269689990923720e-02
7.051636701067670598e-02
6.142360804936825014e-02
6.079512885771691522e-02
5.409400390270046460e-02
5.070804319081780032e-02
5.584704399538727854e-02
6.744153610406777855e-02
4.370860425540461225e-02
5.500005220707792492e-02
5.032233062128608353e-02
5.607324600792848446e-02
6.108601955840220477e-02
4.784749118515696509e-02
5.781518267228817620e-02
5.898858791169447890e-02
5.612575737998271724e-02
4.805995683209636493e-02
4.970873267127152995e-02
5.448182051141674948e-02
5.963706294886576831e-02
6.308041192734470393e-02
4.958705975769613084e-02
5.042785175192432412e-02
5.444065543273702429e-02
5.662745577880205078e-02
5.093022033046835234e-02
4.964845797094779439e-02
5.970646573278384078e-02
6.554152511824400118e-02
5.632355902224588096e-02
5.730486531049395343e-02
5.561084263265515110e-02
6.086484301142776332e-02
4.204212187861020716e-02
5.774142164975786667e-02
5.527268393824880111e-02
5.982513607312471560e-02
6.417469002593022276e-02
4.779751777338484692e-02
6.291615874864733837e-02
4.941620614666205474e-02
4.949935703801038728e-02
5.854545862007981549e-02
6.206856847812349670e-02
5.623312183321477198e-02
5.234305913297411517e-02
3.861621251711860880e-02
5.138739150208540551e-02
4.935627064954203197e-02
5.096598544265501518e-02
5.763794322116061464e-02
5.226113607342808970e-02
5.667431200496279159e-02
4.507727167712381050e-02
4.653948308864178790e-02
4.581361398196373558e-02
5.009257444538749160e-02
5.188131333591464167e-02
5.893438426085198523e-02
4.594566877931356708e-02
5.421245515298767081e-02
5.315284171284964665e-02
4.215322558242732415e-02
4.186584348909747760e-02
5.918099864099461010e-02
5.699852607571161828e-02
4.707087260276938967e-02
5.093002599747612630e-02
4.815301066622711124e-02
4.435375760882519919e-02
4.673242866694449910e-02
5.613841852889610989e-02
5.100602020437900591e-02
4.047529154922813177e-02
4.461480003471175737e-02
5.492489301504041577e-02
5.703303772741212530e-02
4.761879414511032554e-02
4.673462015134879216e-02
3.969132923998702767e-02
4.610600624567805228e-02
4.692112686446844178e-02
3.626410503967258947e-02
5.535654119120385352e-02
4.954623863077125406e-02
4.648434631436920011e-02
6.212842210482519278e-02
4.615005709720441246e-02
4.530748743563890735e-02
4.380513913869762271e-02
3.363826848351611498e-02
4.270360142004508974e-02
5.528930957572391475e-02
4.544145751816149048e-02
3.876405355926507840e-02
4.877490862989081882e-02
4.803732329537757639e-02
5.092280972748994966e-02
4.669035257508930697e-02
5.219238894716955734e-02
5.107078874209083907e-02
4.067508306008023322e-02
4.265680929216054962e-02
4.483237232571133518e-02
5.131503913360528635e-02
4.783839936403987830e-02
5.233535186256257909e-02
3.729955258134465962e-02
4.846101548904791639e-02
4.110984344107027066e-02
4.801604499598630810e-02
4.020281201676250554e-02
4.298433504986744202e-02
5.162629378505815408e-02
4.974147756464588482e-02
4.690801893862394517e-02
4.402686975126226393e-02
4.389646688046363460e-02
3.870695044229834070e-02
4.419416262505528048e-02
5.488503866900618089e-02
5.241422939639633904e-02
4.319494717563383129e-02
3.845520120723029678e-02
4.319122327515521192e-02
4.452572815681402063e-02
4.049640029776268441e-02
4.358182481597536184e-02
4.324130329590004235e-02
4.332527483885104808e-02
3.345633060134087927e-02
4.385051656072624926e-02
4.597207354262280304e-02
5.406497376135144250e-02
4.069362631043753342e-02
4.913095646084118806e-02
4.618214451684019700e-02
3.746302344340782936e-02
5.539102088660001477e-02
4.617252700054683828e-02
4.376913017163482772e-02
3.405779072274573577e-02
4.232762547281498922e-02
4.488537933987876011e-02
4.011677385677989149e-02
4.364948753709307905e-02
4.657783870800183412e-02
4.689096623243620837e-02
5.383760705470847646e-02
4.812299108419280935e-02
4.361932556479214407e-02
3.841715142763673513e-02
4.179431576556406902e-02
4.612121718505827334e-02
4.549442759643380213e-02
5.070789167418694038e-02
4.139589888389962752e-02
3.780042631671023945e-02
3.349135747442069655e-02
3.379060163293989144e-02
5.125465535511000009e-02
4.909760936235006007e-02
4.174437595005982965e-02
4.367498568593500274e-02
4.803875929687936169e-02
4.435261178475159716e-02
4.189229394571903492e-02
3.647680206892964239e-02
4.289333917833387105e-02
4.351875254860482212e-02
5.117952640478809490e-02
4.369719774247361743e-02
4.157566279889299277e-02
4.342072756292346403e-02
3.360560032813690590e-02
4.542647637785054288e-02
4.551777462713802597e-02
4.159774145362182124e-02
3.981865924687530423e-02
3.102998076967942651e-02
3.541563332307701845e-02
4.723050080311413240e-02
5.083851737973208579e-02
4.681956716096745408e-02
4.974182590675086529e-02
4.136061569711623614e-02
3.568392811814705134e-02
4.170441643681185862e-02
3.456974777942284360e-02
3.932255674153566083e-02
5.683792284451043286e-02
4.288833501438300139e-02
4.394307053970316485e-02
4.414667759377222805e-02
3.374074102343561227e-02
4.279729914254484791e-02
3.555257784483285832e-02
4.632831402003573934e-02
4.296808556701319642e-02
4.096863644036392860e-02
4.364944104320155061e-02
5.415047285123131271e-02
3.808366414159536362e-02
4.201627788193619539e-02
3.699984081889479137e-02
3.896701594647497546e-02
4.135321568255909824e-02
4.281935207903958540e-02
4.300863687247515749e-02
4.827834727147068544e-02
3.955811587974238097e-02
3.972079927842013525e-02
3.671803684152949443e-02
3.656053129010475300e-02
5.504282697653158779e-02
4.420239754045048042e-02
4.350924663162097916e-02
4.574561444684289990e-02
3.075839222068540296e-02
3.643363480820344114e-02
4.327694664601809682e-02
3.908494810860317636e-02
4.200464601521022162e-02
4.349829849834816603e-02
4.299035309813916544e-02
4.018731504075754440e-02
4.159994969526544656e-02
3.800075463055131719e-02
3.485465826263699218e-02
4.081748438616975699e-02
4.673893180054922852e-02
5.465923275870199216e-02
4.397709792933594125e-02
4.266440625039812778e-02
3.754133789931447807e-02
4.068806219953470527e-02
4.517912217475569120e-02
4.240111969411373277e-02
4.794970182881045512e-02
3.741525684793790135e-02
3.039795390825766538e-02
3.730343598991823356e-02
4.128373425262860802e-02
5.111666670821320840e-02
4.277960455510765314e-02
4.369172732202479537e-02
4.224922727638234787e-02
4.839068296222159837e-02
4.278574173087970611e-02
4.533709390745617462e-02
3.853534590691710254e-02
3.197496486111329334e-02
2.878519633952050794e-02
3.654056462184645387e-02
4.410156003641298866e-02
3.767549983786944168e-02
4.274332596896550374e-02
4.948070817746413191e-02
4.364633169323683254e-02
4.394132877007508875e-02
3.180301041873649648e-02
3.194461214260604226e-02
3.814234406185838117e-02
4.152603217233449828e-02
4.170772864972838168e-02
4.501336747840142122e-02
4.711345309415497506e-02
4.592503902669518162e-02
4.516844659542235130e-02
2.956279802482384214e-02
3.559662437794777756e-02
4.871228515910796392e-02
4.194108684821866440e-02
3.083314426923887061e-02
3.301122324206889891e-02
3.936462073485390983e-02
3.924105094733815191e-02
4.247174569411585332e-02
5.189468477351161235e-02
4.294884784791905274e-02
3.651760325361138454e-02
4.795604238811975589e-02
3.782280704890115391e-02
3.837747317320929635e-02
3.425700011519858257e-02
2.736326303088273265e-02
3.162564528861250279e-02
4.362135064632942372e-02
5.494029874053712320e-02
4.298035354974369393e-02
4.581779348126684137e-02
4.947984776853655425e-02
4.080033865399085302e-02
5.107668195851147036e-02
4.961701355970058597e-02
3.268096271502331923e-02
3.621161285405739838e-02
4.278283579489932514e-02
4.033397855834128243e-02
3.703349359834996746e-02
4.051509969569264819e-02
3.462808551147389391e-02
3.400211360735388988e-02
3.790102469531866913e-02
3.994836476929963104e-02
4.620929282301893676e-02
5.100225783669604801e-02
4.137274887956057801e-02
4.020450397406537257e-02
2.964483180757946160e-02
4.040683870359013802e-02
4.175326308796707686e-02
4.554201115806324335e-02
3.262997936988727005e-02
3.809663513048480027e-02
4.784866792675203373e-02
3.521935409890153412e-02
3.239612218667155957e-02
4.157097991078327615e-02
5.568891732284846768e-02
4.644900253161979298e-02
5.315558670375209599e-02
4.027810263065382396e-02
2.806001924626075339e-02
3.544805889399960802e-02
3.813849102693776805e-02
3.980925884336615483e-02
4.140059908625120383e-02
4.017788125261759907e-02
3.019190467506026321e-02
3.988088197970333232e-02
4.179214436131028360e-02
3.911043664034551809e-02
4.078710458408563860e-02
4.289949129884823575e-02
3.626705423051204691e-02
4.359114071927391865e-02
4.795630271188341953e-02
4.391204887786163968e-02
4.127892359661368415e-02
3.541716553199176359e-02
4.525332466388742175e-02
3.477558655879245397e-02
3.287815855732426767e-02
3.256432169761794976e-02
3.683053687549172478e-02
4.579887597773892732e-02
4.442806928418576579e-02
3.650160368400601901e-02
3.903145493449977632e-02
4.754566003043109168e-02
3.538677571938397132e-02
3.709017078523547950e-02
4.194471972146764094e-02
4.151106855999200929e-02
2.930878083675335713e-02
4.814278664282307940e-02
4.961485564111708241e-02
3.937793178782344333e-02
2.768505881540477345e-02
3.424337355939385125e-02
3.402527092764966177e-02
4.458955716795455493e-02
5.398580413550520263e-02
3.914804059462860530e-02
3.780664407248154890e-02
3.673904912385086291e-02
4.802728632662015690e-02
3.813274779285375643e-02
3.584564721677452326e-02
3.617159924828089457e-02
4.736519620204582975e-02
4.428467670192894057e-02
4.559907558648727821e-02
3.562118660372037143e-02
3.619942666950802523e-02
3.914645531704315229e-02
3.786301923115761858e-02
4.131777553389278518e-02
4.549909457295703286e-02
4.299111987332789736e-02
4.349205565328399109e-02
3.972416997720033816e-02
4.063602766762368368e-02
4.758799194764250229e-02
3.390804105677092811e-02
3.745083776302635808e-02
4.071395420648444424e-02
3.614615861398096097e-02
2.895518228865395782e-02
4.103208571785869896e-02
4.843541566246690327e-02
3.286838144577371168e-02
3.552735619073828927e-02
4.632843739699381291e-02
4.483713602157644168e-02
4.072978179543637611e-02
4.227406174744455236e-02
4.281866591578970677e-02
4.460161876243849688e-02
4.936545971625794921e-02
4.089505489593228682e-02
3.374725281177327202e-02
3.721078575815623540e-02
2.555966992781927294e-02
3.176535056480087049e-02
3.916812992792051418e-02
4.375439796071404347e-02
3.630678442259056143e-02
4.931429158836507509e-02
4.835818137627286017e-02
3.382269293159390067e-02
4.589652988271644696e-02
4.093577001446810359e-02
3.144976679558077887e-02
4.295902271838619724e-02
4.239017084205093377e-02
4.662704719260382658e-02
4.411189523525536199e-02
3.076381236374473721e-02
3.536513829782891860e-02
3.920401792215087722e-02
3.517380594186341608e-02
4.251275457179125999e-02
3.987967838019801370e-02
4.145219311989748606e-02
4.317948613853122425e-02
3.678181821372933369e-02
3.163257887622771686e-02
4.780880144188323633e-02
4.360573441208077244e-02
4.923386837516983278e-02
4.041326007901285128e-02
3.885810338080120108e-02
3.001972863611836878e-02
4.267117983112350688e-02
4.535969992598088557e-02
4.201153084719314729e-02
3.415346208897132585e-02
4.210355883547797079e-02
3.738542244984553731e-02
4.230496055649545645e-02
3.828212522412053481e-02
3.873091850561113936e-02
3.153291387567058041e-02
3.324878835686458783e-02
3.683685354876499451e-02
3.794610785583082263e-02
4.884423665248621704e-02
6.160439314344563766e-02
4.583325236796950697e-02
3.304238730014708025e-02
2.831440995139881608e-02
3.106322506000884845e-02
4.261630854557435510e-02
4.374156329536046245e-02
4.456532249907747822e-02
3.546818904578685760e-02
4.730167067132125952e-02
3.577468482395395472e-02
4.100647708460784108e-02
4.245430220109529945e-02
4.568874391559989145e-02
3.315756128002435993e-02
3.540685594690820559e-02
3.339182166114019329e-02
4.575161981062056404e-02
3.798747202859092953e-02
4.189081594276313630e-02
4.289890026542333978e-02
3.854889348209000061e-02
3.585090021101328128e-02
4.274456920579840224e-02
4.092104146615244131e-02
3.481419930944983088e-02
4.039072196047084617e-02
3.438195480475536581e-02
4.302517859539829043e-02
4.538904419467330864e-02
4.145777382267017835e-02
4.660199036678442513e-02
3.719851223733992851e-02
3.313066757594545358e-02
3.881392443003371662e-02
4.344132197782014926e-02
3.901976987134474217e-02
5.048269919442156112e-02
3.121498177329508003e-02
4.134989657725852280e-02
4.110591646928626886e-02
3.824045988074384339e-02
3.795400600498303328e-02
3.737916657522034197e-02
3.120489988762598782e-02
3.461163077318372278e-02
3.834960214399660977e-02
5.492554923328451383e-02
4.342695156661554451e-02
3.142053297458168720e-02
3.338747742191816581e-02
3.908385697346276194e-02
3.344251328291228398e-02
4.411775979738778025e-02
5.098045614356987165e-02
3.950479405884368272e-02
4.235005810773238843e-02
3.395299743652009650e-02
3.443377458800871843e-02
3.388230468994245237e-02
4.540134852017777695e-02
4.725102093428946298e-02
2.966630495786189148e-02
3.438272353393049402e-02
3.652338698291434510e-02
3.456667479999268183e-02
4.348139206472879936e-02
4.949728813117895698e-02
4.174391793039364945e-02
4.932173246052116294e-02
4.005383500972619498e-02
3.928793014134638467e-02
4.561933816398661135e-02
3.887820386041242193e-02
2.729473018971009107e-02
3.069900449974318976e-02
2.436419382366017405e-02
3.726719433996969477e-02
4.055569502495181416e-02
4.196868371666194475e-02
5.228593269100365037e-02
4.721418095286935429e-02
4.185727203133492169e-02
3.288884462120059138e-02
3.782325604727539842e-02
4.831056905468591317e-02
3.849458549028406118e-02
2.606307279276780936e-02
4.502685771514781249e-02
4.429631864843078248e-02
4.472061501433834130e-02
3.786383132533862467e-02
4.248440313176848893e-02
3.917841840630922889e-02
3.829645726065605132e-02
3.812894789824405883e-02
4.418769244116563938e-02
4.142844312143727226e-02
4.229169782573500430e-02
2.859692701962418190e-02
4.385162567098935260e-02
3.503825995796479298e-02
3.759508234603951143e-02
2.433707323134279635e-02
3.405677118661025460e-02
5.284627932959642255e-02
4.171240746151082951e-02
4.511134110223979227e-02
3.900856852877693931e-02
2.907653030139418018e-02
4.956208239309489727e-02
4.184879544847764504e-02
4.136653614158813941e-02
3.777468286556168175e-02
3.907860523650948104e-02
3.184852040617559832e-02
3.781310311840990757e-02
4.185094055122672019e-02
4.590341237803491348e-02
3.977430612505532953e-02
3.728637509555436658e-02
4.197723495756060935e-02
3.499885847051747295e-02
4.219578703662428543e-02
3.780707057613210548e-02
3.894946547434068040e-02
3.597996053584397863e-02
3.888463767764803458e-02
3.867046304990370137e-02
3.480257217545444648e-02
5.093477376832220710e-02
4.658410672981960765e-02
3.541111914584269688e-02
3.249172530232522643e-02
3.718371576754949531e-02
4.494248696584970948e-02
4.285586621874991342e-02
3.143282638152296998e-02
3.784994619110455816e-02
4.094747799532249405e-02
4.229915946519050007e-02
4.300125003135643609e-02
3.334293375657394060e-02
4.451049557672097368e-02
3.736689226860061275e-02
4.449968727795072798e-02
4.323815401846495265e-02
3.907495738210108732e-02
4.778871014893341235e-02
3.445122734739039516e-02
3.841446646465322690e-02
3.271610845277348606e-02
3.575288758654959070e-02
3.400402869551609475e-02
4.189429002193113122e-02
4.979367229538277095e-02
4.868887065229220851e-02
2.886120317181429043e-02
3.289621165440154843e-02
3.437990826100875003e-02
4.124659742765988263e-02
4.323672718810252225e-02
4.404753807645577640e-02
5.287533517425450219e-02
4.263450297383734877e-02
3.097358991523297203e-02
3.400149244086769079e-02
3.794285424459629963e-02
4.159889876520117546e-02
4.436055014435297261e-02
4.677359388114359084e-02
3.732763669477441593e-02
2.805333458878195296e-02
3.995417021811963759e-02
3.477229998232080066e-02
4.430293966478739826e-02
4.077301045569280830e-02
4.273231039361025108e-02
4.329957238708933426e-02
3.837120891160641922e-02
3.947342570515898624e-02
3.556006820932126195e-02
3.278267649181473842e-02
4.002800251190096609e-02
4.646380120912232264e-02
4.637205215105309059e-02
3.379160537718771395e-02
3.215383805919629773e-02
3.647065579156892612e-02
3.596762825245371914e-02
4.266859299192825999e-02
4.367570807524503301e-02
4.004823390263109045e-02
3.758129800299708084e-02
4.815463057647530881e-02
4.150187328923493624e-02
3.855601944751703425e-02
3.171504576487514659e-02
4.375540756930907521e-02
3.798622359664967363e-02
3.707600995086324236e-02
2.804994196392213840e-02
4.063771712528064378e-02
4.128240595261255946e-02
3.606842969042750591e-02
3.592164169829816650e-02
3.228649869710446124e-02
3.869544196491821880e-02
3.962324608403902659e-02
4.139156808825926459e-02
4.211210925549937339e-02
4.339004636933214976e-02
3.520489133989963826e-02
4.406445927332895696e-02
3.969167827580792618e-02
3.584985022540562727e-02
3.479646148028759517e-02
3.543616311553005743e-02
4.663082075854524389e-02
4.249137636954681413e-02
3.914092476211058352e-02
3.947371829611559524e-02
4.748955218372150067e-02
3.634836623349632645e-02
3.651797978852230897e-02
3.459870714473371051e-02
4.109852126656243776e-02
3.651363274249701946e-02
3.716295087793602958e-02
4.385808303188055285e-02
3.899448523118805715e-02
3.785997574450448294e-02
4.632882984587922970e-02
4.428440028120978617e-02
4.138056777853470897e-02
4.624164538899770693e-02
3.207336937596735188e-02
3.970039364738533333e-02
2.428250831241408891e-02
3.119478319705917824e-02
3.232556956444079116e-02
4.605167800238212789e-02
4.595792705658822974e-02
4.578036184255511454e-02
4.041136833600317974e-02
3.520233430810129627e-02
2.785993440775200863e-02
4.425699550909205360e-02
4.387681066679458008e-02
4.621704667508124559e-02
4.620726848116669949e-02
4.712735083825790594e-02
3.235009927959300868e-02
3.185432491979251629e-02
3.012524133918281430e-02
4.006712723192042136e-02
3.902798084279474750e-02
4.489325836706811040e-02
4.427134289573400605e-02
2.736227050698242930e-02
3.292832852950176165e-02
5.215038275704361043e-02
3.644703480247885735e-02
3.811647307802325940e-02
4.102206738570179922e-02
4.236408208902829597e-02
3.881614275563221444e-02
3.181249863074089163e-02
4.113386643823618155e-02
4.311755696305623331e-02
4.561814517200661612e-02
2.832532909651024056e-02
4.762235008275661485e-02
4.522665568734877267e-02
3.333981308238342239e-02
3.579350159718440449e-02
4.099840628556333799e-02
3.793373853744318180e-02
3.249283737371651964e-02
3.233600944811956118e-02
4.365979117484619643e-02
4.446949556183356356e-02
4.272549164971002622e-02
3.924441209468895048e-02
4.112796318562080694e-02
4.259102983424105371e-02
4.226517355881440063e-02
2.902037121761494656e-02
3.864779478261390344e-02
4.557386800969162599e-02
4.440621549550157615e-02
4.422219258506233236e-02
3.476336281448125232e-02
3.936673301773575828e-02
3.561081744742412847e-02
3.504473451310052140e-02
4.828779905413587564e-02
3.999653290151260199e-02
3.538494983043235370e-02
4.445699460876102738e-02
3.834052028146404945e-02
3.337255321287860288e-02
4.590181114140133578e-02
3.970738998375451106e-02
4.237965876117157776e-02
3.363806134543548959e-02
3.317180683967681232e-02
3.678390362944740366e-02
4.079481620186319046e-02
3.639057560596997004e-02
4.160011566709727326e-02
4.836798976891888702e-02
4.586501326770163478e-02
3.513693026452062440e-02
2.299334453150200103e-02
2.895687220510668319e-02
4.595581537040953346e-02
4.511278747724226101e-02
4.529578701401941465e-02
4.753637151398624333e-02
4.502093090574280781e-02
3.938609675671427696e-02
3.151042178849307318e-02
4.223304030467540937e-02
4.031704960701366219e-02
3.192471437759172165e-02
3.349360594412503084e-02
4.544982477031552642e-02
4.056157800010763703e-02
4.518987457655990886e-02
3.969468439045625158e-02
3.604428945586849592e-02
3.640459953711774194e-02
3.879884169556391260e-02
4.221894648343993417e-02
4.981072216342465747e-02
3.454529742161050604e-02
4.219375942320300471e-02
3.243513863999396285e-02
4.114467854826496518e-02
3.763498360088143174e-02
3.861561409997729677e-02
2.464211473259358617e-02
3.365189283369825202e-02
4.795042410648117648e-02
3.991436629126278446e-02
4.982892219036912790e-02
4.655196820743955077e-02
4.501321870857515062e-02
3.759781698911236064e-02
2.423524383473425053e-02
3.327089537484332477e-02
4.126263198812898242e-02
3.510129149325597747e-02
4.424820579289912709e-02
5.108173308440316918e-02
3.448017221421767475e-02
3.231953473087065959e-02
4.010505757760256251e-02
3.529308760025275798e-02
3.798966115245069886e-02
4.550904950532966980e-02
4.441918680826440619e-02
4.885089384296383702e-02
3.981513316707255973e-02
3.806463079885221562e-02
4.413794550853662041e-02
4.514993581210430262e-02
3.277873036105376919e-02
3.047304906798765575e-02
4.178491725932615558e-02
3.487662659862484499e-02
4.239593446015929579e-02
3.846588237748409939e-02
4.122178666801072644e-02
3.754571682821290779e-02
3.733968307407429382e-02
3.491333416448189758e-02
4.038111788984865419e-02
4.049660401920286701e-02
3.055624217869570489e-02
4.063330590008543131e-02
3.945002216033828557e-02
4.372839519085410659e-02
4.034061980648682988e-02
3.522882111436233948e-02
4.519675612473526144e-02
2.873807029428485788e-02
2.637602566183210387e-02
4.862447275827901788e-02
4.870511223382961025e-02
3.360292193993257709e-02
3.203831345726473184e-02
4.545561921997712251e-02
4.934524312161673448e-02
5.150390623543316115e-02
3.661008619476491949e-02
3.594853579012963901e-02
3.130396104056555606e-02
3.964677923239576240e-02
3.885901153911477945e-02
4.240878988773776753e-02
3.261978438673301950e-02
4.287471448560842280e-02
4.109594360925257484e-02
3.442864572832313175e-02
4.042323944636453531e-02
4.083282055022816048e-02
4.343493508939177267e-02
3.890207018733072425e-02
4.658607299535129365e-02
3.766026054986585520e-02
2.716266959487723121e-02
3.384874951995861525e-02
4.149867941577656261e-02
4.327594314892895672e-02
4.215996839786664840e-02
4.074512607513521012e-02
4.867540062046968319e-02
4.578056218377195286e-02
3.921097754321705570e-02
3.248069358494085068e-02
2.934319028356232109e-02
3.119667720748111467e-02
3.660249229854880409e-02
4.405738570405026699e-02
4.989699636920331277e-02
3.640593144003875098e-02
4.348156195169744498e-02
3.512656614423180501e-02
3.328123594102903177e-02
4.046895958256358644e-02
4.096958147158893948e-02
4.247623248957097669e-02
4.276408471035747505e-02
2.971300473914314372e-02
3.632590554069536903e-02
4.018140574320195474e-02
3.638701601825559268e-02
4.469839018435241285e-02
4.535103304645954347e-02
4.018597270254618825e-02
3.514137551224288947e-02
3.271505245520996141e-02
4.575773952290033975e-02
4.258179071430976542e-02
4.079625878560667190e-02
3.827649105865604112e-02
3.809589985847616767e-02
3.782038522215607629e-02
3.699642357547791582e-02
3.528305303711348762e-02
3.848584269842084821e-02
4.205193445922281170e-02
3.531153867654025086e-02
3.348180985925958142e-02
3.355473245714958586e-02
4.848586266729025540e-02
4.680928706776541631e-02
4.247103644451365179e-02
4.068918268029124430e-02
3.595399665676105028e-02
3.679193661918338243e-02
4.106615726322604409e-02
3.981599931885750759e-02
3.439893769458509526e-02
3.565745856836796679e-02
3.783379850419572865e-02
4.170865936455531858e-02
4.646583829994480747e-02
3.486748922299832271e-02
4.231835190887348053e-02
3.709957150634951573e-02
3.263241010240446049e-02
3.543843638527995055e-02
3.617484184005894526e-02
3.724004234849976475e-02
3.558367853446935125e-02
5.488588348126564181e-02
4.555238348802026493e-02
4.561224887505746506e-02
3.678001255895464727e-02
4.519056548746541724e-02
3.658919905324299615e-02
4.322462602017017319e-02
3.569613911408501400e-02
4.478382545535285197e-02
3.786416245349802367e-02
4.349720272569893020e-02
3.578000826349195251e-02
3.034538710848070156e-02
4.869075041049374802e-02
4.067006244395787729e-02
4.722491209872831108e-02
3.584175237561934568e-02
3.414239310002766675e-02
3.170674487094705257e-02
4.416049649664319926e-02
3.254806735815528318e-02
2.322980212883498513e-02
3.762474839802449483e-02
4.270668067515660804e-02
4.028011653452920338e-02
4.302953615880165256e-02
4.649374527880587721e-02
3.497096081622518005e-02
3.739769226656509959e-02
3.267354503787385511e-02
4.676339898007707274e-02
3.815120658359657385e-02
4.580016525116008957e-02
3.326118729041459277e-02
3.799135157695183312e-02
4.041870320036720921e-02
3.137738288093645106e-02
4.888586877988507912e-02
5.041492444534714096e-02
4.011220789084640748e-02
3.311119079231642642e-02
3.652924345149539259e-02
4.197177805770666015e-02
3.408211194641458386e-02
3.708079200154409255e-02
3.508296024519950290e-02
3.758074432874146387e-02
3.641147095626458968e-02
3.600777330306859786e-02
3.886847481406174171e-02
3.488617465944769680e-02
4.112106128536069383e-02
3.616825700797236115e-02
3.881684520896763052e-02
4.604507699035681467e-02
4.041896216535510733e-02
3.594947902199167183e-02
3.662368415628010354e-02
3.792875601838414240e-02
4.961328832790828924e-02
3.532744549596920913e-02
3.823493694146282845e-02
4.350642493257347171e-02
4.304931543361491253e-02
3.932715725655166333e-02
3.395405353632015288e-02
2.931825288941558236e-02
3.726647533595753292e-02
3.527462838325076677e-02
4.494952424369656752e-02
4.733869904079116009e-02
4.081188044033180751e-02
3.634335467150100196e-02
3.649049987180683768e-02
3.957450624782209853e-02
3.923483433094449024e-02
4.480301841842727201e-02
3.396118860826111141e-02
3.264854257323373393e-02
3.194438347664590311e-02
3.775382368132854105e-02
3.920653715717773574e-02
4.068949456052042835e-02
4.276753458827256549e-02
4.161981449772914066e-02
3.204335826926697772e-02
4.028324019701148145e-02
3.719710254211885947e-02
4.481584095240880722e-02
4.573174711997406161e-02
4.507347709761980181e-02
3.494640383302258235e-02
2.906342970971495521e-02
4.777662017120000437e-02
4.351719907031227630e-02
3.857794255406285511e-02
4.027595135640018448e-02
3.686773729128524357e-02
4.569788355535517321e-02
3.331444361306822727e-02
3.663947453949218530e-02
3.132665292777789962e-02
3.790030069350718706e-02
3.850555763018723154e-02
3.740938674473466563e-02
2.877091679584760364e-02
4.165707827450182421e-02
4.488643559161573787e-02
3.821887193450656389e-02
2.834056296433584698e-02
3.622790222975592889e-02
5.050180978022324879e-02
4.551444299733982402e-02
4.095531539567626861e-02
4.870681790515589416e-02
3.696228829690088175e-02
3.465347540302154278e-02
3.687450579451158339e-02
3.953804835641326620e-02
2.954294499224768139e-02
3.626727168478119379e-02
3.692529700660648201e-02
4.864748169679958961e-02
3.685829199623698316e-02
3.210541472340432828e-02
4.387307981691824371e-02
4.228553476277738948e-02
4.015058377423347258e-02
4.373598959332761910e-02
3.879617858761682386e-02
3.546583123970777074e-02
3.151375861504138870e-02
4.527409507487064472e-02
4.210278870096095805e-02
3.189328931516800802e-02
3.451984738781809642e-02
3.694481524543311024e-02
3.428981857648931431e-02
4.450348446456094814e-02
4.039838973385018878e-02
3.697763427626341720e-02
4.007752884824115208e-02
3.544507927577703749e-02
4.071917421727751923e-02
5.087544945701479027e-02
4.223320030141621689e-02
4.170410116203129153e-02
2.786171038826115720e-02
4.132726520287971494e-02
4.446896788520882104e-02
3.279541205698385115e-02
3.944669728441976136e-02
3.559477014783531124e-02
3.921687799350669079e-02
3.804589088540524106e-02
4.295904280032771666e-02
3.598957250181299139e-02
2.956719856667451921e-02
4.257680030050090686e-02
4.555279519289540807e-02
4.464408190001566135e-02
4.272967438923959416e-02
4.688020631587371673e-02
3.767020959729472374e-02
4.342074609863070395e-02
4.243775654393128899e-02
3.026495234031851070e-02
2.868788282518298927e-02
4.729513235581226521e-02
3.403871611703951361e-02
3.626612762872798157e-02
3.192718295314803112e-02
2.813334142854914677e-02
3.977236775382875927e-02
4.289206974924757165e-02
5.457568708568429072e-02
3.947998020045746098e-02
3.664436061114359489e-02
3.186396728568256786e-02
3.278275640347064895e-02
3.254034163591523754e-02
4.116917222272604981e-02
4.994654105140421824e-02
4.274391148131913981e-02
3.812475962450918854e-02
3.233290326912911100e-02
4.369737639760550713e-02
4.433797877461004983e-02
3.584671231368795341e-02
3.850063087048534449e-02
4.017947732936590771e-02
3.487853600780885244e-02
3.367120896746667036e-02
4.255429530301346047e-02
4.442142730351919533e-02
3.951541040546428102e-02
4.691725788243974321e-02
3.665517484709524682e-02
4.845201598528103837e-02
3.646034639663039284e-02
3.296052358137109561e-02
4.748045611434066615e-02
3.572543998941397209e-02
4.473246321983587875e-02
4.055139605755894022e-02
3.830797113418483307e-02
2.277710266882935694e-02
2.948412607507541403e-02
4.437130533922941517e-02
4.462730861448038072e-02
4.186077987482676038e-02
3.294840529650593097e-02
3.854037865172498661e-02
4.238298886980956803e-02
4.869555816866266706e-02
4.100727043353403350e-02
4.167527866203529080e-02
3.378931515527745788e-02
4.470929394010454694e-02
3.546763140564927752e-02
3.951457643087427640e-02
3.236613829548542348e-02
3.005692878415664945e-02
3.575214736688977352e-02
4.281231724024296692e-02
3.793244139106275586e-02
4.187849244067015642e-02
3.641488752178608651e-02
4.907623918380779604e-02
5.198023470644003163e-02
3.237640796862065184e-02
3.193996683246670687e-02
3.628980660697636584e-02
4.151564454868770376e-02
4.507188513122785400e-02
3.600459541597116758e-02
4.122946251553889080e-02
5.108033174004119464e-02
3.700146951760428099e-02
3.078718842126620253e-02
3.294385046614572987e-02
4.216987394715826509e-02
3.998730171841975017e-02
3.755291369266043622e-02
3.698194346253354248e-02
3.513648621021554785e-02
3.884414525236934423e-02
3.638962053526670348e-02
4.059432329287609303e-02
4.014419775503950266e-02
3.472577958928946273e-02
4.212609407587502436e-02
4.213951471715401270e-02
4.406352599855894309e-02
3.229437083549176885e-02
3.403603029706014221e-02
2.920918496570382855e-02
3.696400374577094028e-02
4.663205868683946431e-02
3.432918662826220380e-02
3.942520669900263092e-02
2.806204248873445106e-02
3.803239041784157309e-02
4.472235828542556191e-02
4.777482018256799107e-02
4.084894990560431621e-02
4.763038714881986241e-02
4.452342923360470828e-02
4.785255014848632804e-02
3.929332240413014460e-02
3.401059053169611102e-02
4.004066832697926459e-02
3.644638686643865422e-02
3.953738666844004712e-02
3.563844324208986780e-02
2.958954956579523676e-02
3.172265931080358453e-02
3.573016747175596780e-02
4.100140254968442921e-02
4.270482768830007742e-02
4.574309771295445581e-02
4.543832124581034804e-02
3.556961635312733822e-02
3.567228197024609887e-02
3.245461953875537070e-02
4.446475005063873359e-02
4.338345772539002609e-02
5.100653763854494371e-02
3.270900547504425326e-02
3.592804314162677953e-02
4.185458331559904072e-02
4.034217887629683308e-02
2.986324033655154628e-02
4.056352354192103299e-02
4.578920723750996152e-02
4.003930456118467290e-02
3.938237966921848826e-02
4.555911620338566614e-02
3.735614874077817366e-02
3.433289837319021542e-02
3.380816931812426901e-02
3.759174042094785145e-02
3.545756223044382177e-02
4.275311301820552967e-02
4.401184171677018087e-02
4.477277548135950858e-02
3.623668794424678846e-02
3.747058728118785043e-02
4.106840272195255021e-02
3.866475450639159095e-02
3.568824276907178739e-02
3.491898432541160752e-02
2.741419311600904601e-02
3.823560405916606036e-02
3.446155218944813026e-02
4.402633181605965923e-02
4.186782087050139323e-02
3.789765443473767925e-02
3.621444337858030493e-02
4.002750777842429414e-02
4.627336497263361687e-02
3.415399406654521380e-02
3.864492748816234641e-02
4.379373489138789488e-02
3.195654538263065225e-02
3.661215292642083785e-02
3.929734173236797135e-02
4.740588828109396080e-02
3.359078171376425614e-02
3.889897590359816387e-02
3.446083830741162451e-02
4.278081129424465140e-02
4.277516620245595119e-02
3.713851028348868349e-02
3.651396495899042471e-02
3.418984257777293173e-02
4.096996321145875142e-02
4.891075934761036914e-02
3.963237835142092991e-02
3.306505286719840786e-02
4.102735662570175523e-02
3.006760640314613126e-02
3.469998358796613086e-02
4.039141938257485159e-02
4.506472864379294091e-02
4.465815884371598238e-02
4.448965826632980680e-02
3.123587951935732215e-02
3.277516384752324208e-02
3.109193293747898254e-02
3.892514306263854945e-02
5.345203093706797637e-02
4.697635173081205623e-02
3.565010421503430477e-02
3.398946279492706668e-02
3.572607748329830607e-02
3.506089653163097647e-02
3.847286564757665395e-02
5.451921385784561785e-02
3.996329150783518858e-02
4.234552182710896867e-02
3.269780141268618240e-02
4.462120917757065458e-02
3.551516091146578180e-02
2.786017377854874133e-02
2.515607310626178164e-02
4.460861565103420301e-02
4.831085661784387253e-02
3.433085248286191216e-02
4.301748656046887331e-02
3.761911873992245664e-02
3.654525145195806901e-02
3.319907262324331421e-02
4.762820193532089907e-02
4.046279635871402602e-02
4.248301201882079964e-02
3.273455391351420135e-02
4.166603161392207905e-02
3.506984996298948692e-02
4.271196431826609213e-02
3.181505626222739386e-02
4.194535929411172259e-02
3.568931724279163914e-02
3.749575949847125389e-02
4.315274380839979190e-02
3.515599309944380385e-02
3.777339036564510144e-02
3.438248593354215760e-02
4.149422619450025135e-02
4.014957733750820768e-02
3.998500352892547099e-02
3.349719569266128988e-02
3.936510905742836297e-02
4.609637955048431768e-02
3.775441075006547714e-02
3.913705165450198642e-02
4.894276865316220249e-02
3.830863919216566382e-02
4.046945705030782076e-02
3.574224941265315841e-02
3.930056070347722613e-02
3.851164484348816586e-02
3.619901718279251029e-02
3.737266156941843054e-02
4.255944330675097420e-02
4.142069039532007141e-02
4.407639192739645079e-02
3.539689810743603532e-02
2.715679564817737035e-02
2.924292340683631516e-02
3.881084029801572244e-02
4.192962168942755002e-02
3.940573442990007863e-02
3.916056927484579814e-02
3.477516003693334468e-02
3.318331142445692106e-02
3.898869317908508492e-02
3.454826201419704257e-02
4.709824173687360283e-02
3.556131137093195005e-02
3.431364600964559308e-02
5.418278066417536731e-02
4.651881000922562792e-02
3.485556014377671347e-02
3.688396887423900372e-02
3.710344295518902547e-02
4.421165976374864109e-02
4.592374311282466925e-02
3.694218251113898926e-02
3.412087339839229433e-02
4.424479038645632439e-02
4.076190239881188893e-02
3.434766571885213698e-02
3.871720840121643109e-02
3.248473413718434150e-02
3.960401016251685613e-02
3.637690486756559038e-02
3.389842351301549511e-02
4.927169582925927660e-02
3.586455859864751822e-02
3.145946529276000270e-02
3.842330130939491245e-02
3.995415708169532121e-02
4.130846591940961349e-02
4.098967000042112035e-02
4.565722728028702437e-02
4.315131881083242305e-02
4.549481917160730360e-02
3.690256101664346478e-02
3.415689484861034880e-02
3.138567034173040532e-02
3.902897977998528306e-02
3.592159102897708733e-02
3.882870654730747467e-02
3.933368432992257607e-02
4.461242502125409987e-02
3.392982399270225158e-02
4.168908293239581564e-02
3.598133417425486424e-02
4.234589681638261521e-02
3.668409983734958330e-02
4.329408845052314103e-02
3.222948514456407121e-02
3.888112253461701445e-02
4.373214298871178768e-02
3.626546685954030319e-02
4.027103005239787703e-02
3.744716050330167134e-02
3.287714152531220901e-02
4.084400807877477252e-02
4.229003352960810508e-02
3.518730033284578340e-02
3.964080120114465977e-02
4.210344598007698808e-02
4.191316372285095598e-02
3.820868716575205604e-02
4.816016285226513288e-02
3.796923437681144764e-02
3.884095612208908477e-02
2.758534869226889757e-02
3.601567854430191840e-02
5.001793513253617596e-02
3.580929173144679206e-02
4.902111695518191620e-02
4.014602880507039256e-02
3.517181579745971842e-02
3.026478436285964108e-02
3.153153625346768324e-02
3.190838389504605660e-02
3.783252125229830121e-02
3.985105238419073964e-02
3.411653034854680161e-02
5.347548060668393805e-02
3.672604033998094070e-02
4.277575071781682808e-02
4.389338803071624051e-02
4.008698632928710259e-02
3.764068874745414572e-02
3.837834515441686939e-02
4.020216865285944352e-02
3.815545198919537834e-02
4.156497579414206167e-02
4.098959424986671485e-02
3.066686914057637978e-02
4.188905128468878997e-02
4.983839240904228834e-02
3.079297123596263369e-02
2.871683824550694611e-02
4.322197377078760422e-02
3.052861902785176940e-02
3.884212655516771501e-02
3.916460073147064874e-02
4.311109844368333360e-02
3.944011054998741023e-02
4.669821550651716280e-02
4.266608303400855340e-02
3.618120802745509318e-02
3.965517271262331001e-02
3.833363919805448522e-02
4.028703523889327204e-02
3.814835002502570127e-02
3.732802068145993357e-02
4.011886239242859475e-02
3.321162270149215917e-02
3.803850180941084624e-02
3.609418947703372377e-02
4.152228399955978227e-02
4.222330518860895054e-02
4.967371838238950066e-02
3.710060431383167823e-02
3.440544724595756554e-02
3.551946783509964817e-02
4.084423776978674675e-02
4.333664222668187627e-02
3.337491742896441654e-02
3.937993971093629170e-02
4.098381739384375499e-02
4.923247116474577939e-02
4.700111390079538681e-02
3.973906977931992990e-02
3.527337817940860709e-02
3.960129079910425232e-02
2.531920026208703961e-02
3.383913455136979692e-02
3.952143358675619389e-02
4.235118503550974745e-02
4.227371626676848515e-02
4.682002769162257189e-02
3.945354480678454206e-02
4.254160562219719277e-02
3.864980698801959158e-02
3.486871080329784905e-02
3.449696690584413278e-02
3.848217719664367292e-02
4.081979782428019066e-02
3.497097858896431460e-02
3.649299414529919017e-02
4.532124949619174142e-02
3.816823753534266672e-02
2.791348941719684965e-02
4.326103793618341076e-02
4.088755489971775126e-02
2.953082510144807923e-02
4.042869739783688798e-02
3.853356074064205605e-02
3.821608877012458438e-02
3.477937074181122051e-02
3.951887200013376455e-02
3.515785659442488553e-02
5.094797418046838333e-02
4.489917711366732400e-02
4.280001259683512138e-02
3.991227871141372896e-02
4.032360259622622123e-02
2.998887269536797476e-02
4.427460209400847085e-02
5.047338695432513483e-02
3.892344292193555821e-02
3.173691145598124541e-02
3.294647560538484926e-02
3.650024878816345020e-02
4.518621456988442670e-02
3.245920309325298070e-02
4.269775449125191857e-02
4.968960554434512233e-02
4.095433593178406800e-02
3.640117380553140047e-02
3.461463732632975854e-02
4.003386883697926391e-02
3.393882608656079158e-02
3.837151308424580076e-02
4.481213911651418802e-02
4.409874971741094274e-02
4.615256998580521963e-02
4.256958041208772081e-02
4.556929555136519233e-02
3.225120584635685073e-02
4.480134470340533387e-02
4.052740864587039971e-02
4.459973231483346096e-02
3.822953823822526631e-02
3.779950783235760947e-02
4.271817563656860745e-02
2.881065738679936677e-02
3.844153760060763786e-02
4.236790250556973086e-02
3.140499721914052217e-02
3.116970857462057765e-02
3.839660673909701255e-02
3.429129797851857703e-02
4.403403101679988219e-02
4.461415567769645013e-02
4.061100839828260534e-02
4.750887867755805571e-02
3.862053448549256779e-02
3.129022174204389162e-02
3.925388412645611919e-02
3.733867868387068939e-02
3.952395142808270284e-02
3.764049834989680043e-02
3.559911139100455785e-02
4.295895036835319092e-02
4.146792725480806519e-02
4.010333895044496805e-02
3.831038731926431073e-02
3.310228493019867074e-02
4.905012524268852897e-02
4.732010665421302470e-02
3.786301477991330794e-02
3.790366223965508513e-02
4.127189190849327172e-02
3.814615404101995982e-02
4.519484264161199166e-02
3.422687547072433834e-02
4.011055785141742075e-02
4.196358983291503808e-02
3.488190290518104753e-02
3.705380011994677952e-02
4.209222257173118875e-02
3.571891600851160448e-02
2.502751652306566682e-02
3.455636876288992188e-02
4.151015282751849278e-02
4.275038280906394428e-02
4.930064887739717822e-02
4.663796337225880467e-02
3.384483679054448024e-02
4.399181930825878106e-02
4.591444066534630664e-02
4.497335129417479038e-02
3.732895456517162924e-02
3.681308105289458205e-02
3.638108473402471704e-02
3.753494154721594145e-02
3.272837870336400140e-02
3.666169070489466025e-02
3.423497867680942719e-02
3.286797221158989368e-02
3.806207620789511803e-02
4.857151679730472432e-02
4.035072260751174089e-02
4.267644887575162971e-02
3.149579508403220485e-02
4.290953590295826930e-02
3.826997221614687750e-02
4.461004058919990078e-02
3.634542932298082119e-02
3.625637637869192492e-02
3.979985877775993330e-02
4.862706112102246903e-02
5.248864293755151761e-02
3.892272980465816268e-02
3.520007266764504927e-02
3.363619130343580704e-02
4.010065008098116085e-02
2.693390992129794659e-02
5.266590390163354563e-02
4.744222464326482841e-02
4.349913172638759928e-02
3.645680088173741673e-02
3.631877178887430585e-02
3.772368961975026275e-02
3.274209245125977996e-02
3.150306263108713922e-02
3.755122364038983307e-02
3.937581481579213727e-02
4.433919156137376000e-02
5.117138911110277050e-02
3.676048736804379824e-02
4.078497298133487714e-02
3.695826216911276413e-02
2.727287651744121980e-02
3.270011443871622542e-02
3.292775903649341335e-02
4.964593119608859406e-02
4.415200508844394078e-02
4.726479273014821264e-02
3.478850622494251282e-02
4.101858621176619063e-02
3.498439254024281186e-02
4.046804203162304020e-02
4.937659167589094483e-02
4.732228135451292672e-02
3.434328415478842683e-02
3.295285355192251187e-02
3.829045903821213376e-02
3.895547338104687202e-02
4.081962058225121343e-02
3.091670186169302378e-02
3.835452366709852373e-02
4.386131189978466349e-02
4.100690178382090934e-02
3.592073760198381122e-02
3.689112457004972701e-02
4.264971830953772497e-02
4.031651848986840536e-02
5.087324525229632716e-02
4.681232945205500429e-02
3.475150847270225274e-02
4.482504903571680327e-02
2.853557501280775885e-02
3.686049684332922544e-02
3.207724929790203849e-02
4.111852651426138594e-02
4.770876389259520040e-02
3.590924593094640960e-02
3.671135899479477382e-02
4.167318500053041747e-02
4.392365034048755640e-02
3.357377801603900203e-02
3.611969190906398619e-02
4.213398522876489471e-02
4.295032411897316271e-02
3.866603551133989541e-02
3.944665629010742774e-02
3.637581013310223210e-02
4.156367754957710631e-02
4.862381201595641217e-02
4.329239721171175559e-02
4.327321129564482699e-02
3.070667799777136373e-02
4.819122850596427310e-02
3.720707795582711697e-02
3.908380022606788851e-02
3.738006069145809879e-02
3.266860167779481877e-02
3.340765638694835615e-02
3.466014566664130103e-02
4.814417307527783796e-02
4.446353643762473301e-02
3.224416150090594901e-02
4.126434323604767640e-02
4.134613341317536217e-02
3.892955218608944862e-02
4.370842392150408456e-02
5.266313161462163328e-02
3.941395530620446508e-02
3.250330743732121608e-02
3.436066359997941994e-02
4.185659973464237599e-02
4.086621106626131539e-02
4.720653833296054730e-02
3.700792055803900360e-02
3.680872577585829475e-02
3.205624407467742853e-02
3.694292611669366955e-02
4.035099020394950636e-02
4.718488012201701998e-02
5.180138558364258405e-02
3.781348512722895738e-02
3.089168361800077867e-02
3.402003561510728163e-02
3.926171643229631192e-02
3.790137125447822636e-02
4.091058001220703594e-02
5.006157870834263696e-02
4.486371745797208821e-02
4.225430723864775917e-02
4.160216517436007844e-02
4.241917818569793108e-02
3.165048330317800362e-02
2.691392219903019148e-02
3.536993333150465629e-02
3.499417343797783103e-02
3.537268412735265072e-02
2.951377173855853145e-02
4.222860145024381895e-02
4.525032709472072423e-02
4.560932834835675076e-02
5.425854234430843581e-02
3.940368230180003178e-02
2.719386144188972940e-02
2.632339752132956470e-02
3.261100173896500781e-02
4.399465946062730559e-02
4.589812560603977881e-02
4.470960721851159614e-02
3.615663241153248275e-02
4.992837041544799515e-02
4.625493965278833219e-02
4.096655520425440677e-02
4.011167041264856320e-02
4.409870128147304336e-02
3.727661461855929365e-02
2.767423937956874080e-02
3.110092926818208703e-02
3.557758414461158203e-02
3.718032333164070224e-02
4.024677699825798122e-02
4.377866567960247979e-02
3.464952974956339582e-02
3.439604512039715067e-02
4.466708977467929997e-02
4.250694577020999038e-02
4.317803111715385472e-02
4.445477913862141972e-02
4.013160814125186354e-02
3.490894456417896474e-02
3.414348658735458231e-02
4.507937884220901414e-02
3.581409684848040065e-02
3.746109973215378669e-02
3.669872140864101351e-02
3.889404880479933185e-02
4.050601249208482524e-02
3.811926637083674213e-02
3.298744504856399723e-02
4.004105139368523830e-02
4.339643168048216981e-02
4.644145548272018281e-02
4.712080440472047466e-02
3.904056406717221900e-02
5.114444542962771206e-02
4.288257795165125591e-02
2.708299665313321572e-02
3.421814370189960736e-02
4.375989834646670795e-02
4.798574179757195135e-02
2.990038868320437151e-02
4.233145206712950193e-02
3.634571279339397082e-02
3.667517108842730661e-02
4.000185342141403255e-02
4.333439355668348980e-02
4.606964852398213323e-02
3.506837845690405353e-02
4.503870320995935483e-02
3.318262249261188374e-02
3.538143865238779773e-02
3.382168310151124901e-02
3.998509907247260048e-02
3.863431203167121131e-02
4.288022203120188391e-02
4.730921656203766756e-02
4.519609494182543624e-02
4.273209300919030007e-02
4.123746590384353566e-02
2.809121396141843127e-02
3.595642434695783124e-02
4.092658379425605231e-02
4.081646697297214993e-02
5.403970639125849768e-02
3.275726766576274318e-02
2.957580570968834990e-02
4.545117915512468521e-02
4.336754119155020876e-02
4.347957220967285652e-02
3.548866864383364017e-02
3.688104100949250036e-02
3.834187518327664135e-02
3.095966848449256334e-02
4.961047025564580687e-02
4.326163991235005418e-02
3.236104790986969043e-02
2.993691916792438554e-02
3.566566241773752588e-02
4.257093521957405063e-02
4.574388766494125874e-02
4.788183097858936949e-02
4.340275142831393623e-02
3.699480982091373632e-02
3.920221052114637034e-02
3.679965158464769404e-02
3.577659613727472709e-02
4.161806891027551580e-02
4.075936420002761185e-02
4.525763791305227601e-02
4.027972116660422097e-02
4.108017139160671100e-02
4.421975799501897536e-02
3.395663995940524649e-02
3.944412481087522515e-02
4.216602677419686168e-02
3.568175013523357947e-02
3.857718797293133162e-02
3.548173112197755552e-02
3.973440470663495983e-02
4.087783075236261360e-02
4.326514232223137302e-02
4.230797743568053687e-02
3.413557406061161481e-02
3.589786492520943145e-02
4.600862722175243918e-02
4.193953062073351584e-02
3.503687557188244622e-02
4.301228329646759191e-02
3.916943831226000344e-02
4.990365967058982277e-02
3.871228718795837603e-02
3.339896767089764462e-02
3.661068037289600535e-02
3.509453324815974690e-02
2.661623532722632440e-02
3.234620791149492997e-02
4.099815017125831712e-02
4.346751934066653972e-02
3.806972009583543815e-02
3.565588809537868775e-02
4.915883465168567612e-02
4.452202778954345713e-02
4.932743326808588374e-02
3.680529522840889078e-02
3.771286227274685959e-02
4.815561799093698997e-02
3.958242996237598677e-02
3.233720413588273696e-02
2.795344820090879881e-02
3.879282362072561385e-02
4.103427479545084661e-02
3.619090531570597763e-02
4.131588954239701766e-02
3.844009065397609171e-02
4.268241736034934092e-02
4.248274972375768593e-02
3.591231240604359637e-02
4.047856442988492093e-02
4.408230637976278538e-02
3.782479226744423634e-02
4.324384975390365565e-02
4.580413712881123423e-02
3.728533261097394247e-02
4.836303122425213152e-02
4.578505631966086481e-02
3.895034781382538530e-02
4.043360897160779704e-02
3.314184672885741451e-02
3.556186060051028108e-02
4.052797886960877310e-02
3.755298511554988616e-02
4.021098487532864807e-02
3.513431878975377398e-02
3.455116459652064764e-02
5.891878004663456819e-02
3.554418702633717342e-02
3.918366819763412917e-02
3.182821430695744608e-02
4.208167919453281031e-02
4.246923551052952245e-02
3.801098692063719503e-02
4.143928211146535867e-02
3.261427110872971991e-02
3.476418872357895512e-02
4.082417907790304723e-02
4.029913446448074588e-02
3.848560647382281291e-02
4.121738106895906500e-02
3.112612971349452279e-02
4.192969064670017815e-02
3.964731567479574253e-02
4.228479770991282888e-02
4.255661952655571262e-02
4.468200227860600476e-02
4.461571162817283553e-02
4.335918913547618520e-02
4.022049317733408791e-02
4.633688691478127231e-02
2.992468644530536445e-02
3.637544847039792667e-02
4.408266186320151242e-02
4.064644634998284406e-02
3.799968994736002692e-02
3.925331702205137746e-02
4.365552085427901879e-02
3.711694583672886516e-02
4.459011450899430518e-02
3.632170004346288450e-02
4.602049380325927419e-02
3.655155179246018238e-02
3.528880406386004226e-02
3.821867805881760255e-02
3.309249382895918662e-02
3.315783909295136334e-02
3.128480972686352446e-02
3.857401723567491919e-02
4.245936455300602930e-02
4.168071541994905482e-02
4.773127882717511511e-02
3.865286553612886505e-02
3.533087500985950674e-02
4.196203813517991599e-02
4.671707156603821520e-02
4.710570725146680932e-02
4.106044225299205347e-02
4.314127822812550972e-02
4.254361806491103321e-02
4.169633544038216927e-02
3.291483177021384959e-02
3.555810807678753266e-02
3.373009502493704709e-02
3.695054736633140297e-02
4.560061478629134912e-02
4.398923746775836030e-02
3.776647733130420598e-02
3.498837780804397307e-02
4.651428979511062350e-02
3.701151137147695724e-02
3.872119604299465584e-02
3.507110457076356713e-02
4.453986369861433203e-02
3.693975715969617657e-02
4.350189242977649251e-02
4.126837664009191248e-02
3.968288126932934673e-02
3.105292323594674095e-02
4.133875081464886969e-02
3.946029004664756978e-02
3.347546578181955640e-02
3.845645127495607440e-02
4.149640961371075382e-02
3.541446008677713586e-02
4.728746801877441869e-02
3.990202293289490942e-02
3.742211034778171463e-02
3.270988974045627856e-02
4.606037066461374924e-02
4.314980973573162570e-02
4.490239049952763489e-02
4.177871110658042120e-02
3.973052573497765083e-02
3.864454382266371835e-02
3.561657424598263511e-02
3.690002886339639743e-02
4.373704204574609122e-02
4.183380047325045009e-02
4.080896772420368468e-02
3.385513415022824851e-02
4.512314923967306740e-02
3.605344077834907179e-02
4.455877275277788513e-02
4.407691531814635078e-02
3.472662738342292138e-02
4.173271999521276782e-02
3.923606873573496495e-02
4.695703701940007191e-02
3.558285071526486737e-02
4.974092792433041504e-02
3.901645424178777632e-02
2.957115876070486385e-02
3.081425601491131344e-02
