9.817188262939453125e+00
1.308024597167968750e+01
1.491077995300292969e+01
1.648278808593750000e+01
1.777746582031250000e+01
1.927290344238281250e+01
2.051184463500976562e+01
2.152725601196289062e+01
2.257112312316894531e+01
2.356512069702148438e+01
2.411007881164550781e+01
2.473043060302734375e+01
2.523254394531250000e+01
2.572459411621093750e+01
2.603984451293945312e+01
2.633401679992675781e+01
2.666301727294921875e+01
2.693038177490234375e+01
2.718331909179687500e+01
2.756033325195312500e+01
2.810956764221191406e+01
2.813205337524414062e+01
2.856911849975585938e+01
2.875250053405761719e+01
2.902873611450195312e+01
2.937138366699218750e+01
2.936962509155273438e+01
2.962386512756347656e+01
2.983989524841308594e+01
2.989119720458984375e+01
2.983254051208496094e+01
2.985173797607421875e+01
2.986809921264648438e+01
2.990858078002929688e+01
3.000643157958984375e+01
2.980912780761718750e+01
2.965552711486816406e+01
2.961265182495117188e+01
2.956644630432128906e+01
2.935102462768554688e+01
2.910258102416992188e+01
2.899548912048339844e+01
2.906609535217285156e+01
2.883962821960449219e+01
2.862513923645019531e+01
2.841409492492675781e+01
2.826833343505859375e+01
2.778631401062011719e+01
2.770249176025390625e+01
2.751195716857910156e+01
2.747931480407714844e+01
2.738455581665039062e+01
2.698246574401855469e+01
2.688817596435546875e+01
2.656326293945312500e+01
2.631621170043945312e+01
2.627013397216796875e+01
2.623155593872070312e+01
2.599767303466796875e+01
2.580699920654296875e+01
2.524894332885742188e+01
2.525215148925781250e+01
2.491001129150390625e+01
2.487965583801269531e+01
2.471905517578125000e+01
2.445190048217773438e+01
2.447142791748046875e+01
2.417156600952148438e+01
2.395142745971679688e+01
2.376783370971679688e+01
2.359114837646484375e+01
2.352516555786132812e+01
2.349728775024414062e+01
2.329237747192382812e+01
2.316399002075195312e+01
2.306558418273925781e+01
2.282085227966308594e+01
2.249376106262207031e+01
2.253780746459960938e+01
2.261738967895507812e+01
2.244977951049804688e+01
2.236062240600585938e+01
2.215810394287109375e+01
2.185706520080566406e+01
2.186960601806640625e+01
2.190713882446289062e+01
2.181151199340820312e+01
2.143585205078125000e+01
2.131044387817382812e+01
2.147584152221679688e+01
2.144502830505371094e+01
2.132721710205078125e+01
2.113175201416015625e+01
2.080283355712890625e+01
2.069247817993164062e+01
2.065459823608398438e+01
2.044149780273437500e+01
2.056443786621093750e+01
2.060055351257324219e+01
2.043549537658691406e+01
2.036716461181640625e+01
2.027800750732421875e+01
2.014940643310546875e+01
1.991434097290039062e+01
1.976414489746093750e+01
1.970640563964843750e+01
1.983934211730957031e+01
1.973132324218750000e+01
1.956238937377929688e+01
1.957558822631835938e+01
1.945149612426757812e+01
1.955836868286132812e+01
1.950477600097656250e+01
1.948628616333007812e+01
1.942669105529785156e+01
1.927921295166015625e+01
1.924239730834960938e+01
1.916809463500976562e+01
1.918930053710937500e+01
1.912681961059570312e+01
1.906938934326171875e+01
1.881201171875000000e+01
1.889132690429687500e+01
1.884419250488281250e+01
1.893001365661621094e+01
1.873634719848632812e+01
1.861936759948730469e+01
1.869149780273437500e+01
1.861782836914062500e+01
1.861322784423828125e+01
1.853415679931640625e+01
1.854008865356445312e+01
1.844255447387695312e+01
1.836195373535156250e+01
1.851725006103515625e+01
1.843970108032226562e+01
1.833973503112792969e+01
1.811489486694335938e+01
1.819149589538574219e+01
1.822160720825195312e+01
1.805345916748046875e+01
1.801092147827148438e+01
1.797540283203125000e+01
1.786049270629882812e+01
1.764545822143554688e+01
1.783517456054687500e+01
1.786056518554687500e+01
1.778060531616210938e+01
1.769974517822265625e+01
1.766459655761718750e+01
1.784082603454589844e+01
1.766378021240234375e+01
1.774808883666992188e+01
1.772384071350097656e+01
1.776401138305664062e+01
1.753414154052734375e+01
1.742363357543945312e+01
1.739130020141601562e+01
1.736334991455078125e+01
1.741823196411132812e+01
1.744426345825195312e+01
1.733454895019531250e+01
1.749201774597167969e+01
1.752668571472167969e+01
1.744094848632812500e+01
1.743449401855468750e+01
1.731887626647949219e+01
1.722008514404296875e+01
1.721818542480468750e+01
1.734129905700683594e+01
1.714135551452636719e+01
1.695491027832031250e+01
1.679135894775390625e+01
1.673370933532714844e+01
1.702866172790527344e+01
1.717318344116210938e+01
1.706272888183593750e+01
1.698722076416015625e+01
1.689102172851562500e+01
1.694630813598632812e+01
1.697924804687500000e+01
1.684655380249023438e+01
1.679791641235351562e+01
1.690699195861816406e+01
1.690337753295898438e+01
1.687425994873046875e+01
1.687369155883789062e+01
1.680699539184570312e+01
1.670074462890625000e+01
1.667035293579101562e+01
1.671463012695312500e+01
1.669690132141113281e+01
1.667728614807128906e+01
1.655944633483886719e+01
1.651852416992187500e+01
1.646742439270019531e+01
1.655131912231445312e+01
1.658993911743164062e+01
1.669322013854980469e+01
1.672673034667968750e+01
1.652222061157226562e+01
1.645098495483398438e+01
1.632919502258300781e+01
1.635818862915039062e+01
1.661461639404296875e+01
1.646291351318359375e+01
1.647515487670898438e+01
1.656392288208007812e+01
1.639407348632812500e+01
1.651988601684570312e+01
1.645869636535644531e+01
1.640353584289550781e+01
1.649644470214843750e+01
1.642021942138671875e+01
1.631658935546875000e+01
1.647231483459472656e+01
1.636567306518554688e+01
1.638056945800781250e+01
1.628353118896484375e+01
1.624909591674804688e+01
1.616170120239257812e+01
1.628771209716796875e+01
1.643770217895507812e+01
1.636840820312500000e+01
1.630549240112304688e+01
1.615435791015625000e+01
1.606558609008789062e+01
1.605857086181640625e+01
1.617119979858398438e+01
1.610861968994140625e+01
1.612728881835937500e+01
1.616143226623535156e+01
1.594894027709960938e+01
1.598920822143554688e+01
1.615875625610351562e+01
1.602583885192871094e+01
1.603213500976562500e+01
1.605911254882812500e+01
1.592332553863525391e+01
1.589677619934082031e+01
1.589676475524902344e+01
1.586567020416259766e+01
1.587399005889892578e+01
1.585553359985351562e+01
1.611288452148437500e+01
1.613222503662109375e+01
1.609197425842285156e+01
1.608732986450195312e+01
1.601913452148437500e+01
1.595566272735595703e+01
1.589910507202148438e+01
1.594736194610595703e+01
1.599400520324707031e+01
1.596234893798828125e+01
1.575284194946289062e+01
1.567515945434570312e+01
1.581077575683593750e+01
1.586623191833496094e+01
1.594184494018554688e+01
1.593026351928710938e+01
1.584635353088378906e+01
1.583953285217285156e+01
1.580843925476074219e+01
1.591054248809814453e+01
1.574743652343750000e+01
1.565969467163085938e+01
1.559482097625732422e+01
1.565322017669677734e+01
1.574025726318359375e+01
1.572574424743652344e+01
1.581449031829833984e+01
1.591210651397705078e+01
1.581196975708007812e+01
1.584767055511474609e+01
1.561435031890869141e+01
1.544406127929687500e+01
1.540529251098632812e+01
1.556157302856445312e+01
1.555636978149414062e+01
1.560438156127929688e+01
1.579856395721435547e+01
1.581184768676757812e+01
1.575900268554687500e+01
1.561393928527832031e+01
1.546533966064453125e+01
1.568906211853027344e+01
1.566358089447021484e+01
1.540931701660156250e+01
1.537051677703857422e+01
1.533619689941406250e+01
1.542417144775390625e+01
1.548201560974121094e+01
1.560346126556396484e+01
1.552915763854980469e+01
1.544910621643066406e+01
1.549286460876464844e+01
1.540086269378662109e+01
1.538459300994873047e+01
1.523378086090087891e+01
1.505831336975097656e+01
1.498984336853027344e+01
1.529282569885253906e+01
1.540348052978515625e+01
1.543087768554687500e+01
1.550914001464843750e+01
1.560819053649902344e+01
1.548600006103515625e+01
1.564616298675537109e+01
1.559893798828125000e+01
1.539819717407226562e+01
1.547517585754394531e+01
1.543581199645996094e+01
1.547873878479003906e+01
1.540852832794189453e+01
1.541450691223144531e+01
1.534832572937011719e+01
1.521020793914794922e+01
1.525405216217041016e+01
1.519278526306152344e+01
1.540936088562011719e+01
1.548321151733398438e+01
1.544451141357421875e+01
1.541766452789306641e+01
1.527081203460693359e+01
1.526122474670410156e+01
1.519806098937988281e+01
1.529847240447998047e+01
1.518819713592529297e+01
1.520003700256347656e+01
1.531076812744140625e+01
1.526428222656250000e+01
1.517246246337890625e+01
1.523779296875000000e+01
1.550393772125244141e+01
1.553305339813232422e+01
1.547169399261474609e+01
1.540803623199462891e+01
1.524056911468505859e+01
1.518011951446533203e+01
1.516313171386718750e+01
1.522962951660156250e+01
1.516035079956054688e+01
1.517382621765136719e+01
1.507493400573730469e+01
1.505721378326416016e+01
1.515066146850585938e+01
1.507086181640625000e+01
1.497308444976806641e+01
1.505129814147949219e+01
1.508113670349121094e+01
1.508043098449707031e+01
1.518451118469238281e+01
1.517350387573242188e+01
1.523731040954589844e+01
1.501090240478515625e+01
1.510245895385742188e+01
1.505332756042480469e+01
1.485062217712402344e+01
1.482748413085937500e+01
1.502531242370605469e+01
1.517132759094238281e+01
1.510848999023437500e+01
1.505526924133300781e+01
1.516613960266113281e+01
1.527721023559570312e+01
1.506641387939453125e+01
1.495147895812988281e+01
1.514179611206054688e+01
1.519397163391113281e+01
1.506016254425048828e+01
1.507211971282958984e+01
1.512093448638916016e+01
1.504853725433349609e+01
1.493224716186523438e+01
1.483562469482421875e+01
1.484064102172851562e+01
1.494705772399902344e+01
1.518252944946289062e+01
1.512942504882812500e+01
1.502957725524902344e+01
1.497075748443603516e+01
1.505015659332275391e+01
1.501634693145751953e+01
1.492798805236816406e+01
1.491606235504150391e+01
1.503227329254150391e+01
1.495163536071777344e+01
1.505273342132568359e+01
1.492497634887695312e+01
1.476215744018554688e+01
1.475790119171142578e+01
1.482718849182128906e+01
1.482964706420898438e+01
1.485730171203613281e+01
1.490045356750488281e+01
1.503724098205566406e+01
1.493668556213378906e+01
1.486357688903808594e+01
1.498190498352050781e+01
1.483320999145507812e+01
1.483471107482910156e+01
1.476783752441406250e+01
1.480095291137695312e+01
1.467117691040039062e+01
1.475093460083007812e+01
1.497712516784667969e+01
1.479967212677001953e+01
1.484099006652832031e+01
1.487516784667968750e+01
1.485074901580810547e+01
1.479072570800781250e+01
1.489941596984863281e+01
1.496118164062500000e+01
1.502584934234619141e+01
1.492681980133056641e+01
1.487301826477050781e+01
1.484710311889648438e+01
1.472756099700927734e+01
1.448141193389892578e+01
1.456994247436523438e+01
1.458732986450195312e+01
1.481974792480468750e+01
1.467234897613525391e+01
1.483580017089843750e+01
1.487422180175781250e+01
1.476751899719238281e+01
1.483414649963378906e+01
1.482508468627929688e+01
1.475338268280029297e+01
1.485711383819580078e+01
1.484740829467773438e+01
1.488557052612304688e+01
1.490225410461425781e+01
1.463414955139160156e+01
1.459397125244140625e+01
1.471667385101318359e+01
1.469879722595214844e+01
1.468267345428466797e+01
1.463285255432128906e+01
1.480005836486816406e+01
1.482161426544189453e+01
1.467548179626464844e+01
1.453203105926513672e+01
1.475924873352050781e+01
1.477434635162353516e+01
1.499851417541503906e+01
1.499248504638671875e+01
1.494696140289306641e+01
1.473967933654785156e+01
1.475348377227783203e+01
1.488832569122314453e+01
1.488034439086914062e+01
1.474859809875488281e+01
1.461983871459960938e+01
1.458590984344482422e+01
1.458918857574462891e+01
1.469137096405029297e+01
1.465972709655761719e+01
1.452568244934082031e+01
1.458418369293212891e+01
1.461937046051025391e+01
1.460455322265625000e+01
1.479264163970947266e+01
1.497423171997070312e+01
1.495053482055664062e+01
1.477992916107177734e+01
1.462560367584228516e+01
1.453595352172851562e+01
1.461869621276855469e+01
1.467540454864501953e+01
1.468523979187011719e+01
1.465139389038085938e+01
1.476033020019531250e+01
1.471877384185791016e+01
1.473401451110839844e+01
1.470269012451171875e+01
1.459070587158203125e+01
1.439319801330566406e+01
1.440625095367431641e+01
1.429566574096679688e+01
1.449244499206542969e+01
1.450033473968505859e+01
1.446479034423828125e+01
1.459066772460937500e+01
1.457099246978759766e+01
1.467667388916015625e+01
1.461780738830566406e+01
1.458721637725830078e+01
1.466404056549072266e+01
1.462981986999511719e+01
1.456496620178222656e+01
1.449448585510253906e+01
1.462160205841064453e+01
1.469523620605468750e+01
1.455510520935058594e+01
1.451907253265380859e+01
1.445331096649169922e+01
1.442640304565429688e+01
1.453052330017089844e+01
1.446445560455322266e+01
1.464146327972412109e+01
1.443441390991210938e+01
1.458030700683593750e+01
1.463650989532470703e+01
1.465309143066406250e+01
1.459776115417480469e+01
1.447310352325439453e+01
1.452339172363281250e+01
1.443578720092773438e+01
1.443910884857177734e+01
1.464653778076171875e+01
1.458316802978515625e+01
1.457210350036621094e+01
1.446493244171142578e+01
1.454936599731445312e+01
1.442000579833984375e+01
1.444924926757812500e+01
1.456210231781005859e+01
1.453875541687011719e+01
1.443655300140380859e+01
1.450862693786621094e+01
1.435416889190673828e+01
1.431272983551025391e+01
1.447479534149169922e+01
1.452485656738281250e+01
1.439055538177490234e+01
1.444434261322021484e+01
1.443187522888183594e+01
1.429195499420166016e+01
1.448006248474121094e+01
1.463485717773437500e+01
1.441392517089843750e+01
1.458311843872070312e+01
1.455171775817871094e+01
1.456872749328613281e+01
1.462449836730957031e+01
1.455284881591796875e+01
1.424391937255859375e+01
1.420495700836181641e+01
1.422684860229492188e+01
1.430569648742675781e+01
1.440057563781738281e+01
1.440570735931396484e+01
1.452973842620849609e+01
1.463188648223876953e+01
1.449915504455566406e+01
1.444367694854736328e+01
1.450354862213134766e+01
1.454271697998046875e+01
1.444641876220703125e+01
1.427276802062988281e+01
1.428468227386474609e+01
1.437008380889892578e+01
1.439286422729492188e+01
1.432535934448242188e+01
1.440103530883789062e+01
1.438293266296386719e+01
1.432457733154296875e+01
1.440961360931396484e+01
1.450942611694335938e+01
1.444945907592773438e+01
1.440886497497558594e+01
1.431607913970947266e+01
1.436011314392089844e+01
1.428993415832519531e+01
1.423790931701660156e+01
1.406461143493652344e+01
1.411949539184570312e+01
1.438899421691894531e+01
1.438057136535644531e+01
1.443126106262207031e+01
1.438141250610351562e+01
1.424009323120117188e+01
1.446778202056884766e+01
1.436435699462890625e+01
1.445215320587158203e+01
1.444813728332519531e+01
1.455457878112792969e+01
1.432922744750976562e+01
1.436796092987060547e+01
1.444827270507812500e+01
1.437222671508789062e+01
1.440115070343017578e+01
1.429209136962890625e+01
1.437885665893554688e+01
1.429571819305419922e+01
1.433267021179199219e+01
1.434877204895019531e+01
1.433981037139892578e+01
1.430848312377929688e+01
1.424008178710937500e+01
1.431468582153320312e+01
1.423354911804199219e+01
1.444786357879638672e+01
1.449140167236328125e+01
1.454759788513183594e+01
1.436960411071777344e+01
1.447975921630859375e+01
1.443387508392333984e+01
1.441584396362304688e+01
1.436010837554931641e+01
1.437582683563232422e+01
1.438036346435546875e+01
1.436697101593017578e+01
1.441193103790283203e+01
1.427518081665039062e+01
1.429810905456542969e+01
1.425767803192138672e+01
1.423923778533935547e+01
1.436260414123535156e+01
1.437209224700927734e+01
1.432090950012207031e+01
1.429611778259277344e+01
1.433856868743896484e+01
1.420285224914550781e+01
1.426186370849609375e+01
1.432307624816894531e+01
1.431335544586181641e+01
1.440188884735107422e+01
1.440845870971679688e+01
1.431379699707031250e+01
1.419448089599609375e+01
1.418087005615234375e+01
1.415767669677734375e+01
1.431256294250488281e+01
1.437543869018554688e+01
1.450514221191406250e+01
1.438037872314453125e+01
1.423643302917480469e+01
1.427793788909912109e+01
1.427771377563476562e+01
1.417749500274658203e+01
1.425170326232910156e+01
1.425539875030517578e+01
1.423726940155029297e+01
1.410463428497314453e+01
1.419524002075195312e+01
1.410454082489013672e+01
1.421944808959960938e+01
1.421468353271484375e+01
1.414455032348632812e+01
1.427324867248535156e+01
1.424394130706787109e+01
1.431414604187011719e+01
1.412343597412109375e+01
1.415514373779296875e+01
1.412831592559814453e+01
1.420071506500244141e+01
1.422071075439453125e+01
1.416909408569335938e+01
1.414554023742675781e+01
1.397897434234619141e+01
1.398963928222656250e+01
1.408782958984375000e+01
1.415814685821533203e+01
1.418653011322021484e+01
1.422976398468017578e+01
1.425092220306396484e+01
1.422557067871093750e+01
1.425633907318115234e+01
1.416338825225830078e+01
1.422550010681152344e+01
1.416949462890625000e+01
1.411069488525390625e+01
1.410262680053710938e+01
1.419001960754394531e+01
1.422862815856933594e+01
1.415247249603271484e+01
1.408454799652099609e+01
1.403190612792968750e+01
1.405903625488281250e+01
1.405967903137207031e+01
1.422966003417968750e+01
1.416483116149902344e+01
1.416847991943359375e+01
1.412606716156005859e+01
1.411673355102539062e+01
1.402596950531005859e+01
1.402890396118164062e+01
1.394262123107910156e+01
1.387991046905517578e+01
1.401781177520751953e+01
1.411443614959716797e+01
1.412084484100341797e+01
1.399600505828857422e+01
1.411605739593505859e+01
1.397758483886718750e+01
1.406576919555664062e+01
1.393072986602783203e+01
1.408868503570556641e+01
1.391797447204589844e+01
1.392916679382324219e+01
1.408045673370361328e+01
1.396474933624267578e+01
1.401716613769531250e+01
1.420577144622802734e+01
1.413235092163085938e+01
1.407389068603515625e+01
1.410480308532714844e+01
1.394129657745361328e+01
1.404285907745361328e+01
1.380899715423583984e+01
1.374859046936035156e+01
1.376997089385986328e+01
1.409224891662597656e+01
1.417890548706054688e+01
1.423883247375488281e+01
1.425503349304199219e+01
1.413576316833496094e+01
1.391243362426757812e+01
1.398223972320556641e+01
1.395056629180908203e+01
1.406641674041748047e+01
1.421211051940917969e+01
1.423305702209472656e+01
1.396909809112548828e+01
1.394919490814208984e+01
1.391482734680175781e+01
1.388303279876708984e+01
1.393567085266113281e+01
1.395026779174804688e+01
1.387530899047851562e+01
1.377269744873046875e+01
1.381225681304931641e+01
1.409442138671875000e+01
1.399327468872070312e+01
1.398880004882812500e+01
1.397255611419677734e+01
1.399219036102294922e+01
1.405514049530029297e+01
1.390383148193359375e+01
1.395114707946777344e+01
1.401815986633300781e+01
1.403588294982910156e+01
1.381120872497558594e+01
1.401453781127929688e+01
1.410229778289794922e+01
1.398133087158203125e+01
1.393656349182128906e+01
1.395147895812988281e+01
1.400187683105468750e+01
1.386324310302734375e+01
1.378883647918701172e+01
1.397647953033447266e+01
1.418164157867431641e+01
1.415272045135498047e+01
1.403669929504394531e+01
1.396566390991210938e+01
1.395820903778076172e+01
1.400022697448730469e+01
1.385586547851562500e+01
1.387966918945312500e+01
1.399897766113281250e+01
1.400447368621826172e+01
1.407870674133300781e+01
1.401981735229492188e+01
1.402058506011962891e+01
1.381360435485839844e+01
1.385304641723632812e+01
1.386105060577392578e+01
1.404631042480468750e+01
1.393962001800537109e+01
1.397970199584960938e+01
1.393330860137939453e+01
1.383809947967529297e+01
1.389589881896972656e+01
1.396431732177734375e+01
1.394326782226562500e+01
1.381434631347656250e+01
1.379589843750000000e+01
1.386202144622802734e+01
1.393058013916015625e+01
1.382479953765869141e+01
1.380152702331542969e+01
1.399513244628906250e+01
1.401531410217285156e+01
1.392797851562500000e+01
1.371336364746093750e+01
1.363176345825195312e+01
1.380510139465332031e+01
1.393036270141601562e+01
1.391870498657226562e+01
1.387653350830078125e+01
1.386304378509521484e+01
1.378010177612304688e+01
1.367487335205078125e+01
1.371270561218261719e+01
1.373099136352539062e+01
1.364085197448730469e+01
1.368237590789794922e+01
1.378276538848876953e+01
1.384510421752929688e+01
1.385178470611572266e+01
1.382227134704589844e+01
1.386940956115722656e+01
1.389072418212890625e+01
1.387285995483398438e+01
1.386324596405029297e+01
1.391998481750488281e+01
1.378765773773193359e+01
1.392999839782714844e+01
1.378239917755126953e+01
1.385819911956787109e+01
1.386959838867187500e+01
1.370003700256347656e+01
1.361088562011718750e+01
1.368671989440917969e+01
1.363740158081054688e+01
1.385267639160156250e+01
1.395792198181152344e+01
1.389157104492187500e+01
1.399675559997558594e+01
1.386277389526367188e+01
1.363959693908691406e+01
1.369034004211425781e+01
1.368485260009765625e+01
1.368724441528320312e+01
1.378553962707519531e+01
1.399359416961669922e+01
1.392879199981689453e+01
1.387472724914550781e+01
1.376886749267578125e+01
1.380842304229736328e+01
1.374848556518554688e+01
1.387640857696533203e+01
1.389562511444091797e+01
1.383506584167480469e+01
1.388152503967285156e+01
1.378742980957031250e+01
1.386356925964355469e+01
1.398920059204101562e+01
1.378098392486572266e+01
1.369765567779541016e+01
1.380572795867919922e+01
1.387219429016113281e+01
1.375252056121826172e+01
1.392328834533691406e+01
1.372842025756835938e+01
1.379397678375244141e+01
1.384144783020019531e+01
1.373077392578125000e+01
1.370823097229003906e+01
1.363649463653564453e+01
1.357947731018066406e+01
1.371007251739501953e+01
1.364825057983398438e+01
1.372655105590820312e+01
1.375474357604980469e+01
1.372953796386718750e+01
1.374207115173339844e+01
1.360930252075195312e+01
1.361954116821289062e+01
1.376408386230468750e+01
1.378797817230224609e+01
1.378859329223632812e+01
1.381285858154296875e+01
1.388772010803222656e+01
1.391722106933593750e+01
1.404311275482177734e+01
1.390997505187988281e+01
1.390482330322265625e+01
1.371606063842773438e+01
1.377411079406738281e+01
1.369777584075927734e+01
1.375601959228515625e+01
1.372452545166015625e+01
1.373818683624267578e+01
1.381970024108886719e+01
1.365653419494628906e+01
1.373335456848144531e+01
1.368677711486816406e+01
1.373714828491210938e+01
1.382383537292480469e+01
1.389809322357177734e+01
1.377474021911621094e+01
1.365861225128173828e+01
1.361373519897460938e+01
1.368167972564697266e+01
1.364540576934814453e+01
1.377972030639648438e+01
1.368098640441894531e+01
1.373166275024414062e+01
1.377403831481933594e+01
1.372298336029052734e+01
1.366562271118164062e+01
1.359502220153808594e+01
1.344958496093750000e+01
1.352973365783691406e+01
1.364922332763671875e+01
1.360926818847656250e+01
1.374914932250976562e+01
1.364278793334960938e+01
1.371596145629882812e+01
1.371275520324707031e+01
1.370771980285644531e+01
1.371835899353027344e+01
1.383395385742187500e+01
1.382604408264160156e+01
1.368100738525390625e+01
1.372427940368652344e+01
1.375389575958251953e+01
1.368369102478027344e+01
1.370181274414062500e+01
1.374075126647949219e+01
1.381344604492187500e+01
1.370598983764648438e+01
1.368652534484863281e+01
1.378255462646484375e+01
1.370612907409667969e+01
1.377392196655273438e+01
1.375985336303710938e+01
1.375109004974365234e+01
1.378077125549316406e+01
1.367457103729248047e+01
1.358259487152099609e+01
1.367350006103515625e+01
1.368258666992187500e+01
1.360906982421875000e+01
1.351737976074218750e+01
1.345635986328125000e+01
1.364911460876464844e+01
1.375161266326904297e+01
1.368494319915771484e+01
1.372968769073486328e+01
1.375826263427734375e+01
1.363235473632812500e+01
1.367497062683105469e+01
1.368920135498046875e+01
1.359533882141113281e+01
1.362236404418945312e+01
1.347441196441650391e+01
1.346480560302734375e+01
1.363048171997070312e+01
1.368052291870117188e+01
1.365562629699707031e+01
1.361923027038574219e+01
1.355614948272705078e+01
1.372592926025390625e+01
1.361236190795898438e+01
1.357458686828613281e+01
1.348884201049804688e+01
1.368991279602050781e+01
1.369294071197509766e+01
1.372402191162109375e+01
1.370973205566406250e+01
1.366953086853027344e+01
1.358049106597900391e+01
1.365660572052001953e+01
1.369245624542236328e+01
1.378001976013183594e+01
1.369647121429443359e+01
1.375503921508789062e+01
1.363329887390136719e+01
1.366776180267333984e+01
1.373198318481445312e+01
1.358539867401123047e+01
1.370058631896972656e+01
1.362103843688964844e+01
1.349373912811279297e+01
1.353672218322753906e+01
1.357682800292968750e+01
1.352164363861083984e+01
1.333094978332519531e+01
1.342749023437500000e+01
1.361165237426757812e+01
1.362246227264404297e+01
1.358878421783447266e+01
1.363192558288574219e+01
1.347799015045166016e+01
1.351663589477539062e+01
1.349134540557861328e+01
1.354170036315917969e+01
1.358037948608398438e+01
1.362205314636230469e+01
1.352141761779785156e+01
1.356408882141113281e+01
1.362992763519287109e+01
1.349596881866455078e+01
1.377540493011474609e+01
1.370853424072265625e+01
1.361302280426025391e+01
1.353940296173095703e+01
1.357123947143554688e+01
1.355969524383544922e+01
1.347598648071289062e+01
1.353496932983398438e+01
1.345266914367675781e+01
1.348996639251708984e+01
1.351401329040527344e+01
1.356709098815917969e+01
1.360087585449218750e+01
1.351457405090332031e+01
1.348019981384277344e+01
1.335278511047363281e+01
1.345729446411132812e+01
1.348042488098144531e+01
1.343895244598388672e+01
1.335471343994140625e+01
1.343014717102050781e+01
1.353560829162597656e+01
1.366648292541503906e+01
1.356773090362548828e+01
1.357353210449218750e+01
1.362539863586425781e+01
1.374223518371582031e+01
1.363413333892822266e+01
1.355265712738037109e+01
1.354092502593994141e+01
1.357503032684326172e+01
1.342947006225585938e+01
1.349280738830566406e+01
1.364027309417724609e+01
1.361933708190917969e+01
1.358006668090820312e+01
1.357257366180419922e+01
1.353763008117675781e+01
1.356510925292968750e+01
1.355201530456542969e+01
1.348580455780029297e+01
1.343653869628906250e+01
1.333057498931884766e+01
1.336215782165527344e+01
1.331017303466796875e+01
1.352469825744628906e+01
1.340118408203125000e+01
1.346333885192871094e+01
1.334654331207275391e+01
1.336953544616699219e+01
1.337326240539550781e+01
1.349483489990234375e+01
1.359017944335937500e+01
1.369282054901123047e+01
1.355672264099121094e+01
1.342381286621093750e+01
1.359669876098632812e+01
1.358581733703613281e+01
1.359988594055175781e+01
1.360214519500732422e+01
1.354724884033203125e+01
1.354460048675537109e+01
1.350879859924316406e+01
1.353554344177246094e+01
1.341808128356933594e+01
1.344631004333496094e+01
1.344356250762939453e+01
1.342192554473876953e+01
1.337171554565429688e+01
1.343223381042480469e+01
1.331589603424072266e+01
1.339227104187011719e+01
1.336445808410644531e+01
1.340306377410888672e+01
1.345923805236816406e+01
1.362428474426269531e+01
1.365669631958007812e+01
1.357470321655273438e+01
1.344566535949707031e+01
1.344235801696777344e+01
1.345475578308105469e+01
1.341333007812500000e+01
1.335060691833496094e+01
1.335421371459960938e+01
1.336134624481201172e+01
1.347957038879394531e+01
1.350899505615234375e+01
1.348115348815917969e+01
1.343467903137207031e+01
1.348462867736816406e+01
1.352122497558593750e+01
1.350246810913085938e+01
1.353988265991210938e+01
1.339834594726562500e+01
1.332899475097656250e+01
1.348602485656738281e+01
1.357346439361572266e+01
1.336168479919433594e+01
1.340203666687011719e+01
1.335808944702148438e+01
1.327687168121337891e+01
1.329816055297851562e+01
1.342292785644531250e+01
1.337948417663574219e+01
1.342696571350097656e+01
1.331768798828125000e+01
1.347131538391113281e+01
1.348403167724609375e+01
1.353043174743652344e+01
1.353441333770751953e+01
1.341788864135742188e+01
1.354901695251464844e+01
1.356900215148925781e+01
1.342934989929199219e+01
1.344463157653808594e+01
1.334272575378417969e+01
1.341242408752441406e+01
1.341771125793457031e+01
1.359299659729003906e+01
1.346219444274902344e+01
1.340381908416748047e+01
1.351607513427734375e+01
1.367812347412109375e+01
1.374375152587890625e+01
1.368898963928222656e+01
1.372046375274658203e+01
1.362709808349609375e+01
1.354424285888671875e+01
1.363001441955566406e+01
1.345081138610839844e+01
1.335701942443847656e+01
1.359788894653320312e+01
1.354582595825195312e+01
1.339194107055664062e+01
1.338341140747070312e+01
1.325293445587158203e+01
1.340065574645996094e+01
1.337289047241210938e+01
1.354730987548828125e+01
1.359923171997070312e+01
1.352233219146728516e+01
1.341729068756103516e+01
1.342980575561523438e+01
1.331498622894287109e+01
1.337149620056152344e+01
1.346322536468505859e+01
1.359186744689941406e+01
1.349391174316406250e+01
1.344930076599121094e+01
1.341918468475341797e+01
1.343749618530273438e+01
1.343972206115722656e+01
1.340479278564453125e+01
1.330189704895019531e+01
1.323087978363037109e+01
1.333270454406738281e+01
1.327119445800781250e+01
1.327459812164306641e+01
1.321621704101562500e+01
1.347039985656738281e+01
1.338062667846679688e+01
1.358422279357910156e+01
1.350871658325195312e+01
1.342168617248535156e+01
1.353426551818847656e+01
1.351354503631591797e+01
1.363827419281005859e+01
1.353300380706787109e+01
1.351441574096679688e+01
1.336457061767578125e+01
1.332181739807128906e+01
1.330693054199218750e+01
1.337522506713867188e+01
1.342176342010498047e+01
1.334117698669433594e+01
1.340199375152587891e+01
1.338832759857177734e+01
1.342995452880859375e+01
1.340000629425048828e+01
1.354665279388427734e+01
1.344173622131347656e+01
1.341967201232910156e+01
1.342788887023925781e+01
1.333249473571777344e+01
1.328318214416503906e+01
1.323540115356445312e+01
1.330841922760009766e+01
1.342361450195312500e+01
1.330261802673339844e+01
1.335178947448730469e+01
1.329879951477050781e+01
1.355607032775878906e+01
1.356454086303710938e+01
1.346300888061523438e+01
1.335880851745605469e+01
1.330656909942626953e+01
1.338023376464843750e+01
1.357564353942871094e+01
1.343387031555175781e+01
1.351848697662353516e+01
1.355077838897705078e+01
1.337758636474609375e+01
1.328244781494140625e+01
1.336741924285888672e+01
1.344267082214355469e+01
1.343688201904296875e+01
1.333428192138671875e+01
1.339286804199218750e+01
1.332761859893798828e+01
1.332470512390136719e+01
1.332656860351562500e+01
1.338485527038574219e+01
1.336552333831787109e+01
1.339305400848388672e+01
1.343499374389648438e+01
1.349691104888916016e+01
1.348487663269042969e+01
1.338766860961914062e+01
1.330602073669433594e+01
1.316791152954101562e+01
1.325415039062500000e+01
1.325678634643554688e+01
1.325868415832519531e+01
1.330113792419433594e+01
1.318183708190917969e+01
1.319447708129882812e+01
1.327482414245605469e+01
1.339335060119628906e+01
1.331853389739990234e+01
1.353731536865234375e+01
1.355569553375244141e+01
1.352950286865234375e+01
1.349596595764160156e+01
1.339023208618164062e+01
1.346368026733398438e+01
1.337967109680175781e+01
1.347456932067871094e+01
1.344644451141357422e+01
1.327958011627197266e+01
1.313960742950439453e+01
1.316914558410644531e+01
1.333006954193115234e+01
1.329526519775390625e+01
1.335865974426269531e+01
1.331330680847167969e+01
1.323712730407714844e+01
1.325437164306640625e+01
1.321548080444335938e+01
1.335842514038085938e+01
1.338381004333496094e+01
1.350308418273925781e+01
1.342975521087646484e+01
1.331942367553710938e+01
1.349585723876953125e+01
1.337747287750244141e+01
1.321195030212402344e+01
1.337528800964355469e+01
1.335216426849365234e+01
1.335191154479980469e+01
1.336154651641845703e+01
1.339414787292480469e+01
1.335363578796386719e+01
1.335022163391113281e+01
1.336440658569335938e+01
1.323414325714111328e+01
1.321645927429199219e+01
1.325341606140136719e+01
1.328874015808105469e+01
1.321359157562255859e+01
1.323231315612792969e+01
1.325586318969726562e+01
1.333564758300781250e+01
1.326327896118164062e+01
1.332633018493652344e+01
1.331968116760253906e+01
1.313198757171630859e+01
1.312042617797851562e+01
1.322548389434814453e+01
1.332587623596191406e+01
1.342208766937255859e+01
1.339413642883300781e+01
1.322944927215576172e+01
1.328357505798339844e+01
1.334535598754882812e+01
1.340345001220703125e+01
1.333584213256835938e+01
1.338079261779785156e+01
1.322389411926269531e+01
1.322183990478515625e+01
1.320765686035156250e+01
1.336438751220703125e+01
1.318330383300781250e+01
1.314648056030273438e+01
1.325696754455566406e+01
1.332015609741210938e+01
1.336116218566894531e+01
1.334283351898193359e+01
1.324743080139160156e+01
1.326538467407226562e+01
1.335997295379638672e+01
1.343560791015625000e+01
1.335775279998779297e+01
1.326790809631347656e+01
1.340350151062011719e+01
1.330067062377929688e+01
1.326185989379882812e+01
1.333665847778320312e+01
1.338974094390869141e+01
1.345723819732666016e+01
1.343641853332519531e+01
1.325943660736083984e+01
1.327275753021240234e+01
1.318572807312011719e+01
1.326928138732910156e+01
1.335182762145996094e+01
1.338467025756835938e+01
1.324900627136230469e+01
1.313796234130859375e+01
1.317780876159667969e+01
1.317764091491699219e+01
1.326423072814941406e+01
1.348110866546630859e+01
1.335828208923339844e+01
1.340478229522705078e+01
1.322234439849853516e+01
1.328021621704101562e+01
1.320129394531250000e+01
1.314357185363769531e+01
1.301486492156982422e+01
1.308649253845214844e+01
1.335015964508056641e+01
1.327336883544921875e+01
1.342424011230468750e+01
1.333367443084716797e+01
1.335740661621093750e+01
1.332078456878662109e+01
1.338435935974121094e+01
1.342317390441894531e+01
1.350070190429687500e+01
1.340316009521484375e+01
1.332783412933349609e+01
1.335620594024658203e+01
1.331383991241455078e+01
1.323058414459228516e+01
1.325550937652587891e+01
1.329356479644775391e+01
1.327828598022460938e+01
1.337005424499511719e+01
1.332456588745117188e+01
1.336011600494384766e+01
1.325203132629394531e+01
1.323565292358398438e+01
1.328479194641113281e+01
1.325577163696289062e+01
1.322297477722167969e+01
1.326057434082031250e+01
1.326946830749511719e+01
1.332034397125244141e+01
1.339412498474121094e+01
1.345607089996337891e+01
1.348671150207519531e+01
1.344032192230224609e+01
1.335577011108398438e+01
1.337825584411621094e+01
1.337864494323730469e+01
1.327643108367919922e+01
1.332521820068359375e+01
1.339264869689941406e+01
1.323950386047363281e+01
1.329277515411376953e+01
1.314520454406738281e+01
1.311926651000976562e+01
1.312108039855957031e+01
1.316395378112792969e+01
1.319180202484130859e+01
1.324890327453613281e+01
1.325281429290771484e+01
1.317994689941406250e+01
1.318804168701171875e+01
1.320317554473876953e+01
1.328596878051757812e+01
1.323994255065917969e+01
1.338086128234863281e+01
1.320970535278320312e+01
1.332163333892822266e+01
1.338027381896972656e+01
1.318964385986328125e+01
1.317650604248046875e+01
1.326191329956054688e+01
1.335668373107910156e+01
1.326064300537109375e+01
1.321951293945312500e+01
1.321449661254882812e+01
1.340210819244384766e+01
1.339101982116699219e+01
1.318408203125000000e+01
1.322897338867187500e+01
1.333953094482421875e+01
1.337753582000732422e+01
1.316401863098144531e+01
1.320359039306640625e+01
1.333520030975341797e+01
1.328693580627441406e+01
1.321503448486328125e+01
1.315705013275146484e+01
1.310780525207519531e+01
1.326461029052734375e+01
1.334678268432617188e+01
1.340799427032470703e+01
1.339245223999023438e+01
1.339777755737304688e+01
1.336637687683105469e+01
1.327906513214111328e+01
1.319581413269042969e+01
1.326887321472167969e+01
1.322933006286621094e+01
1.326251411437988281e+01
1.330141258239746094e+01
1.326931953430175781e+01
1.316561603546142578e+01
1.318206405639648438e+01
1.328681755065917969e+01
1.335350418090820312e+01
1.341640853881835938e+01
1.345893669128417969e+01
1.324888324737548828e+01
1.339701938629150391e+01
1.337274742126464844e+01
1.329584884643554688e+01
1.326107597351074219e+01
1.319011116027832031e+01
1.318371009826660156e+01
1.327155780792236328e+01
1.333987426757812500e+01
1.318050003051757812e+01
1.326953125000000000e+01
1.331205558776855469e+01
1.324864959716796875e+01
1.333152103424072266e+01
1.335394668579101562e+01
1.329497528076171875e+01
1.326342773437500000e+01
1.309274482727050781e+01
1.316890525817871094e+01
1.323834609985351562e+01
1.321803855895996094e+01
1.345183277130126953e+01
1.327276325225830078e+01
1.322611427307128906e+01
1.313299942016601562e+01
1.307349967956542969e+01
1.315556907653808594e+01
1.315905189514160156e+01
1.318854522705078125e+01
1.312025260925292969e+01
1.331917095184326172e+01
1.340395164489746094e+01
1.331337356567382812e+01
1.325996017456054688e+01
1.330601882934570312e+01
1.326095390319824219e+01
1.317695045471191406e+01
1.326203155517578125e+01
1.331462287902832031e+01
1.327810096740722656e+01
1.316868019104003906e+01
1.301014518737792969e+01
1.312875938415527344e+01
1.330650901794433594e+01
1.321522903442382812e+01
1.314831733703613281e+01
1.329792404174804688e+01
1.326529693603515625e+01
1.319244384765625000e+01
1.320525455474853516e+01
1.326147747039794922e+01
1.322799491882324219e+01
1.336099624633789062e+01
1.320352745056152344e+01
1.324112701416015625e+01
1.330593013763427734e+01
1.318533706665039062e+01
1.329538440704345703e+01
1.331202316284179688e+01
1.331721019744873047e+01
1.314187049865722656e+01
1.303859233856201172e+01
1.303074741363525391e+01
1.310266685485839844e+01
1.315910625457763672e+01
1.327137184143066406e+01
1.342924404144287109e+01
1.325934600830078125e+01
1.316307353973388672e+01
1.319786834716796875e+01
1.340687751770019531e+01
1.337393188476562500e+01
1.327806854248046875e+01
1.322557258605957031e+01
1.321847343444824219e+01
1.331867027282714844e+01
1.335608482360839844e+01
1.329094123840332031e+01
1.314794158935546875e+01
1.312150669097900391e+01
1.304673767089843750e+01
1.305440902709960938e+01
1.326643753051757812e+01
1.322312927246093750e+01
1.324504470825195312e+01
1.336183357238769531e+01
1.334615898132324219e+01
1.327776622772216797e+01
1.326191902160644531e+01
1.333848190307617188e+01
1.322315216064453125e+01
1.313647937774658203e+01
1.331109046936035156e+01
1.315551567077636719e+01
1.314137649536132812e+01
1.330040168762207031e+01
1.327063179016113281e+01
1.298861885070800781e+01
1.317124748229980469e+01
1.319713211059570312e+01
1.311608505249023438e+01
1.322345066070556641e+01
1.319879913330078125e+01
1.323759651184082031e+01
1.316096305847167969e+01
1.335104370117187500e+01
1.320761299133300781e+01
1.347880458831787109e+01
1.325601005554199219e+01
1.330233573913574219e+01
1.336440277099609375e+01
1.327071571350097656e+01
1.310525798797607422e+01
1.319750499725341797e+01
1.337175369262695312e+01
1.326753044128417969e+01
1.313377761840820312e+01
1.319620132446289062e+01
1.319669342041015625e+01
1.327327060699462891e+01
1.321612358093261719e+01
1.327661514282226562e+01
1.340340614318847656e+01
1.340204238891601562e+01
1.341391468048095703e+01
1.339860153198242188e+01
1.328815269470214844e+01
1.331700134277343750e+01
1.325567722320556641e+01
1.334735298156738281e+01
1.336081695556640625e+01
1.347354316711425781e+01
1.353215026855468750e+01
1.358984470367431641e+01
1.346716308593750000e+01
1.347824096679687500e+01
1.343152999877929688e+01
1.331985950469970703e+01
1.323530578613281250e+01
1.325154781341552734e+01
1.320640373229980469e+01
1.319323062896728516e+01
1.321085357666015625e+01
1.332198143005371094e+01
1.317058753967285156e+01
1.318238353729248047e+01
1.313142681121826172e+01
1.305743598937988281e+01
1.326126861572265625e+01
1.317488288879394531e+01
1.314474868774414062e+01
1.323374462127685547e+01
1.320115852355957031e+01
1.311407375335693359e+01
1.314480209350585938e+01
1.312825107574462891e+01
1.322117996215820312e+01
1.319556140899658203e+01
1.310717582702636719e+01
1.325689125061035156e+01
1.312508583068847656e+01
1.319325065612792969e+01
1.325973129272460938e+01
1.316697883605957031e+01
1.318457984924316406e+01
1.332698059082031250e+01
1.323731231689453125e+01
1.315446090698242188e+01
1.328756999969482422e+01
1.334008789062500000e+01
1.324677753448486328e+01
1.324979782104492188e+01
1.334626102447509766e+01
1.330961704254150391e+01
1.321051406860351562e+01
1.315195846557617188e+01
1.315217018127441406e+01
1.318576145172119141e+01
1.312276077270507812e+01
1.310819625854492188e+01
1.313642215728759766e+01
1.305827522277832031e+01
1.328351306915283203e+01
1.325535583496093750e+01
1.322266387939453125e+01
1.332053184509277344e+01
1.336979675292968750e+01
1.344321346282958984e+01
1.334443855285644531e+01
1.326816368103027344e+01
1.330664443969726562e+01
1.324089050292968750e+01
1.310285186767578125e+01
1.306579208374023438e+01
1.313268661499023438e+01
1.314012622833251953e+01
1.299907207489013672e+01
1.309316444396972656e+01
1.313325119018554688e+01
1.315092086791992188e+01
1.317249298095703125e+01
1.323387908935546875e+01
1.313695907592773438e+01
1.320418262481689453e+01
1.323333168029785156e+01
1.324442386627197266e+01
1.325159263610839844e+01
1.340045928955078125e+01
1.341217517852783203e+01
1.344075870513916016e+01
1.339419937133789062e+01
1.332100296020507812e+01
1.333680248260498047e+01
1.325623703002929688e+01
1.336185932159423828e+01
1.346401023864746094e+01
1.342785072326660156e+01
1.327756690979003906e+01
1.323859500885009766e+01
1.327046298980712891e+01
1.316772270202636719e+01
1.303232765197753906e+01
1.315100669860839844e+01
1.319525909423828125e+01
1.317697429656982422e+01
1.323910236358642578e+01
1.316727924346923828e+01
1.314749622344970703e+01
1.299725532531738281e+01
1.285048484802246094e+01
1.282755470275878906e+01
1.285246276855468750e+01
1.298876476287841797e+01
1.302469253540039062e+01
1.309737777709960938e+01
1.308003425598144531e+01
1.301794242858886719e+01
1.300327682495117188e+01
1.309020233154296875e+01
1.320183372497558594e+01
1.329262924194335938e+01
1.308808517456054688e+01
1.301049995422363281e+01
1.292446994781494141e+01
1.295758628845214844e+01
1.297982025146484375e+01
1.297439384460449219e+01
1.290966606140136719e+01
1.299501800537109375e+01
1.302531242370605469e+01
1.300941276550292969e+01
1.299288558959960938e+01
1.312544059753417969e+01
1.310274600982666016e+01
1.314011955261230469e+01
1.315122032165527344e+01
1.308942604064941406e+01
1.310648536682128906e+01
1.296473503112792969e+01
1.302375602722167969e+01
1.300911808013916016e+01
1.309548187255859375e+01
1.314488410949707031e+01
1.305046367645263672e+01
1.307777690887451172e+01
1.307145690917968750e+01
1.307129383087158203e+01
1.297831630706787109e+01
1.294548320770263672e+01
1.299027442932128906e+01
1.301688766479492188e+01
1.304068470001220703e+01
1.314648056030273438e+01
1.297862815856933594e+01
1.310518836975097656e+01
1.319608306884765625e+01
1.324173927307128906e+01
1.326405048370361328e+01
1.316646003723144531e+01
1.323773002624511719e+01
1.316313743591308594e+01
1.313488578796386719e+01
1.299031829833984375e+01
1.294924640655517578e+01
1.293480682373046875e+01
1.299307441711425781e+01
1.309457397460937500e+01
1.308677864074707031e+01
1.292781448364257812e+01
1.298373413085937500e+01
1.304708671569824219e+01
1.303200721740722656e+01
1.323689842224121094e+01
1.331927204132080078e+01
1.317602157592773438e+01
1.316284179687500000e+01
1.315495204925537109e+01
1.318698406219482422e+01
1.318670082092285156e+01
1.310160255432128906e+01
1.320053386688232422e+01
1.310599899291992188e+01
1.301471900939941406e+01
1.295125198364257812e+01
1.311800575256347656e+01
1.322284507751464844e+01
1.334176540374755859e+01
1.316669559478759766e+01
1.307212162017822266e+01
1.306061553955078125e+01
1.307337379455566406e+01
1.300603866577148438e+01
1.314289569854736328e+01
1.325938701629638672e+01
1.321675872802734375e+01
1.314898872375488281e+01
1.320036411285400391e+01
1.320909118652343750e+01
1.308079814910888672e+01
1.292401409149169922e+01
1.302060031890869141e+01
1.300926589965820312e+01
1.286056518554687500e+01
1.289305114746093750e+01
1.296655654907226562e+01
1.301596260070800781e+01
1.315917491912841797e+01
1.321117877960205078e+01
1.297750854492187500e+01
1.293883895874023438e+01
1.287799263000488281e+01
1.280284881591796875e+01
1.293191146850585938e+01
1.303358650207519531e+01
1.297972869873046875e+01
1.299186706542968750e+01
1.310671138763427734e+01
1.311291408538818359e+01
1.308514213562011719e+01
1.298901462554931641e+01
1.301408290863037109e+01
1.301134872436523438e+01
1.290071105957031250e+01
1.301538658142089844e+01
1.289513111114501953e+01
1.296500873565673828e+01
1.308849143981933594e+01
1.309337234497070312e+01
1.304997062683105469e+01
1.297888660430908203e+01
1.308551216125488281e+01
1.310563373565673828e+01
1.308210563659667969e+01
1.309196090698242188e+01
1.303622245788574219e+01
1.302388763427734375e+01
1.303974342346191406e+01
1.317451763153076172e+01
1.316518974304199219e+01
1.319734573364257812e+01
1.311330509185791016e+01
1.297086048126220703e+01
1.309752273559570312e+01
1.308777046203613281e+01
1.296252727508544922e+01
1.297120857238769531e+01
1.296671295166015625e+01
1.290987873077392578e+01
1.321461868286132812e+01
1.307264328002929688e+01
1.313365268707275391e+01
1.316257286071777344e+01
1.301437950134277344e+01
1.299239921569824219e+01
1.314463233947753906e+01
1.313914680480957031e+01
1.300218391418457031e+01
1.305058956146240234e+01
1.297983360290527344e+01
1.314370155334472656e+01
1.313509750366210938e+01
1.314801597595214844e+01
1.319892311096191406e+01
1.310914134979248047e+01
1.318555831909179688e+01
1.305161285400390625e+01
1.294849395751953125e+01
1.301643943786621094e+01
1.293384742736816406e+01
1.303075885772705078e+01
1.301707744598388672e+01
1.320702552795410156e+01
1.310305976867675781e+01
1.321657752990722656e+01
1.303359699249267578e+01
1.297458171844482422e+01
1.297810363769531250e+01
1.302432632446289062e+01
1.300041198730468750e+01
1.329225158691406250e+01
1.309811019897460938e+01
1.308833789825439453e+01
1.318992900848388672e+01
1.324135017395019531e+01
1.315439987182617188e+01
1.313914871215820312e+01
1.305333137512207031e+01
1.305431938171386719e+01
1.299421596527099609e+01
1.313662719726562500e+01
1.306398963928222656e+01
1.302289009094238281e+01
1.296757507324218750e+01
1.294359588623046875e+01
1.305377578735351562e+01
1.302255249023437500e+01
1.308876991271972656e+01
1.313348770141601562e+01
1.313004779815673828e+01
1.322967720031738281e+01
1.306656265258789062e+01
1.296351051330566406e+01
1.316165447235107422e+01
1.325262355804443359e+01
1.325333213806152344e+01
1.321302986145019531e+01
1.307395172119140625e+01
1.318819332122802734e+01
1.312926769256591797e+01
1.316376113891601562e+01
1.307401657104492188e+01
1.306146335601806641e+01
1.302002239227294922e+01
1.311232280731201172e+01
1.303188133239746094e+01
1.313447189331054688e+01
1.314433097839355469e+01
1.313850021362304688e+01
1.309628295898437500e+01
1.314922809600830078e+01
1.314711666107177734e+01
1.310502910614013672e+01
1.306928634643554688e+01
1.308801078796386719e+01
1.309976768493652344e+01
1.307157707214355469e+01
1.305547714233398438e+01
1.306916236877441406e+01
1.310387611389160156e+01
1.305637645721435547e+01
1.284017753601074219e+01
1.289536476135253906e+01
1.300045108795166016e+01
1.299142646789550781e+01
1.303668880462646484e+01
1.289901542663574219e+01
1.309196662902832031e+01
1.315218544006347656e+01
1.313434314727783203e+01
1.307839965820312500e+01
1.310683155059814453e+01
1.317003345489501953e+01
1.313773632049560547e+01
1.299826335906982422e+01
1.292509841918945312e+01
1.295761775970458984e+01
1.300740623474121094e+01
1.300091838836669922e+01
1.303347778320312500e+01
1.300020122528076172e+01
1.307901763916015625e+01
1.313714981079101562e+01
1.303388595581054688e+01
1.285514068603515625e+01
1.303476524353027344e+01
1.298243427276611328e+01
1.303574562072753906e+01
1.306804466247558594e+01
1.303981208801269531e+01
1.315644073486328125e+01
1.311634445190429688e+01
1.304542636871337891e+01
1.310023784637451172e+01
1.306343555450439453e+01
1.307086372375488281e+01
1.303485488891601562e+01
1.306180381774902344e+01
1.302736473083496094e+01
1.294443607330322266e+01
1.296652412414550781e+01
1.315338802337646484e+01
1.309779262542724609e+01
1.313768196105957031e+01
1.300374794006347656e+01
1.316380596160888672e+01
1.303255844116210938e+01
1.296417331695556641e+01
1.311933994293212891e+01
1.300033092498779297e+01
1.297111415863037109e+01
1.292334842681884766e+01
1.293918609619140625e+01
1.302770233154296875e+01
1.297150421142578125e+01
1.299082469940185547e+01
1.302255439758300781e+01
1.302133464813232422e+01
1.307760810852050781e+01
1.308914375305175781e+01
1.297141456604003906e+01
1.305345726013183594e+01
1.314977455139160156e+01
1.312048721313476562e+01
1.315946769714355469e+01
1.307843208312988281e+01
1.302448463439941406e+01
1.309775733947753906e+01
1.309012985229492188e+01
1.296037101745605469e+01
1.299258613586425781e+01
1.301014518737792969e+01
1.304834461212158203e+01
1.303554344177246094e+01
1.309858512878417969e+01
1.304168701171875000e+01
1.308861541748046875e+01
1.296184730529785156e+01
1.294521522521972656e+01
1.297880554199218750e+01
1.292321586608886719e+01
1.291618251800537109e+01
1.305040740966796875e+01
1.297172451019287109e+01
1.301182174682617188e+01
1.299158477783203125e+01
1.294605445861816406e+01
1.290323448181152344e+01
1.293391323089599609e+01
1.301242351531982422e+01
1.303880500793457031e+01
1.310785579681396484e+01
1.327192974090576172e+01
1.315492439270019531e+01
1.319184303283691406e+01
1.301663780212402344e+01
1.288789176940917969e+01
1.296319007873535156e+01
1.285556983947753906e+01
1.295438575744628906e+01
1.305427455902099609e+01
1.302164363861083984e+01
1.296037006378173828e+01
1.307783031463623047e+01
1.292532157897949219e+01
1.282482719421386719e+01
1.293135356903076172e+01
1.299073505401611328e+01
1.300079536437988281e+01
1.305323219299316406e+01
1.306098651885986328e+01
1.293339252471923828e+01
1.297310352325439453e+01
1.301970481872558594e+01
1.288193511962890625e+01
1.290332317352294922e+01
1.300177574157714844e+01
1.295322704315185547e+01
1.295328712463378906e+01
1.297852325439453125e+01
1.310442733764648438e+01
1.308576774597167969e+01
1.291456604003906250e+01
1.313325691223144531e+01
1.307363224029541016e+01
1.308409309387207031e+01
1.307348060607910156e+01
1.307377243041992188e+01
1.307614803314208984e+01
1.302325630187988281e+01
1.289875793457031250e+01
1.306893920898437500e+01
1.295969295501708984e+01
1.296390438079833984e+01
1.286591529846191406e+01
1.304427146911621094e+01
1.290711212158203125e+01
1.309903335571289062e+01
1.302824497222900391e+01
1.309062290191650391e+01
1.316091728210449219e+01
1.308172798156738281e+01
1.319018363952636719e+01
1.329039764404296875e+01
1.325201225280761719e+01
1.317800521850585938e+01
1.298194694519042969e+01
1.287911224365234375e+01
