6.839247226715087891e+00
7.090961456298828125e+00
7.408543586730957031e+00
7.728851318359375000e+00
8.086532592773437500e+00
8.416942596435546875e+00
8.787076950073242188e+00
9.039236068725585938e+00
9.360053062438964844e+00
9.638985633850097656e+00
9.946849822998046875e+00
1.017374992370605469e+01
1.048463344573974609e+01
1.079001998901367188e+01
1.107568645477294922e+01
1.132230949401855469e+01
1.159828662872314453e+01
1.181897544860839844e+01
1.206912612915039062e+01
1.226875114440917969e+01
1.248095703125000000e+01
1.266534042358398438e+01
1.282262992858886719e+01
1.300585365295410156e+01
1.320186614990234375e+01
1.332486343383789062e+01
1.343908691406250000e+01
1.354903602600097656e+01
1.363313579559326172e+01
1.371962356567382812e+01
1.378359508514404297e+01
1.384280014038085938e+01
1.388994884490966797e+01
1.391338825225830078e+01
1.394622611999511719e+01
1.394870567321777344e+01
1.393575572967529297e+01
1.397081947326660156e+01
1.394116592407226562e+01
1.389758110046386719e+01
1.389563083648681641e+01
1.384775543212890625e+01
1.382637023925781250e+01
1.383553504943847656e+01
1.381877326965332031e+01
1.377644824981689453e+01
1.368860244750976562e+01
1.357333946228027344e+01
1.355380058288574219e+01
1.352511310577392578e+01
1.347279644012451172e+01
1.339409255981445312e+01
1.337816333770751953e+01
1.334600830078125000e+01
1.329933166503906250e+01
1.322881126403808594e+01
1.315262794494628906e+01
1.307072830200195312e+01
1.300015830993652344e+01
1.294965553283691406e+01
1.294883441925048828e+01
1.290849685668945312e+01
1.286585903167724609e+01
1.276963615417480469e+01
1.276470851898193359e+01
1.271645927429199219e+01
1.266527175903320312e+01
1.268430328369140625e+01
1.259882736206054688e+01
1.259809112548828125e+01
1.255081081390380859e+01
1.256717300415039062e+01
1.248112869262695312e+01
1.248097991943359375e+01
1.247602462768554688e+01
1.241413879394531250e+01
1.239404201507568359e+01
1.237472343444824219e+01
1.234252166748046875e+01
1.229900741577148438e+01
1.232860946655273438e+01
1.233689498901367188e+01
1.231336784362792969e+01
1.232593536376953125e+01
1.228591728210449219e+01
1.223687553405761719e+01
1.224811553955078125e+01
1.231728744506835938e+01
1.223819923400878906e+01
1.219249534606933594e+01
1.221400260925292969e+01
1.221243476867675781e+01
1.222090721130371094e+01
1.220108032226562500e+01
1.214589786529541016e+01
1.219099235534667969e+01
1.219904899597167969e+01
1.218609523773193359e+01
1.212239074707031250e+01
1.220180606842041016e+01
1.216735935211181641e+01
1.224324417114257812e+01
1.223997402191162109e+01
1.222336864471435547e+01
1.220764446258544922e+01
1.225031852722167969e+01
1.222362041473388672e+01
1.221423816680908203e+01
1.223329925537109375e+01
1.227320766448974609e+01
1.234050178527832031e+01
1.221666145324707031e+01
1.223094177246093750e+01
1.223857879638671875e+01
1.223815345764160156e+01
1.227647495269775391e+01
1.222565078735351562e+01
1.231222152709960938e+01
1.232058143615722656e+01
1.231887626647949219e+01
1.228110027313232422e+01
1.230271434783935547e+01
1.226041221618652344e+01
1.232088279724121094e+01
1.233305740356445312e+01
1.226726913452148438e+01
1.224806690216064453e+01
1.223740768432617188e+01
1.225396728515625000e+01
1.227704811096191406e+01
1.227103614807128906e+01
1.225869846343994141e+01
1.227937889099121094e+01
1.229884529113769531e+01
1.233309650421142578e+01
1.234204292297363281e+01
1.233604049682617188e+01
1.230952072143554688e+01
1.237807464599609375e+01
1.237144660949707031e+01
1.236282348632812500e+01
1.245837402343750000e+01
1.247922897338867188e+01
1.245523643493652344e+01
1.251612854003906250e+01
1.251089286804199219e+01
1.250772476196289062e+01
1.253797149658203125e+01
1.257157135009765625e+01
1.261352539062500000e+01
1.259616661071777344e+01
1.265255165100097656e+01
1.266500377655029297e+01
1.262647628784179688e+01
1.267020797729492188e+01
1.263518905639648438e+01
1.255424976348876953e+01
1.262593746185302734e+01
1.261114120483398438e+01
1.254583740234375000e+01
1.258185100555419922e+01
1.264317798614501953e+01
1.268925285339355469e+01
1.268187904357910156e+01
1.281264877319335938e+01
1.280304336547851562e+01
1.280858135223388672e+01
1.288168144226074219e+01
1.287361145019531250e+01
1.288670730590820312e+01
1.290810489654541016e+01
1.291295814514160156e+01
1.289163398742675781e+01
1.282853221893310547e+01
1.291920852661132812e+01
1.291136360168457031e+01
1.289927768707275391e+01
1.291094589233398438e+01
1.295854759216308594e+01
1.297657585144042969e+01
1.295051956176757812e+01
1.293966579437255859e+01
1.293098258972167969e+01
1.292646217346191406e+01
1.301217269897460938e+01
1.300521850585937500e+01
1.301717758178710938e+01
1.302540302276611328e+01
1.306416893005371094e+01
1.303940010070800781e+01
1.311009788513183594e+01
1.307987976074218750e+01
1.307511711120605469e+01
1.306292915344238281e+01
1.313994026184082031e+01
1.323345661163330078e+01
1.319050693511962891e+01
1.323258590698242188e+01
1.325608062744140625e+01
1.320398998260498047e+01
1.322163581848144531e+01
1.331100845336914062e+01
1.334677600860595703e+01
1.333521652221679688e+01
1.339990043640136719e+01
1.338071346282958984e+01
1.342291927337646484e+01
1.344928932189941406e+01
1.338465690612792969e+01
1.345797157287597656e+01
1.341302490234375000e+01
1.337965202331542969e+01
1.340428447723388672e+01
1.338343048095703125e+01
1.339623641967773438e+01
1.345794200897216797e+01
1.346288871765136719e+01
1.346227073669433594e+01
1.349060821533203125e+01
1.360692405700683594e+01
1.356600761413574219e+01
1.343968200683593750e+01
1.348671913146972656e+01
1.350065231323242188e+01
1.364693832397460938e+01
1.357615947723388672e+01
1.364420890808105469e+01
1.360394668579101562e+01
1.367193317413330078e+01
1.369679355621337891e+01
1.368140029907226562e+01
1.372327041625976562e+01
1.381538867950439453e+01
1.376895332336425781e+01
1.383835792541503906e+01
1.387064266204833984e+01
1.373024463653564453e+01
1.378307151794433594e+01
1.375970172882080078e+01
1.383527374267578125e+01
1.386942768096923828e+01
1.380587196350097656e+01
1.386546993255615234e+01
1.390023422241210938e+01
1.391721534729003906e+01
1.397265625000000000e+01
1.394167137145996094e+01
1.399294090270996094e+01
1.396828269958496094e+01
1.403171443939208984e+01
1.395377159118652344e+01
1.396540451049804688e+01
1.394996643066406250e+01
1.404313755035400391e+01
1.394287300109863281e+01
1.404776763916015625e+01
1.404390525817871094e+01
1.413524532318115234e+01
1.412534427642822266e+01
1.400741577148437500e+01
1.410797309875488281e+01
1.407779407501220703e+01
1.410669517517089844e+01
1.407633113861083984e+01
1.402417755126953125e+01
1.403520679473876953e+01
1.403946685791015625e+01
1.408840751647949219e+01
1.406254196166992188e+01
1.410118484497070312e+01
1.407710075378417969e+01
1.410739707946777344e+01
1.419518566131591797e+01
1.426318836212158203e+01
1.426288223266601562e+01
1.433109092712402344e+01
1.436720848083496094e+01
1.434497451782226562e+01
1.426037120819091797e+01
1.428354644775390625e+01
1.431934165954589844e+01
1.429396820068359375e+01
1.430237197875976562e+01
1.425250339508056641e+01
1.434191131591796875e+01
1.428719425201416016e+01
1.420395851135253906e+01
1.423390007019042969e+01
1.430538558959960938e+01
1.419157409667968750e+01
1.423463439941406250e+01
1.419283866882324219e+01
1.421056747436523438e+01
1.418032836914062500e+01
1.423213100433349609e+01
1.429451179504394531e+01
1.437536430358886719e+01
1.440828418731689453e+01
1.439354419708251953e+01
1.441410636901855469e+01
1.436327457427978516e+01
1.437155151367187500e+01
1.433091640472412109e+01
1.436668586730957031e+01
1.436009216308593750e+01
1.447024154663085938e+01
1.434002304077148438e+01
1.447581577301025391e+01
1.446312046051025391e+01
1.439681911468505859e+01
1.446127700805664062e+01
1.449600791931152344e+01
1.458777046203613281e+01
1.452465057373046875e+01
1.448974990844726562e+01
1.449603652954101562e+01
1.454078769683837891e+01
1.456417465209960938e+01
1.453061676025390625e+01
1.454285621643066406e+01
1.460118389129638672e+01
1.456107330322265625e+01
1.455777931213378906e+01
1.464866828918457031e+01
1.465674877166748047e+01
1.462960815429687500e+01
1.467426872253417969e+01
1.468108749389648438e+01
1.460938072204589844e+01
1.468054199218750000e+01
1.465111541748046875e+01
1.465121173858642578e+01
1.466728019714355469e+01
1.455765151977539062e+01
1.453478908538818359e+01
1.449501037597656250e+01
1.458037948608398438e+01
1.461477279663085938e+01
1.470245742797851562e+01
1.470816802978515625e+01
1.468891525268554688e+01
1.463213920593261719e+01
1.472816085815429688e+01
1.464163684844970703e+01
1.467261314392089844e+01
1.466499328613281250e+01
1.469118309020996094e+01
1.463254070281982422e+01
1.467678260803222656e+01
1.468992900848388672e+01
1.467277050018310547e+01
1.466626548767089844e+01
1.475747108459472656e+01
1.477630615234375000e+01
1.477315330505371094e+01
1.471666526794433594e+01
1.484841632843017578e+01
1.479113101959228516e+01
1.467141914367675781e+01
1.474492263793945312e+01
1.486014556884765625e+01
1.484711265563964844e+01
1.481128978729248047e+01
1.488873672485351562e+01
1.480429458618164062e+01
1.478114318847656250e+01
1.488361358642578125e+01
1.482233810424804688e+01
1.483154678344726562e+01
1.490054321289062500e+01
1.484741115570068359e+01
1.484655475616455078e+01
1.482582283020019531e+01
1.479050445556640625e+01
1.472510528564453125e+01
1.483679294586181641e+01
1.493077468872070312e+01
1.486489963531494141e+01
1.496764278411865234e+01
1.503508949279785156e+01
1.496958732604980469e+01
1.498738670349121094e+01
1.497248077392578125e+01
1.502250671386718750e+01
1.501177406311035156e+01
1.493587303161621094e+01
1.486969089508056641e+01
1.489715003967285156e+01
1.489395332336425781e+01
1.496570014953613281e+01
1.498857212066650391e+01
1.506002140045166016e+01
1.504432487487792969e+01
1.501035976409912109e+01
1.503423023223876953e+01
1.506834983825683594e+01
1.513559150695800781e+01
1.511845016479492188e+01
1.511414718627929688e+01
1.512968349456787109e+01
1.514704227447509766e+01
1.511154651641845703e+01
1.507423782348632812e+01
1.510968589782714844e+01
1.516945552825927734e+01
1.522974586486816406e+01
1.523023414611816406e+01
1.518607330322265625e+01
1.520825767517089844e+01
1.512631034851074219e+01
1.522264194488525391e+01
1.516612529754638672e+01
1.522399330139160156e+01
1.524279308319091797e+01
1.520368385314941406e+01
1.517638778686523438e+01
1.509754943847656250e+01
1.505314064025878906e+01
1.519272041320800781e+01
1.524723243713378906e+01
1.519309234619140625e+01
1.533787918090820312e+01
1.524917411804199219e+01
1.531562423706054688e+01
1.528456878662109375e+01
1.529924106597900391e+01
1.522556114196777344e+01
1.520238399505615234e+01
1.523413085937500000e+01
1.520268058776855469e+01
1.521174907684326172e+01
1.524895858764648438e+01
1.523222160339355469e+01
1.527862644195556641e+01
1.530456542968750000e+01
1.528901481628417969e+01
1.525021171569824219e+01
1.537075901031494141e+01
1.527002525329589844e+01
1.531945991516113281e+01
1.530583190917968750e+01
1.532062911987304688e+01
1.529560279846191406e+01
1.535253143310546875e+01
1.529735469818115234e+01
1.521612930297851562e+01
1.528472709655761719e+01
1.536974811553955078e+01
1.532983875274658203e+01
1.542619514465332031e+01
1.534777927398681641e+01
1.541345787048339844e+01
1.545666408538818359e+01
1.553960609436035156e+01
1.536976051330566406e+01
1.537965488433837891e+01
1.552794075012207031e+01
1.546231269836425781e+01
1.549967956542968750e+01
1.555318355560302734e+01
1.544190597534179688e+01
1.543947219848632812e+01
1.545088481903076172e+01
1.551533794403076172e+01
1.551307868957519531e+01
1.538212013244628906e+01
1.540758991241455078e+01
1.540110969543457031e+01
1.539772415161132812e+01
1.541293525695800781e+01
1.548242282867431641e+01
1.550044727325439453e+01
1.547668170928955078e+01
1.552873420715332031e+01
1.545213603973388672e+01
1.537074279785156250e+01
1.533847999572753906e+01
1.539780139923095703e+01
1.541052722930908203e+01
1.547482490539550781e+01
1.554595088958740234e+01
1.558931732177734375e+01
1.558695697784423828e+01
1.564504051208496094e+01
1.566694164276123047e+01
1.564763355255126953e+01
1.563463497161865234e+01
1.568887901306152344e+01
1.565089416503906250e+01
1.561256217956542969e+01
1.545838642120361328e+01
1.557080841064453125e+01
1.558365440368652344e+01
1.573261165618896484e+01
1.573917961120605469e+01
1.570514488220214844e+01
1.571755409240722656e+01
1.583968734741210938e+01
1.588419342041015625e+01
1.587680625915527344e+01
1.584382247924804688e+01
1.582513427734375000e+01
1.572750759124755859e+01
1.568389892578125000e+01
1.575570297241210938e+01
1.574940586090087891e+01
1.567538833618164062e+01
1.568911647796630859e+01
1.577940559387207031e+01
1.576747322082519531e+01
1.565437698364257812e+01
1.563912296295166016e+01
1.566438484191894531e+01
1.575075912475585938e+01
1.569365978240966797e+01
1.577852821350097656e+01
1.568906402587890625e+01
1.571506881713867188e+01
1.580692100524902344e+01
1.582544898986816406e+01
1.588610267639160156e+01
1.584536361694335938e+01
1.579217433929443359e+01
1.584636497497558594e+01
1.578571701049804688e+01
1.573636245727539062e+01
1.584278774261474609e+01
1.586133384704589844e+01
1.582582664489746094e+01
1.581310367584228516e+01
1.586427116394042969e+01
1.591132926940917969e+01
1.585771751403808594e+01
1.582720375061035156e+01
1.585611534118652344e+01
1.581072235107421875e+01
1.581371688842773438e+01
1.582363033294677734e+01
1.585678005218505859e+01
1.580955123901367188e+01
1.579311275482177734e+01
1.581273078918457031e+01
1.586207866668701172e+01
1.586720848083496094e+01
1.573816776275634766e+01
1.569532394409179688e+01
1.571684074401855469e+01
1.555031013488769531e+01
1.564657306671142578e+01
1.574347877502441406e+01
1.565628719329833984e+01
1.572086429595947266e+01
1.574042320251464844e+01
1.577493572235107422e+01
1.575307655334472656e+01
1.578250598907470703e+01
1.565340709686279297e+01
1.570007801055908203e+01
1.573059082031250000e+01
1.567560863494873047e+01
1.580574893951416016e+01
1.590152645111083984e+01
1.577468872070312500e+01
1.578602981567382812e+01
1.584259605407714844e+01
1.588021183013916016e+01
1.579173660278320312e+01
1.567236900329589844e+01
1.580255985260009766e+01
1.575428962707519531e+01
1.576834487915039062e+01
1.579041576385498047e+01
1.581383800506591797e+01
1.585477066040039062e+01
1.578657150268554688e+01
1.570640945434570312e+01
1.574884128570556641e+01
1.577911567687988281e+01
1.575014686584472656e+01
1.574032878875732422e+01
1.581627464294433594e+01
1.583825874328613281e+01
1.582451725006103516e+01
1.587107658386230469e+01
1.593167495727539062e+01
1.601977920532226562e+01
1.595097255706787109e+01
1.593221664428710938e+01
1.583815097808837891e+01
1.588393402099609375e+01
1.595493412017822266e+01
1.601445198059082031e+01
1.599314308166503906e+01
1.613485336303710938e+01
1.598880767822265625e+01
1.599858188629150391e+01
1.590540313720703125e+01
1.599910545349121094e+01
1.589779567718505859e+01
1.586519241333007812e+01
1.588010406494140625e+01
1.585274696350097656e+01
1.587710666656494141e+01
1.574933242797851562e+01
1.573623275756835938e+01
1.574173545837402344e+01
1.582674980163574219e+01
1.585117530822753906e+01
1.591760635375976562e+01
1.597374343872070312e+01
1.594494247436523438e+01
1.599260425567626953e+01
1.605147171020507812e+01
1.597369289398193359e+01
1.601249694824218750e+01
1.596240997314453125e+01
1.594032764434814453e+01
1.590319442749023438e+01
1.587428379058837891e+01
1.595171356201171875e+01
1.588134384155273438e+01
1.597984409332275391e+01
1.590805244445800781e+01
1.590109252929687500e+01
1.589533329010009766e+01
1.608173370361328125e+01
1.596853828430175781e+01
1.602476882934570312e+01
1.596408939361572266e+01
1.595721626281738281e+01
1.600043487548828125e+01
1.595657920837402344e+01
1.607228469848632812e+01
1.609312820434570312e+01
1.601977157592773438e+01
1.607975769042968750e+01
1.610536956787109375e+01
1.613397216796875000e+01
1.613044357299804688e+01
1.612554168701171875e+01
1.611550521850585938e+01
1.617808341979980469e+01
1.618408584594726562e+01
1.618132019042968750e+01
1.624432754516601562e+01
1.612510681152343750e+01
1.618669128417968750e+01
1.612153053283691406e+01
1.599312114715576172e+01
1.615403366088867188e+01
1.611178207397460938e+01
1.607218933105468750e+01
1.618070220947265625e+01
1.616504287719726562e+01
1.606494712829589844e+01
1.603997039794921875e+01
1.601643753051757812e+01
1.614183235168457031e+01
1.593771362304687500e+01
1.594314765930175781e+01
1.602522659301757812e+01
1.599630451202392578e+01
1.599050140380859375e+01
1.601136779785156250e+01
1.597702407836914062e+01
1.605895614624023438e+01
1.602786636352539062e+01
1.604870223999023438e+01
1.593722534179687500e+01
1.590490341186523438e+01
1.596742057800292969e+01
1.599989700317382812e+01
1.601731872558593750e+01
1.617658042907714844e+01
1.613856887817382812e+01
1.605319976806640625e+01
1.599503517150878906e+01
1.612004089355468750e+01
1.613897323608398438e+01
1.612111854553222656e+01
1.618951797485351562e+01
1.607165527343750000e+01
1.618091201782226562e+01
1.618336868286132812e+01
1.624943923950195312e+01
1.630355453491210938e+01
1.630019569396972656e+01
1.625013351440429688e+01
1.625356292724609375e+01
1.624743652343750000e+01
1.627737426757812500e+01
1.628124427795410156e+01
1.622264862060546875e+01
1.630055999755859375e+01
1.636970901489257812e+01
1.634848403930664062e+01
1.623971176147460938e+01
1.624353981018066406e+01
1.623746109008789062e+01
1.621601676940917969e+01
1.622590255737304688e+01
1.619486427307128906e+01
1.620942878723144531e+01
1.641956138610839844e+01
1.634040069580078125e+01
1.630218505859375000e+01
1.631206321716308594e+01
1.632945251464843750e+01
1.627759933471679688e+01
1.649546432495117188e+01
1.643055915832519531e+01
1.639988327026367188e+01
1.642191886901855469e+01
1.641857147216796875e+01
1.641924667358398438e+01
1.633000946044921875e+01
1.631679534912109375e+01
1.627991867065429688e+01
1.634585952758789062e+01
1.624822807312011719e+01
1.629192352294921875e+01
1.631136131286621094e+01
1.627782440185546875e+01
1.625655174255371094e+01
1.627107048034667969e+01
1.628538513183593750e+01
1.632028579711914062e+01
1.627884292602539062e+01
1.623075485229492188e+01
1.637633323669433594e+01
1.636662864685058594e+01
1.644673347473144531e+01
1.641608810424804688e+01
1.634636878967285156e+01
1.632640266418457031e+01
1.629489517211914062e+01
1.632434082031250000e+01
1.636201477050781250e+01
1.652077293395996094e+01
1.646204185485839844e+01
1.644512557983398438e+01
1.642313385009765625e+01
1.626524734497070312e+01
1.632647132873535156e+01
1.634543991088867188e+01
1.649670028686523438e+01
1.646546173095703125e+01
1.649168014526367188e+01
1.648827934265136719e+01
1.637705421447753906e+01
1.643728637695312500e+01
1.641305541992187500e+01
1.637259292602539062e+01
1.627742385864257812e+01
1.622781562805175781e+01
1.621804809570312500e+01
1.623705291748046875e+01
1.618649864196777344e+01
1.632910728454589844e+01
1.639612579345703125e+01
1.628436279296875000e+01
1.634533691406250000e+01
1.635604858398437500e+01
1.647405242919921875e+01
1.648119163513183594e+01
1.648667335510253906e+01
1.656451988220214844e+01
1.661725044250488281e+01
1.653289794921875000e+01
1.650429153442382812e+01
1.660271453857421875e+01
1.668496513366699219e+01
1.658957481384277344e+01
1.655275344848632812e+01
1.660210037231445312e+01
1.662960433959960938e+01
1.658929634094238281e+01
1.665259361267089844e+01
1.657651329040527344e+01
1.665422821044921875e+01
1.645688819885253906e+01
1.657159614562988281e+01
1.648900222778320312e+01
1.660496139526367188e+01
1.654015731811523438e+01
1.658879280090332031e+01
1.663682174682617188e+01
1.656862640380859375e+01
1.654312324523925781e+01
1.657215881347656250e+01
1.659537696838378906e+01
1.657133102416992188e+01
1.660973739624023438e+01
1.664377403259277344e+01
1.659149932861328125e+01
1.666843032836914062e+01
1.673844909667968750e+01
1.665451049804687500e+01
1.672663879394531250e+01
1.668590545654296875e+01
1.656401252746582031e+01
1.650609588623046875e+01
1.654941177368164062e+01
1.647400283813476562e+01
1.646609878540039062e+01
1.655288314819335938e+01
1.654993438720703125e+01
1.646688842773437500e+01
1.649054527282714844e+01
1.652424430847167969e+01
1.654793739318847656e+01
1.651143836975097656e+01
1.659015655517578125e+01
1.652758407592773438e+01
1.657658958435058594e+01
1.659675407409667969e+01
1.655873298645019531e+01
1.648442077636718750e+01
1.652163124084472656e+01
1.644377517700195312e+01
1.641291809082031250e+01
1.646116828918457031e+01
1.649911880493164062e+01
1.645518493652343750e+01
1.647514724731445312e+01
1.649209403991699219e+01
1.648423957824707031e+01
1.654104995727539062e+01
1.654552841186523438e+01
1.650893783569335938e+01
1.656224632263183594e+01
1.666367340087890625e+01
1.657205009460449219e+01
1.659805679321289062e+01
1.665854644775390625e+01
1.667847442626953125e+01
1.664016723632812500e+01
1.644858551025390625e+01
1.661948585510253906e+01
1.657970428466796875e+01
1.646848678588867188e+01
1.645785140991210938e+01
1.643757629394531250e+01
1.647945976257324219e+01
1.650016403198242188e+01
1.645976257324218750e+01
1.646770095825195312e+01
1.660090255737304688e+01
1.664072418212890625e+01
1.664525604248046875e+01
1.670241355895996094e+01
1.658275985717773438e+01
1.657201194763183594e+01
1.658773803710937500e+01
1.655655288696289062e+01
1.669059562683105469e+01
1.666694831848144531e+01
1.681027412414550781e+01
1.669403076171875000e+01
1.669878578186035156e+01
1.667786788940429688e+01
1.673720359802246094e+01
1.677754020690917969e+01
1.669528579711914062e+01
1.667535781860351562e+01
1.663723754882812500e+01
1.675249481201171875e+01
1.677166557312011719e+01
1.677397346496582031e+01
1.674341964721679688e+01
1.674910163879394531e+01
1.672246742248535156e+01
1.667579078674316406e+01
1.676849937438964844e+01
1.673051643371582031e+01
1.675562477111816406e+01
1.671226310729980469e+01
1.670528030395507812e+01
1.674198913574218750e+01
1.681347274780273438e+01
1.680590438842773438e+01
1.679055786132812500e+01
1.673354911804199219e+01
1.674330520629882812e+01
1.682017707824707031e+01
1.679563903808593750e+01
1.684101867675781250e+01
1.674172592163085938e+01
1.679204559326171875e+01
1.694757843017578125e+01
1.683216476440429688e+01
1.691490554809570312e+01
1.683877182006835938e+01
1.671679687500000000e+01
1.663178062438964844e+01
1.667330169677734375e+01
1.670491790771484375e+01
1.668021392822265625e+01
1.678951644897460938e+01
1.668681907653808594e+01
1.669913101196289062e+01
1.672033691406250000e+01
1.672831916809082031e+01
1.679058647155761719e+01
1.696247100830078125e+01
1.697401237487792969e+01
1.701470756530761719e+01
1.694082260131835938e+01
1.701783752441406250e+01
1.698042678833007812e+01
1.680018234252929688e+01
1.682908248901367188e+01
1.678808593750000000e+01
1.679245567321777344e+01
1.678832244873046875e+01
1.673037147521972656e+01
1.666708183288574219e+01
1.674541854858398438e+01
1.682047080993652344e+01
1.669487380981445312e+01
1.677101707458496094e+01
1.688852500915527344e+01
1.687282371520996094e+01
1.688311386108398438e+01
1.672029495239257812e+01
1.680172157287597656e+01
1.687529754638671875e+01
1.694590377807617188e+01
1.697879409790039062e+01
1.695174026489257812e+01
1.695578956604003906e+01
1.703558158874511719e+01
1.693903923034667969e+01
1.695427131652832031e+01
1.698004150390625000e+01
1.696940231323242188e+01
1.699982452392578125e+01
1.697349929809570312e+01
1.698447418212890625e+01
1.711771392822265625e+01
1.693342590332031250e+01
1.708570098876953125e+01
1.709179306030273438e+01
1.698379135131835938e+01
1.704928207397460938e+01
1.703233146667480469e+01
1.701511573791503906e+01
1.693665122985839844e+01
1.694377136230468750e+01
1.697911834716796875e+01
1.702369689941406250e+01
1.697224044799804688e+01
1.693722152709960938e+01
1.676215934753417969e+01
1.681164550781250000e+01
1.674637603759765625e+01
1.686565589904785156e+01
1.702125167846679688e+01
1.693466567993164062e+01
1.697535514831542969e+01
1.706758880615234375e+01
1.713214874267578125e+01
1.705253982543945312e+01
1.694801712036132812e+01
1.707112121582031250e+01
1.716017913818359375e+01
1.709521102905273438e+01
1.709452629089355469e+01
1.714233779907226562e+01
1.708109092712402344e+01
1.702656936645507812e+01
1.697790527343750000e+01
1.699630737304687500e+01
1.702375411987304688e+01
1.688320350646972656e+01
1.688882255554199219e+01
1.695768165588378906e+01
1.696284484863281250e+01
1.695446395874023438e+01
1.698220825195312500e+01
1.711439514160156250e+01
1.715386390686035156e+01
1.708820152282714844e+01
1.695090484619140625e+01
1.687910842895507812e+01
1.686822128295898438e+01
1.694609451293945312e+01
1.691843795776367188e+01
1.699459457397460938e+01
1.698442840576171875e+01
1.694941711425781250e+01
1.704865264892578125e+01
1.702930450439453125e+01
1.695579528808593750e+01
1.700178718566894531e+01
1.712644958496093750e+01
1.715397262573242188e+01
1.715555000305175781e+01
1.708082771301269531e+01
1.712063789367675781e+01
1.708357620239257812e+01
1.703572082519531250e+01
1.699375534057617188e+01
1.695052909851074219e+01
1.707273674011230469e+01
1.704715347290039062e+01
1.707529830932617188e+01
1.703979682922363281e+01
1.714436912536621094e+01
1.704267501831054688e+01
1.708354949951171875e+01
1.711079406738281250e+01
1.719507217407226562e+01
1.709343338012695312e+01
1.716420364379882812e+01
1.710667419433593750e+01
1.704913711547851562e+01
1.698064994812011719e+01
1.693620491027832031e+01
1.699167251586914062e+01
1.699295425415039062e+01
1.695225524902343750e+01
1.686095428466796875e+01
1.688020324707031250e+01
1.680705261230468750e+01
1.683229255676269531e+01
1.704282188415527344e+01
1.704763031005859375e+01
1.705710220336914062e+01
1.700171661376953125e+01
1.710845184326171875e+01
1.711153411865234375e+01
1.712844085693359375e+01
1.694879531860351562e+01
1.702362060546875000e+01
1.708747482299804688e+01
1.715570449829101562e+01
1.710833358764648438e+01
1.719599914550781250e+01
1.729439163208007812e+01
1.721101760864257812e+01
1.719439697265625000e+01
1.722370910644531250e+01
1.718970680236816406e+01
1.712567901611328125e+01
1.714414596557617188e+01
1.723874664306640625e+01
1.716323852539062500e+01
1.708450317382812500e+01
1.707922172546386719e+01
1.713126182556152344e+01
1.717931175231933594e+01
1.723141860961914062e+01
1.724118041992187500e+01
1.724939727783203125e+01
1.724015808105468750e+01
1.738878822326660156e+01
1.724140357971191406e+01
1.718472290039062500e+01
1.719202804565429688e+01
1.709731292724609375e+01
1.722257232666015625e+01
1.732599067687988281e+01
1.726295661926269531e+01
1.717462539672851562e+01
1.724074554443359375e+01
1.724521255493164062e+01
1.723047637939453125e+01
1.718090820312500000e+01
1.725501251220703125e+01
1.722938919067382812e+01
1.729839134216308594e+01
1.718255615234375000e+01
1.715487861633300781e+01
1.713515472412109375e+01
1.710538482666015625e+01
1.712144660949707031e+01
1.719142913818359375e+01
1.716466712951660156e+01
1.715453720092773438e+01
1.715373992919921875e+01
1.715914154052734375e+01
1.720233154296875000e+01
1.715998840332031250e+01
1.704589462280273438e+01
1.707833671569824219e+01
1.700724029541015625e+01
1.709048652648925781e+01
1.712929153442382812e+01
1.715495681762695312e+01
1.725347900390625000e+01
1.720251464843750000e+01
1.723561096191406250e+01
1.713191986083984375e+01
1.711602783203125000e+01
1.727186965942382812e+01
1.733980178833007812e+01
1.718350219726562500e+01
1.712462234497070312e+01
1.710702133178710938e+01
1.716421699523925781e+01
1.712396621704101562e+01
1.713008499145507812e+01
1.702042579650878906e+01
1.709168243408203125e+01
1.697590255737304688e+01
1.704142951965332031e+01
1.713338661193847656e+01
1.713429641723632812e+01
1.712580871582031250e+01
1.722054481506347656e+01
1.711561393737792969e+01
1.712521743774414062e+01
1.701863479614257812e+01
1.706676483154296875e+01
1.714933204650878906e+01
1.718424606323242188e+01
1.707961845397949219e+01
1.707915115356445312e+01
1.708754348754882812e+01
1.722401618957519531e+01
1.722680282592773438e+01
1.727649116516113281e+01
1.740875053405761719e+01
1.732580375671386719e+01
1.733704185485839844e+01
1.736461257934570312e+01
1.725113296508789062e+01
1.726989173889160156e+01
1.731638145446777344e+01
1.729253005981445312e+01
1.726856613159179688e+01
1.731080627441406250e+01
1.723701858520507812e+01
1.721493530273437500e+01
1.729927444458007812e+01
1.726882171630859375e+01
1.718679428100585938e+01
1.715718269348144531e+01
1.713055801391601562e+01
1.720190620422363281e+01
1.729225540161132812e+01
1.722756958007812500e+01
1.724950027465820312e+01
1.715124130249023438e+01
1.725048255920410156e+01
1.718945312500000000e+01
1.707047843933105469e+01
1.711222457885742188e+01
1.706169891357421875e+01
1.713097381591796875e+01
1.709196090698242188e+01
1.713382339477539062e+01
1.711664390563964844e+01
1.718243408203125000e+01
1.716018295288085938e+01
1.722874832153320312e+01
1.723270225524902344e+01
1.736001968383789062e+01
1.738376045227050781e+01
1.740067291259765625e+01
1.730351257324218750e+01
1.721587753295898438e+01
1.735052490234375000e+01
1.721530723571777344e+01
1.726140594482421875e+01
1.727177047729492188e+01
1.733677291870117188e+01
1.733631896972656250e+01
1.722488594055175781e+01
1.734960556030273438e+01
1.726298141479492188e+01
1.725101852416992188e+01
1.713197326660156250e+01
1.724847793579101562e+01
1.711169624328613281e+01
1.727123641967773438e+01
1.713079071044921875e+01
1.710966682434082031e+01
1.699677467346191406e+01
1.705587387084960938e+01
1.708112335205078125e+01
1.724046325683593750e+01
1.720793914794921875e+01
1.717142868041992188e+01
1.739385795593261719e+01
1.736581039428710938e+01
1.728912734985351562e+01
1.725929641723632812e+01
1.723865509033203125e+01
1.730886840820312500e+01
1.732160568237304688e+01
1.738024139404296875e+01
1.744172477722167969e+01
1.736313819885253906e+01
1.729245758056640625e+01
1.723991966247558594e+01
1.733359718322753906e+01
1.740318679809570312e+01
1.738472938537597656e+01
1.736171531677246094e+01
1.736117362976074219e+01
1.745771026611328125e+01
1.749154663085937500e+01
1.741682624816894531e+01
1.737186622619628906e+01
1.736904907226562500e+01
1.750872802734375000e+01
1.739331436157226562e+01
1.726604080200195312e+01
1.724685478210449219e+01
1.734896469116210938e+01
1.721239662170410156e+01
1.725946998596191406e+01
1.722700119018554688e+01
1.725739669799804688e+01
1.729893493652343750e+01
1.735030364990234375e+01
1.733928489685058594e+01
1.730715179443359375e+01
1.734130096435546875e+01
1.729489326477050781e+01
1.721157455444335938e+01
1.723705291748046875e+01
1.721252059936523438e+01
1.721573257446289062e+01
1.733864593505859375e+01
1.733024024963378906e+01
1.729532241821289062e+01
1.728537940979003906e+01
1.722659301757812500e+01
1.725038528442382812e+01
1.724365806579589844e+01
1.731966018676757812e+01
1.740330886840820312e+01
1.733455276489257812e+01
1.733067703247070312e+01
1.731979560852050781e+01
1.738075828552246094e+01
1.731105041503906250e+01
1.733836746215820312e+01
1.737781524658203125e+01
1.745027542114257812e+01
1.738645172119140625e+01
1.738098526000976562e+01
1.742355728149414062e+01
1.750385665893554688e+01
1.753207015991210938e+01
1.746531486511230469e+01
1.745938491821289062e+01
1.746000099182128906e+01
1.744190216064453125e+01
1.747625541687011719e+01
1.737385177612304688e+01
1.739781188964843750e+01
1.725486946105957031e+01
1.726753044128417969e+01
1.731282615661621094e+01
1.728295516967773438e+01
1.728141784667968750e+01
1.746276855468750000e+01
1.732291412353515625e+01
1.732984352111816406e+01
1.734308815002441406e+01
1.726580047607421875e+01
1.741659164428710938e+01
1.742005157470703125e+01
1.741389846801757812e+01
1.748047256469726562e+01
1.742819023132324219e+01
1.748212814331054688e+01
1.738082122802734375e+01
1.743639373779296875e+01
1.736549377441406250e+01
1.750006103515625000e+01
1.745981216430664062e+01
1.735633468627929688e+01
1.735576438903808594e+01
1.741669654846191406e+01
1.753705406188964844e+01
1.758732604980468750e+01
1.754618263244628906e+01
1.758448219299316406e+01
1.760371780395507812e+01
1.758018112182617188e+01
1.763418960571289062e+01
1.763748931884765625e+01
1.756022834777832031e+01
1.771752357482910156e+01
1.762888908386230469e+01
1.766941452026367188e+01
1.772820854187011719e+01
1.765380287170410156e+01
1.760068702697753906e+01
1.767378997802734375e+01
1.770763015747070312e+01
1.758903884887695312e+01
1.763909530639648438e+01
1.756868171691894531e+01
1.749091720581054688e+01
1.752618980407714844e+01
1.750861740112304688e+01
1.755999565124511719e+01
1.748276901245117188e+01
1.758062362670898438e+01
1.752689552307128906e+01
1.760929107666015625e+01
1.758055114746093750e+01
1.754560279846191406e+01
1.751332855224609375e+01
1.762066459655761719e+01
1.762808609008789062e+01
1.766500091552734375e+01
1.757230186462402344e+01
1.753684997558593750e+01
1.753733825683593750e+01
1.748399353027343750e+01
1.762844467163085938e+01
1.749507141113281250e+01
1.748913574218750000e+01
1.750700378417968750e+01
1.751447677612304688e+01
1.764577484130859375e+01
1.767099952697753906e+01
1.761510467529296875e+01
1.748064422607421875e+01
1.732897186279296875e+01
1.747321701049804688e+01
1.745983505249023438e+01
1.744864463806152344e+01
1.738692092895507812e+01
1.751958084106445312e+01
1.753413391113281250e+01
1.751646423339843750e+01
1.754892730712890625e+01
1.752590560913085938e+01
1.752176856994628906e+01
1.768500328063964844e+01
1.762762069702148438e+01
1.760996627807617188e+01
1.755635070800781250e+01
1.763750457763671875e+01
1.764385986328125000e+01
1.760233688354492188e+01
1.743767166137695312e+01
1.736425971984863281e+01
1.739678192138671875e+01
1.752428817749023438e+01
1.756910705566406250e+01
1.749834251403808594e+01
1.758372497558593750e+01
1.762339019775390625e+01
1.761130714416503906e+01
1.760486602783203125e+01
1.767128753662109375e+01
1.759010314941406250e+01
1.758399200439453125e+01
1.760210037231445312e+01
1.760598945617675781e+01
1.750379753112792969e+01
1.746885299682617188e+01
1.754366302490234375e+01
1.758570289611816406e+01
1.749137306213378906e+01
1.749389457702636719e+01
1.761938095092773438e+01
1.768968200683593750e+01
1.743724060058593750e+01
1.749227905273437500e+01
1.751650428771972656e+01
1.751298332214355469e+01
1.751165390014648438e+01
1.757754707336425781e+01
1.756397247314453125e+01
1.756151199340820312e+01
1.746768760681152344e+01
1.755286788940429688e+01
1.747041702270507812e+01
1.745893859863281250e+01
1.743340301513671875e+01
1.737261581420898438e+01
1.748904037475585938e+01
1.749553680419921875e+01
1.750959014892578125e+01
1.754302978515625000e+01
1.757727622985839844e+01
1.751679992675781250e+01
1.751145172119140625e+01
1.756174468994140625e+01
1.752552795410156250e+01
1.747230529785156250e+01
1.760046768188476562e+01
1.766203498840332031e+01
1.761353874206542969e+01
1.761839485168457031e+01
1.765681838989257812e+01
1.752811050415039062e+01
1.756318283081054688e+01
1.771014022827148438e+01
1.765680503845214844e+01
1.773966979980468750e+01
1.777480316162109375e+01
1.772085571289062500e+01
1.764166641235351562e+01
1.763782882690429688e+01
1.769334793090820312e+01
1.760321807861328125e+01
1.754752731323242188e+01
1.759960937500000000e+01
1.755680656433105469e+01
1.757229614257812500e+01
1.751220703125000000e+01
1.762355422973632812e+01
1.770417404174804688e+01
1.757471466064453125e+01
1.747436141967773438e+01
1.747275161743164062e+01
1.744709014892578125e+01
1.746257209777832031e+01
1.750989532470703125e+01
1.742258834838867188e+01
1.759125518798828125e+01
1.751488304138183594e+01
1.752845191955566406e+01
1.746131324768066406e+01
1.751439285278320312e+01
1.742710876464843750e+01
1.743642044067382812e+01
1.742004013061523438e+01
1.749543952941894531e+01
1.748983573913574219e+01
1.756096839904785156e+01
1.756191635131835938e+01
1.756479644775390625e+01
1.762834930419921875e+01
1.743405914306640625e+01
1.739332199096679688e+01
1.749343109130859375e+01
1.755374145507812500e+01
1.744517135620117188e+01
1.753904724121093750e+01
1.760385513305664062e+01
1.756147003173828125e+01
1.747203445434570312e+01
1.744052314758300781e+01
1.737514495849609375e+01
1.745281982421875000e+01
1.739337158203125000e+01
1.740167427062988281e+01
1.733070755004882812e+01
1.728959846496582031e+01
1.732980728149414062e+01
1.741908645629882812e+01
1.734592819213867188e+01
1.744528579711914062e+01
1.747592926025390625e+01
1.749261093139648438e+01
1.736738777160644531e+01
1.749879837036132812e+01
1.767501068115234375e+01
1.766932106018066406e+01
1.763880157470703125e+01
1.763311767578125000e+01
1.757473373413085938e+01
1.767521286010742188e+01
1.775035476684570312e+01
1.766679763793945312e+01
1.755858421325683594e+01
1.759988403320312500e+01
1.763713836669921875e+01
1.769944763183593750e+01
1.772212219238281250e+01
1.768836784362792969e+01
1.772833251953125000e+01
1.779094886779785156e+01
1.761684989929199219e+01
1.754512786865234375e+01
1.754352188110351562e+01
1.748843574523925781e+01
1.745010375976562500e+01
1.753928375244140625e+01
1.760120773315429688e+01
1.764282608032226562e+01
1.759969902038574219e+01
1.759280204772949219e+01
1.760030746459960938e+01
1.767014312744140625e+01
1.766858673095703125e+01
1.759268569946289062e+01
1.763048934936523438e+01
1.756636047363281250e+01
1.759914398193359375e+01
1.767294311523437500e+01
1.763547515869140625e+01
1.775251770019531250e+01
1.777056121826171875e+01
1.770721626281738281e+01
1.772962379455566406e+01
1.771805763244628906e+01
1.764891433715820312e+01
1.761254882812500000e+01
1.758167648315429688e+01
1.776655578613281250e+01
1.775157546997070312e+01
1.775574111938476562e+01
1.770827484130859375e+01
1.770133972167968750e+01
1.764450836181640625e+01
1.763679885864257812e+01
1.755312156677246094e+01
1.747909927368164062e+01
1.748389053344726562e+01
1.751744842529296875e+01
1.761020660400390625e+01
1.759159088134765625e+01
1.744979858398437500e+01
1.759953117370605469e+01
1.747153663635253906e+01
1.750000000000000000e+01
1.745353317260742188e+01
1.766947174072265625e+01
1.755642509460449219e+01
1.760485839843750000e+01
1.748346328735351562e+01
1.756984519958496094e+01
1.776662826538085938e+01
1.779380035400390625e+01
1.776851272583007812e+01
1.766845321655273438e+01
1.773405075073242188e+01
1.757559394836425781e+01
1.765401458740234375e+01
1.769625282287597656e+01
1.768932342529296875e+01
1.771112823486328125e+01
1.778478240966796875e+01
1.762024307250976562e+01
1.764519882202148438e+01
1.764933204650878906e+01
1.763970565795898438e+01
1.762620162963867188e+01
1.760952949523925781e+01
1.753604125976562500e+01
1.762725067138671875e+01
1.776651000976562500e+01
1.774007987976074219e+01
1.769596481323242188e+01
1.777524757385253906e+01
1.777794265747070312e+01
1.777806472778320312e+01
1.782866287231445312e+01
1.792554664611816406e+01
1.771512603759765625e+01
1.775274276733398438e+01
1.775286865234375000e+01
1.768979263305664062e+01
1.770174789428710938e+01
1.773660659790039062e+01
1.771755409240722656e+01
1.770654487609863281e+01
1.773655128479003906e+01
1.768906402587890625e+01
1.766572380065917969e+01
1.774732208251953125e+01
1.773928451538085938e+01
1.767495346069335938e+01
1.782435989379882812e+01
1.775471115112304688e+01
1.781172561645507812e+01
1.781123352050781250e+01
1.778904533386230469e+01
1.777462959289550781e+01
1.776520156860351562e+01
1.788906478881835938e+01
1.771409797668457031e+01
1.759720230102539062e+01
1.755152511596679688e+01
1.754645156860351562e+01
1.750455284118652344e+01
1.758877372741699219e+01
1.763452529907226562e+01
1.757337570190429688e+01
1.746894836425781250e+01
1.752717018127441406e+01
1.746126937866210938e+01
1.747000503540039062e+01
1.751805496215820312e+01
1.752540206909179688e+01
1.752157592773437500e+01
1.758414459228515625e+01
1.762147521972656250e+01
1.763389205932617188e+01
1.758387756347656250e+01
1.758386993408203125e+01
1.761145019531250000e+01
1.770811462402343750e+01
1.771886825561523438e+01
1.766125106811523438e+01
1.770393371582031250e+01
1.783100318908691406e+01
1.783137130737304688e+01
1.784027671813964844e+01
1.766798782348632812e+01
1.764965438842773438e+01
1.771765136718750000e+01
1.764264678955078125e+01
1.752748489379882812e+01
1.754046058654785156e+01
1.760419273376464844e+01
1.752821350097656250e+01
1.743896102905273438e+01
1.739540481567382812e+01
1.756723022460937500e+01
1.752154541015625000e+01
1.747713851928710938e+01
1.743596076965332031e+01
1.739786529541015625e+01
1.748443984985351562e+01
1.747026443481445312e+01
1.749879074096679688e+01
1.757168960571289062e+01
1.757152175903320312e+01
1.765014076232910156e+01
1.760873794555664062e+01
1.765817642211914062e+01
1.767294692993164062e+01
1.763290023803710938e+01
1.759098815917968750e+01
1.746886253356933594e+01
1.751347732543945312e+01
1.756642150878906250e+01
1.745426368713378906e+01
1.738557815551757812e+01
1.734312438964843750e+01
1.734931564331054688e+01
1.746319198608398438e+01
1.735044479370117188e+01
1.744705963134765625e+01
1.743925094604492188e+01
1.754629135131835938e+01
1.749131202697753906e+01
1.746120834350585938e+01
1.752750205993652344e+01
1.737510490417480469e+01
1.736538314819335938e+01
1.737490081787109375e+01
1.739815330505371094e+01
1.733531188964843750e+01
1.735085678100585938e+01
1.734908485412597656e+01
1.746216201782226562e+01
1.742358970642089844e+01
1.734587097167968750e+01
1.731051254272460938e+01
1.742579841613769531e+01
1.725588417053222656e+01
1.735634422302246094e+01
1.736759567260742188e+01
1.740899658203125000e+01
1.741480255126953125e+01
1.750232315063476562e+01
1.743744277954101562e+01
1.741666412353515625e+01
1.733807945251464844e+01
1.739952850341796875e+01
1.737942886352539062e+01
1.742265701293945312e+01
1.728122711181640625e+01
1.734088516235351562e+01
1.733376312255859375e+01
1.747187042236328125e+01
1.735180664062500000e+01
1.744581413269042969e+01
1.740102005004882812e+01
1.749097633361816406e+01
1.753593254089355469e+01
1.748579406738281250e+01
1.757182693481445312e+01
1.748279953002929688e+01
1.752327728271484375e+01
1.748048019409179688e+01
1.740878677368164062e+01
1.727461242675781250e+01
1.729037475585937500e+01
1.727484130859375000e+01
1.725125503540039062e+01
1.730625534057617188e+01
1.728450202941894531e+01
1.747463417053222656e+01
1.740374183654785156e+01
1.743637466430664062e+01
1.745195388793945312e+01
1.750911712646484375e+01
1.745923614501953125e+01
1.754257965087890625e+01
1.762943267822265625e+01
1.748415374755859375e+01
1.753293800354003906e+01
1.755774688720703125e+01
1.762931442260742188e+01
1.752243614196777344e+01
1.747763824462890625e+01
1.739658164978027344e+01
1.751111602783203125e+01
1.763500976562500000e+01
1.767061996459960938e+01
1.772397994995117188e+01
1.752432250976562500e+01
1.749780464172363281e+01
1.749975204467773438e+01
1.749250411987304688e+01
1.734549903869628906e+01
1.744955062866210938e+01
1.741515541076660156e+01
1.747174835205078125e+01
1.743902969360351562e+01
1.758137893676757812e+01
1.757255935668945312e+01
1.763565826416015625e+01
1.754846763610839844e+01
1.756650543212890625e+01
1.755496025085449219e+01
1.759853363037109375e+01
1.763166046142578125e+01
1.759563827514648438e+01
1.764853286743164062e+01
1.764186286926269531e+01
1.752159500122070312e+01
1.754624748229980469e+01
1.748281478881835938e+01
1.752723693847656250e+01
1.736260223388671875e+01
1.751314735412597656e+01
1.755435562133789062e+01
1.749636077880859375e+01
1.743247222900390625e+01
1.747047042846679688e+01
1.754393386840820312e+01
1.760853576660156250e+01
1.743740844726562500e+01
1.740827941894531250e+01
1.741881370544433594e+01
1.758787536621093750e+01
1.768904495239257812e+01
1.763636207580566406e+01
1.778199768066406250e+01
1.772535133361816406e+01
1.764887619018554688e+01
1.768852424621582031e+01
1.776657104492187500e+01
1.770848083496093750e+01
1.764339828491210938e+01
1.766509437561035156e+01
1.768663597106933594e+01
1.768873405456542969e+01
1.772788238525390625e+01
1.789358520507812500e+01
1.767625808715820312e+01
1.771358108520507812e+01
1.764900779724121094e+01
1.773978424072265625e+01
1.776572799682617188e+01
1.766682243347167969e+01
1.764338111877441406e+01
1.767594909667968750e+01
1.753614425659179688e+01
1.743106460571289062e+01
1.752423477172851562e+01
1.750197601318359375e+01
1.764687919616699219e+01
1.774888992309570312e+01
1.766730117797851562e+01
1.767887306213378906e+01
1.774193572998046875e+01
1.775602340698242188e+01
1.771851348876953125e+01
1.775106048583984375e+01
1.763022994995117188e+01
1.764484405517578125e+01
1.749782752990722656e+01
1.759990692138671875e+01
1.755841445922851562e+01
1.763381004333496094e+01
1.759386444091796875e+01
1.759412384033203125e+01
1.757135009765625000e+01
1.775796508789062500e+01
1.766238212585449219e+01
1.761394119262695312e+01
1.761716461181640625e+01
1.752741813659667969e+01
1.768488693237304688e+01
1.765841674804687500e+01
1.754206085205078125e+01
1.767291450500488281e+01
1.767379951477050781e+01
1.770188522338867188e+01
1.765313148498535156e+01
1.770650863647460938e+01
1.758963203430175781e+01
1.759103775024414062e+01
1.766873550415039062e+01
1.766765594482421875e+01
1.759063339233398438e+01
1.768066024780273438e+01
1.766681480407714844e+01
1.743548965454101562e+01
1.746364974975585938e+01
1.742207908630371094e+01
1.749330902099609375e+01
1.756484985351562500e+01
1.764507293701171875e+01
1.755559158325195312e+01
1.746132659912109375e+01
1.740816116333007812e+01
1.737201118469238281e+01
1.748900794982910156e+01
1.756935691833496094e+01
1.741040611267089844e+01
1.745955276489257812e+01
1.736639785766601562e+01
1.733614158630371094e+01
1.743099975585937500e+01
1.739226150512695312e+01
1.744765472412109375e+01
1.741065406799316406e+01
1.731564712524414062e+01
1.758368873596191406e+01
1.758921813964843750e+01
1.745723342895507812e+01
1.750963592529296875e+01
1.746961593627929688e+01
1.749501800537109375e+01
1.736905670166015625e+01
1.732059478759765625e+01
1.741340255737304688e+01
1.731918525695800781e+01
1.730722618103027344e+01
1.731204414367675781e+01
1.732901763916015625e+01
1.732261276245117188e+01
1.731258201599121094e+01
1.744327926635742188e+01
1.740332794189453125e+01
1.746387672424316406e+01
1.748295974731445312e+01
1.739032173156738281e+01
1.740882682800292969e+01
1.737426376342773438e+01
1.735964012145996094e+01
1.746599960327148438e+01
1.751169013977050781e+01
1.749068641662597656e+01
1.749748992919921875e+01
1.757462120056152344e+01
1.744776535034179688e+01
1.747682571411132812e+01
1.752653503417968750e+01
1.745875167846679688e+01
1.743453979492187500e+01
1.756357192993164062e+01
1.759875106811523438e+01
1.753432846069335938e+01
1.754727172851562500e+01
1.757616424560546875e+01
1.762550735473632812e+01
1.754904556274414062e+01
1.750767707824707031e+01
1.741184616088867188e+01
1.751776123046875000e+01
1.762790679931640625e+01
1.768296813964843750e+01
1.763098716735839844e+01
1.759167289733886719e+01
1.760830688476562500e+01
1.762403488159179688e+01
1.750725173950195312e+01
1.754640579223632812e+01
1.762896537780761719e+01
1.745260429382324219e+01
1.752100753784179688e+01
1.749718093872070312e+01
1.753829574584960938e+01
1.755718612670898438e+01
1.758685874938964844e+01
1.759368324279785156e+01
1.768420410156250000e+01
1.762870407104492188e+01
1.753786468505859375e+01
1.752713775634765625e+01
1.758284187316894531e+01
1.754815101623535156e+01
1.755779647827148438e+01
1.746719551086425781e+01
1.746689605712890625e+01
1.752793884277343750e+01
1.753783988952636719e+01
1.756453132629394531e+01
1.763941192626953125e+01
1.761216926574707031e+01
1.765424919128417969e+01
1.753167152404785156e+01
1.756643486022949219e+01
1.767651748657226562e+01
1.766566276550292969e+01
1.765024948120117188e+01
1.779694747924804688e+01
1.772313308715820312e+01
1.773700332641601562e+01
1.781600952148437500e+01
1.775333213806152344e+01
1.779818344116210938e+01
1.784368324279785156e+01
1.780124664306640625e+01
1.778084182739257812e+01
1.770921325683593750e+01
1.781000137329101562e+01
1.765894699096679688e+01
1.764141464233398438e+01
1.766897010803222656e+01
1.767665863037109375e+01
1.770350265502929688e+01
1.764848709106445312e+01
1.762969017028808594e+01
1.753176498413085938e+01
1.746928405761718750e+01
1.758149147033691406e+01
1.744763183593750000e+01
1.754997634887695312e+01
1.751379013061523438e+01
1.759437179565429688e+01
1.749543762207031250e+01
1.744974899291992188e+01
1.747468948364257812e+01
1.755862998962402344e+01
1.756969451904296875e+01
1.765738296508789062e+01
1.763174438476562500e+01
1.770610237121582031e+01
1.756223678588867188e+01
1.762388801574707031e+01
1.755420684814453125e+01
1.772367668151855469e+01
1.771683692932128906e+01
1.763872146606445312e+01
1.760337829589843750e+01
1.754729080200195312e+01
1.761645889282226562e+01
1.752533340454101562e+01
1.756370544433593750e+01
1.766464614868164062e+01
1.761953353881835938e+01
1.760279846191406250e+01
1.755356216430664062e+01
1.761188697814941406e+01
1.770729064941406250e+01
1.747834396362304688e+01
1.751540756225585938e+01
1.756849288940429688e+01
1.764752388000488281e+01
1.746375656127929688e+01
1.748411941528320312e+01
1.743171691894531250e+01
1.730665397644042969e+01
1.746703529357910156e+01
1.749350547790527344e+01
1.753435134887695312e+01
1.746051025390625000e+01
1.745663833618164062e+01
1.758736801147460938e+01
1.751638793945312500e+01
1.747911834716796875e+01
1.753665542602539062e+01
1.753875541687011719e+01
1.749998855590820312e+01
1.761883163452148438e+01
1.763349342346191406e+01
1.773959159851074219e+01
1.763336372375488281e+01
1.760407257080078125e+01
1.752588844299316406e+01
1.766122055053710938e+01
1.758662223815917969e+01
1.763870239257812500e+01
1.761839294433593750e+01
1.763760757446289062e+01
1.759941864013671875e+01
1.752144622802734375e+01
1.751727867126464844e+01
1.758368492126464844e+01
1.764382171630859375e+01
1.756606101989746094e+01
1.751952552795410156e+01
1.746418762207031250e+01
1.747888946533203125e+01
1.758384895324707031e+01
1.754409599304199219e+01
1.761108016967773438e+01
1.762374496459960938e+01
1.762517356872558594e+01
