2.252354353513473129e+00
2.184719892037220390e+00
2.150491367242274965e+00
2.129518623841114344e+00
2.114870764964666083e+00
2.101509156899574293e+00
2.088989669543046102e+00
2.077576233179141418e+00
2.067784676490685758e+00
2.059256224143199532e+00
2.050941737492879113e+00
2.042358338832855225e+00
2.036985088617373929e+00
2.032883157179905975e+00
2.026350312049572278e+00
2.022887384585845272e+00
2.018535208702087580e+00
2.015774286404634186e+00
2.012555215297600952e+00
2.009156473783346275e+00
2.008560332885155120e+00
2.004696219089703746e+00
2.002455413952851870e+00
2.001297291425558456e+00
2.000543821774996456e+00
1.999794105688730950e+00
1.996088554308964591e+00
1.997213637217497118e+00
1.996532647426311868e+00
1.994568057854970267e+00
1.992202579669463347e+00
1.991092538222288377e+00
1.988753052246876152e+00
1.989409714478712843e+00
1.988106267268840988e+00
1.986722174363258597e+00
1.984798641999562685e+00
1.982940658850547599e+00
1.983554202471023986e+00
1.981674423890236181e+00
1.980829929999816219e+00
1.979535713256933782e+00
1.978530679910610823e+00
1.978754931535476214e+00
1.979218625411009125e+00
1.975955562102488905e+00
1.977058682991908123e+00
1.974731240822718670e+00
1.972915365451421543e+00
1.973850390544304556e+00
1.972687313495538275e+00
1.972776914559877914e+00
1.970622679820427603e+00
1.970223629780304631e+00
1.967843001622419985e+00
1.969857084139799541e+00
1.966981690663557769e+00
1.965487854297344406e+00
1.964702778901809221e+00
1.964428355449285180e+00
1.962778202387002846e+00
1.963694022557674224e+00
1.959420075172032982e+00
1.960873372126848313e+00
1.961094030050130943e+00
1.957853909027882144e+00
1.960287859500982721e+00
1.958099552912589747e+00
1.954138611218868116e+00
1.956120129731985235e+00
1.955209028109526015e+00
1.954421442288618804e+00
1.951499790106064225e+00
1.954330330628615053e+00
1.951290244628221648e+00
1.953087716530530926e+00
1.951740679985437543e+00
1.949410616434537502e+00
1.948708996405968286e+00
1.950549648358271604e+00
1.949077406907693044e+00
1.949310132784721095e+00
1.948370417570456370e+00
1.947387330348675061e+00
1.943973636627197354e+00
1.945633583802443223e+00
1.944669768137809562e+00
1.946210086040007781e+00
1.939994341899187180e+00
1.943659412860870406e+00
1.939816387188740165e+00
1.938653505154145140e+00
1.936302045981089348e+00
1.934853237408858062e+00
1.937510213179466145e+00
1.934342662799052759e+00
1.937908335832449147e+00
1.933349609375000000e+00
1.935599172115325839e+00
1.932167810965806920e+00
1.929501311595623214e+00
1.932485332855811588e+00
1.929866604010264108e+00
1.930428978418692543e+00
1.929497550389705607e+00
1.927684338887532656e+00
1.926478956295893719e+00
1.927152571005698922e+00
1.924685996006696653e+00
1.924317743533696889e+00
1.922256197990515281e+00
1.922891976588811724e+00
1.923877407342959645e+00
1.920942858243599893e+00
1.920064604588044066e+00
1.918457827201256460e+00
1.913877176627134746e+00
1.917258744056408171e+00
1.914657679887918240e+00
1.917135388423234943e+00
1.915031705758510450e+00
1.917275910499768310e+00
1.913520626532725810e+00
1.912988960437285613e+00
1.909556572865217072e+00
1.910529623887477824e+00
1.912806237049591740e+00
1.907876485738998706e+00
1.911696422405732010e+00
1.909443862315935991e+00
1.908151177565256651e+00
1.907116207404014441e+00
1.907541052806071669e+00
1.903818489955021676e+00
1.903950120546878955e+00
1.902710543840359314e+00
1.899936093122531311e+00
1.901347153309064009e+00
1.902615860486641886e+00
1.897393447924882848e+00
1.896129085161747163e+00
1.900592879759959608e+00
1.899553545621725181e+00
1.898059904269683074e+00
1.897236702992366020e+00
1.894063659203358174e+00
1.898243104800199754e+00
1.890726885734460350e+00
1.892022121869600726e+00
1.890259968623136944e+00
1.891340746023716157e+00
1.890378573613288982e+00
1.886756546069414231e+00
1.886920553904313236e+00
1.884518039532196765e+00
1.887563490256285004e+00
1.884811432239336781e+00
1.884096976121266698e+00
1.883348245498461582e+00
1.879848035176595156e+00
1.882865045009515237e+00
1.879393356274335902e+00
1.876176671187082867e+00
1.880291164532685855e+00
1.880726341100839472e+00
1.881712287205916212e+00
1.877220414846371366e+00
1.876980895262498228e+00
1.876643415597768927e+00
1.877067582729535333e+00
1.875178090425638100e+00
1.872943832629766270e+00
1.876601484188666680e+00
1.874835802652897065e+00
1.874249165486066682e+00
1.871251883567907948e+00
1.869007297968253045e+00
1.871713552108177803e+00
1.866951104310842657e+00
1.868569430632468942e+00
1.867098761521852834e+00
1.870862482144282524e+00
1.869396542280148177e+00
1.863550533392490438e+00
1.867630464908404120e+00
1.863618303873600057e+00
1.864264018719012928e+00
1.862126549390646035e+00
1.861066018618070084e+00
1.861585140533936311e+00
1.860282169855558054e+00
1.863951249917348285e+00
1.856903098179743861e+00
1.858936717877021305e+00
1.859462670790843486e+00
1.862250343652871898e+00
1.857218877780131727e+00
1.858672336125985147e+00
1.854841195314358426e+00
1.856392995822123915e+00
1.853096771545899246e+00
1.853482744021293538e+00
1.853706730634738342e+00
1.857317523161570172e+00
1.852009663826380104e+00
1.850544721040970231e+00
1.853407263450133513e+00
1.850579745035905166e+00
1.844476636250813817e+00
1.848271075884501125e+00
1.848097213109334280e+00
1.850417060729784735e+00
1.852198341259589487e+00
1.850035451008723353e+00
1.847213039948390145e+00
1.842194703603402095e+00
1.847152809302012200e+00
1.842495151666494468e+00
1.843262139956156398e+00
1.844745933703887175e+00
1.842497708858587879e+00
1.839766585521208864e+00
1.840727976652292153e+00
1.839108261389610144e+00
1.835842155798887543e+00
1.837975193292666676e+00
1.839735238368694681e+00
1.833468662469814880e+00
1.835018087961734823e+00
1.834297154805599073e+00
1.836900017200372215e+00
1.834196765911884741e+00
1.833879281312991383e+00
1.832439507887913654e+00
1.835505127601134490e+00
1.830984356464483875e+00
1.834066079824398621e+00
1.834857905828035873e+00
1.830324576145563320e+00
1.831358743325257832e+00
1.829673133140955255e+00
1.835333349154545601e+00
1.832535122602413802e+00
1.829791882710579021e+00
1.828484621109106589e+00
1.829462794157174832e+00
1.826056949908916760e+00
1.830405649466392282e+00
1.825845961693005615e+00
1.825730210695511335e+00
1.825031876564025879e+00
1.826903264339153621e+00
1.827405018989856522e+00
1.824345913300147393e+00
1.822437386940687132e+00
1.824436845229222115e+00
1.824513981281182806e+00
1.822266219212458793e+00
1.821137172136551241e+00
1.827063218446878246e+00
1.822688301709981973e+00
1.823440588131929108e+00
1.818565327693254519e+00
1.822298665841420418e+00
1.822558580300746911e+00
1.818980608230982066e+00
1.817346702783535717e+00
1.820040490994086602e+00
1.818235652263347824e+00
1.820049866651877402e+00
1.821661550570756960e+00
1.821039260045075991e+00
1.819326003086872534e+00
1.825647692496960017e+00
1.819359071132464312e+00
1.814213634148622134e+00
1.814537388239151339e+00
1.820398108775798995e+00
1.816349280797518118e+00
1.816844669366494136e+00
1.816307766926594347e+00
1.816387100708790392e+00
1.817826208701500468e+00
1.816393023270826967e+00
1.812083253493675716e+00
1.812491370775760835e+00
1.817004019786150115e+00
1.813271103455470268e+00
1.809255367058973940e+00
1.811643171310424849e+00
1.805739450149047132e+00
1.813631159219986300e+00
1.814050249564342021e+00
1.813251824256701283e+00
1.808275020733857819e+00
1.812703328560560267e+00
1.808354256703303520e+00
1.804197819110674672e+00
1.815318824694706734e+00
1.808174274823604488e+00
1.807101131708193975e+00
1.807534588605929748e+00
1.804102066846994257e+00
1.806137198362594898e+00
1.804560966675098133e+00
1.805865864875989102e+00
1.804194912849328425e+00
1.806159458099267479e+00
1.809038455975361392e+00
1.806479050257267183e+00
1.801420142406072289e+00
1.802294792884435504e+00
1.800969810057909015e+00
1.803443663242535688e+00
1.801216019422580139e+00
1.807782296034005975e+00
1.803341780259059002e+00
1.797935625834342854e+00
1.798323867259881359e+00
1.804778836323664759e+00
1.802147064759181072e+00
1.802680203853509466e+00
1.797828342975714255e+00
1.796352593104044493e+00
1.797510917675800846e+00
1.797514435572501901e+00
1.798515844039427991e+00
1.796664299720373004e+00
1.794467371549361756e+00
1.796134712145878609e+00
1.795760822296142534e+00
1.793284273453247923e+00
1.792474441650586225e+00
1.796213260980752846e+00
1.798931615780561488e+00
1.793124630818000220e+00
1.792706072941804507e+00
1.789110290698516126e+00
1.792091951614771084e+00
1.793955450485914094e+00
1.785768573100750212e+00
1.791304719448089555e+00
1.785676760245592076e+00
1.787360239640260362e+00
1.792385126382876726e+00
1.786410464078952209e+00
1.790108896218813417e+00
1.789489639416719013e+00
1.787919084231058831e+00
1.786915566676702261e+00
1.785917703310648585e+00
1.785831200159513132e+00
1.786648078759511371e+00
1.785795650421044822e+00
1.783237508015754980e+00
1.783779843648274799e+00
1.787641982237498040e+00
1.787373637236081558e+00
1.782309816128168301e+00
1.783069904033954378e+00
1.788813644494765764e+00
1.781946388269082027e+00
1.783224396827893354e+00
1.787535370618869024e+00
1.788014521965613834e+00
1.788073004209078221e+00
1.785391559661962946e+00
1.785302518269954675e+00
1.785109536770062677e+00
1.785084216716962047e+00
1.784416224100650927e+00
1.784449999454693847e+00
1.778481068977942892e+00
1.780058375077369970e+00
1.777138633300096471e+00
1.780381022355495446e+00
1.780195020406674100e+00
1.777674149244259594e+00
1.779205509638174920e+00
1.778955984421265457e+00
1.782560448768811368e+00
1.787470104449834674e+00
1.779690298361656042e+00
1.778294999477190830e+00
1.776450014725709625e+00
1.778930279841789863e+00
1.783653994706960733e+00
1.783443437784145935e+00
1.780985128573882248e+00
1.780991810101729245e+00
1.776546282034653812e+00
1.776566213216537182e+00
1.774182611245375352e+00
1.781317658607776355e+00
1.776251813692924397e+00
1.774659815507057425e+00
1.780443207728557020e+00
1.780313956737518355e+00
1.776552073772136975e+00
1.779099559172605760e+00
1.779121479009970530e+00
1.778030153115590428e+00
1.778488301619505219e+00
1.772716229389875275e+00
1.779325101620111704e+00
1.780866269270579005e+00
1.779007239219469794e+00
1.780454193017421582e+00
1.779366142016190810e+00
1.779433851058666471e+00
1.785022129156650594e+00
1.785626756227933543e+00
1.779622472555209445e+00
1.786914410652258534e+00
1.783391597026433795e+00
1.779824998439886619e+00
1.778272701838077730e+00
1.778721310847844794e+00
1.780222932803325220e+00
1.779584518151405614e+00
1.777602832745283079e+00
1.781198042783981750e+00
1.784567320346832187e+00
1.776758144452021737e+00
1.780828968072548868e+00
1.778218405980330319e+00
1.779944501473353480e+00
1.776057655689043946e+00
1.781742803561381816e+00
1.779686811031439442e+00
1.774582577668703420e+00
1.771632130329425570e+00
1.777230873780372811e+00
1.770893914271623570e+00
1.780689910436287882e+00
1.775337472940102579e+00
1.776504189540178302e+00
1.771135770051907254e+00
1.775099550455044417e+00
1.770050442218780606e+00
1.771594230333964015e+00
1.772191915145287178e+00
1.777533551057179695e+00
1.773161349846766655e+00
1.774064393226916891e+00
1.769026364118625017e+00
1.772289287738310959e+00
1.773112993668287229e+00
1.772410932259681937e+00
1.772821357922676366e+00
1.772635494440029769e+00
1.771209578942029905e+00
1.768964271973340940e+00
1.770763028279328966e+00
1.775065301320491784e+00
1.763477979867886347e+00
1.767311079379839667e+00
1.776879475361261562e+00
1.776794299712547875e+00
1.771722291371761182e+00
1.775021378810589079e+00
1.772652514164264392e+00
1.769706174654838371e+00
1.767075234193068223e+00
1.766221900169665959e+00
1.767271760182502982e+00
1.766212722582694905e+00
1.766512433382181113e+00
1.764970229222224241e+00
1.768260075190128511e+00
1.766658860292190214e+00
1.760240158667931265e+00
1.768602262093470712e+00
1.774993516237307833e+00
1.767514586448669434e+00
1.769016577952947422e+00
1.761413584917019604e+00
1.766839410708500813e+00
1.761726876405569131e+00
1.766670561448121735e+00
1.770520950280703110e+00
1.767586343716352371e+00
1.767043397059807397e+00
1.775958979129791171e+00
1.768474538203997470e+00
1.769416150679955058e+00
1.767125190221346287e+00
1.773047752258105181e+00
1.768909788131713956e+00
1.767448137356684823e+00
1.766453496003762336e+00
1.772004634906084064e+00
1.767663786655817360e+00
1.764360304673512791e+00
1.766604435749542956e+00
1.773733936823331359e+00
1.767355127517993729e+00
1.767284196156721832e+00
1.766441369056701571e+00
1.763604163512205503e+00
1.765104927466465856e+00
1.764311050146053939e+00
1.764196297755608267e+00
1.770210547630603592e+00
1.763319635391235263e+00
1.761179271722451256e+00
1.766376536626082183e+00
1.763866855547978396e+00
1.767778150546245097e+00
1.765802139502305357e+00
1.767175283187474966e+00
1.766157754873618035e+00
1.765342486516023213e+00
1.770352294506170709e+00
1.762759332473461393e+00
1.770284978548685606e+00
1.766521640312977315e+00
1.762947161075396396e+00
1.763718587007278016e+00
1.760617006436372423e+00
1.768340515784728284e+00
1.764902740564101791e+00
1.768764868149390601e+00
1.764158671635847719e+00
1.762971764955765241e+00
1.764453461536994450e+00
1.758344008066715425e+00
1.762912498070643430e+00
1.765434612371982626e+00
1.758871647027822727e+00
1.758758416848305028e+00
1.765070422184773058e+00
1.759858625057416193e+00
1.762470235580053002e+00
1.762634277955079654e+00
1.764292683051182697e+00
1.764168091920705894e+00
1.757562121061178262e+00
1.760585744258684970e+00
1.758703268491304872e+00
1.753226081224588340e+00
1.761900291993067746e+00
1.756614045913402755e+00
1.753788081499246365e+00
1.755306624143551542e+00
1.759090120670123047e+00
1.760253152480492300e+00
1.755027081416203449e+00
1.749447093254480556e+00
1.748138444545941583e+00
1.752825160821278816e+00
1.752566139514629695e+00
1.745731533185029605e+00
1.752467071093045670e+00
1.749770827782459737e+00
1.753962777211115931e+00
1.751668188510796975e+00
1.756174714137346271e+00
1.747742754068130067e+00
1.756138007457439754e+00
1.746454737736628626e+00
1.751295152688637780e+00
1.749761548714759973e+00
1.745404663452735372e+00
1.747484762546343662e+00
1.749325767541543009e+00
1.748669544244424001e+00
1.747956573046170803e+00
1.746061511834462454e+00
1.747509446510901787e+00
1.754245770588899189e+00
1.746942411936246442e+00
1.753810547254024410e+00
1.753623167979411646e+00
1.750889996381906455e+00
1.748551858388460500e+00
1.753537952288603208e+00
1.750890381213946245e+00
1.756427844059772925e+00
1.759097201090592533e+00
1.751624791438763040e+00
1.748779666729462390e+00
1.754867160014617067e+00
1.757203110670432000e+00
1.746625396838555000e+00
1.755707919291960906e+00
1.747950074305901103e+00
1.748328496553958944e+00
1.756230409328754183e+00
1.749478955757923559e+00
1.752175922882862613e+00
1.751236367836976671e+00
1.747775592253758337e+00
1.754303839879158167e+00
1.759707316068502614e+00
1.759471658865610744e+00
1.753995273663447430e+00
1.754561436176300004e+00
1.754066180877196457e+00
1.759441549961383577e+00
1.756812238693237216e+00
1.752964265529926013e+00
1.756011230517656285e+00
1.754823628450051354e+00
1.757295982348613173e+00
1.757129715956174509e+00
1.747463203087831207e+00
1.756550108163784651e+00
1.749309644026634025e+00
1.753570218269641545e+00
1.755404574748797186e+00
1.756896382417434399e+00
1.752166593991793198e+00
1.753550593669597868e+00
1.750219777608529093e+00
1.748912953413449767e+00
1.748304525705484336e+00
1.752853534160516258e+00
1.746986651114928346e+00
1.747387873515104717e+00
1.751164353505159088e+00
1.751012503183805080e+00
1.750993351141611809e+00
1.753118405892298837e+00
1.750073843735914902e+00
1.753029403319725565e+00
1.752087342127775615e+00
1.752204609528565937e+00
1.745809085552509021e+00
1.752014633631094886e+00
1.752553282028589399e+00
1.750393090186974865e+00
1.748679405297988598e+00
1.750687099725772189e+00
1.750066711352421756e+00
1.751522629688947674e+00
1.748561888474684523e+00
1.745856270728967097e+00
1.752713080858572914e+00
1.749428612146622042e+00
1.752692950994540588e+00
1.750035366033896311e+00
1.754158124556908227e+00
1.752448232662983330e+00
1.751288420114761823e+00
1.748903248248956155e+00
1.752005068766765206e+00
1.748998690262818956e+00
1.749309349671388292e+00
1.753781836155133389e+00
1.752472544022095402e+00
1.746825453562614205e+00
1.745684398137606008e+00
1.754344070263397892e+00
1.754656950938396021e+00
1.747472399931687681e+00
1.759174373516669609e+00
1.754438080543126777e+00
1.751373821955460874e+00
1.758088149474217321e+00
1.749612551163404417e+00
1.750294954960162741e+00
1.750215602532411152e+00
1.751087081126677658e+00
1.750509086633339928e+00
1.750662617194346904e+00
1.749567587253374912e+00
1.746219130051441581e+00
1.745667474697797816e+00
1.752589568724999047e+00
1.752395531458732503e+00
1.750032962896884925e+00
1.744924497604370073e+00
1.752380452706263636e+00
1.750393180663769144e+00
1.749662818969824452e+00
1.752977616664690874e+00
1.758981124254373363e+00
1.751787047202770564e+00
1.759286186939630792e+00
1.753572688958583647e+00
1.749033403090941574e+00
1.752238179781498095e+00
1.748657264770605568e+00
1.749582272615188172e+00
1.752822595681899687e+00
1.750280420291118189e+00
1.755912748972574766e+00
1.756806315825535592e+00
1.751356951395670603e+00
1.752205931834685426e+00
1.756360938610174616e+00
1.758044159106719295e+00
1.760437918626345022e+00
1.757194040066156537e+00
1.755480933800721788e+00
1.753984193312816187e+00
1.755627964093134930e+00
1.753216642599839448e+00
1.754135651466173895e+00
1.754155051096891738e+00
1.759802994666955334e+00
1.755160008638332991e+00
1.756923037614577909e+00
1.748396878670423371e+00
1.752062327433855149e+00
1.754299665720034929e+00
1.752784934410682061e+00
1.750197846767229892e+00
1.748204552210294249e+00
1.751133676064320133e+00
1.745963588127723121e+00
1.752460822997949030e+00
1.748373023668924997e+00
1.750588497137411936e+00
1.748196572523850634e+00
1.749850436968681144e+00
1.748402689359126905e+00
1.753102561143728311e+00
1.740989155341417405e+00
1.746122085742461305e+00
1.751162266425597469e+00
1.746499903079790972e+00
1.744190969528295998e+00
1.751794214432056185e+00
1.747440107357807637e+00
1.746822432982615858e+00
1.746519010189252041e+00
1.747972533336052514e+00
1.748878149497203438e+00
1.750267982482910156e+00
1.749340049120096108e+00
1.747957479648100998e+00
1.753584859310052257e+00
1.743384537635705334e+00
1.747874374878712223e+00
1.745048949657342474e+00
1.749984113375345762e+00
1.749052389157124132e+00
1.753029927229269980e+00
1.750946071514716484e+00
1.747986919451982590e+00
1.750407832096784633e+00
1.746672243644029621e+00
1.750673508338439266e+00
1.757241691075838608e+00
1.754318964481353715e+00
1.754415197555835526e+00
1.754275956215002541e+00
1.757483988847488021e+00
1.756439236799875792e+00
1.758705303913507656e+00
1.750275846016712711e+00
1.756111933023501770e+00
1.752983776116982417e+00
1.745844444250449046e+00
1.745209394357143395e+00
1.750706488046890552e+00
1.754678102334340517e+00
1.748437039057413767e+00
1.750697021912305695e+00
1.749190588180835393e+00
1.747991811312161969e+00
1.753310796847710185e+00
1.751506162912417786e+00
1.749999692195501000e+00
1.749242141919258309e+00
1.752439833910037326e+00
1.755379157494276088e+00
1.749169850655091007e+00
1.745966351032257169e+00
1.746016410680917508e+00
1.745868788315699582e+00
1.743976529744955206e+00
1.747599220887208649e+00
1.743029213562989899e+00
1.743089457047291235e+00
1.739698142271775438e+00
1.737956658999125104e+00
1.737069696035140609e+00
1.738571350391094450e+00
1.738026019243093634e+00
1.746851824797116759e+00
1.741972352602543017e+00
1.735048519953703350e+00
1.744920239693079189e+00
1.746772510883135565e+00
1.738462690818004086e+00
1.740535208200796990e+00
1.746150732346070100e+00
1.737711855998405941e+00
1.739536765294197318e+00
1.743325507029508836e+00
1.742801466049292092e+00
1.743693661689758256e+00
1.739776607965811683e+00
1.735484326191437443e+00
1.734618694965655905e+00
1.741090014958992960e+00
1.736691575783949615e+00
1.735359114866990238e+00
1.740212712838099529e+00
1.735644008257450244e+00
1.745129343790885690e+00
1.742955693220480828e+00
1.734438549555264997e+00
1.735386235286027867e+00
1.738979960710574479e+00
1.739791152110466532e+00
1.739395247055933957e+00
1.730727218053279781e+00
1.733383664718040951e+00
1.727315523379888251e+00
1.735710391937158148e+00
1.734449500609666961e+00
1.732965861222682813e+00
1.728705524481259914e+00
1.735778407561473280e+00
1.729259746502607387e+00
1.730714992682139020e+00
1.733200404582879495e+00
1.729448158618731357e+00
1.726142362142220499e+00
1.721258499989142710e+00
1.725579345837617629e+00
1.726659005727523510e+00
1.725455088493151434e+00
1.729558195517613362e+00
1.725196110896575208e+00
1.727232186305217354e+00
1.726446042305384010e+00
1.729350022474924753e+00
1.724847643497662730e+00
1.731562330783941839e+00
1.732577188504047960e+00
1.732850108391199351e+00
1.729131480975028889e+00
1.736449484947400146e+00
1.731522057912288526e+00
1.731116523803808649e+00
1.726653610437344222e+00
1.730236379916851419e+00
1.726262353016779993e+00
1.727019094809507660e+00
1.729623493781456522e+00
1.726982585589091013e+00
1.721601495681664984e+00
1.721346961840605205e+00
1.732734223206837898e+00
1.729970247623247914e+00
1.723205545926705495e+00
1.727551199228335665e+00
1.730636446292583841e+00
1.732887903237954275e+00
1.728948307954347952e+00
1.725103847185770700e+00
1.724825474237784428e+00
1.721089678238599818e+00
1.725054912995069412e+00
1.725183541958148714e+00
1.722463278892712779e+00
1.717960394345797059e+00
1.718518568002260549e+00
1.726890387290563433e+00
1.731502628020751278e+00
1.730259049244416092e+00
1.726488946645687861e+00
1.723873288509173207e+00
1.721552183077885489e+00
1.727464110729021840e+00
1.732730817183470107e+00
1.731484215381817959e+00
1.729639093692486140e+00
1.727196913804763367e+00
1.728552961043822389e+00
1.730290447442959456e+00
1.728430946362324194e+00
1.729817225994207952e+00
1.730991860536428506e+00
1.727485443689884326e+00
1.729403069080450495e+00
1.725919038515824511e+00
1.727226759837223957e+00
1.727258784037369876e+00
1.726968202835474253e+00
1.723581548531850194e+00
1.729679328661698490e+00
1.727360434409899614e+00
1.729864811285948045e+00
1.735360738558646920e+00
1.738122721818777139e+00
1.729276151534838490e+00
1.734270143508911177e+00
1.727366030521881868e+00
1.730968950039301069e+00
1.727591678729424096e+00
1.729928922653198198e+00
1.730310356616973966e+00
1.732952197698446328e+00
1.734275958171257681e+00
1.738609757178869009e+00
1.732101546189723784e+00
1.734625734121371554e+00
1.734670946536920111e+00
1.732642969107016429e+00
1.738023994213495405e+00
1.733595400590163038e+00
1.730620256754068276e+00
1.739936887912261199e+00
1.739230024814605757e+00
1.729902649231445988e+00
1.735255620112786001e+00
1.736327084822532507e+00
1.733926138816735740e+00
1.734291955752250480e+00
1.737170416880876589e+00
1.733665197629195021e+00
1.741916220310406826e+00
1.745201286291464760e+00
1.735346636711022850e+00
1.742879129678775119e+00
1.739893394555801054e+00
1.737587756988329790e+00
1.737074808279673199e+00
1.742116151100549848e+00
1.743274541695912783e+00
1.744871086646349045e+00
1.735594819142268319e+00
1.739315470059712654e+00
1.740042813313313008e+00
1.745088613033294767e+00
1.745211118001204209e+00
1.742511528883224914e+00
1.742625200442778688e+00
1.743793936570485537e+00
1.745375288755465881e+00
1.744590521775759129e+00
1.746754483687571913e+00
1.747365872676555965e+00
1.743770939264541964e+00
1.747445785082303527e+00
1.744333730905483826e+00
1.741270801654228872e+00
1.744302900632222597e+00
1.746727373661139060e+00
1.747680527430314212e+00
1.748137795008145812e+00
1.743490552290891893e+00
1.745291711122561651e+00
1.744690571381495525e+00
1.741457779896564917e+00
1.740261300710531422e+00
1.737251770190703537e+00
1.736960297670119946e+00
1.737614083595764969e+00
1.740215417360648109e+00
1.739781821691072983e+00
1.747927852166004659e+00
1.740951564373114158e+00
1.738756564947274930e+00
1.735835916568071458e+00
1.733785570890475469e+00
1.729938524502974362e+00
1.728429021896460194e+00
1.734473864848797175e+00
1.731026091942420297e+00
1.733442708162161061e+00
1.733861489479358475e+00
1.736301150383093406e+00
1.734187222749759005e+00
1.728639980157216316e+00
1.732716313997904489e+00
1.735585598150888975e+00
1.735051505993574050e+00
1.735080402325361204e+00
1.729022789918459369e+00
1.733369725484114499e+00
1.729714137468582491e+00
1.732301639287899597e+00
1.725089999345632785e+00
1.725463096606425717e+00
1.728343217495160289e+00
1.723629482281513692e+00
1.724991037601079746e+00
1.732048853849753378e+00
1.729141440758338311e+00
1.732530323358682400e+00
1.730000919867784592e+00
1.736702353220719530e+00
1.733702669999538371e+00
1.732432271884037922e+00
1.736858374033218855e+00
1.736325380129691842e+00
1.728030683138431556e+00
1.732148542465307806e+00
1.727505556131020636e+00
1.729547016742901899e+00
1.738084367911020944e+00
1.733965756648626177e+00
1.728822369453234531e+00
1.736156211449549680e+00
1.733803223952268935e+00
1.739316573509803288e+00
1.734183281201582716e+00
1.736588012866484787e+00
1.736785587897667460e+00
1.737409761624458593e+00
1.731836732839926674e+00
1.742926805141644664e+00
1.735815822466825864e+00
1.737601309556227491e+00
1.738297628745054668e+00
1.742724808974143835e+00
1.741986790987161582e+00
1.737724078924228088e+00
1.742605884564228491e+00
1.730917884447635835e+00
1.737044228040254934e+00
1.731520196719047444e+00
1.734884262084960938e+00
1.738509264664772180e+00
1.732370337767478841e+00
1.733804743717878294e+00
1.735512812015337802e+00
1.733395755290985107e+00
1.733971481445508056e+00
1.734180997885190534e+00
1.731927211773701236e+00
1.734270463234339088e+00
1.733102907278598837e+00
1.737469107676774982e+00
1.737460396840022181e+00
1.738380154279562051e+00
1.740382660352266742e+00
1.743450527007763151e+00
1.732765713716164724e+00
1.742420700268867639e+00
1.740481101549588683e+00
1.738107027762975543e+00
1.733543491363525479e+00
1.733966630544417908e+00
1.740259840549566839e+00
1.730892477891384118e+00
1.729528133074442531e+00
1.728605194580860704e+00
1.728319983298961970e+00
1.725034611653059047e+00
1.730706065129011151e+00
1.730689285657344811e+00
1.736797388089008853e+00
1.728615523607302862e+00
1.732853738466898497e+00
1.733027820403759245e+00
1.730304033939654929e+00
1.734856721071096564e+00
1.729321080599075744e+00
1.727197634562467998e+00
1.731469738177764173e+00
1.725820436233129307e+00
1.723042690448271852e+00
1.732058958518199354e+00
1.726860808103512390e+00
1.731473584358508733e+00
1.730858152951949780e+00
1.739482000852242471e+00
1.735262532723255591e+00
1.729831422597934099e+00
1.731961456323281245e+00
1.723754078608292772e+00
1.722869837284088046e+00
1.726276955849085137e+00
1.724024519247886467e+00
1.727202422802264881e+00
1.720196281946622330e+00
1.728704009606288006e+00
1.724799759571368885e+00
1.726313288395221468e+00
1.723095272748898177e+00
1.726976508360642759e+00
1.724648199325952813e+00
1.724651138293437524e+00
1.729006113761510699e+00
1.717722999743926282e+00
1.727952645069513515e+00
1.721148364666180708e+00
1.729392009515028805e+00
1.726890504054534148e+00
1.728944814205169767e+00
1.731180416926359600e+00
1.725386453897525207e+00
1.722130249402461954e+00
1.726986295748979661e+00
1.725830501776475234e+00
1.723327408692775675e+00
1.714023758814885001e+00
1.719459164448273514e+00
1.720889340302883097e+00
1.721638368948912090e+00
1.722924061616261771e+00
1.721092509000729187e+00
1.718220719007345298e+00
1.720867285055991847e+00
1.727096506876823145e+00
1.723838678384438605e+00
1.718117579130026051e+00
1.727234022128276258e+00
1.716780042036985643e+00
1.725949253791417837e+00
1.719571348031361913e+00
1.721028049175555852e+00
1.727426050259516899e+00
1.720527165058331587e+00
1.720782124690520387e+00
1.721080049795982170e+00
1.722552774808345788e+00
1.725506078585600234e+00
1.727800898368542004e+00
1.722904604826217989e+00
1.724817668474637467e+00
1.724545833086356117e+00
1.719544047881395477e+00
1.730523662995069545e+00
1.720897318766667183e+00
1.727247398938888123e+00
1.730780324874780174e+00
1.734722204086108110e+00
1.729548208224467754e+00
1.729638564586639449e+00
1.728573002570714667e+00
1.729782787347451167e+00
1.729128734576396376e+00
1.732133486943367107e+00
1.734057581424713224e+00
1.731913583095257003e+00
1.730875876622322229e+00
1.728176952019715884e+00
1.728506253927181824e+00
1.725680523957961565e+00
1.727913990998879434e+00
1.722017247554583408e+00
1.724838925630618469e+00
1.733076920264806420e+00
1.728314125537872226e+00
1.730340460936228508e+00
1.724830952057471611e+00
1.721333257968609143e+00
1.724737134957924800e+00
1.730418869470938592e+00
1.726911049928420594e+00
1.730719944452628001e+00
1.727820620781336025e+00
1.730564073110238077e+00
1.721232078625605677e+00
1.728185701064574475e+00
1.730620438318986265e+00
1.735889677818004850e+00
1.731669431771987622e+00
1.733245172256078437e+00
1.735482229636265750e+00
1.735768737854101795e+00
1.728854144842196794e+00
1.732793755409045122e+00
1.737262771068475153e+00
1.735939827332129815e+00
1.734639900769942900e+00
1.729343200341249220e+00
1.728778264461419578e+00
1.733594497961875813e+00
1.729001645552806332e+00
1.732667536001939013e+00
1.734112712358817143e+00
1.734246251827631147e+00
1.733479926525018255e+00
1.731579126455844886e+00
1.735940331679124204e+00
1.736044813119448138e+00
1.734013300981277039e+00
1.731657755374908403e+00
1.732880607018103980e+00
1.732693083164019487e+00
1.735911136407118471e+00
1.734098789630792004e+00
1.730246680822127958e+00
1.732209289685273879e+00
1.730118479789831687e+00
1.738079172219985535e+00
1.730907241809062524e+00
1.731853162631010301e+00
1.729908902522845127e+00
1.733033057053883885e+00
1.733356906817509646e+00
1.733932178754072906e+00
1.727357117335001524e+00
1.735170027231558665e+00
1.730389021298824215e+00
1.727715574166713619e+00
1.731882521433707911e+00
1.730081149859306056e+00
1.729509212420536901e+00
1.730669472156426858e+00
