2.210267133590502642e+00
2.124529433556092251e+00
2.066192679527478315e+00
2.033788152230091573e+00
2.001987847303732693e+00
1.978892301290463118e+00
1.959189186646388192e+00
1.947113778040959309e+00
1.933831217044439166e+00
1.923402984631367163e+00
1.917578669694753879e+00
1.910049843788147017e+00
1.903914246803674937e+00
1.897461486168396716e+00
1.891766636799543377e+00
1.887219277406350093e+00
1.885816623308719686e+00
1.881873338956099317e+00
1.878941992918650383e+00
1.871981028104439782e+00
1.875656548524514244e+00
1.871788824827243181e+00
1.867777452407739069e+00
1.866367685794830367e+00
1.863007412201318935e+00
1.864216913015414478e+00
1.860743337716811663e+00
1.860664482911427831e+00
1.858345060165111917e+00
1.855845412841210074e+00
1.853389537945771881e+00
1.851114811347081002e+00
1.852761826759729669e+00
1.850492032674642795e+00
1.850494431226681336e+00
1.849314258343134121e+00
1.847031747989165584e+00
1.842826890028440134e+00
1.843391946645883461e+00
1.843870155933575727e+00
1.841592627305250973e+00
1.840484006282610663e+00
1.836540654989389232e+00
1.838478754116938729e+00
1.837435811299544142e+00
1.837316799775148057e+00
1.833701290228427982e+00
1.832829378812740995e+00
1.833492960685338735e+00
1.829780492721459817e+00
1.829692454215807729e+00
1.830725955963134810e+00
1.826944389404394631e+00
1.827054681839087147e+00
1.826712371447147376e+00
1.826288888087639339e+00
1.821796648930280593e+00
1.825474944787147669e+00
1.821056044713044830e+00
1.816861706207960170e+00
1.819923901557922274e+00
1.817006413447551205e+00
1.815509998798370273e+00
1.821325436005225562e+00
1.814292254203405230e+00
1.813741474273877330e+00
1.812719995241898863e+00
1.811397055479196494e+00
1.808276282212673003e+00
1.809017285628196525e+00
1.807182430609678647e+00
1.807762283850938845e+00
1.806463555189279369e+00
1.803970284951038838e+00
1.806156242199433049e+00
1.802397547929714960e+00
1.800063741512787585e+00
1.799678529531527849e+00
1.799212040350987252e+00
1.798063472601083568e+00
1.795011124855432794e+00
1.799286513145153421e+00
1.794837092436276871e+00
1.791901770310524222e+00
1.790961666596241564e+00
1.793111090171031430e+00
1.788069450549590211e+00
1.787118000861925848e+00
1.791820932045961046e+00
1.785975360564696413e+00
1.785760782315180872e+00
1.787678805375710445e+00
1.781971055116408964e+00
1.779142927817809250e+00
1.779471396788572690e+00
1.782248080999423223e+00
1.780191162305000407e+00
1.777748969273689417e+00
1.776106248757778117e+00
1.779506756403507417e+00
1.776625161293225341e+00
1.777582691265986448e+00
1.773210395910800985e+00
1.768111943892943572e+00
1.769493274505321789e+00
1.771659243412506912e+00
1.769481292443397802e+00
1.769089303261194512e+00
1.770928008434099921e+00
1.767227187217810247e+00
1.766848386556674200e+00
1.764768532300606818e+00
1.764539998311262847e+00
1.762991191790654000e+00
1.765113182862599661e+00
1.759603527570382075e+00
1.761277153247442051e+00
1.761533860365549709e+00
1.756325990725786212e+00
1.754577386073577161e+00
1.756532308994195324e+00
1.753726833600264268e+00
1.755318325605147889e+00
1.757030274929144431e+00
1.750949514829195364e+00
1.751144026487301497e+00
1.750669171871283014e+00
1.751270055465209197e+00
1.751660954646575119e+00
1.747731174261142106e+00
1.750236040200942700e+00
1.743076502665495298e+00
1.743793649551195868e+00
1.747427484622368521e+00
1.748454958047622299e+00
1.745910266729501670e+00
1.740439632000067238e+00
1.746269802558116480e+00
1.737064669071099798e+00
1.737703134769048363e+00
1.738932210054153105e+00
1.736993851722815174e+00
1.735076396281902689e+00
1.735078785969660808e+00
1.737479386574182660e+00
1.735718583143674332e+00
1.733152292936276151e+00
1.736389083434373815e+00
1.733870355288187559e+00
1.735621934059338622e+00
1.730497929683098457e+00
1.733324272204668004e+00
1.730374370782803206e+00
1.729391772624773838e+00
1.729667422098991159e+00
1.726945381286816739e+00
1.725845827506138797e+00
1.726308113489395613e+00
1.726249446318699698e+00
1.726857953499524978e+00
1.723731667261857226e+00
1.720584372373727744e+00
1.723757084516378546e+00
1.720156357532892422e+00
1.718481844205122622e+00
1.718534584228809114e+00
1.716999169496389532e+00
1.714137667264693743e+00
1.714601741998623474e+00
1.715998633091266434e+00
1.717608056312952325e+00
1.713810328642527248e+00
1.714366970918117516e+00
1.710786016170795065e+00
1.713285914445534797e+00
1.707566761053525450e+00
1.710835239214774983e+00
1.708607691373580595e+00
1.710137510911012404e+00
1.707922432055840156e+00
1.706645898635570813e+00
1.708438063279176466e+00
1.704261541977906802e+00
1.705755732304010674e+00
1.706416298181582691e+00
1.701180049700614649e+00
1.704553877390347916e+00
1.704040753230070537e+00
1.699696174034705631e+00
1.702397815997783947e+00
1.703165016724513148e+00
1.705182369550069188e+00
1.702784465826474802e+00
1.701939364274342781e+00
1.699899857472150666e+00
1.696743395083989858e+00
1.698091553113399321e+00
1.696963495474595351e+00
1.695618198162470058e+00
1.695531672086471264e+00
1.695410839410928627e+00
1.700298092304131981e+00
1.692210400715852492e+00
1.690991423068902488e+00
1.693131681588979864e+00
1.684357184935838747e+00
1.694441268994258065e+00
1.690237250389196921e+00
1.691752847035725926e+00
1.688616433510413462e+00
1.690774251558841756e+00
1.685351667343041759e+00
1.691261730438623712e+00
1.686508502410008381e+00
1.684003129372229957e+00
1.685068230139903589e+00
1.686211319764455263e+00
1.680762386322021573e+00
1.684971898030012127e+00
1.686026630646143110e+00
1.678102879035167305e+00
1.682982862912691502e+00
1.686039916979960918e+00
1.681640189427595855e+00
1.680743257510356470e+00
1.675724231585478119e+00
1.678622335348373795e+00
1.677261891426184315e+00
1.678527592695676418e+00
1.677175124180622534e+00
1.674252809928013619e+00
1.672295025067451757e+00
1.674112711197290659e+00
1.676638132792252822e+00
1.672959843965677207e+00
1.668813522656758641e+00
1.670828163929474641e+00
1.673475322050925973e+00
1.666797115558233067e+00
1.668279612370026310e+00
1.671384730094518378e+00
1.665867694830283074e+00
1.665453363993228963e+00
1.667390520144731658e+00
1.670194249275403164e+00
1.667522802719703101e+00
1.665298872727614121e+00
1.670043990856561855e+00
1.664662922345675033e+00
1.663560736485016678e+00
1.659938991069793701e+00
1.666049968279325055e+00
1.667041051999116563e+00
1.662881873204157923e+00
1.663633354199238301e+00
1.663085948809599257e+00
1.659902295393821614e+00
1.663297746120355081e+00
1.661428327743823763e+00
1.660196897311088327e+00
1.667782214360359339e+00
1.660679874970362846e+00
1.655477657684913062e+00
1.657241019224509282e+00
1.656643540431291584e+00
1.654259306039565613e+00
1.653273703807439654e+00
1.657954128888937229e+00
1.652956210344265653e+00
1.659484288020011800e+00
1.653171723316877229e+00
1.652749232756785869e+00
1.653026857742896372e+00
1.650753979805188232e+00
1.651767243483127645e+00
1.652029094329247050e+00
1.650743883084028196e+00
1.651686668090331267e+00
1.643270231515933322e+00
1.648984271746415375e+00
1.640203514771583659e+00
1.647303076585133974e+00
1.648769448353694100e+00
1.650599945202851915e+00
1.640985368765317531e+00
1.645760580209585378e+00
1.645004537778022913e+00
1.647245056506914995e+00
1.642467184861501117e+00
1.640790114647302955e+00
1.643904343323829842e+00
1.638022109484061239e+00
1.642315794260073902e+00
1.641853040915269180e+00
1.641794098951877778e+00
1.642754610073872135e+00
1.635149030502025980e+00
1.636388741089747523e+00
1.643168884974259614e+00
1.642530754284980965e+00
1.640625596352112581e+00
1.637921336369636771e+00
1.638283130755791239e+00
1.632399454177954290e+00
1.639824236661959977e+00
1.633479915826748563e+00
1.636363675349797875e+00
1.638209898043901491e+00
1.631433156209114221e+00
1.639239541383890053e+00
1.630024483570685856e+00
1.639191577679071754e+00
1.634854799967545791e+00
1.635302736514653965e+00
1.632437760401994842e+00
1.632544218576871486e+00
1.629523597925137235e+00
1.629166234456575824e+00
1.627044361371260406e+00
1.629360894973461482e+00
1.627412925316737313e+00
1.630854143546177859e+00
1.631908474518702690e+00
1.629220372896928115e+00
1.624283937001839595e+00
1.632388629668798163e+00
1.623675184066478927e+00
1.625152355891007705e+00
1.632502508774781758e+00
1.623988885145920991e+00
1.625629774423746010e+00
1.623726670252971127e+00
1.622086146855965749e+00
1.626587363389822238e+00
1.622033461240621754e+00
1.621462849470285184e+00
1.620401239395141690e+00
1.624002003058409027e+00
1.625359558753478151e+00
1.617297831559792565e+00
1.618668847817640977e+00
1.615704850967113693e+00
1.624616951208848192e+00
1.617922706481737860e+00
1.613740792946937841e+00
1.616433636958782394e+00
1.615681148492372987e+00
1.616016083191602615e+00
1.610648374985425901e+00
1.617723713777004191e+00
1.618793616539392799e+00
1.617489014222071697e+00
1.615509652785765748e+00
1.616897530433459185e+00
1.614070474184476467e+00
1.609912855502886542e+00
1.615336924638503646e+00
1.614605415478730821e+00
1.614772475377107330e+00
1.610677737150436828e+00
1.613896954976595355e+00
1.608723943050091032e+00
1.617848313160431761e+00
1.612975919552338322e+00
1.609589077876164342e+00
1.612587079635033227e+00
1.613807190687228443e+00
1.606874163639851139e+00
1.609629992032662438e+00
1.605867429879995534e+00
1.609643487441234200e+00
1.605258963658259486e+00
1.607732751124944404e+00
1.607132431176992560e+00
1.607237531588627810e+00
1.605765527639633650e+00
1.606322726836571402e+00
1.601457716868473824e+00
1.601060306108914810e+00
1.605742588410010718e+00
1.601526522330748659e+00
1.601028734292739397e+00
1.601612635759206871e+00
1.600108853364602179e+00
1.607653077443440770e+00
1.597113988338372703e+00
1.596234155006897693e+00
1.601091082279498812e+00
1.600585529437431820e+00
1.598423722768441246e+00
1.599335971245398946e+00
1.591874503783690553e+00
1.600230430945371873e+00
1.599124594835134694e+00
1.598344966998467065e+00
1.595931853392185351e+00
1.596406826606163509e+00
1.600009994934766810e+00
1.595951947493430945e+00
1.595332469695653677e+00
1.599691650194999593e+00
1.595450591735350754e+00
1.592315148695921279e+00
1.591582578879136234e+00
1.598390654417184642e+00
1.598179363593076996e+00
1.600169721322181937e+00
1.592869212994208805e+00
1.589919082323710153e+00
1.595337132612864250e+00
1.594647512374780085e+00
1.588034196083362382e+00
1.597037501212878130e+00
1.589121644313518766e+00
1.587503418555626489e+00
1.596574894281534096e+00
1.591007754130241203e+00
1.593112202485402529e+00
1.586876002641824490e+00
1.594084768417554088e+00
1.588899960579016168e+00
1.588157249414003713e+00
1.591606066165826228e+00
1.587689143877762943e+00
1.586980013358287422e+00
1.592240055707784707e+00
1.588174622486799192e+00
1.587817343076070253e+00
1.584885061398530581e+00
1.591255053190084645e+00
1.582444204733922000e+00
1.582416650270804359e+00
1.582177418623215148e+00
1.582871902294648025e+00
1.580184899232326412e+00
1.581320462165734630e+00
1.583148864599374539e+00
1.579769962873214251e+00
1.587933065646734088e+00
1.584568565014081054e+00
1.589331290355095572e+00
1.584116934201656335e+00
1.591142475299346160e+00
1.589088874291151088e+00
1.582406751926128674e+00
1.585545373574281269e+00
1.582025620876214456e+00
1.582912449347667172e+00
1.586243626398917916e+00
1.577360503184489726e+00
1.576434885844206102e+00
1.581069542505802339e+00
1.583225599924723337e+00
1.585920397746257260e+00
1.579919021251874112e+00
1.580856629824026971e+00
1.580264361393757255e+00
1.585508237435267587e+00
1.581946644721887063e+00
1.578730928592192884e+00
1.577479282403603689e+00
1.579420244999421019e+00
1.580801606178283691e+00
1.575907244437780186e+00
1.575485754624391221e+00
1.575505587076529546e+00
1.576495887682987984e+00
1.578301260715875953e+00
1.572699700869046646e+00
1.582664795716603567e+00
1.577230465412139848e+00
1.573830186709379575e+00
1.581499341512337731e+00
1.578468239613068480e+00
1.578497999142377761e+00
1.578931467655377618e+00
1.574311556877234120e+00
1.569974332895034408e+00
1.578801322594667100e+00
1.568889956596570157e+00
1.578518830812894347e+00
1.573238642399127585e+00
1.574660014800536301e+00
1.570129659848335413e+00
1.569658636435484311e+00
1.577435957162808045e+00
1.573695859236595052e+00
1.571488328163440418e+00
1.569916944320385310e+00
1.571915754905113705e+00
1.569387858341901643e+00
1.575793788066277124e+00
1.577155943711598729e+00
1.568905323590987777e+00
1.569948907387562320e+00
1.573048475766793297e+00
1.567744405147356801e+00
1.568480310990260307e+00
1.567382895335172943e+00
1.567362391643035036e+00
1.569913565195523830e+00
1.567872997124989842e+00
1.565267323530637356e+00
1.565196990355467221e+00
1.564937903942205999e+00
1.565969387995891138e+00
1.565958838890760374e+00
1.566316253711015793e+00
1.564433218576969153e+00
1.567492938653016754e+00
1.560704796436505504e+00
1.560279662181169646e+00
1.561763813556768854e+00
1.568067528956975654e+00
1.572815305453080459e+00
1.561342801191867968e+00
1.564784407309996794e+00
1.563578705909924649e+00
1.563106977939605624e+00
1.563016834931495902e+00
1.568598057062198015e+00
1.562735005219777484e+00
1.560915752863272665e+00
1.563059697090051214e+00
1.564251159398983626e+00
1.555581132876567407e+00
1.563468303130223225e+00
1.555381412383837647e+00
1.558612194428077080e+00
1.558840365593249899e+00
1.564156535038581319e+00
1.559308819281749248e+00
1.560960689874795859e+00
1.562915912652627082e+00
1.558903094744070961e+00
1.562798173305315785e+00
1.562109282994881720e+00
1.558931581484965800e+00
1.558983564071166228e+00
1.550932659552647586e+00
1.553288262929671815e+00
1.552423307528862484e+00
1.557160302614554404e+00
1.557058726824246842e+00
1.560683017816299145e+00
1.556032319863637214e+00
1.559797200789818428e+00
1.550293437639872263e+00
1.554888358177282770e+00
1.557015571838770152e+00
1.549187361888396453e+00
1.551425709174229617e+00
1.554262111431513160e+00
1.557360396629724697e+00
1.559051723969288261e+00
1.553976661119705671e+00
1.559096255363562111e+00
1.552907743515112404e+00
1.554288143989367432e+00
1.555528865410731321e+00
1.557832878980881075e+00
1.558393895931732942e+00
1.551421130926181169e+00
1.555925313937358334e+00
1.548329522976508610e+00
1.550466019373673676e+00
1.548182771144769099e+00
1.558380656670301345e+00
1.555213700808011579e+00
1.552906886125222208e+00
1.557823688250321581e+00
1.539916831102126737e+00
1.557822443277407931e+00
1.556076526336180876e+00
1.555194689065982239e+00
1.549611963064242648e+00
1.549985827238131719e+00
1.559501096529838371e+00
1.545454213252434261e+00
1.553865904074448911e+00
1.545816695384490291e+00
1.555579858254163783e+00
1.549465331970117044e+00
1.545013416730440570e+00
1.548789233122116471e+00
1.552219857619358878e+00
1.547448779375125261e+00
1.551437417360452597e+00
1.553766097777929067e+00
1.547937620297456407e+00
1.545034796763689044e+00
1.549033401562617485e+00
1.538391349560175092e+00
1.546757723734929035e+00
1.546824598312377841e+00
1.544692445718325091e+00
1.547853350945008089e+00
1.546770022465632444e+00
1.549099772404401776e+00
1.547330746283897884e+00
1.549072353962140269e+00
1.549227342850122646e+00
1.543924397688645644e+00
1.547333734769087643e+00
1.543982972548558097e+00
1.546887824168571957e+00
1.540097496142754263e+00
1.547685132576869016e+00
1.543318927288055420e+00
1.539592977364858006e+00
1.546862197533631855e+00
1.541202025841444057e+00
1.544145032687064933e+00
1.546520157043750565e+00
1.541902060997791812e+00
1.542447044604863926e+00
1.543451930315066667e+00
1.533435113919086934e+00
1.545787174885089543e+00
1.546740374198326773e+00
1.537806156965402460e+00
1.539454214083842754e+00
1.545799635312496090e+00
1.543664377469282867e+00
1.541001875583942082e+00
1.539266246404403349e+00
1.542423448501489158e+00
1.539781115299616143e+00
1.537706644718463522e+00
1.531173057739551258e+00
1.531880484177515989e+00
1.540716134890531830e+00
1.535976788630852408e+00
1.535189823003915599e+00
1.539540616976909249e+00
1.531259845770322370e+00
1.537915935577490290e+00
1.534106889137854868e+00
1.537314611520522734e+00
1.545002086345966141e+00
1.540834203133216285e+00
1.534421497430556780e+00
1.538573118050893251e+00
1.537679709226657199e+00
1.528063953534150698e+00
1.536969256706726794e+00
1.539324849385481642e+00
1.534857784784757095e+00
1.532517146147214460e+00
1.537506666550269463e+00
1.535890337137075567e+00
1.530829618527339120e+00
1.536820870485061219e+00
1.534039781338129238e+00
1.533209635661198611e+00
1.526186488530574703e+00
1.536683145853189325e+00
1.534467683388636594e+00
1.534333816247108739e+00
1.533650403756361635e+00
1.538510020573933934e+00
1.533333346476921655e+00
1.530064230087475829e+00
1.528439330443357891e+00
1.533418362568586213e+00
1.528838055867415280e+00
1.536362452384752997e+00
1.531245919985648962e+00
1.527219336155133389e+00
1.533318129258278040e+00
1.530008007624210409e+00
1.529510970910390233e+00
1.528227751071636442e+00
1.530447769470703934e+00
1.526226280285762016e+00
1.528070406119028668e+00
1.528564266669444560e+00
1.527368767139239081e+00
1.526374282898047108e+00
1.524135820070902536e+00
1.527896810189271593e+00
1.529787043730417961e+00
1.531476375384208444e+00
1.528934049300658460e+00
1.537888647654117591e+00
1.530989129421038486e+00
1.522411247400137002e+00
1.532671181666545479e+00
1.530596263592059803e+00
1.532663278090648173e+00
1.533913731880677034e+00
1.531243557196397154e+00
1.526538239686916931e+00
1.522069240533388657e+00
1.525844409832587623e+00
1.526740980453980212e+00
1.522649774490258734e+00
1.524112683381789735e+00
1.525406389970045851e+00
1.524389918645222997e+00
1.525393744309743171e+00
1.530482824643452977e+00
1.526942034868093545e+00
1.527843374778062868e+00
1.533098728228837970e+00
1.523462156454722161e+00
1.529354857787107891e+00
1.523346151144076677e+00
1.523122995327680584e+00
1.519671380825531770e+00
1.523254932195712286e+00
1.525112868883670814e+00
1.522325557317489197e+00
1.529524631683643054e+00
1.524119822795574564e+00
1.523810853407933097e+00
1.525610557580605597e+00
1.525949816826062344e+00
1.532101247555170298e+00
1.526643732572213308e+00
1.520519329034365041e+00
1.519652579992245345e+00
1.523591258586981301e+00
1.525911999054444079e+00
1.520861674272097064e+00
1.523214996166718294e+00
1.520775930086771588e+00
1.525681626491057541e+00
1.523918133209913206e+00
1.529054063711410949e+00
1.525299219290415342e+00
1.522074727523021309e+00
1.523465184370676573e+00
1.522081843706277748e+00
1.522960318968846316e+00
1.519321798972594451e+00
1.521420907668578293e+00
1.522443997554290052e+00
1.522548993122883276e+00
1.522607551171229368e+00
1.527643378575642918e+00
1.523314698231525988e+00
1.517253504655299956e+00
1.527138632994431644e+00
1.522710671180333764e+00
1.525095790471786117e+00
1.524271334745945117e+00
1.521984680799337575e+00
1.521158782029763179e+00
1.513003641214126116e+00
1.516949059107364661e+00
1.514363662096170238e+00
1.519248304305932384e+00
1.520357852715712221e+00
1.518926253379919489e+00
1.517702057728400611e+00
1.516023835463401692e+00
1.521192863048651311e+00
1.514917410948337650e+00
1.520235491410279804e+00
1.523636748240544181e+00
1.521654864152272468e+00
1.511557649649106549e+00
1.519855577517778444e+00
1.513846431634364942e+00
1.514355633197686624e+00
1.520787719274178551e+00
1.513805877245389508e+00
1.518430268153166063e+00
1.511781360858525991e+00
1.520896085714682489e+00
1.509824518668345883e+00
1.512746958243541329e+00
1.517280258582188512e+00
1.513599161612681820e+00
1.512243811900799040e+00
1.515190486113230373e+00
1.515788235419835761e+00
1.518029629878508757e+00
1.515340316906953477e+00
1.513155062382037785e+00
1.520785879783141281e+00
1.516497245201697819e+00
1.512377498088738781e+00
1.514656122831197882e+00
1.512277781657683562e+00
1.513127036889394095e+00
1.510465180873870938e+00
1.509390609692304652e+00
1.512652922287965440e+00
1.508237652595226574e+00
1.516888643839420459e+00
1.507812235294244241e+00
1.510795902594541884e+00
1.520577136369851923e+00
1.517173468149625393e+00
1.514237765165475702e+00
1.508475584861559637e+00
1.515766601990430784e+00
1.509858076389019255e+00
1.514144507432595210e+00
1.514239228077423949e+00
1.514098505790417049e+00
1.506769494826976974e+00
1.507896352731264544e+00
1.515152282286913010e+00
1.514019895516909076e+00
1.519131943201407431e+00
1.516794134714664510e+00
1.513787527267749455e+00
1.516808303197225039e+00
1.511699836376385830e+00
1.510577389521476466e+00
1.513698705037434866e+00
1.511514010184850543e+00
1.507189537622989794e+00
1.513290949662526419e+00
1.509259505760975451e+00
1.507137419932927935e+00
1.513204507338695048e+00
1.507851145817683314e+00
1.513143559908255442e+00
1.506028659221453569e+00
1.503602633720789283e+00
1.510336342530372855e+00
1.510788699908134358e+00
1.511863223711649606e+00
1.507161355018615811e+00
1.507835500973921494e+00
1.512532321917705147e+00
1.508237215800163122e+00
1.513200664825928410e+00
1.509696897176595831e+00
1.512817103740496494e+00
1.509503770485902452e+00
1.507740883949475474e+00
1.509456662642650215e+00
1.508877622775542493e+00
1.503780977848248712e+00
1.507350758100167276e+00
1.511734877488551954e+00
1.509155468146006207e+00
1.505474824477464724e+00
1.506002453351632075e+00
1.508113401975387236e+00
1.507350751069875816e+00
1.508711795929150723e+00
1.504386775004558086e+00
1.507433238701942679e+00
1.507594496470231249e+00
1.509155133748665945e+00
1.511879197756449411e+00
1.502853025839878898e+00
1.509704124316191054e+00
1.506960913156851767e+00
1.500160738749381828e+00
1.503685677662873976e+00
1.506933127305446485e+00
1.508915511461404568e+00
1.503681525817284204e+00
1.508471160974258041e+00
1.505893019223824458e+00
1.504905263888530298e+00
1.506947051561795758e+00
1.507335266088827952e+00
1.507068947950998883e+00
1.500518872799017522e+00
1.504879965537633701e+00
1.503196739233457091e+00
1.505781973936618945e+00
1.504923324095897241e+00
1.504146256202306464e+00
1.503460827699074409e+00
1.503198208870031971e+00
1.502103615112793777e+00
1.504677335726909204e+00
1.494610153406094266e+00
1.504316888405726527e+00
1.505578793012178895e+00
1.507320125592060522e+00
1.497655151746211999e+00
1.499439949255723326e+00
1.506471776350950531e+00
1.504309560396732470e+00
1.499968877511146825e+00
1.502122694101089007e+00
1.503386023411384054e+00
1.499064170091580106e+00
1.500778547311440558e+00
1.498622044844505119e+00
1.494633201452401972e+00
1.500973034516358995e+00
1.503208621037312120e+00
1.499552608147645572e+00
1.502303598171625287e+00
1.504251522284287601e+00
1.505299467001205871e+00
1.498916287299914218e+00
1.498305690899873310e+00
1.504647346337636415e+00
1.507333380136734347e+00
1.498053201956626612e+00
1.506603234853499895e+00
1.496647517497722957e+00
1.504739740261664682e+00
1.505734281662183038e+00
1.505707081770285560e+00
1.495645363819904761e+00
1.494383266644600194e+00
1.497893587136879923e+00
1.494950554615412042e+00
1.504710293427491852e+00
1.497794260428501945e+00
1.504140489223675825e+00
1.505314211967663907e+00
1.500645534197489361e+00
1.495890728021279426e+00
1.501916001393244882e+00
1.495903946191836642e+00
1.498975248520190817e+00
1.504356155945704598e+00
1.500085641176272633e+00
1.495147708746103143e+00
1.503586140657082515e+00
1.491918989939567286e+00
1.495287744815533060e+00
1.489169617493947273e+00
1.498993007342020567e+00
1.500927930611830385e+00
1.491248260094569345e+00
1.492732206063392741e+00
1.501282017964583160e+00
1.500917344521253582e+00
1.491051546426919838e+00
1.494023245725876192e+00
1.496830650476308922e+00
1.499067483804164880e+00
1.497853116194407086e+00
1.492481569449106926e+00
1.489036837907937949e+00
1.494583617723905133e+00
1.493457400493132692e+00
1.494253889108315470e+00
1.499448929688869336e+00
1.496036307934003107e+00
1.500604445812029786e+00
1.493645271582481282e+00
1.497780256393628218e+00
1.495598364487672471e+00
1.488786830963232610e+00
1.501595952877631479e+00
1.495829685834737965e+00
1.490687800676394836e+00
1.504296828844608358e+00
1.496659543575384665e+00
1.490439651562617485e+00
1.495762797196706240e+00
1.494054816930721952e+00
1.488216192294389728e+00
1.491199663969186684e+00
1.498195938269297312e+00
1.492523957827152303e+00
1.496486879617739962e+00
1.500670599020444529e+00
1.496797511822138160e+00
1.491562910263354969e+00
1.499360490762270404e+00
1.486568869382907110e+00
1.494296409227909184e+00
1.494909087511209433e+00
1.493194323930984835e+00
1.497869414243942598e+00
1.491600533632131631e+00
1.490403137145898338e+00
1.493576376866071698e+00
1.490272163733457944e+00
1.498518958152868841e+00
1.492851180296677738e+00
1.488687602373269803e+00
1.483169881197122342e+00
1.493519615515684462e+00
1.495520578897916453e+00
1.492209641444377510e+00
1.489865574775598001e+00
1.491796301878415720e+00
1.492477533756158214e+00
1.489866036329513976e+00
1.495555196052942515e+00
1.499625411706092981e+00
1.492416895352877138e+00
1.489265957551124675e+00
1.492434122012211706e+00
1.492346466198945620e+00
1.495563299227983478e+00
1.496096507096901895e+00
1.487117357131762407e+00
1.497861402462690394e+00
1.489701171410389380e+00
1.486650853279309459e+00
1.488784930950556085e+00
1.486635109400137766e+00
1.487605231236188930e+00
1.495331155336820261e+00
1.495985491153521307e+00
1.494402480431092028e+00
1.491205086157872062e+00
1.487416214515001389e+00
1.498572321121509177e+00
1.486052985374744173e+00
1.491629666548508926e+00
1.488858769184503883e+00
1.481999584039052298e+00
1.491305536795885178e+00
1.489324979293040752e+00
1.490298071885720388e+00
1.488191304757044975e+00
1.494115404287974069e+00
1.488492682652595711e+00
1.484926729630201336e+00
1.487462207904228784e+00
1.477981969943413354e+00
1.491722651322682669e+00
1.490940642051207687e+00
1.491092854585402971e+00
1.494906873275072101e+00
1.488600410864903356e+00
1.495795872883918909e+00
1.486006953777410988e+00
1.491019861209086805e+00
1.484688626497219666e+00
1.483636082747043616e+00
1.481514136607830379e+00
1.480508062472710273e+00
1.487656737749393221e+00
1.483986007250272410e+00
1.488788387408623404e+00
1.491095795692541692e+00
1.492606771603608662e+00
1.488402417378547948e+00
1.486246475806602962e+00
1.495692942081353616e+00
1.486712383918273206e+00
1.488143652219038771e+00
1.487134974125104092e+00
1.478808518556448126e+00
1.489446158286852784e+00
1.483235374475136759e+00
1.486762799055148410e+00
1.487937879256713058e+00
1.485904590288797955e+00
1.484043358533810419e+00
1.483831665149101919e+00
1.486502713423508926e+00
1.492073059693360904e+00
1.484143790526267770e+00
1.494804842961140245e+00
1.483810083071390729e+00
1.486006171886737448e+00
1.485878615501599498e+00
1.479017578944181732e+00
1.486086501219333833e+00
1.484949756891299488e+00
1.493119797339806265e+00
1.483379703607314637e+00
1.484881639786255647e+00
1.483819412573790020e+00
1.487717011647346599e+00
1.479513888787000520e+00
1.490323755679986428e+00
1.484178080008580203e+00
1.484265813155051905e+00
1.486531054667937557e+00
1.486226230095594403e+00
1.482150884775015109e+00
1.480814400697365807e+00
1.480403156158251576e+00
1.484550108359410148e+00
1.487241515746483334e+00
1.484082558521857553e+00
1.474857997894287065e+00
1.490754384260911225e+00
1.481698521895286280e+00
1.485594342610774943e+00
1.484034769657330610e+00
1.487178201247484344e+00
1.486898146531520748e+00
1.492812713292928750e+00
1.479381255003122231e+00
1.479776884042299789e+00
1.486462037991254759e+00
1.488899464484972901e+00
1.479105261961618956e+00
1.478744681370564029e+00
1.485883521422361797e+00
1.480813091840499585e+00
1.483008704124352928e+00
1.481139981135343842e+00
1.485722273435348129e+00
1.479319057403466697e+00
1.485528662265875433e+00
1.477432694801917412e+00
1.482815675246409892e+00
1.478825890100919249e+00
1.482958932717641121e+00
1.483745365876417921e+00
1.478372988028404000e+00
1.484810532362033086e+00
1.481980916017141103e+00
1.482542300529968937e+00
1.483501487206190017e+00
1.474358013654366584e+00
1.489252062944265598e+00
1.481308177801278880e+00
1.477248558325645167e+00
1.475618867690746683e+00
1.481119874196174857e+00
1.480147365729014064e+00
1.480024993725312044e+00
1.484332253382756095e+00
1.483731364592527635e+00
1.480406573796883674e+00
1.479855106732784087e+00
1.479885959319579225e+00
1.482829275192358631e+00
1.478066358505151223e+00
1.479500876023219114e+00
1.478384612156794731e+00
1.482312929324614670e+00
1.489553603453513952e+00
1.479783012622442051e+00
1.477440007833334068e+00
1.482767343215453337e+00
1.478308164156400206e+00
1.487893260747958468e+00
1.475123924016952470e+00
1.484078299387907363e+00
1.483744638088422052e+00
1.482411890763502882e+00
1.485337805442320969e+00
1.478576801679073238e+00
1.483463412064772280e+00
1.484377789497375533e+00
1.483602859423710729e+00
1.486089555422464903e+00
1.478378656582954642e+00
1.477788393008403256e+00
1.483457080217508217e+00
1.478615563343732786e+00
1.484501280845739846e+00
1.473595166817689650e+00
1.482410503656436340e+00
1.476582877146892070e+00
1.482152924170860864e+00
1.490508507765256452e+00
1.476847653205578093e+00
1.485816075251652713e+00
1.476910469165215067e+00
1.481250386054699275e+00
1.484020208701109178e+00
1.486883072364024727e+00
1.484896056468670178e+00
1.484846541820428412e+00
1.477745289985950228e+00
1.482358830708723874e+00
1.476813442584795855e+00
1.480369306527651307e+00
1.478312627168802074e+00
1.480052815645168884e+00
1.479582700362572334e+00
1.479995111318735068e+00
1.478039637284401131e+00
1.483816255972935538e+00
1.474374775397471860e+00
1.476433582183642290e+00
1.481132184236477523e+00
1.478024868170420225e+00
1.472330938852750348e+00
1.480170915065667669e+00
1.473432031655922847e+00
1.474877304602892014e+00
1.475990524047460228e+00
1.474982493962996966e+00
1.476049992977044534e+00
1.485139033427605337e+00
1.483436846121763519e+00
1.473413986426133304e+00
1.476399474266247847e+00
1.468877124175047344e+00
1.472169858064406922e+00
1.473344542735662177e+00
1.480401821625538350e+00
1.471933127366579441e+00
1.478167105026734207e+00
1.473841918431795461e+00
1.470427272564325483e+00
1.471197012907419444e+00
1.478298029532799429e+00
1.478433638963943864e+00
1.474336769641974021e+00
1.474830152132572181e+00
1.479234013190636299e+00
1.473369908332824663e+00
1.474609778477595334e+00
1.473105345322535564e+00
1.468104962813548520e+00
1.477710889241634185e+00
1.468410222958295819e+00
1.476613120237986188e+00
1.475780372130565121e+00
1.470908606969393295e+00
1.471353047627669053e+00
1.471892642974853560e+00
1.473420817729754306e+00
1.468871233707819135e+00
1.474925213593702988e+00
1.469960225239778095e+00
1.474746204033876129e+00
1.472088969365144440e+00
1.473137453886178783e+00
1.469552170924651291e+00
1.473367052506177943e+00
1.467227381926316410e+00
1.464593784320048719e+00
1.475466562540103332e+00
1.476280531210777180e+00
1.473677754096495818e+00
1.470767902105282410e+00
1.475012729106805365e+00
1.468084173936110348e+00
1.470210393881186350e+00
1.472894506271068771e+00
1.466704066594441747e+00
1.468492307571264366e+00
1.467220724545992283e+00
1.475212261921320156e+00
1.475900125503539995e+00
1.470490542436257320e+00
1.467329675723344939e+00
1.467909598961854689e+00
1.466242735813825471e+00
1.468302121682044881e+00
1.466893924199617727e+00
1.475437172253926565e+00
1.462064693218622535e+00
1.467467875664050680e+00
1.469666823974022485e+00
1.470124244995606233e+00
1.475330984898102660e+00
1.467324219300196742e+00
1.470231495759426021e+00
1.469486747949551253e+00
1.461432818877391293e+00
1.472484575479458435e+00
1.469211454574878450e+00
1.465247141703581280e+00
1.472149243415930231e+00
1.470079926038399654e+00
1.471562795149974345e+00
1.468888820134676365e+00
1.461108829119266650e+00
1.466005888963356929e+00
1.467068922825348620e+00
1.463971378864386219e+00
1.465883059226549490e+00
1.461929475038479476e+00
1.473076763519874044e+00
1.466971141558427005e+00
1.471677880409436368e+00
1.472271610223329974e+00
1.463712924566024309e+00
1.462685867761954306e+00
1.466784175542684698e+00
1.464775525912260346e+00
1.467491371815021317e+00
1.464033005482111127e+00
1.472317757361974566e+00
1.465528346942021276e+00
1.461894930631686407e+00
1.470608506447229624e+00
1.466239127745995185e+00
1.467467385683304260e+00
1.472424585696978427e+00
1.466526086819477603e+00
1.466972489846058325e+00
1.468157762441879566e+00
1.468079590797424228e+00
1.472653897909017795e+00
1.476200789977342609e+00
1.464130206597157091e+00
1.463587416135347707e+00
1.474675832039270551e+00
1.464775680578672024e+00
1.469592881508362536e+00
1.469580871325272708e+00
1.464367706347734499e+00
1.465818576935010054e+00
1.471255774070055145e+00
1.467718401627662761e+00
1.463869278247539762e+00
1.471079257207039026e+00
1.463264530132978303e+00
1.468468585992470876e+00
1.467638381322224905e+00
1.469845784321809345e+00
1.467099701441251236e+00
1.469908657135107655e+00
1.471046027159079506e+00
1.466606932114332240e+00
1.469313241273928927e+00
1.467784947615403457e+00
1.470331586629916476e+00
1.465148217555804155e+00
1.467579172207758909e+00
1.465932707603161189e+00
1.471602157140389444e+00
1.474946484810266689e+00
1.462757529050875860e+00
1.470471482399182461e+00
1.476967515700902789e+00
1.476007151298033948e+00
1.466972127633217049e+00
1.465294405741569328e+00
1.477149625619252449e+00
1.471751398000961775e+00
1.477160737759027676e+00
1.470735622369325979e+00
1.467949869082524117e+00
1.472039371881729508e+00
1.468204638896844383e+00
1.465194721710987524e+00
1.475634508560865310e+00
1.465519810945559831e+00
1.462231831061534315e+00
1.467716278785314410e+00
1.466900725853748755e+00
1.462389195882357162e+00
1.463340323399274778e+00
1.462032676354432681e+00
1.466857137129856881e+00
1.462902236290467117e+00
1.464083487865252442e+00
1.464801593315907091e+00
1.470209347896086927e+00
1.459435359636942486e+00
1.465904289025526719e+00
1.473132563859988586e+00
1.463631055599603936e+00
1.461674987658476255e+00
1.464824865108881324e+00
1.464460443227719066e+00
1.465650346340277244e+00
1.461685029971294014e+00
1.464621236385443170e+00
1.468705960726126580e+00
1.465367100788996790e+00
1.466721528462874513e+00
1.457746855112222573e+00
1.463982431705181497e+00
1.467733986561114978e+00
1.464296369063548653e+00
1.474003202792925737e+00
1.466190693622980268e+00
1.463128586304493384e+00
1.462087969443736979e+00
1.465395064537341696e+00
1.464848566666627550e+00
1.464310423227456859e+00
1.467101016105749611e+00
1.463145098625085350e+00
1.464691331600531443e+00
1.464645132346030998e+00
1.462984024255703730e+00
1.476103841647123716e+00
1.464509211442409420e+00
1.472073783629979760e+00
1.467756537902049629e+00
1.460624085328517729e+00
1.466762273433880992e+00
1.463883347541858004e+00
1.462653384758875852e+00
1.471499083592341606e+00
1.473324799843323429e+00
1.473263906821226543e+00
1.473089182988191359e+00
1.461213086507259229e+00
1.468022394791627550e+00
1.468931592733432101e+00
1.464445902139712707e+00
1.458875295137747718e+00
1.466135515005160705e+00
1.466228292538569455e+00
1.467647064649141742e+00
1.468892529377570533e+00
1.455340574185053582e+00
1.463825849386361844e+00
1.463929557494628053e+00
1.461318429311116551e+00
1.460608830665930613e+00
1.462981659632462739e+00
1.456926723932608470e+00
1.462875448129115963e+00
1.458147223790486668e+00
1.461315300984260324e+00
1.462982078698965127e+00
1.461543880364833736e+00
1.460910248145079082e+00
1.461347293242430068e+00
1.461931351820627834e+00
1.466244494609343807e+00
1.459189033508300870e+00
1.464563951125511743e+00
1.456946783799391465e+00
1.462550963193942399e+00
1.460003062394949147e+00
1.457208441006831556e+00
1.459609221495114850e+00
1.460744830278249973e+00
1.459355508516996247e+00
1.459889688552954201e+00
1.455034308861463455e+00
1.459832071035336298e+00
1.459375422734480621e+00
1.455960336098304220e+00
1.463877845116150711e+00
1.459797587608679725e+00
1.458820386574818606e+00
1.454476820811247295e+00
1.460817785446460348e+00
1.458863732753655773e+00
1.461724096078139024e+00
1.458542421842232706e+00
1.453551213557903621e+00
1.458190737932156367e+00
1.456564152852082961e+00
1.465129017829895020e+00
1.458052501617333796e+00
1.458906775254469546e+00
1.459774709970523165e+00
1.457616706689198738e+00
1.454128049887143614e+00
1.451931931422306921e+00
1.457947237675006669e+00
1.453672214501943394e+00
1.453544992361313293e+00
1.449458587169647261e+00
1.453196628277118485e+00
1.450486149543370962e+00
1.449844287908994334e+00
1.459703413951091377e+00
1.458078420467865843e+00
1.452377335841839034e+00
1.456051246630839735e+00
1.452948473050044154e+00
1.451243299704331635e+00
1.451222592745071704e+00
1.452048849142514753e+00
1.454360974751985891e+00
1.450158690947752627e+00
1.447970912242547037e+00
1.456550246018629702e+00
1.459653371725326831e+00
1.455339402418870165e+00
1.448649942569243620e+00
1.451437907952528805e+00
1.452438284800602775e+00
1.445793286042335701e+00
1.455276544888814305e+00
1.450703886227729944e+00
1.451833951167571302e+00
1.450163554228269147e+00
1.453107626621539694e+00
1.451743766283377646e+00
1.455994885701399566e+00
1.448634592386392361e+00
1.455661171216231065e+00
1.452278914207067340e+00
1.452721471358568328e+00
1.447376695046058037e+00
1.447716697057088275e+00
1.449297443414345743e+00
1.452314944756336601e+00
1.446802060420696590e+00
1.452679002285003573e+00
1.447410122553507428e+00
1.451392024602645492e+00
1.443875546638782259e+00
1.450844302849891854e+00
1.447371553457700299e+00
1.442180626208965588e+00
1.441410032755289228e+00
1.453475450858091600e+00
1.443559804329505258e+00
1.449489144789867012e+00
1.441275934378306145e+00
1.447068509688744120e+00
1.443920523998064809e+00
1.439517807043515729e+00
1.439813387699616198e+00
1.438330233708406070e+00
1.449247903243089386e+00
1.439855041870704122e+00
1.436413477017329354e+00
1.441005310339805501e+00
1.448470363708642905e+00
1.443786116441091005e+00
1.447688002769763616e+00
1.438895142689729401e+00
1.439915715425442500e+00
1.453669916972135878e+00
1.444932235509921448e+00
1.448193730452121741e+00
1.448837701173929071e+00
1.446308122842739685e+00
1.444355979638221932e+00
1.441701929385845515e+00
1.445684591929117913e+00
1.444718332168383412e+00
1.443668626210628414e+00
1.444035386733519832e+00
1.446419566411238478e+00
1.446099031888521624e+00
1.444987095930637455e+00
1.443038730437939066e+00
1.447935147163195380e+00
1.446098257333804371e+00
1.441193172259208399e+00
1.448985628898327160e+00
1.444504312979869365e+00
1.447200580437978168e+00
1.441199248876327221e+00
1.448040827421041676e+00
1.445019209079253297e+00
1.440679896794832660e+00
1.441874431035457427e+00
1.450973983605702733e+00
1.437039533333900554e+00
1.443827031514583581e+00
1.444940316982758377e+00
1.444970766397623008e+00
1.449716139451051378e+00
1.446393477305387920e+00
1.443052907479114966e+00
1.453303201076311835e+00
1.446830463409423784e+00
1.445022802780836058e+00
1.443852819540561772e+00
1.441597624925466725e+00
1.443126370967962702e+00
1.442619352310131831e+00
1.455138840736486916e+00
1.442487972210615199e+00
1.445195020162142185e+00
1.439850285114386175e+00
1.447274175057044365e+00
1.441629759470621774e+00
1.441063369848789355e+00
1.442479319450182818e+00
1.442859536562210554e+00
1.437915245997600122e+00
1.445053815536009978e+00
1.447751541626759009e+00
1.443407239975073475e+00
1.444689221565540027e+00
1.439494892267080495e+00
1.444166711202034659e+00
1.440794548621544546e+00
1.431653075951796250e+00
1.444361354448856494e+00
1.441239587465922067e+00
1.437213944166134461e+00
1.442960991003574556e+00
1.443204792646261447e+00
1.440091981948950384e+00
1.442842642007730047e+00
1.440537780981797411e+00
1.449266168093070073e+00
1.448953729715102723e+00
1.438113056849210647e+00
1.443165667240436267e+00
1.443980137201456015e+00
1.449997753974718862e+00
1.447894196326916072e+00
1.444870820717933935e+00
1.443540617441519736e+00
1.441018543793604945e+00
1.437227443854014020e+00
1.438710644611945533e+00
1.443153033959559961e+00
1.439741696149875017e+00
1.439642696808546063e+00
1.437353978707240243e+00
1.439362816015879343e+00
1.448521194855372007e+00
1.440723183674690100e+00
1.441604760976938016e+00
1.444619713991116328e+00
1.446215744813283299e+00
1.442778782661144454e+00
1.439822446382962751e+00
1.447599874857144586e+00
1.439415981525029808e+00
1.442391176407153752e+00
1.439442051068330342e+00
1.442427056874984403e+00
1.440983926638578660e+00
1.442355379691490747e+00
1.442756488690009498e+00
1.441521736597403569e+00
1.441569214295118195e+00
1.438097030077225114e+00
1.443297932698176522e+00
1.439519592431875328e+00
1.443790472470797059e+00
1.438582610166989850e+00
1.442167846973125833e+00
1.447083997726440474e+00
1.445513726809085853e+00
1.444097723716344595e+00
1.443183349951719707e+00
1.441236908619220491e+00
1.447017809366568430e+00
1.440228432569748307e+00
1.444223076563615038e+00
1.439981411359249064e+00
1.446254432812715152e+00
1.440019121536841862e+00
1.447774164187602519e+00
1.453665856825999692e+00
1.449714825397882656e+00
1.439942760345263251e+00
1.440091268221537213e+00
1.442957973785889525e+00
1.442697365773029761e+00
1.436305627761742976e+00
1.439568574611957308e+00
1.441343364654443127e+00
1.441435105372697922e+00
1.433661081546392158e+00
1.431486309491670994e+00
1.438234084997421558e+00
1.438798174491295434e+00
1.444301611337906355e+00
1.438502991199493319e+00
1.438500691377199603e+00
1.441053474255097111e+00
1.443530586132636406e+00
1.441162490539061647e+00
1.442004567231887524e+00
1.440910610785851143e+00
1.438770075027759221e+00
1.442996775798308651e+00
1.433320585580972528e+00
1.443523486455281502e+00
1.441206615399091673e+00
1.436518285213372659e+00
1.442528811479226070e+00
1.433282067378361946e+00
1.439457698663075824e+00
1.439627861976623624e+00
1.438961121974847268e+00
1.438073607591482395e+00
1.446117419768602419e+00
1.432324930032094379e+00
1.442321071563622992e+00
1.442680087456336357e+00
1.442826996094141334e+00
1.443596282983437673e+00
1.440561803181966249e+00
1.436297554236191987e+00
1.441116562256446354e+00
1.435558804181905845e+00
1.434921718255067535e+00
1.437890259730510323e+00
1.429621105927687319e+00
1.440364357141348028e+00
1.442441332340240523e+00
1.439264995623857457e+00
1.438780659284347063e+00
1.436262727395082095e+00
1.437819768526615194e+00
1.438635805631295339e+00
1.440121644888168628e+00
1.439738912154466588e+00
1.442247558251405382e+00
1.437942743912721255e+00
1.438067453029828302e+00
1.432184492624722916e+00
1.433380564053853279e+00
1.446731920731373355e+00
1.440075419804988766e+00
1.434314656257629439e+00
1.436732332523052547e+00
1.434065841711484435e+00
1.432091908271496017e+00
1.431405941339639609e+00
1.436544382266509157e+00
1.432557752499213688e+00
1.431690894946073822e+00
1.432856435959155794e+00
1.434637121665172099e+00
1.433966531203343386e+00
1.439016053615472357e+00
1.439759675050393151e+00
1.440307869972326849e+00
1.442135395759191363e+00
1.432260861763587467e+00
1.424599518837072809e+00
1.438842809200286954e+00
1.432027583550184113e+00
1.436401185928246838e+00
1.439304811526567418e+00
1.436034323618962105e+00
1.435402586215581699e+00
1.431107434553977820e+00
1.440553219807453544e+00
1.437027473938770727e+00
1.442674417984791235e+00
1.431150823067396161e+00
1.430831545438521868e+00
1.438034712656950376e+00
1.437571266675606863e+00
1.436885062853495265e+00
1.432515590160321040e+00
1.435363784814492227e+00
1.435152818300785116e+00
1.433739534708169838e+00
1.437151756042089223e+00
1.439120383446033102e+00
1.430820983801132540e+00
1.436637767767294793e+00
1.427068847264999052e+00
1.439406914894397538e+00
1.434518801554655498e+00
1.429575648980262903e+00
1.433583246133266265e+00
1.426234492277487664e+00
1.429721831664060971e+00
1.437296210649686046e+00
1.434596522649129291e+00
1.438839560594314282e+00
1.427956676483154386e+00
1.432726072042416199e+00
1.435902542640001389e+00
1.431937678043659012e+00
1.432778521073170275e+00
1.435184216193663875e+00
1.430224610291994436e+00
1.430161161606128495e+00
1.438070184450883193e+00
1.431863038967817303e+00
1.422437328253036926e+00
1.441134034670316311e+00
1.435914426277845379e+00
1.436578460228748799e+00
1.437614689729152628e+00
1.430950374175340656e+00
1.435214606309548335e+00
1.429929916063944484e+00
1.432869027516780802e+00
1.430807218184837915e+00
1.438393690035893346e+00
1.430771993979429668e+00
1.435837255074427610e+00
1.437892149656246898e+00
1.434267374491080327e+00
1.431747729656023926e+00
1.431489472205822233e+00
1.436410559752048677e+00
1.430360744855342814e+00
1.429027912555596691e+00
1.434042388047927385e+00
1.435015498980497739e+00
1.436485817187871605e+00
1.430315929498428007e+00
1.430587431406363352e+00
1.435696398906218807e+00
1.434779107876313020e+00
1.440809082373594618e+00
1.441828431532933052e+00
1.435392547265077257e+00
1.437088521627279514e+00
1.438695620267819164e+00
1.437561297722351750e+00
1.422085700279626996e+00
1.440670474370320697e+00
1.438504921778654522e+00
1.432246583853012512e+00
1.434355214008918189e+00
1.438575048630054143e+00
1.429754629501929664e+00
1.444314241103636931e+00
1.436848039810474154e+00
1.434063926415565682e+00
1.440904798568823475e+00
1.436075543440305191e+00
1.435577869720948030e+00
1.442596118878095579e+00
1.433955533076555211e+00
1.439938375277396876e+00
1.437398048853262944e+00
1.432272612131558986e+00
1.439215047542865555e+00
1.439884049770159491e+00
1.438091720067537826e+00
1.438295375995146896e+00
1.440452492848420807e+00
1.437656932305066970e+00
1.438326749129173132e+00
1.436349545075343181e+00
1.446486630195226386e+00
1.445233139624962471e+00
1.434175100082006216e+00
1.435543040128854697e+00
1.440480227653796907e+00
1.436944665358616646e+00
1.440113103084075252e+00
1.435900419186323163e+00
1.438700972153590385e+00
1.439914581714532238e+00
1.433491834004720022e+00
1.436786223069215440e+00
1.437604504670852323e+00
1.445531317209586053e+00
1.439819585360013532e+00
1.450101570899669845e+00
1.432874161463517426e+00
1.438414347171783403e+00
1.439695139114673283e+00
1.443908090163499969e+00
1.434063210242833897e+00
1.444481763778588723e+00
1.444682710445844176e+00
1.437231984810951380e+00
1.439520921462621450e+00
1.430543492084894508e+00
1.435911165750943796e+00
1.436004971235226302e+00
1.437218888295002550e+00
1.439223730258452516e+00
1.434833388145153377e+00
1.438644629258375884e+00
1.435037687191596412e+00
1.443529762671543981e+00
1.440076189469068568e+00
1.442297443059774587e+00
1.433962283378992231e+00
1.435441218889676573e+00
1.439649218779343931e+00
1.440618372574830719e+00
1.438117999296921967e+00
1.439927521730080651e+00
1.447855513218121670e+00
1.439000880106901414e+00
1.443216826671209096e+00
1.433879629159585001e+00
1.441270337043664362e+00
1.442980697827461523e+00
1.439528906956697218e+00
1.433115075490413615e+00
1.443393736619215773e+00
1.430674262535877705e+00
1.442610319149799869e+00
1.437854945353972624e+00
1.436710521502372551e+00
1.436803718407948738e+00
1.441355025156950243e+00
1.436565437683692270e+00
1.441332696951352688e+00
1.442034243620359035e+00
1.440569788828874209e+00
1.442120832663315921e+00
1.433115933797298291e+00
1.436906026876889841e+00
1.442933572561313049e+00
1.439619650901892145e+00
1.442348660261203008e+00
1.438036663715656083e+00
1.442941054014059254e+00
1.431493541827568716e+00
1.437988077371548323e+00
1.434928523577176707e+00
1.436975992337251373e+00
1.435751327490195184e+00
1.437214796665387206e+00
1.435650614286080318e+00
1.430295742780734347e+00
1.438070043233724782e+00
1.444060859619042736e+00
1.435827910288786313e+00
1.434965469286991979e+00
1.433498596228085953e+00
1.435079498474414628e+00
1.431090100606282611e+00
1.433661465155772641e+00
1.442379279014391669e+00
1.430902781853309103e+00
1.431722428248478840e+00
1.429566561105923839e+00
1.433795354916499232e+00
1.435824818794543933e+00
1.439174407873398120e+00
1.438115420708289571e+00
1.435403185930007597e+00
1.437089867775256824e+00
1.435794010529151343e+00
1.437161308679825167e+00
1.439534387985865305e+00
1.434492070552630283e+00
1.433200976787469383e+00
1.438875771791507052e+00
1.434625322696490235e+00
1.437368346483279602e+00
1.431065710385640566e+00
1.435347088483663658e+00
1.437906401279645197e+00
1.437738332075950476e+00
1.426786340505648898e+00
1.440261239577562469e+00
1.425631981018262051e+00
1.436736164031884533e+00
1.431552040576934859e+00
1.429104684866391750e+00
1.438315397959489150e+00
1.434127263228098581e+00
1.441692079336215349e+00
1.438724609827384038e+00
1.429247528161758041e+00
1.436900387054834694e+00
1.439938122798235076e+00
1.433612241500463291e+00
1.435967612877870225e+00
1.439037840794294310e+00
1.436456645757724138e+00
1.433756839923369553e+00
1.430821995857434414e+00
1.438866162300109774e+00
1.436564408204494381e+00
1.434739782871344183e+00
1.437542643608191062e+00
1.437435365640200136e+00
1.433891951732146453e+00
1.437381800015767430e+00
1.440460618948325111e+00
1.432272622524163763e+00
1.440846947828928526e+00
1.442113881539075715e+00
1.441638896709833473e+00
1.436286339393028744e+00
1.438698458365905042e+00
1.435688089407407331e+00
1.430054156596844095e+00
1.431437161641243128e+00
1.438561791334396656e+00
1.432118594340789031e+00
1.435830451891972448e+00
1.439367071481851390e+00
1.440417903508895536e+00
1.434056798922709985e+00
1.435741676122714416e+00
1.436879264391385691e+00
1.438831819937779422e+00
1.440077635263785405e+00
1.426500439338195036e+00
1.429628324508666948e+00
1.435372323561937336e+00
1.436517161895067174e+00
1.436567052511068532e+00
1.437034425368675761e+00
1.439756699403127005e+00
1.428942486873039819e+00
1.438027639266772129e+00
1.432981371879577637e+00
1.434652067759098149e+00
1.430337891211876489e+00
1.430389099854689317e+00
1.440341191108410079e+00
1.437857904189672187e+00
1.433161752651899379e+00
1.435357883343329810e+00
1.440599048137664706e+00
1.436469386174128671e+00
1.430646672004308506e+00
1.436870432511354156e+00
1.441319490396059555e+00
1.436245569816002376e+00
1.439345648349859674e+00
1.439319253273499299e+00
1.438345130895956947e+00
1.436723537017137620e+00
1.442304685788276863e+00
1.437498584466102791e+00
1.441621214304214860e+00
1.434453669878152704e+00
1.433916851190420338e+00
1.435854740326221179e+00
1.433655691146850542e+00
1.437714197391118720e+00
1.435404600852575152e+00
1.444166878247872488e+00
1.436237150583511646e+00
