1.512034258017173283e+00
1.791065419942904802e+00
1.236550934039629457e+00
1.027599198543108328e+00
8.955103725959092653e-01
8.155588758297455110e-01
7.272895735807908268e-01
6.754883586596219791e-01
6.285494555265475070e-01
5.884004767124469959e-01
5.630136670210422745e-01
5.336032972886012304e-01
5.169838093030146853e-01
4.855365393635553972e-01
4.750677945522161494e-01
4.637321018637755032e-01
4.342301596433688626e-01
4.307716673001265040e-01
4.054809820957672728e-01
4.026530797282854568e-01
3.841034092200107941e-01
3.835570278458106386e-01
3.788638887497094987e-01
3.682823693523040176e-01
3.550899936220584530e-01
3.538293645550042998e-01
3.397028900873966806e-01
3.285175783129838933e-01
3.231652280841117997e-01
3.205788392669115527e-01
3.123312750687965988e-01
3.039127145440150279e-01
3.026621713852271078e-01
2.992562291713861122e-01
2.920791159073511944e-01
2.923142526776362771e-01
2.972350560892850768e-01
2.870525658512727007e-01
2.790866850660397303e-01
2.695642061531543510e-01
2.745094324151675091e-01
2.670015805042706969e-01
2.669642027371968984e-01
2.569285718103249683e-01
2.558793608767864214e-01
2.542747043455258482e-01
2.497832959470076553e-01
2.505916265723032721e-01
2.410612391737791127e-01
2.390580052557663981e-01
2.345497631491758883e-01
2.393661768581622773e-01
2.372047075476401978e-01
2.342356024262232661e-01
2.411465929295772137e-01
2.347369890182446073e-01
2.277692968646685412e-01
2.233623071358754042e-01
2.266533469351438290e-01
2.196509533776686840e-01
2.223047392299541958e-01
2.231314231378909996e-01
2.132031831603783956e-01
2.157290038772118335e-01
2.130054891109466608e-01
2.151246176889309580e-01
2.094045140804388638e-01
2.024773784937002608e-01
2.079524244253452003e-01
2.110918585497599254e-01
2.005543168729696513e-01
2.040011086334020673e-01
2.080568505785403977e-01
1.954033024609088953e-01
2.010817369016317246e-01
1.993764479190875405e-01
1.950189545846138239e-01
1.846836644869584432e-01
1.855512815408217608e-01
1.856223379190151401e-01
1.881429563539150362e-01
1.900963377589598713e-01
1.902150960113757616e-01
1.869316300425009902e-01
1.925957207496349632e-01
1.881365096721893670e-01
1.816617728043825319e-01
1.900515623486194738e-01
1.823776711160555730e-01
1.828160097201665113e-01
1.791927207165803781e-01
1.850650789932562768e-01
1.859585123375440130e-01
1.790083169077451297e-01
1.731694732434474471e-01
1.771804603437582559e-01
1.770604820014574643e-01
1.817874695437076693e-01
1.773167029691812280e-01
1.762354676349040805e-01
1.711681076540396695e-01
1.798984794471508442e-01
1.745266842154356013e-01
1.708429214090873005e-01
1.680932126748256317e-01
1.799761534787905626e-01
1.663824689502899357e-01
1.669149114821965874e-01
1.752616289812020667e-01
1.711033154374513865e-01
1.647812099984058976e-01
1.687043598447090509e-01
1.699544547555538188e-01
1.658953562665444192e-01
1.661676246768389043e-01
1.630379863943045016e-01
1.617884443738521749e-01
1.653826069850952152e-01
1.589741110515136002e-01
1.700607136847117062e-01
1.655574615280597517e-01
1.674551444175915726e-01
1.617004774606380646e-01
1.586487832264258380e-01
1.556378838343498161e-01
1.612332495263753829e-01
1.633641578257084004e-01
1.579910756590274801e-01
1.628389374281351276e-01
1.620726062319217675e-01
1.650238030996078187e-01
1.528164649716554635e-01
1.534764841485481979e-01
1.579137774423146900e-01
1.532425754154339848e-01
1.562997029377863889e-01
1.527567577667725274e-01
1.560467866273262671e-01
1.519322804151437278e-01
1.540564922568125605e-01
1.587616832592548544e-01
1.495177102012512083e-01
1.584734789358499818e-01
1.525994859731350239e-01
1.572418324076212404e-01
1.571576553946122112e-01
1.528248626738786808e-01
1.519600785409028765e-01
1.540498818629063016e-01
1.511984002418242934e-01
1.550662358219807024e-01
1.538104371478160315e-01
1.499106039794591838e-01
1.515246499329805374e-01
1.522478371572036082e-01
1.495020903599185713e-01
1.490180930743614796e-01
1.517445113223332698e-01
1.502404377819635817e-01
1.535491017959056681e-01
1.446290579266273080e-01
1.521432872766103617e-01
1.467813932456267234e-01
1.426711277892956375e-01
1.443924061954021398e-01
1.471454153171716517e-01
1.481341260365950652e-01
1.458858588662667044e-01
1.435969510712684638e-01
1.422480326241407633e-01
1.431917339276808920e-01
1.481559793918560686e-01
1.456623853638004118e-01
1.432379549130415319e-01
1.428028279294570324e-01
1.475140929317627081e-01
1.416667115325346837e-01
1.479459156592687064e-01
1.410212295941817573e-01
1.472512632608413696e-01
1.498849721959768233e-01
1.403847879037642965e-01
1.405933308773315848e-01
1.438856878437292930e-01
1.468577679915305800e-01
1.433528280984132652e-01
1.395632674774298365e-01
1.469531384845956801e-01
1.379687655526093959e-01
1.538053047580596744e-01
1.425848822754162970e-01
1.396176136457003003e-01
1.471704027496087142e-01
1.454874645345486106e-01
1.481178334699227161e-01
1.469132591421023482e-01
1.421937141089867351e-01
1.364742800593376215e-01
1.413911755841512075e-01
1.346071390960461023e-01
1.409485003170676820e-01
1.418556756029526467e-01
1.424372136879425710e-01
1.419296638037149672e-01
1.411872110305688321e-01
1.407100910368638269e-01
1.416922749044039198e-01
1.348698928474615644e-01
1.379192392699993552e-01
1.316933755977795772e-01
1.398117177665997857e-01
1.318623212906412656e-01
1.431336065611014119e-01
1.386904029987561515e-01
1.385389525252274934e-01
1.402398237815269955e-01
1.434297432693151242e-01
1.356933521345639881e-01
1.356255106532420762e-01
1.332947246300486555e-01
1.427663173431005239e-01
1.348705702580702548e-01
1.359138445164530806e-01
1.341307764872908537e-01
1.349931701922263971e-01
1.402092440197101053e-01
1.306503667567784910e-01
1.377376288844224805e-01
1.327678826661446154e-01
1.370957346107715136e-01
1.375151578336954172e-01
1.355882271598929101e-01
1.319986544836025955e-01
1.332767572827064095e-01
1.330013862596108321e-01
1.363141518372755767e-01
1.391914724396207392e-01
1.424759589183406949e-01
1.339717170366874210e-01
1.328396971934499016e-01
1.329922037055859263e-01
1.345056360205396651e-01
1.378271392331673617e-01
1.377091203840115075e-01
1.368712956706682748e-01
1.369662162394095772e-01
1.313321294692846308e-01
1.371686872572470961e-01
1.376436072091261620e-01
1.365192195352835647e-01
1.387699390833194435e-01
1.294994859789044550e-01
1.334367026933110656e-01
1.310475165645281492e-01
1.316118101899822479e-01
1.306803571585661294e-01
1.295788662460369833e-01
1.458065952723607006e-01
1.352667872388011450e-01
1.322740559967664487e-01
1.324256470856758350e-01
1.350744668967448769e-01
1.342132820294071605e-01
1.300797291195545380e-01
1.297024276489630590e-01
1.303433667725095446e-01
1.335044523175710207e-01
1.361997791207753827e-01
1.290562272501679653e-01
1.405510374655326300e-01
1.333628136378068318e-01
1.365856192814998149e-01
1.339847280476720026e-01
1.357146267420970553e-01
1.354402147902128151e-01
1.269402768128575498e-01
1.310533426319941408e-01
1.339176874321240662e-01
1.339969314539279643e-01
1.310229661372991627e-01
1.347537858554950230e-01
1.297279656124420699e-01
1.326643155935482987e-01
1.389312819362832907e-01
1.281952755000346778e-01
1.277050417537490545e-01
1.281633261686716263e-01
1.347632329815473262e-01
1.365000401074305536e-01
1.352961693341151184e-01
1.397960097552874148e-01
1.340573465403838149e-01
1.389449205965949952e-01
1.374628827644464313e-01
1.348085724868071378e-01
1.293687968777540442e-01
1.292142118303439557e-01
1.276972044641390691e-01
1.359036258827799326e-01
1.321314988036950411e-01
1.288197234750558251e-01
1.323565996371400544e-01
1.304242430398097341e-01
1.381067870996701419e-01
1.300454018159936664e-01
1.369932474711766657e-01
1.317109207360026291e-01
1.341517874875511884e-01
1.359297883911774751e-01
1.305334919251692483e-01
1.254465930975782462e-01
1.275604313048414595e-01
1.258008893340444023e-01
1.358953850534863894e-01
1.255581248074005840e-01
1.269861915124914642e-01
1.295980247979362787e-01
1.312336282709088142e-01
1.339668434399824970e-01
1.266394355358221591e-01
1.280588335811327638e-01
1.277983914248836395e-01
1.311924264312554766e-01
1.313996532024481467e-01
1.422716986579008469e-01
1.272880907815236440e-01
1.317699984193612395e-01
1.306363154489260381e-01
1.310285230573171311e-01
1.299652640922711322e-01
1.345069326269320853e-01
1.344660452638681003e-01
1.314637333632279748e-01
1.263988493344722630e-01
1.360526848250092624e-01
1.326949225308803326e-01
1.276857422664761654e-01
1.277601579395242215e-01
1.280242430571562340e-01
1.231016808452132377e-01
1.260917718116289499e-01
1.246755780365604582e-01
1.286724994006829270e-01
1.303152055264665543e-01
1.312623809449947887e-01
1.334158565753545411e-01
1.250413130873288814e-01
1.332266264045849913e-01
1.319343938181797571e-01
1.330968896834514026e-01
1.257741999024382107e-01
1.304036272832980459e-01
1.331757962846985277e-01
1.269459570638644397e-01
1.290881749529105005e-01
1.331964768803654553e-01
1.337140607623717725e-01
1.255552654560559700e-01
1.271998909087135310e-01
1.334835886382139680e-01
1.312427916492407143e-01
1.298261072391118653e-01
1.243112789896818338e-01
1.297088381523887335e-01
1.320628499851012883e-01
1.323682566388295345e-01
1.294792081396549110e-01
1.292601181815067890e-01
1.226874792327483504e-01
1.263869489567019944e-01
1.275605727178164006e-01
1.312525250304203694e-01
1.229737632979567286e-01
1.239211568847680689e-01
1.314540256769993476e-01
1.267553662355893618e-01
1.318515110760927200e-01
1.245696143127786870e-01
1.235215346448314544e-01
1.349696567759681998e-01
1.267115009375489598e-01
1.278315879117984111e-01
1.245777621292150916e-01
1.318829855523430405e-01
1.333157294883559885e-01
1.292536255736381479e-01
1.353198281465432529e-01
1.301126316046485598e-01
1.234619153615755943e-01
1.299224173793425974e-01
1.290680828384863921e-01
1.249580366202654030e-01
1.277655816804139921e-01
1.261268904050573403e-01
1.296021643643960053e-01
1.315495927841999479e-01
1.287462092219636978e-01
1.265701431637773211e-01
1.251084357309035777e-01
1.255629550474576528e-01
1.228121381348524360e-01
1.253771252500323063e-01
1.249302387046508367e-01
1.262554714599480876e-01
1.240356508069313524e-01
1.290593416071855182e-01
1.283046810648953429e-01
1.246057159482286542e-01
1.240892496342078238e-01
1.245702555785194454e-01
1.362282864844951979e-01
1.257270033542926546e-01
1.241480394194905551e-01
1.300749816000461578e-01
1.203541096204366473e-01
1.301817071409179516e-01
1.366576831596784114e-01
1.259904646051999977e-01
1.269410982728004511e-01
1.250337280285281905e-01
1.260680744233421691e-01
1.271733408841567159e-01
1.265746405300421651e-01
1.289320276333735527e-01
1.250962583061594191e-01
1.315918964309952255e-01
1.217673691658255342e-01
1.309801367804026007e-01
1.300803530865754787e-01
1.259827494525756486e-01
1.261783335453424693e-01
1.319293864931051496e-01
1.211749245723088564e-01
1.190360224877412554e-01
1.270075379035029706e-01
1.268769000680782799e-01
1.173082419599478093e-01
1.304515421868134850e-01
1.264997900869601899e-01
1.260182823794774587e-01
1.225859560430622996e-01
1.266100566929731497e-01
1.194855908552805573e-01
1.281195416234624795e-01
1.284285488801124864e-01
1.280215473320239494e-01
1.210366843029474643e-01
1.222363440463176132e-01
1.304273335215372920e-01
1.303568381911668905e-01
1.259954329006947038e-01
1.187272575373450878e-01
1.292001919582104197e-01
1.290000431621685928e-01
1.316951832137046585e-01
1.264755631295534366e-01
1.266660182999494733e-01
1.260053705424070414e-01
1.269922064378475601e-01
1.240447403337710947e-01
1.264024124456903930e-01
1.198957005611214904e-01
1.267765305410974985e-01
1.243539721967700240e-01
1.205988105768576596e-01
1.223637867145813407e-01
1.257639787422540900e-01
1.242328073733892230e-01
1.278774585718145673e-01
1.244869134412744105e-01
1.293340148977362158e-01
1.219654246519964458e-01
1.270738423204956780e-01
1.226351968370951173e-01
1.258291967022113211e-01
1.247896147223237218e-01
1.239211735387261148e-01
1.238853902961963294e-01
1.263617657268276684e-01
1.308120196446394268e-01
1.190814893740491931e-01
1.279035221450985915e-01
1.295947492886812269e-01
1.261519495397806223e-01
1.280180473358203119e-01
1.306693228582541111e-01
1.286822529223102807e-01
1.314609213373982011e-01
1.235647726612977559e-01
1.215423921457467887e-01
1.228040342434094517e-01
1.179312312354644093e-01
1.327329666568682620e-01
1.213754653978424136e-01
1.182523059109464730e-01
1.237107105457629919e-01
1.260487771091552966e-01
1.324189179600813449e-01
1.215738718612836000e-01
1.234773515078883971e-01
1.244651005197411897e-01
1.283334812053885110e-01
1.274845266046050196e-01
1.290833357435006434e-01
1.230055001779244428e-01
1.230037306268245700e-01
1.186670466923178818e-01
1.255388706492689965e-01
1.273932628094767983e-01
1.224982374944748043e-01
1.227027986915065760e-01
1.201200561168102171e-01
1.247559307143092100e-01
1.272958427619857724e-01
1.199246008474475350e-01
1.309918259819730646e-01
1.271690310958104309e-01
1.209498085797979239e-01
1.249300007111368988e-01
1.292847940459465328e-01
1.265031072191702965e-01
1.242729446396995813e-01
1.252556103018996059e-01
1.245341529830908123e-01
1.344615420135550077e-01
1.225762992715224292e-01
1.149431243443336248e-01
1.163129577078880345e-01
1.244474937613957999e-01
1.292759032012560372e-01
1.272923998916760391e-01
1.199024921426406209e-01
1.209850768439280633e-01
1.231337327844439361e-01
1.275040812551593294e-01
1.224091439388501346e-01
1.275747308364281185e-01
1.260859164480979677e-01
1.317846100538586918e-01
1.274313697448143656e-01
1.254439020195068366e-01
1.208223468170334103e-01
1.224615902663805517e-01
1.242328326098429830e-01
1.242898825794840484e-01
1.183617394990645888e-01
1.182592238275668589e-01
1.194863129693728293e-01
1.305079663220124475e-01
1.167257238227205340e-01
1.232626015941302028e-01
1.223201246215746968e-01
1.302802826636112743e-01
1.280670539929698593e-01
1.266274696407027611e-01
1.240124312253334526e-01
1.233730773035532358e-01
1.183232864269461448e-01
1.216425139218186707e-01
1.249927807599306162e-01
1.173529855715922804e-01
1.175934259039469187e-01
1.198602454259227457e-01
1.258522485120174284e-01
1.194500850418057231e-01
1.242042072165088773e-01
1.231840463546224063e-01
1.250338327521696991e-01
1.213278209742827268e-01
1.222467339287201527e-01
1.162687565773152382e-01
1.256628252852421412e-01
1.198728513115873695e-01
1.234685759848127007e-01
1.286739161811195908e-01
1.214885513274333445e-01
1.207441899973230454e-01
1.322177746548102439e-01
1.226640220397175879e-01
1.285979160322592851e-01
1.169636201925384755e-01
1.152319758987197518e-01
1.233814595792538105e-01
1.181751333177089719e-01
1.231516822503927466e-01
1.278333562497909193e-01
1.229498912174350200e-01
1.269547513948801332e-01
1.199281040579080609e-01
1.227474853874016975e-01
1.174949678305823031e-01
1.233189381659030859e-01
1.213626793370797124e-01
1.212995722173498270e-01
1.157443889297353895e-01
1.197522775628245828e-01
1.211146985204556020e-01
1.264964204233808287e-01
1.169637875583691422e-01
1.169251397634163830e-01
1.267470346715969809e-01
1.172145768761252704e-01
1.215220117654937926e-01
1.300895849768168022e-01
1.239528242212075415e-01
1.225726314844229337e-01
1.235260410568653072e-01
1.196890543668698015e-01
1.230353622530133278e-01
1.240672901129493411e-01
1.280123399618344482e-01
1.229803150376448245e-01
1.166819056400503901e-01
1.269004521843714595e-01
1.163722020693314374e-01
1.225648721345724140e-01
1.245485160404290886e-01
1.198660871802041117e-01
1.261405440859305616e-01
1.236190939178833659e-01
1.213135111456116050e-01
1.178625134751200704e-01
1.228636142821648153e-01
1.227439412512840305e-01
1.210878661045661359e-01
1.206653375871097472e-01
1.222819084970232784e-01
1.186396069394854424e-01
1.175650010697352615e-01
1.201975818198078721e-01
1.189310167462397788e-01
1.279014986486007033e-01
1.280326627242641679e-01
1.217499076460416552e-01
1.209055150453096777e-01
1.199248731661683443e-01
1.219647359676085951e-01
1.196999745061382292e-01
1.193555007426020387e-01
1.252414555957493125e-01
1.175541107709973249e-01
1.119061649514314499e-01
1.178542490809773718e-01
1.210382607359534596e-01
1.146033492560187966e-01
1.223779768181534888e-01
1.187273063673040807e-01
1.264472221669096230e-01
1.160730678731432264e-01
1.229826382576272997e-01
1.230631659905879888e-01
1.169768359082249548e-01
1.184733929303594113e-01
1.185686857702258346e-01
1.282188388399588819e-01
1.234028963610911966e-01
1.237035335877384873e-01
1.259546450936259443e-01
1.220638517194833489e-01
1.157680597968208519e-01
1.180728866217228140e-01
1.181539831683039721e-01
1.251688567157357157e-01
1.223905648367527160e-01
1.228873483168008984e-01
1.184239507867739793e-01
1.224828617002528403e-01
1.198344277838865879e-01
1.177063502371311215e-01
1.219630348376738727e-01
1.281106283362859199e-01
1.186311686745820937e-01
1.208825223720990660e-01
1.227501280462512667e-01
1.219147149234627997e-01
1.200403289057505457e-01
1.122604905890348670e-01
1.169059362931129248e-01
1.197699901910546511e-01
1.238979554854524462e-01
1.301835334453827209e-01
1.132063300802539502e-01
1.251978634307399640e-01
1.219095922194612380e-01
1.234286987103330735e-01
1.219101768703414884e-01
1.131239574307050522e-01
1.277794477410423568e-01
1.220538099893392625e-01
1.172176241540373864e-01
1.198056801532705606e-01
1.200683764110390961e-01
1.201618801205395076e-01
1.194054898304434953e-01
1.201741944950742574e-01
1.238466130020335759e-01
1.241980014225611273e-01
1.163271436420006688e-01
1.153217318014074649e-01
1.201888606620904743e-01
1.182447887575015094e-01
1.141706292875684231e-01
1.219069701165725050e-01
1.261179411879334578e-01
1.185743344135773425e-01
1.186212612029451524e-01
1.243705618457916495e-01
1.205986381341249553e-01
1.189949868199152855e-01
1.170696112924279331e-01
1.151562597459325488e-01
1.240591098769353029e-01
1.209516812927829976e-01
1.168229204912980407e-01
1.189260489713305086e-01
1.167667009891607821e-01
1.189987438133893877e-01
1.185372515318867531e-01
1.201115283924035493e-01
1.213095533924225117e-01
1.160116897370570693e-01
1.237566674510255788e-01
1.217395140144687388e-01
1.234245239685361206e-01
1.203801612584636804e-01
1.174384142773655798e-01
1.177919431135822509e-01
1.228550552080074909e-01
1.204292322914951863e-01
1.203219182502764939e-01
1.158530467070448128e-01
1.195770516036412656e-01
1.188397949561476735e-01
1.188391312383688392e-01
1.203242654362932235e-01
1.191321616371472658e-01
1.223009479303772684e-01
1.159352007441413757e-01
1.177574726729056775e-01
1.180358520016456247e-01
1.219316932635429590e-01
1.181670545815275281e-01
1.197448088238254604e-01
1.165114810881324320e-01
1.240746099310807704e-01
1.224895324128178475e-01
1.241460011842159122e-01
1.279506912502722804e-01
1.248023235262968600e-01
1.184578434110451911e-01
1.183028692618394578e-01
1.148627762754376169e-01
1.208108015740529118e-01
1.201548116233868424e-01
1.239851386548999068e-01
1.170609932679396448e-01
1.202053538738535043e-01
1.165193966613748133e-01
1.183812238084964302e-01
1.126688855103193249e-01
1.246889724646909892e-01
1.139234963613442869e-01
1.189340832619330823e-01
1.135283764308461785e-01
1.206542025678432883e-01
1.135661730447258683e-01
1.218779954724969056e-01
1.199908520118930372e-01
1.208720978540487739e-01
1.189598184413252768e-01
1.222566105616398335e-01
1.226616389571856258e-01
1.164133058287776384e-01
1.209160586102650675e-01
1.194009236752604786e-01
1.140272678759617631e-01
1.231311798477784242e-01
1.158107739037428086e-01
1.171318929308117901e-01
1.273179593472144600e-01
1.170805239811157500e-01
1.190719339829415802e-01
1.191296920228080841e-01
1.274053443844119782e-01
1.152737252605267049e-01
1.213213641339769694e-01
1.221079242105285317e-01
1.178214380183281035e-01
1.197846246739992793e-01
1.175363213970110898e-01
1.159525542925947811e-01
1.198969283929237906e-01
1.128537998081017707e-01
1.195575502916024213e-01
1.209366696146436243e-01
1.200457293110398088e-01
1.160553590513956901e-01
1.224891269866090621e-01
1.166754925098174717e-01
1.196839199138757526e-01
1.232396534285866291e-01
1.168308843309298489e-01
1.173803121520158588e-01
1.142957322872601988e-01
1.171513821834172936e-01
1.240749752196746020e-01
1.188918636013300001e-01
1.221879950796182362e-01
1.171436945358530074e-01
1.212020699364634718e-01
1.204463916615797908e-01
1.249617537483573015e-01
1.201190080923529718e-01
1.158982487371525705e-01
1.111122458934401813e-01
1.180416893309507581e-01
1.162715146556878715e-01
1.151814778454792743e-01
1.270154699874229964e-01
1.167282975302674775e-01
1.229302589709942162e-01
1.214642394954959514e-01
1.128092641679522279e-01
1.151825357180757403e-01
1.156526150420690152e-01
1.211337262048171048e-01
1.211297295796565504e-01
1.176603851410058799e-01
1.213586678394140278e-01
1.206731591994563701e-01
1.176774128029743766e-01
1.180730659944506794e-01
1.124766866748149602e-01
1.219759277903880862e-01
1.228961541484563796e-01
1.114667602695333659e-01
1.168370858407937612e-01
1.162002613863501732e-01
1.165534706881795196e-01
1.179454596808705569e-01
1.166357047378252659e-01
1.183059301848212869e-01
1.161483857923975294e-01
1.181370257280575931e-01
1.198637701690388052e-01
1.194204746291805536e-01
1.137578352473867238e-01
1.131239687355282963e-01
1.203936321087754752e-01
1.201046864334971431e-01
1.218186710698482278e-01
1.205023938885484008e-01
1.178104225880442502e-01
1.187715105187052284e-01
1.214790571528749641e-01
1.204339537435235169e-01
1.157574666831164834e-01
1.146096871831478181e-01
1.168979481626779560e-01
1.145820701781373741e-01
1.207637705768530162e-01
1.140130775049328776e-01
1.170415288697068540e-01
1.228803830555616344e-01
1.143632794396044344e-01
1.192297645247517440e-01
1.179559370455069423e-01
1.233964980269471740e-01
1.157090850771428647e-01
1.146726734649676505e-01
1.179903346281021004e-01
1.198744348656290565e-01
1.181466560142162558e-01
1.225930458698899356e-01
1.111257266300993141e-01
1.104989700496960964e-01
1.127489725462137160e-01
1.147138723673728766e-01
1.184676049181666163e-01
1.144570919446265128e-01
1.181190038625246491e-01
1.197926891394532622e-01
1.246056380227972271e-01
1.156070886991727026e-01
1.131764272609964428e-01
1.184951479188524753e-01
1.190031475268113342e-01
1.165890971103157731e-01
1.119557783055381839e-01
1.156111197068523111e-01
1.199775258079171236e-01
1.122137862854661050e-01
1.242552050031148492e-01
1.223879536183980765e-01
1.134025246430283990e-01
1.210455581641350087e-01
1.138090083280052928e-01
1.229629507718177917e-01
1.203769778164151399e-01
1.120173019428665762e-01
1.178237364364740219e-01
1.169957282547003236e-01
1.177280232931176840e-01
1.140515548463624240e-01
1.168019105990727724e-01
1.134944258735347961e-01
1.153416499973107662e-01
1.219398169849927605e-01
1.187371507048224778e-01
1.142567939722003018e-01
1.221430916577959658e-01
1.138342362470351754e-01
1.103045906011874827e-01
1.228582822025204302e-01
1.168145213371668129e-01
1.195952738420321404e-01
1.181327075291520451e-01
1.135273699147196919e-01
1.241007588612727669e-01
1.212534771324732391e-01
1.199229198197523799e-01
1.126375215557905290e-01
1.230865837098696347e-01
1.170615498454142811e-01
1.232324420832670714e-01
1.152033224224280061e-01
1.167837274427979410e-01
1.135593849735764410e-01
1.171165304879347446e-01
1.117531935039621088e-01
1.135007427957577530e-01
1.144765371217941613e-01
1.157741974561642406e-01
1.112052636889693108e-01
1.198824705556034986e-01
1.129096207710412886e-01
1.153244096117141959e-01
1.181410162685773285e-01
1.114393296245581033e-01
1.115382964889972683e-01
1.154336842445608940e-01
1.141201840427059355e-01
1.179062993671649573e-01
1.212375434688650611e-01
1.229992977080818922e-01
1.172652363490599842e-01
1.130715778097510366e-01
1.144865409112893612e-01
1.123085416328066383e-01
1.123261052637528207e-01
1.160451485369450031e-01
1.155028311535716001e-01
1.135363211282170715e-01
1.230812139044969444e-01
1.119279165728351982e-01
1.162835594839774639e-01
1.203126142326837872e-01
1.148218994100506513e-01
1.191862772003962484e-01
1.205501925916625944e-01
1.217330897035889120e-01
1.149769905954599325e-01
1.106918660064156179e-01
1.192377054108641060e-01
1.192332322255541116e-01
1.218771577788851229e-01
1.204402996418185712e-01
1.170476039585012645e-01
1.186912453661744388e-01
1.233645206603866396e-01
1.206036166216318400e-01
1.159257002652455543e-01
1.205122313390557531e-01
1.171735899713941126e-01
1.183016181421967655e-01
1.127448462570706939e-01
1.184302419185256361e-01
1.221484067491613867e-01
1.143213615872156891e-01
1.152453703375963118e-01
1.108544123669465420e-01
1.183079560072376191e-01
1.128171613296637121e-01
1.141482540812247815e-01
1.184916310107860804e-01
1.107159903177466209e-01
1.156669928381840323e-01
1.136567762121558217e-01
1.154905320885471764e-01
1.189456516446975587e-01
1.239135061032496932e-01
1.171341926862414090e-01
1.159274850804836304e-01
1.192700874729034216e-01
1.169870571639293338e-01
1.111861564601079044e-01
1.132992605129495706e-01
1.137205752138143872e-01
1.207376174151133241e-01
1.204438225390055267e-01
1.145244218504581635e-01
1.126461524635744421e-01
1.163900380046703903e-01
1.130989779789860483e-01
1.180275923309799940e-01
1.110504488818920554e-01
1.144264892698862585e-01
1.204123840452386851e-01
1.147295467603283020e-01
1.178985354084617077e-01
1.151467728643463251e-01
1.163982504357894271e-01
1.139838196862584530e-01
1.224309261888265610e-01
1.170218309817405850e-01
1.239302864489264938e-01
1.181208037413083584e-01
1.085579853457136063e-01
1.159294392388218464e-01
1.189406389800401892e-01
1.154062723072293434e-01
1.178273628155390440e-01
1.127780243085745038e-01
1.166816279196586370e-01
1.229882034210440372e-01
1.173554844055802460e-01
1.110737258568406105e-01
1.153142560846530523e-01
1.179370544277704713e-01
1.176172263203905111e-01
1.153927953913807813e-01
1.145642830488773495e-01
1.094117922660632070e-01
1.165816702999365601e-01
1.161327921904814486e-01
1.218262409361509230e-01
1.114473669718091253e-01
1.150795894937637481e-01
1.232967457805688588e-01
1.157166539667508487e-01
1.092274905254061457e-01
1.129737194866324151e-01
1.167140171027336304e-01
1.125380735223491940e-01
1.194550190598536732e-01
1.148630996927236941e-01
1.172098442434500454e-01
1.182526628845013139e-01
1.191197928685981539e-01
1.131205066011693183e-01
1.171842888618508938e-01
1.168114806788089904e-01
1.188326366818868163e-01
1.214255707529492828e-01
1.138924862520817038e-01
1.165956903726626664e-01
1.108247117163279061e-01
1.121055209865936819e-01
1.207629268081524404e-01
1.142774880218964395e-01
1.161438506502562584e-01
1.133949009462808938e-01
1.156085134364473466e-01
1.163588457478162558e-01
1.149650246191483288e-01
1.167520621122840191e-01
1.162142490777067633e-01
1.170332726568747844e-01
1.109189442048470198e-01
1.171122271424302752e-01
1.215353247637932094e-01
1.202020835035886581e-01
1.154664210975170080e-01
1.161254886203469394e-01
1.168580115032501754e-01
1.146601192056177498e-01
1.172175368437400195e-01
1.132863875239705359e-01
1.174172739331156845e-01
1.162106509821919237e-01
1.153228346640482876e-01
1.134264152306012630e-01
1.172762666327449022e-01
1.164219119944251563e-01
1.103280690140449050e-01
1.136110023714793082e-01
1.134329486399506953e-01
1.193683551481136973e-01
1.123332604001729962e-01
1.198877599854499820e-01
1.171533570218926817e-01
1.184452856628176454e-01
1.176579000332798747e-01
1.129841426673990068e-01
1.157032050431156811e-01
1.187081578498085377e-01
1.141436245483465617e-01
1.169231145857618365e-01
1.184363167876234385e-01
1.129874269692943689e-01
1.217219282371493488e-01
1.154028800005714034e-01
1.135854873662957842e-01
1.223452992785053345e-01
1.186207254393360500e-01
1.193661038405620101e-01
1.146171673869666313e-01
1.168698930062162522e-01
1.211444815668540065e-01
1.109995342934360918e-01
1.150531847412005482e-01
1.162249840270632301e-01
1.146058895481893714e-01
1.122515729318062511e-01
1.186735656685554002e-01
1.195940099943142709e-01
1.122090364877994240e-01
1.151073912970530660e-01
1.192070469594536664e-01
1.181401125800151108e-01
1.128287381420914892e-01
1.155307740737230304e-01
1.196689063110030621e-01
1.212414479360748587e-01
1.179378182985461737e-01
1.202470377374153937e-01
1.163059477885373116e-01
1.149030527625328479e-01
1.123923357050770344e-01
1.135119924942652320e-01
1.116439568595244403e-01
1.129670988672818871e-01
1.156590700197296234e-01
1.121089016493314328e-01
1.160227798355313450e-01
1.149119402353580149e-01
1.164100368531086477e-01
1.251373033015391878e-01
1.119681428162715431e-01
1.152554407190436031e-01
1.105259939980430539e-01
1.136628816047540042e-01
1.180079025144760430e-01
1.190381088365728979e-01
1.204304076635684673e-01
1.131556000273961221e-01
1.211155395859327133e-01
1.160728875022286055e-01
1.194953058535854068e-01
1.174714130421097430e-01
1.163542677051363911e-01
1.086981079803827493e-01
1.156054037026105763e-01
1.064247034060267355e-01
1.145250053312151794e-01
1.110982593339987223e-01
1.179056112630627040e-01
1.182966953525558529e-01
1.103903932353624967e-01
1.173632349532384156e-01
1.176635323569942687e-01
1.192170339421584069e-01
1.193858507638558414e-01
1.094106338440607729e-01
1.095685047288544600e-01
1.149934875850494032e-01
1.171340410717022773e-01
1.166528525213018502e-01
1.207270070958213898e-01
1.144951510410278234e-01
1.119643273166356923e-01
1.081374969811011583e-01
1.164810021288501946e-01
1.153519241807934581e-01
1.152410900411315470e-01
1.130913007574585738e-01
1.155783680195991842e-01
1.164935695652205144e-01
1.191529510686030746e-01
1.172079352709727434e-01
1.167155647554840858e-01
1.128360121821363748e-01
1.161023346898265307e-01
1.170382415923552633e-01
1.127854833259987477e-01
1.150125283127029774e-01
1.195988393603609201e-01
1.133573527423999278e-01
1.180870871799878652e-01
1.110933415639476923e-01
1.165686715250978112e-01
1.166176519619348678e-01
1.154369904635808436e-01
1.168648254126310321e-01
1.191916592371387307e-01
1.166380724177146638e-01
1.146440574708275373e-01
1.223798917415432480e-01
1.141415344073604260e-01
1.140283195875011896e-01
1.136254243457164581e-01
1.158951549146037818e-01
1.215310878000962491e-01
1.155561860698537946e-01
1.148160619183610648e-01
1.138584223360969427e-01
1.204427405523184058e-01
1.123001404154377048e-01
1.143606249863902691e-01
1.120740480959797475e-01
1.199500642597484262e-01
1.061667604467425585e-01
1.179138189277205706e-01
1.130125679123478027e-01
1.124570330795951340e-01
1.178704364941670357e-01
1.161399952350900683e-01
1.132944095521592198e-01
1.175690711547549006e-01
1.182356554011885913e-01
1.197022950802093949e-01
1.178573045210960651e-01
1.173913284849662092e-01
1.197787500249269665e-01
1.086708371646893379e-01
1.166261980381722574e-01
1.131384830205486303e-01
1.119486488258609469e-01
1.135991197509261252e-01
1.120072221884933772e-01
1.130947272938031406e-01
1.068917117200982869e-01
1.182631402921218156e-01
1.122042257243242025e-01
1.119826298207044629e-01
1.167320566299634155e-01
1.153258005969035327e-01
1.149028361894381400e-01
1.201023083944351283e-01
1.162299101885694713e-01
1.216916357095425005e-01
1.118878655708753084e-01
1.181811079764977512e-01
1.157820246588343177e-01
1.142029679069916370e-01
1.261514947295953037e-01
1.170291409708368452e-01
1.100914994469628927e-01
1.121046248751764174e-01
1.138775230122682364e-01
1.178154090562692075e-01
1.125442854104897888e-01
1.140127063752748998e-01
1.156986177445222114e-01
1.160505320351475356e-01
1.192553065144098673e-01
1.098764328286051806e-01
1.130982536535996702e-01
1.173355894688612316e-01
1.142434858979705092e-01
1.087217983527061227e-01
1.119877356892594877e-01
1.207133914367892746e-01
1.160857084517677579e-01
1.179512043937276516e-01
1.213734117408211410e-01
1.194262549949762081e-01
1.182942341726559848e-01
1.163834169793587503e-01
1.118496829548325244e-01
1.146030478800336566e-01
1.094975599541496009e-01
1.184453891757398097e-01
1.136320220736356940e-01
1.172706165088292923e-01
1.102705343650319664e-01
1.120562239621694239e-01
1.109474611014891893e-01
1.096527575395810361e-01
1.152143834445338993e-01
1.122043995425487245e-01
1.143736161960241110e-01
1.169248366871705469e-01
1.151452717251884583e-01
1.176892550327838932e-01
1.129144434554454623e-01
1.124342348378820355e-01
1.206838880116358759e-01
1.129803806686630607e-01
1.137073123015654441e-01
1.142057159485725254e-01
1.195693795497600881e-01
1.082900475901670961e-01
1.168676728573747187e-01
1.252569519413205268e-01
1.101049343267312408e-01
1.153204018393388097e-01
1.098769584431862206e-01
1.130211066311368612e-01
1.124011956704541598e-01
1.101744971500757397e-01
1.116665295659540619e-01
1.144909638863725598e-01
1.156823655065053608e-01
1.133093638393359304e-01
1.214061374895465673e-01
1.185327490528997746e-01
1.099896436222852769e-01
1.142756848190075308e-01
1.188596500991246641e-01
1.181019650437892948e-01
1.130639465907827407e-01
1.163616446014016093e-01
1.111469250458937408e-01
1.121272154152393313e-01
1.162517918512607218e-01
1.122574606910347883e-01
1.143819399655629371e-01
1.123456616145677989e-01
1.181313691087640255e-01
1.179763086569996927e-01
1.171920508385086712e-01
1.208824852290443924e-01
1.128072513410678240e-01
1.178907758436906067e-01
1.196653088841300727e-01
1.045240948788630636e-01
1.142209774122024263e-01
1.110873567752349023e-01
1.101417770991340722e-01
1.113208771420595017e-01
1.139776166815024139e-01
1.149914614617442432e-01
1.140258700085374083e-01
1.138678880456166359e-01
1.168996379877894343e-01
1.143072588560290759e-01
1.142024646584804265e-01
1.201280828135517925e-01
1.095917178389544666e-01
1.160917665570592311e-01
1.099782836695130106e-01
1.112998187494201596e-01
1.181588895045793952e-01
1.118801510391327081e-01
1.120996662726004983e-01
1.109312006869377226e-01
1.086567396011490078e-01
1.162020308849139039e-01
1.119225129103049304e-01
1.153188852306741979e-01
1.190116038211645189e-01
1.197944827640476939e-01
1.185501207048312161e-01
1.157401430922058855e-01
1.101699755694239558e-01
1.141399601952005627e-01
1.155039286431975842e-01
1.120722230428304461e-01
1.127654134463041274e-01
1.201758194714784567e-01
1.130571707557791322e-01
1.149815354687281077e-01
1.186280445362895009e-01
1.126077205229264050e-01
1.133491271294844449e-01
1.159557030082513096e-01
1.132886409329680322e-01
1.117793614235826072e-01
1.185706463331977489e-01
1.139319252031735924e-01
1.150991986386286914e-01
1.112751921495565982e-01
1.090634023149808229e-01
1.142031212743276208e-01
1.182441356663520571e-01
1.137521301085750308e-01
1.173754577262279275e-01
1.118469841826038452e-01
1.110072511463211092e-01
1.159532367801054953e-01
1.171324032860306535e-01
1.114254730777480690e-01
1.086092132024275986e-01
1.141615227485696521e-01
1.125463389146786480e-01
1.135583358506361690e-01
1.151260752087602257e-01
1.231189667414396283e-01
1.124212150294811308e-01
1.208820351853202579e-01
1.150036839959331092e-01
1.106574062353525428e-01
1.174602454767013221e-01
1.175511957456668172e-01
1.140634100597638367e-01
1.222433453903366413e-01
1.147587601620799480e-01
1.072978073062422905e-01
1.155824319196817190e-01
1.069059188262774379e-01
1.166059650815068210e-01
1.164120257664949531e-01
1.136296721509633956e-01
1.139068473178224683e-01
1.218490698112127124e-01
1.168296782968517994e-01
1.143591834900852949e-01
1.105222658134805830e-01
1.130243675783276502e-01
1.101236383645580325e-01
1.165960537174191292e-01
1.205295326474767476e-01
1.144200169767897873e-01
1.118737952688183546e-01
1.150807111977766722e-01
1.155017466642535712e-01
1.170448590929691612e-01
1.156336353136560857e-01
1.120286634191870745e-01
1.080185004271184829e-01
1.137722471872201352e-01
1.229696016281078969e-01
1.156003544059319432e-01
1.103132049672496673e-01
1.094283861275284764e-01
1.170183193846008746e-01
1.118811364357288063e-01
1.083070901867288771e-01
1.188115345791746352e-01
1.144537141116765827e-01
1.125550745293880106e-01
1.142166635308128203e-01
1.128722992271949110e-01
1.133169634124407410e-01
1.154359357574811368e-01
1.143001300497696882e-01
1.152123082190369963e-01
1.179568397884185466e-01
1.197641880705188483e-01
1.100418544302766144e-01
1.110355943966752496e-01
1.209317758488349381e-01
1.102239683461494896e-01
1.169524009602192077e-01
1.127999990080029574e-01
1.158769798775513976e-01
1.134453507665640210e-01
1.148214381212034341e-01
1.140482454966658260e-01
1.104539435141934783e-01
1.118220686196134683e-01
1.165971628079811723e-01
1.164027890477042915e-01
1.086334097796143594e-01
1.156822617380664914e-01
1.126756316910569461e-01
1.133208195081888137e-01
1.100199862932547540e-01
1.083815167347590147e-01
1.171774476432265316e-01
1.184509851325016710e-01
1.151560384398087472e-01
1.176098955365327686e-01
1.162759448950871494e-01
1.160326382240805809e-01
1.180197124345562371e-01
1.126834455734262164e-01
1.130287233405770364e-01
1.122919413905877351e-01
1.139730130823758958e-01
1.119708477877653513e-01
1.061694661632944375e-01
1.107002157192581715e-01
1.123527711448379096e-01
1.163140216675133259e-01
1.151245065224476283e-01
1.176611091463993786e-01
1.135059046153074624e-01
1.044189997972586187e-01
1.121735940281397281e-01
1.092336559286102293e-01
1.106975196789090482e-01
1.193485003633376895e-01
1.123267330038241890e-01
1.112889912409278093e-01
1.185792851619995592e-01
1.134195107775620992e-01
1.205815567993200749e-01
1.100789571754061252e-01
1.152195400104690792e-01
1.138312513534075199e-01
1.189834974419612112e-01
1.127127843455244388e-01
1.131892796844626153e-01
1.154012210571613017e-01
1.153215576966221539e-01
1.166660899153122571e-01
1.057305821384756928e-01
1.100333893671631841e-01
1.099713596252676756e-01
1.132518661518891606e-01
1.109222198669344989e-01
1.113682551404986676e-01
1.083237944027552191e-01
1.217136463054861728e-01
1.168377264999808374e-01
1.118979816110088343e-01
1.147983126772137846e-01
1.158410008280323089e-01
1.123111764494425235e-01
1.170130868322956236e-01
1.098629044512143549e-01
1.171442756715875416e-01
1.162339046645240875e-01
1.179627902041643084e-01
1.150278210425033087e-01
1.159411506440777007e-01
1.169269128917501538e-01
1.140781912236259465e-01
1.154153283207844521e-01
1.152581494444837873e-01
1.119475932075427171e-01
1.040462736470195021e-01
1.107049720505109136e-01
1.194600469361131040e-01
1.087599228351162073e-01
1.177747950865290077e-01
1.100045520716752823e-01
1.162565530731509839e-01
1.149690703894847427e-01
1.131947877554175114e-01
1.103602336385311189e-01
1.168504735216116253e-01
1.145322631614712622e-01
1.132640243101960542e-01
1.157688236962526318e-01
1.140678761622462567e-01
1.135124259126874119e-01
1.148542520088645102e-01
1.108978451038591384e-01
1.147262264138612931e-01
1.125456394388889697e-01
1.143950750860266152e-01
1.116020168153903369e-01
1.121705333009744288e-01
1.140500769257927621e-01
1.128375754667780284e-01
1.093202704898057903e-01
1.141513847960875516e-01
1.067787022091066240e-01
1.152409013981620517e-01
1.124018477538648308e-01
1.189031261807450834e-01
1.217906729485361966e-01
1.100443782762457190e-01
1.175530363638431636e-01
1.170952870773199345e-01
1.154342760594609524e-01
1.144283600103778720e-01
1.120900553913834752e-01
1.125744133566816685e-01
1.192649967968463925e-01
1.103657634737782028e-01
1.205011449658717898e-01
1.172554230126432867e-01
1.093492862840111379e-01
1.124700259369535299e-01
1.103076621890068110e-01
1.157827619033364175e-01
1.160379734463416607e-01
1.113186734752395213e-01
1.105375723005869448e-01
1.097523578394873078e-01
1.139851745695639879e-01
1.111192731712108972e-01
1.109726987779140472e-01
1.154637768984032031e-01
1.189356702929123821e-01
1.110274838570218803e-01
1.107265702090584336e-01
1.085636095358775144e-01
1.201202489483432917e-01
1.124075738617625053e-01
1.110708298830267726e-01
1.199331176109038888e-01
1.133753271677937213e-01
1.097231856953257145e-01
1.099151868707476526e-01
1.197761929331299519e-01
1.090810354990072728e-01
1.095985010314064201e-01
1.132121709915689944e-01
1.115064412259902660e-01
1.175376252581675912e-01
1.176336879913623540e-01
1.147231423510954862e-01
1.082831066627150951e-01
1.185614148298135134e-01
1.122976559859055756e-01
1.079352907072275158e-01
1.156481518529546559e-01
1.122040061948773176e-01
1.143254292555726526e-01
1.177451333078818468e-01
1.175861152939689513e-01
1.187645451523936663e-01
1.204472874983763125e-01
1.078651237803009838e-01
1.133323647463932993e-01
1.182478798386187163e-01
1.113919954699201520e-01
1.197775696666959072e-01
1.114821144069234465e-01
1.152278326833859473e-01
1.075893690523046647e-01
1.119682841480542507e-01
1.117284716799473165e-01
1.175511479329986453e-01
1.118208735846938223e-01
1.085350442486695821e-01
1.100030291825532941e-01
1.109708814045939629e-01
1.085052561731292692e-01
1.143105725638377396e-01
1.131979799136901554e-01
1.111588186703813402e-01
1.140876011349833963e-01
1.135216916457582742e-01
1.093951508880425666e-01
1.125205222517251941e-01
1.188572868036154029e-01
1.120961590646169098e-01
1.092409319889086905e-01
1.076394264371349219e-01
1.167277295787173957e-01
1.163069779865252701e-01
1.177113861227646885e-01
1.079680328926023725e-01
1.123655479449110206e-01
1.128841722861696484e-01
1.110813424803125532e-01
1.119119956420782241e-01
1.140611450641583202e-01
1.115499378396914570e-01
1.084762637957166348e-01
1.153579101969416376e-01
1.175604038465863643e-01
1.133253485824053108e-01
1.103909075546723184e-01
1.096337944316940483e-01
1.200694060382934691e-01
1.123764929863122763e-01
1.067456562501879896e-01
1.072989871964240699e-01
1.141172620252920988e-01
1.156803791530621323e-01
1.198910257229820336e-01
1.218079857098368496e-01
1.149053602503278260e-01
1.127652864139049443e-01
1.156278533431199934e-01
1.103486254954567369e-01
1.116187005709761287e-01
1.128704996063158994e-01
1.087683968962385173e-01
1.133629523862439842e-01
1.119913133720938925e-01
1.184950461754432083e-01
1.168807115119237100e-01
1.158114659910400718e-01
1.136806749858153137e-01
1.144438563822171573e-01
1.193793978446569259e-01
1.112687029374333503e-01
1.131656542468147397e-01
1.126925714648304849e-01
1.140292086853430809e-01
1.222489977589784477e-01
1.133047432328263965e-01
1.175292149472695197e-01
1.175861409316078243e-01
1.142464708345822810e-01
1.166246713640598093e-01
1.106779114462626279e-01
1.144433268560813011e-01
1.143634545545165332e-01
1.184653185307979611e-01
1.117966624597708375e-01
1.126172121136616439e-01
1.179162719263098236e-01
1.093093554178873744e-01
1.163241809950425060e-01
1.135110528853077172e-01
1.201876314309162919e-01
1.103894697072414222e-01
1.155792205331799272e-01
1.089130756755669893e-01
1.125476150988386215e-01
1.113629259407902389e-01
1.123269571898839470e-01
1.122686408125819352e-01
1.128104245481200696e-01
1.109797023236751556e-01
1.183780870424249176e-01
1.196841704587523758e-01
1.166075903635758609e-01
1.087521666780305180e-01
1.111142430215691923e-01
1.125272917441832721e-01
1.164454193260425208e-01
1.134456646986878869e-01
1.152070575895217802e-01
1.115645596948571655e-01
1.163534788749156917e-01
1.068953067398606266e-01
1.167083932468906404e-01
1.118442462613949417e-01
1.133052552787539302e-01
1.149217465701393576e-01
1.120126114250757782e-01
1.126214133862119410e-01
1.096389931889298619e-01
1.170070034523422869e-01
1.175432661452736616e-01
1.092115721736963002e-01
1.146540084710487989e-01
1.067785482614850429e-01
1.091683110747581897e-01
1.170020271140413404e-01
1.154328416746396302e-01
1.198533082142090173e-01
1.160299372548858343e-01
1.097647527567087028e-01
1.117590985571344647e-01
1.116387300193309728e-01
1.145251324448065822e-01
1.132082673362814484e-01
1.147533086152413007e-01
1.154462606383439838e-01
1.213977604865645737e-01
1.108904945258146618e-01
1.054417983509409185e-01
1.173202284110280158e-01
1.130765734861294419e-01
1.061970793570463506e-01
1.172993516788268659e-01
1.121918969095135332e-01
1.133063755642909204e-01
1.160919570101377335e-01
1.196238186305914192e-01
1.211019246815106809e-01
1.114433737710500416e-01
1.214284564726627741e-01
1.058441278978418110e-01
1.065593818345895172e-01
1.118763456885249197e-01
1.132783892540595444e-01
1.107865326918470589e-01
1.127489295382148177e-01
1.103785656440334495e-01
1.130289239761156916e-01
1.186200024512333723e-01
1.084087694350343439e-01
1.170404496578834053e-01
1.097289623358310845e-01
1.113351157364936977e-01
1.112247722605482075e-01
1.181361855318148885e-01
1.083256550801870166e-01
1.076524512985577997e-01
1.106954870554499176e-01
1.129154731543400292e-01
1.120043534116867273e-01
1.117019105607118395e-01
1.122331899662430410e-01
1.166536650787561302e-01
1.132636412166250078e-01
1.120886176012647478e-01
1.175203021902304495e-01
1.118990538116449024e-01
1.170126226467963909e-01
1.120533709772504327e-01
1.139996200083540079e-01
1.127920394834990708e-01
1.153442566736768427e-01
1.123091130350262756e-01
1.134097100450442430e-01
1.178785450278948543e-01
1.107558754965280862e-01
1.164806519181300487e-01
1.133503587486652253e-01
1.175202362955762858e-01
1.084384953507628174e-01
1.125549182630120187e-01
1.165840279573622379e-01
1.143033119539419856e-01
1.108311703762946965e-01
1.156722189309314225e-01
1.099570046823758335e-01
1.103979230547944695e-01
1.139944028682433608e-01
1.112154142071421353e-01
1.149886598523992692e-01
1.144429647578642933e-01
1.120819931228955596e-01
1.108233334783178120e-01
1.182904710706609991e-01
1.139756824343632485e-01
1.156911225464099524e-01
1.096248505589289546e-01
1.126480438197270395e-01
1.128225174231024946e-01
1.186069118432127451e-01
1.069365385227287468e-01
1.130628958153419017e-01
1.126289496771418069e-01
1.154186151539667998e-01
1.135033250666963728e-01
1.132231411643517260e-01
1.104802463203668622e-01
1.154886955777422036e-01
1.188503860424344333e-01
1.136960406333972218e-01
1.140549755440308510e-01
1.096985366147680135e-01
1.097668409729615213e-01
1.134894373420721470e-01
1.167536564696675661e-01
1.111709070797914090e-01
1.095913362044554501e-01
1.115703557498562010e-01
1.128472543440950243e-01
1.120916295557832093e-01
1.149446198334678620e-01
1.069445283558124182e-01
1.143702284361307470e-01
1.079061505695184109e-01
1.140719355585483458e-01
1.142276523252710313e-01
1.183837381263191935e-01
1.100278700248171065e-01
1.086106479741059810e-01
1.126768781397587266e-01
1.139383938879920954e-01
1.111081915358320266e-01
1.123978721694304378e-01
1.148874049839109929e-01
1.159608359138170897e-01
1.212897907512692358e-01
1.153306434504114686e-01
1.129597488456429571e-01
1.081663096514649813e-01
1.161110579203336601e-01
1.086240651969535287e-01
1.117768572261318150e-01
1.129310980869027287e-01
1.099501276293244068e-01
1.193460596582064243e-01
1.128184918075417903e-01
1.136804599076127326e-01
1.158615955175497647e-01
1.164543533172362894e-01
1.131006461592056755e-01
1.090724349021911649e-01
1.174877285145414230e-01
1.175384749204684554e-01
1.122468787412612828e-01
1.090479146927977178e-01
1.111970691487957213e-01
1.122457553417636755e-01
1.089597488538577019e-01
1.118680004890148516e-01
1.089331143129712437e-01
1.152489148605710390e-01
1.122954414393275147e-01
1.131432419021924374e-01
1.165691048671037705e-01
1.094723805641898695e-01
1.191073941114621226e-01
1.217110971036629852e-01
1.076746379861082820e-01
1.163269222833407252e-01
1.107601640889277761e-01
1.091614734906798806e-01
1.108074116353423150e-01
1.130606987537481900e-01
1.162519447505474118e-01
1.118458643889962134e-01
1.097528266410032899e-01
1.101528807089496853e-01
1.076418772960702624e-01
1.092314687533638418e-01
1.109789232460734187e-01
1.094917842163107280e-01
1.192907442171604188e-01
1.095739438508947644e-01
1.114598935469985064e-01
1.159317113602390675e-01
1.164190917060925479e-01
