9.414405822753906250e+00
1.167296314239501953e+01
1.436039543151855469e+01
1.671887207031250000e+01
1.847036743164062500e+01
2.003933525085449219e+01
2.118872833251953125e+01
2.234867668151855469e+01
2.345496940612792969e+01
2.421029090881347656e+01
2.512666702270507812e+01
2.577461242675781250e+01
2.657476615905761719e+01
2.728957366943359375e+01
2.799106979370117188e+01
2.866450881958007812e+01
2.912612342834472656e+01
2.969447517395019531e+01
3.016124343872070312e+01
3.065004730224609375e+01
3.113376426696777344e+01
3.155988883972167969e+01
3.207630538940429688e+01
3.241623306274414062e+01
3.279495620727539062e+01
3.314125061035156250e+01
3.341740036010742188e+01
3.365404510498046875e+01
3.389259338378906250e+01
3.414951324462890625e+01
3.437192153930664062e+01
3.453425598144531250e+01
3.477239990234375000e+01
3.494752883911132812e+01
3.504093933105468750e+01
3.532118988037109375e+01
3.557838821411132812e+01
3.565254592895507812e+01
3.570631790161132812e+01
3.579968261718750000e+01
3.594402313232421875e+01
3.605796051025390625e+01
3.622331237792968750e+01
3.619755554199218750e+01
3.620054626464843750e+01
3.634057998657226562e+01
3.648588562011718750e+01
3.652369308471679688e+01
3.656081008911132812e+01
3.656086730957031250e+01
3.661289215087890625e+01
3.663983154296875000e+01
3.659709167480468750e+01
3.666735839843750000e+01
3.673653411865234375e+01
3.675642013549804688e+01
3.660935974121093750e+01
3.654545593261718750e+01
3.658559799194335938e+01
3.659149169921875000e+01
3.660073089599609375e+01
3.661435317993164062e+01
3.649837493896484375e+01
3.657984924316406250e+01
3.661354064941406250e+01
3.665606689453125000e+01
3.666410064697265625e+01
3.670948028564453125e+01
3.661873626708984375e+01
3.675188446044921875e+01
3.655727005004882812e+01
3.652631759643554688e+01
3.650989532470703125e+01
3.635907745361328125e+01
3.642171859741210938e+01
3.636953353881835938e+01
3.642462921142578125e+01
3.627530670166015625e+01
3.631865692138671875e+01
3.619799804687500000e+01
3.614487075805664062e+01
3.598875045776367188e+01
3.600955581665039062e+01
3.609323120117187500e+01
3.600006484985351562e+01
3.602884292602539062e+01
3.607675552368164062e+01
3.591545104980468750e+01
3.592475891113281250e+01
3.590155792236328125e+01
3.579305267333984375e+01
3.588601684570312500e+01
3.591703414916992188e+01
3.589756011962890625e+01
3.566503143310546875e+01
3.565632629394531250e+01
3.565332794189453125e+01
3.555870437622070312e+01
3.556627655029296875e+01
3.553134155273437500e+01
3.540670013427734375e+01
3.561781692504882812e+01
3.548666763305664062e+01
3.547628021240234375e+01
3.531558609008789062e+01
3.561463928222656250e+01
3.542688751220703125e+01
3.532802581787109375e+01
3.540392684936523438e+01
3.549414825439453125e+01
3.539617919921875000e+01
3.520269775390625000e+01
3.505798339843750000e+01
3.512180328369140625e+01
3.505110931396484375e+01
3.512465667724609375e+01
3.494140625000000000e+01
3.505131149291992188e+01
3.509185409545898438e+01
3.506957244873046875e+01
3.493822479248046875e+01
3.507671737670898438e+01
3.493891143798828125e+01
3.479782867431640625e+01
3.460058212280273438e+01
3.475881958007812500e+01
3.477108001708984375e+01
3.475225067138671875e+01
3.460694885253906250e+01
3.464402770996093750e+01
3.463372421264648438e+01
3.446788787841796875e+01
3.438358306884765625e+01
3.436417388916015625e+01
3.425423049926757812e+01
3.425685882568359375e+01
3.426477813720703125e+01
3.416970443725585938e+01
3.407811355590820312e+01
3.413529205322265625e+01
3.414735031127929688e+01
3.409455871582031250e+01
3.427642440795898438e+01
3.423268508911132812e+01
3.426934432983398438e+01
3.417725372314453125e+01
3.408002853393554688e+01
3.409978866577148438e+01
3.405467224121093750e+01
3.410377120971679688e+01
3.411159515380859375e+01
3.405867004394531250e+01
3.397348785400390625e+01
3.389375305175781250e+01
3.392409515380859375e+01
3.386079025268554688e+01
3.380690383911132812e+01
3.394475555419921875e+01
3.398941421508789062e+01
3.399585342407226562e+01
3.385719680786132812e+01
3.401169586181640625e+01
3.382583618164062500e+01
3.381993103027343750e+01
3.372750091552734375e+01
3.366369628906250000e+01
3.364410400390625000e+01
3.359026718139648438e+01
3.361631774902343750e+01
3.365824890136718750e+01
3.358745574951171875e+01
3.356424713134765625e+01
3.357969665527343750e+01
3.354161071777343750e+01
3.371554565429687500e+01
3.373548507690429688e+01
3.360083007812500000e+01
3.365475082397460938e+01
3.347362899780273438e+01
3.348049163818359375e+01
3.331740951538085938e+01
3.334680938720703125e+01
3.338859176635742188e+01
3.328245925903320312e+01
3.325133514404296875e+01
3.335043334960937500e+01
3.343246841430664062e+01
3.340882110595703125e+01
3.332673645019531250e+01
3.341555786132812500e+01
3.350666427612304688e+01
3.340552520751953125e+01
3.352724456787109375e+01
3.369475173950195312e+01
3.356843185424804688e+01
3.379215240478515625e+01
3.352657318115234375e+01
3.344541931152343750e+01
3.346699523925781250e+01
3.339995574951171875e+01
3.337469482421875000e+01
3.338795089721679688e+01
3.326200866699218750e+01
3.324339294433593750e+01
3.312959289550781250e+01
3.304470062255859375e+01
3.306375885009765625e+01
3.303202819824218750e+01
3.319933319091796875e+01
3.299984359741210938e+01
3.305209350585937500e+01
3.295941925048828125e+01
3.295034027099609375e+01
3.293805694580078125e+01
3.290642929077148438e+01
3.312461090087890625e+01
3.319272613525390625e+01
3.310293579101562500e+01
3.290539550781250000e+01
3.295751571655273438e+01
3.304125595092773438e+01
3.295697784423828125e+01
3.292341995239257812e+01
3.302207183837890625e+01
3.288227081298828125e+01
3.285628509521484375e+01
3.293697357177734375e+01
3.290468597412109375e+01
3.285360717773437500e+01
3.295587158203125000e+01
3.287792968750000000e+01
3.286688995361328125e+01
3.281927871704101562e+01
3.273519134521484375e+01
3.271189117431640625e+01
3.257261657714843750e+01
3.278419494628906250e+01
3.287852096557617188e+01
3.289727401733398438e+01
3.268616867065429688e+01
3.262166213989257812e+01
3.241293716430664062e+01
3.237374877929687500e+01
3.243475341796875000e+01
3.262535095214843750e+01
3.261392974853515625e+01
3.248468017578125000e+01
3.261250305175781250e+01
3.267350006103515625e+01
3.261491775512695312e+01
3.267544555664062500e+01
3.259695434570312500e+01
3.252820587158203125e+01
3.239036941528320312e+01
3.246408081054687500e+01
3.245293426513671875e+01
3.235729217529296875e+01
3.246483230590820312e+01
3.240827178955078125e+01
3.236389541625976562e+01
3.235224914550781250e+01
3.230373764038085938e+01
3.247622680664062500e+01
3.236032867431640625e+01
3.236517333984375000e+01
3.234181976318359375e+01
3.223264312744140625e+01
3.241709136962890625e+01
3.228345489501953125e+01
3.237965011596679688e+01
3.226685333251953125e+01
3.237633514404296875e+01
3.217845916748046875e+01
3.222063446044921875e+01
3.220273590087890625e+01
3.212313079833984375e+01
3.216286468505859375e+01
3.219831848144531250e+01
3.206559753417968750e+01
3.191848373413085938e+01
3.195930099487304688e+01
3.217920684814453125e+01
3.206901931762695312e+01
3.206046676635742188e+01
3.211668395996093750e+01
3.218116760253906250e+01
3.216147994995117188e+01
3.220476150512695312e+01
3.202740097045898438e+01
3.202560806274414062e+01
3.230534362792968750e+01
3.224385833740234375e+01
3.243407821655273438e+01
3.250242233276367188e+01
3.248102951049804688e+01
3.236683273315429688e+01
3.228990173339843750e+01
3.220289611816406250e+01
3.221437454223632812e+01
3.217742156982421875e+01
3.207489776611328125e+01
3.218410491943359375e+01
3.206902313232421875e+01
3.216650009155273438e+01
3.208451843261718750e+01
3.207035827636718750e+01
3.216135406494140625e+01
3.204983520507812500e+01
3.208834075927734375e+01
3.212461090087890625e+01
3.201722717285156250e+01
3.194972038269042969e+01
3.190533828735351562e+01
3.205716705322265625e+01
3.205288696289062500e+01
3.211246109008789062e+01
3.195038223266601562e+01
3.201558303833007812e+01
3.208983230590820312e+01
3.188203048706054688e+01
3.196396827697753906e+01
3.180628395080566406e+01
3.197198486328125000e+01
3.188388824462890625e+01
3.221927642822265625e+01
3.215426635742187500e+01
3.211142349243164062e+01
3.202683258056640625e+01
3.206898498535156250e+01
3.202328491210937500e+01
3.231056594848632812e+01
3.225695037841796875e+01
3.232841491699218750e+01
3.233657836914062500e+01
3.228156280517578125e+01
3.241198730468750000e+01
3.223084640502929688e+01
3.214996719360351562e+01
3.209095001220703125e+01
3.202532958984375000e+01
3.192286491394042969e+01
3.189722442626953125e+01
3.183838462829589844e+01
3.189348220825195312e+01
3.195586585998535156e+01
3.198921585083007812e+01
3.191211509704589844e+01
3.190028381347656250e+01
3.205500793457031250e+01
3.201596832275390625e+01
3.199714279174804688e+01
3.189933776855468750e+01
3.183764648437500000e+01
3.190503311157226562e+01
3.188758659362792969e+01
3.202250671386718750e+01
3.206956863403320312e+01
3.187311363220214844e+01
3.192482376098632812e+01
3.191150474548339844e+01
3.191686630249023438e+01
3.219274902343750000e+01
3.208926010131835938e+01
3.205310821533203125e+01
3.205838775634765625e+01
3.209059524536132812e+01
3.205033493041992188e+01
3.209375762939453125e+01
3.201211547851562500e+01
3.193475723266601562e+01
3.195463562011718750e+01
3.202173995971679688e+01
3.191411590576171875e+01
3.170894813537597656e+01
3.188445281982421875e+01
3.190637779235839844e+01
3.198605537414550781e+01
3.189315795898437500e+01
3.196582984924316406e+01
3.196014404296875000e+01
3.183273696899414062e+01
3.189670372009277344e+01
3.192732620239257812e+01
3.216585922241210938e+01
3.231179046630859375e+01
3.212160110473632812e+01
3.220748138427734375e+01
3.220281982421875000e+01
3.215235900878906250e+01
3.221248626708984375e+01
3.216679382324218750e+01
3.185492324829101562e+01
3.200098419189453125e+01
3.194293022155761719e+01
3.192182159423828125e+01
3.195311927795410156e+01
3.200825500488281250e+01
3.192280197143554688e+01
3.184754943847656250e+01
3.182405853271484375e+01
3.170774078369140625e+01
3.158739280700683594e+01
3.150426864624023438e+01
3.163920211791992188e+01
3.167064094543457031e+01
3.166353034973144531e+01
3.160923194885253906e+01
3.153204345703125000e+01
3.151011085510253906e+01
3.148065376281738281e+01
3.161481285095214844e+01
3.163008499145507812e+01
3.154071044921875000e+01
3.169881820678710938e+01
3.145400619506835938e+01
3.163892364501953125e+01
3.188090133666992188e+01
3.177639198303222656e+01
3.184720230102539062e+01
3.173497581481933594e+01
3.178326034545898438e+01
3.174623680114746094e+01
3.167619514465332031e+01
3.169231605529785156e+01
3.169815063476562500e+01
3.180959701538085938e+01
3.174229431152343750e+01
3.178308486938476562e+01
3.186208343505859375e+01
3.180654907226562500e+01
3.175581550598144531e+01
3.199070167541503906e+01
3.179067611694335938e+01
3.180958366394042969e+01
3.186317443847656250e+01
3.170538711547851562e+01
3.150904846191406250e+01
3.176094436645507812e+01
3.175364875793457031e+01
3.166499328613281250e+01
3.153520584106445312e+01
3.149023246765136719e+01
3.152592658996582031e+01
3.136076354980468750e+01
3.150295829772949219e+01
3.165752601623535156e+01
3.159137725830078125e+01
3.141163635253906250e+01
3.151695632934570312e+01
3.159399223327636719e+01
3.168417549133300781e+01
3.160338020324707031e+01
3.151457977294921875e+01
3.185960006713867188e+01
3.183494377136230469e+01
3.178055572509765625e+01
3.188471984863281250e+01
3.173821640014648438e+01
3.166560363769531250e+01
3.163201713562011719e+01
3.162054824829101562e+01
3.171524810791015625e+01
3.172861671447753906e+01
3.167851257324218750e+01
3.154539680480957031e+01
3.157722854614257812e+01
3.152743721008300781e+01
3.151254272460937500e+01
3.171735382080078125e+01
3.162897491455078125e+01
3.156805038452148438e+01
3.144918632507324219e+01
3.164124679565429688e+01
3.170964431762695312e+01
3.162147712707519531e+01
3.154486846923828125e+01
3.147963714599609375e+01
3.144377517700195312e+01
3.165663337707519531e+01
3.157606124877929688e+01
3.146229171752929688e+01
3.158935165405273438e+01
3.153248596191406250e+01
3.149393272399902344e+01
3.161355209350585938e+01
3.164806747436523438e+01
3.177860641479492188e+01
3.165434837341308594e+01
3.170041465759277344e+01
3.154287910461425781e+01
3.153777694702148438e+01
3.158818054199218750e+01
3.185644912719726562e+01
3.165842819213867188e+01
3.160842323303222656e+01
3.161998748779296875e+01
3.173691940307617188e+01
3.193041992187500000e+01
3.191493225097656250e+01
3.185075378417968750e+01
3.178929328918457031e+01
3.196468544006347656e+01
3.203424835205078125e+01
3.198232269287109375e+01
3.189889526367187500e+01
3.191521453857421875e+01
3.178629684448242188e+01
3.182276153564453125e+01
3.168872833251953125e+01
3.168098068237304688e+01
3.152714347839355469e+01
3.155002212524414062e+01
3.148042297363281250e+01
3.165846443176269531e+01
3.157832336425781250e+01
3.162982368469238281e+01
3.163845825195312500e+01
3.160033607482910156e+01
3.180899620056152344e+01
3.182039642333984375e+01
3.167277145385742188e+01
3.167884826660156250e+01
3.162123107910156250e+01
3.163816452026367188e+01
3.170554351806640625e+01
3.153716278076171875e+01
3.146792984008789062e+01
3.144418525695800781e+01
3.148104667663574219e+01
3.144850921630859375e+01
3.173358917236328125e+01
3.153774452209472656e+01
3.153035163879394531e+01
3.143346786499023438e+01
3.145561981201171875e+01
3.143848800659179688e+01
3.141672134399414062e+01
3.136028289794921875e+01
3.148155403137207031e+01
3.159775161743164062e+01
3.152380561828613281e+01
3.146339607238769531e+01
3.139405632019042969e+01
3.138117790222167969e+01
3.138958740234375000e+01
3.134152412414550781e+01
3.126558685302734375e+01
3.137233543395996094e+01
3.153992843627929688e+01
3.141347503662109375e+01
3.152271270751953125e+01
3.148293876647949219e+01
3.173039627075195312e+01
3.182121467590332031e+01
3.195462989807128906e+01
3.186425018310546875e+01
3.190944480895996094e+01
3.182411384582519531e+01
3.173682403564453125e+01
3.177497673034667969e+01
3.149623680114746094e+01
3.136698150634765625e+01
3.135808563232421875e+01
3.135848999023437500e+01
3.124484062194824219e+01
3.128990364074707031e+01
3.141096878051757812e+01
3.152871704101562500e+01
3.151619148254394531e+01
3.138736152648925781e+01
3.137644195556640625e+01
3.143956375122070312e+01
3.141894340515136719e+01
3.144950103759765625e+01
3.144019699096679688e+01
3.145516395568847656e+01
3.137360954284667969e+01
3.151991462707519531e+01
3.160267639160156250e+01
3.162166976928710938e+01
3.150517082214355469e+01
3.135264205932617188e+01
3.153427124023437500e+01
3.142755126953125000e+01
3.133017158508300781e+01
3.150360298156738281e+01
3.137098693847656250e+01
3.131418609619140625e+01
3.142672348022460938e+01
3.139227294921875000e+01
3.135857772827148438e+01
3.151248359680175781e+01
3.142465019226074219e+01
3.137117767333984375e+01
3.124531364440917969e+01
3.111767578125000000e+01
3.127589607238769531e+01
3.123769378662109375e+01
3.129077911376953125e+01
3.125183105468750000e+01
3.129899406433105469e+01
3.118071937561035156e+01
3.121208190917968750e+01
3.132661437988281250e+01
3.144060134887695312e+01
3.132599639892578125e+01
3.137832641601562500e+01
3.134989356994628906e+01
3.139567947387695312e+01
3.156150627136230469e+01
3.166638946533203125e+01
3.160443496704101562e+01
3.137513923645019531e+01
3.151672363281250000e+01
3.129618263244628906e+01
3.137141036987304688e+01
3.137372970581054688e+01
3.128742218017578125e+01
3.138343811035156250e+01
3.140633201599121094e+01
3.139754867553710938e+01
3.140699386596679688e+01
3.144378089904785156e+01
3.160268974304199219e+01
3.149065399169921875e+01
3.150044059753417969e+01
3.151123809814453125e+01
3.139534568786621094e+01
3.124310684204101562e+01
3.120565795898437500e+01
3.111224365234375000e+01
3.128799438476562500e+01
3.156687736511230469e+01
3.149611663818359375e+01
3.140596389770507812e+01
3.143729782104492188e+01
3.132369232177734375e+01
3.138261795043945312e+01
3.143614578247070312e+01
3.129156684875488281e+01
3.130163383483886719e+01
3.103004455566406250e+01
3.098873901367187500e+01
3.104726028442382812e+01
3.096224784851074219e+01
3.108872795104980469e+01
3.104140090942382812e+01
3.109193038940429688e+01
3.113095283508300781e+01
3.129428100585937500e+01
3.139366912841796875e+01
3.122264480590820312e+01
3.132240676879882812e+01
3.139550018310546875e+01
3.139550971984863281e+01
3.123283004760742188e+01
3.138353347778320312e+01
3.135273742675781250e+01
3.135351562500000000e+01
3.119914817810058594e+01
3.116464042663574219e+01
3.119041824340820312e+01
3.129654312133789062e+01
3.131114959716796875e+01
3.132905197143554688e+01
3.125576019287109375e+01
3.117512512207031250e+01
3.118141746520996094e+01
3.116459274291992188e+01
3.116615295410156250e+01
3.124716377258300781e+01
3.136936187744140625e+01
3.147429656982421875e+01
3.146712112426757812e+01
3.155210113525390625e+01
3.158006858825683594e+01
3.136883544921875000e+01
3.134338760375976562e+01
3.126667594909667969e+01
3.143058776855468750e+01
3.145354080200195312e+01
3.128240776062011719e+01
3.144824218750000000e+01
3.146467971801757812e+01
3.160986328125000000e+01
3.168623733520507812e+01
3.142677688598632812e+01
3.176036834716796875e+01
3.174645423889160156e+01
3.149930191040039062e+01
3.137545394897460938e+01
3.121543884277343750e+01
3.141503524780273438e+01
3.130049896240234375e+01
3.126764678955078125e+01
3.142231750488281250e+01
3.136760520935058594e+01
3.129616928100585938e+01
3.129566192626953125e+01
3.124438476562500000e+01
3.129346084594726562e+01
3.114921951293945312e+01
3.128690338134765625e+01
3.134098815917968750e+01
3.136108016967773438e+01
3.132925605773925781e+01
3.145475769042968750e+01
3.145067214965820312e+01
3.145204925537109375e+01
3.143112564086914062e+01
3.119998168945312500e+01
3.136873245239257812e+01
3.135545158386230469e+01
3.127143859863281250e+01
3.127184295654296875e+01
3.115056610107421875e+01
3.128888320922851562e+01
3.127229499816894531e+01
3.127419281005859375e+01
3.121168518066406250e+01
3.113077354431152344e+01
3.124930572509765625e+01
3.134211730957031250e+01
3.130773925781250000e+01
3.141197967529296875e+01
3.131458282470703125e+01
3.118686294555664062e+01
3.134896469116210938e+01
3.135939216613769531e+01
3.134104347229003906e+01
3.117788505554199219e+01
3.118076896667480469e+01
3.128590393066406250e+01
3.129429626464843750e+01
3.136259078979492188e+01
3.112791252136230469e+01
3.129107284545898438e+01
3.128647613525390625e+01
3.126649856567382812e+01
3.124559974670410156e+01
3.137805938720703125e+01
3.126049613952636719e+01
3.130308341979980469e+01
3.121655654907226562e+01
3.122500991821289062e+01
3.133465194702148438e+01
3.131120109558105469e+01
3.138076019287109375e+01
3.133965492248535156e+01
3.142459869384765625e+01
3.135790252685546875e+01
3.140507888793945312e+01
3.146717453002929688e+01
3.162065696716308594e+01
3.125889396667480469e+01
3.127550697326660156e+01
3.120453834533691406e+01
3.115386009216308594e+01
3.114426422119140625e+01
3.106852722167968750e+01
3.119809150695800781e+01
3.108900260925292969e+01
3.112992858886718750e+01
3.100032615661621094e+01
3.104576110839843750e+01
3.084659004211425781e+01
3.108010673522949219e+01
3.104428482055664062e+01
3.113900756835937500e+01
3.112023544311523438e+01
3.111482620239257812e+01
3.120930290222167969e+01
3.110221290588378906e+01
3.113326263427734375e+01
3.123796844482421875e+01
3.111328315734863281e+01
3.104868698120117188e+01
3.114194488525390625e+01
3.115520858764648438e+01
3.130290794372558594e+01
3.126081085205078125e+01
3.134117507934570312e+01
3.128693962097167969e+01
3.132801628112792969e+01
3.124481201171875000e+01
3.122283935546875000e+01
3.127658462524414062e+01
3.118503952026367188e+01
3.110410118103027344e+01
3.115723037719726562e+01
3.113154411315917969e+01
3.118876647949218750e+01
3.103904533386230469e+01
3.102379226684570312e+01
3.114782905578613281e+01
3.111719131469726562e+01
3.113247680664062500e+01
3.110809707641601562e+01
3.112055778503417969e+01
3.115113449096679688e+01
3.124629211425781250e+01
3.115619277954101562e+01
3.113678359985351562e+01
3.095533752441406250e+01
3.099190711975097656e+01
3.123544692993164062e+01
3.122541809082031250e+01
3.123057365417480469e+01
3.132779884338378906e+01
3.123701858520507812e+01
3.108813667297363281e+01
3.126311874389648438e+01
3.105084228515625000e+01
3.102021408081054688e+01
3.108045959472656250e+01
3.109635353088378906e+01
3.105048179626464844e+01
3.100375747680664062e+01
3.122694396972656250e+01
3.112039184570312500e+01
3.114695549011230469e+01
3.112869453430175781e+01
3.129488945007324219e+01
3.105378532409667969e+01
3.101240921020507812e+01
3.088725280761718750e+01
3.128873825073242188e+01
3.128849220275878906e+01
3.117273521423339844e+01
3.107170295715332031e+01
3.119371604919433594e+01
3.116890144348144531e+01
3.104612731933593750e+01
3.120538711547851562e+01
3.124843215942382812e+01
3.107281875610351562e+01
3.101216506958007812e+01
3.092243194580078125e+01
3.090330123901367188e+01
3.092478179931640625e+01
3.091220283508300781e+01
3.090572357177734375e+01
3.098127174377441406e+01
3.107244110107421875e+01
3.112769317626953125e+01
3.115633010864257812e+01
3.103892517089843750e+01
3.085313606262207031e+01
3.098526000976562500e+01
3.106011199951171875e+01
3.104941749572753906e+01
3.105782890319824219e+01
3.096611404418945312e+01
3.095014381408691406e+01
3.103969001770019531e+01
3.097292709350585938e+01
3.092513656616210938e+01
3.097319030761718750e+01
3.097829055786132812e+01
3.090202713012695312e+01
3.107979583740234375e+01
3.111411285400390625e+01
3.104410552978515625e+01
3.120888328552246094e+01
3.120672035217285156e+01
3.106702804565429688e+01
3.096902847290039062e+01
3.107049560546875000e+01
3.108649063110351562e+01
3.104400634765625000e+01
3.093317031860351562e+01
3.095795059204101562e+01
3.100363922119140625e+01
3.109297943115234375e+01
3.093205833435058594e+01
3.079078865051269531e+01
3.084486770629882812e+01
3.098739814758300781e+01
3.100938606262207031e+01
3.092006301879882812e+01
3.106895828247070312e+01
3.094694709777832031e+01
3.116042327880859375e+01
3.093387985229492188e+01
3.072332000732421875e+01
3.073842811584472656e+01
3.078607559204101562e+01
3.075015258789062500e+01
3.075336456298828125e+01
3.082277297973632812e+01
3.094640541076660156e+01
3.091658401489257812e+01
3.090417671203613281e+01
3.108911705017089844e+01
3.095488357543945312e+01
3.102115440368652344e+01
3.115569305419921875e+01
3.118168449401855469e+01
3.124369812011718750e+01
3.114201545715332031e+01
3.115342903137207031e+01
3.105492782592773438e+01
3.106253814697265625e+01
3.083351516723632812e+01
3.101875686645507812e+01
3.106764030456542969e+01
3.105283355712890625e+01
3.111767196655273438e+01
3.110676574707031250e+01
3.101694107055664062e+01
3.108279037475585938e+01
3.105571746826171875e+01
3.096328353881835938e+01
3.108818054199218750e+01
3.108911895751953125e+01
3.105900764465332031e+01
3.106272888183593750e+01
3.094923782348632812e+01
3.097079658508300781e+01
3.107451629638671875e+01
3.100713920593261719e+01
3.080720329284667969e+01
3.108114051818847656e+01
3.111830520629882812e+01
3.108734703063964844e+01
3.109045982360839844e+01
3.113680076599121094e+01
3.088804435729980469e+01
3.098816299438476562e+01
3.091042518615722656e+01
3.080340957641601562e+01
3.090732574462890625e+01
3.072727203369140625e+01
3.073562240600585938e+01
3.082382774353027344e+01
3.087212944030761719e+01
3.074905776977539062e+01
3.068419265747070312e+01
3.079642295837402344e+01
3.082670211791992188e+01
3.080345344543457031e+01
3.085010910034179688e+01
3.092657279968261719e+01
3.091786003112792969e+01
3.107472801208496094e+01
3.106655120849609375e+01
3.100519561767578125e+01
3.089259719848632812e+01
3.087455558776855469e+01
3.071973419189453125e+01
3.081776809692382812e+01
3.077762985229492188e+01
3.074603271484375000e+01
3.083322143554687500e+01
3.064316558837890625e+01
3.074748229980468750e+01
3.076091766357421875e+01
3.094124221801757812e+01
3.109835433959960938e+01
3.096557235717773438e+01
3.107006835937500000e+01
3.089615249633789062e+01
3.082408523559570312e+01
3.094371986389160156e+01
3.093114471435546875e+01
3.106295013427734375e+01
3.104384040832519531e+01
3.088113975524902344e+01
3.104614257812500000e+01
3.114489364624023438e+01
3.110361862182617188e+01
3.098571014404296875e+01
3.108099937438964844e+01
3.112940597534179688e+01
3.105022048950195312e+01
3.113497161865234375e+01
3.112036895751953125e+01
3.113332366943359375e+01
3.105078887939453125e+01
3.104791831970214844e+01
3.101586723327636719e+01
3.095864105224609375e+01
3.092147064208984375e+01
3.092724418640136719e+01
3.103645324707031250e+01
3.099129867553710938e+01
3.089907264709472656e+01
3.084827423095703125e+01
3.076576995849609375e+01
3.091344070434570312e+01
3.102827835083007812e+01
3.101049041748046875e+01
3.109419822692871094e+01
3.110483741760253906e+01
3.101940536499023438e+01
3.089376640319824219e+01
3.064213180541992188e+01
3.060081291198730469e+01
3.078746032714843750e+01
3.085412597656250000e+01
3.073355293273925781e+01
3.066233253479003906e+01
3.057786178588867188e+01
3.057494163513183594e+01
3.059891510009765625e+01
3.072955703735351562e+01
3.073768615722656250e+01
3.098166656494140625e+01
3.080384445190429688e+01
3.079016876220703125e+01
3.060970306396484375e+01
3.053124046325683594e+01
3.071884346008300781e+01
3.078872871398925781e+01
3.080164337158203125e+01
3.083616256713867188e+01
3.092160415649414062e+01
3.072674179077148438e+01
3.087546539306640625e+01
3.080521965026855469e+01
3.096648788452148438e+01
3.094467735290527344e+01
3.077903366088867188e+01
3.087666320800781250e+01
3.103943634033203125e+01
3.094934463500976562e+01
3.082334709167480469e+01
3.091087341308593750e+01
3.084721755981445312e+01
3.078421020507812500e+01
3.060844993591308594e+01
3.069998931884765625e+01
3.063017654418945312e+01
3.055975151062011719e+01
3.052342605590820312e+01
3.074565887451171875e+01
3.069060707092285156e+01
3.052270889282226562e+01
3.064464187622070312e+01
3.059196662902832031e+01
3.059431838989257812e+01
3.056135559082031250e+01
3.048632812500000000e+01
3.043653869628906250e+01
3.053323745727539062e+01
3.055986595153808594e+01
3.071454620361328125e+01
3.080774307250976562e+01
3.088299942016601562e+01
3.074374771118164062e+01
3.098630714416503906e+01
3.092245483398437500e+01
3.102289199829101562e+01
3.104191780090332031e+01
3.110466384887695312e+01
3.087176132202148438e+01
3.086990356445312500e+01
3.065067100524902344e+01
3.082690811157226562e+01
3.076254463195800781e+01
3.072117233276367188e+01
3.074107551574707031e+01
3.073229217529296875e+01
3.072126770019531250e+01
3.073212051391601562e+01
3.082339859008789062e+01
3.075956726074218750e+01
3.068565559387207031e+01
3.071925163269042969e+01
3.078348541259765625e+01
3.080013084411621094e+01
3.074249839782714844e+01
3.074055480957031250e+01
3.078489494323730469e+01
3.075942039489746094e+01
3.079218673706054688e+01
3.086384582519531250e+01
3.065123367309570312e+01
3.070281600952148438e+01
3.064207649230957031e+01
3.059396553039550781e+01
3.068190765380859375e+01
3.077166175842285156e+01
3.060140991210937500e+01
3.047196960449218750e+01
3.035647201538085938e+01
3.047002792358398438e+01
3.054318809509277344e+01
3.045211791992187500e+01
3.043191528320312500e+01
3.051105117797851562e+01
3.067051696777343750e+01
3.055172920227050781e+01
3.066074371337890625e+01
3.073765563964843750e+01
3.066504287719726562e+01
3.062628746032714844e+01
3.057329940795898438e+01
3.059862327575683594e+01
3.049801635742187500e+01
3.065323638916015625e+01
3.066477203369140625e+01
3.076248931884765625e+01
3.084084129333496094e+01
3.095526885986328125e+01
3.098097991943359375e+01
3.086177444458007812e+01
3.080976486206054688e+01
3.081544685363769531e+01
3.082828903198242188e+01
3.077323532104492188e+01
3.076593971252441406e+01
3.083425521850585938e+01
3.079378890991210938e+01
3.085457229614257812e+01
3.092848587036132812e+01
3.081052017211914062e+01
3.068905448913574219e+01
3.081552314758300781e+01
3.074720001220703125e+01
3.077859878540039062e+01
3.078415679931640625e+01
3.085147857666015625e+01
3.072491836547851562e+01
3.076920318603515625e+01
3.092217636108398438e+01
3.090845870971679688e+01
3.100928306579589844e+01
3.087051773071289062e+01
3.098097991943359375e+01
3.085397148132324219e+01
3.067044448852539062e+01
3.066530990600585938e+01
3.075722694396972656e+01
3.076402091979980469e+01
3.075815582275390625e+01
3.071138763427734375e+01
3.081627655029296875e+01
3.069980812072753906e+01
3.070717048645019531e+01
3.056667137145996094e+01
3.047989273071289062e+01
3.066538619995117188e+01
3.058993911743164062e+01
3.074318504333496094e+01
3.058934783935546875e+01
3.079920196533203125e+01
3.071000671386718750e+01
3.072851943969726562e+01
3.072184753417968750e+01
3.064875030517578125e+01
3.058666610717773438e+01
3.056099700927734375e+01
3.049689483642578125e+01
3.045082664489746094e+01
3.040711593627929688e+01
3.048971557617187500e+01
3.058677864074707031e+01
3.033371734619140625e+01
3.037359809875488281e+01
3.053460693359375000e+01
3.060089874267578125e+01
3.065328598022460938e+01
3.050426101684570312e+01
3.051670455932617188e+01
3.048574447631835938e+01
3.055876541137695312e+01
3.062651062011718750e+01
3.074393081665039062e+01
3.066889381408691406e+01
3.055686378479003906e+01
3.062538909912109375e+01
3.053484344482421875e+01
3.043890380859375000e+01
3.041637229919433594e+01
3.032622909545898438e+01
3.049638938903808594e+01
3.052916336059570312e+01
3.064527130126953125e+01
3.069963455200195312e+01
3.060206985473632812e+01
3.053575897216796875e+01
3.047581100463867188e+01
3.053165817260742188e+01
3.061779785156250000e+01
3.081266403198242188e+01
3.074586105346679688e+01
3.069840812683105469e+01
3.067174530029296875e+01
3.067544174194335938e+01
3.069026947021484375e+01
3.075704193115234375e+01
3.061151695251464844e+01
3.060503005981445312e+01
3.086399650573730469e+01
3.076268386840820312e+01
3.066832160949707031e+01
3.093927574157714844e+01
3.080405998229980469e+01
3.069111061096191406e+01
3.081504821777343750e+01
3.072116470336914062e+01
3.078579902648925781e+01
3.071933555603027344e+01
3.067092132568359375e+01
3.067245483398437500e+01
3.092779159545898438e+01
3.086302185058593750e+01
3.086701583862304688e+01
3.081717681884765625e+01
3.080286216735839844e+01
3.058932876586914062e+01
3.057262420654296875e+01
3.054647064208984375e+01
3.049712181091308594e+01
3.066308975219726562e+01
3.049173164367675781e+01
3.055002784729003906e+01
3.057186889648437500e+01
3.069654464721679688e+01
3.086320114135742188e+01
3.088188552856445312e+01
3.081927490234375000e+01
3.067965698242187500e+01
3.056807899475097656e+01
3.063685989379882812e+01
3.071769332885742188e+01
3.064978408813476562e+01
3.060918426513671875e+01
3.065550613403320312e+01
3.067386817932128906e+01
3.056567192077636719e+01
3.076568984985351562e+01
3.062799263000488281e+01
3.054664993286132812e+01
3.054269599914550781e+01
3.053886413574218750e+01
3.058526992797851562e+01
3.062785148620605469e+01
3.074122619628906250e+01
3.082506942749023438e+01
3.071041488647460938e+01
3.055775642395019531e+01
3.076169967651367188e+01
3.071753501892089844e+01
3.073273277282714844e+01
3.070630836486816406e+01
3.054080200195312500e+01
3.053122711181640625e+01
3.044999313354492188e+01
3.051556968688964844e+01
3.045150947570800781e+01
3.041769409179687500e+01
3.050155258178710938e+01
3.057380676269531250e+01
3.059386062622070312e+01
3.045618629455566406e+01
3.045937728881835938e+01
3.033717155456542969e+01
3.035229873657226562e+01
3.022090339660644531e+01
3.030779266357421875e+01
3.037827110290527344e+01
3.038773536682128906e+01
3.051776123046875000e+01
3.060577774047851562e+01
3.063278388977050781e+01
3.062584686279296875e+01
3.052893447875976562e+01
3.038579940795898438e+01
3.051538276672363281e+01
3.055618858337402344e+01
3.056836318969726562e+01
3.041012954711914062e+01
3.034973526000976562e+01
3.032779312133789062e+01
3.033751678466796875e+01
3.030487060546875000e+01
3.029467391967773438e+01
3.032975387573242188e+01
3.018568420410156250e+01
3.024950790405273438e+01
3.022985076904296875e+01
3.016150665283203125e+01
3.048983383178710938e+01
3.028719711303710938e+01
3.043001556396484375e+01
3.050603103637695312e+01
3.042290878295898438e+01
3.050666809082031250e+01
3.055123901367187500e+01
3.061599159240722656e+01
3.056134605407714844e+01
3.057209777832031250e+01
3.070058059692382812e+01
3.079522323608398438e+01
3.083079719543457031e+01
3.068952178955078125e+01
3.054566955566406250e+01
3.051266860961914062e+01
3.056600952148437500e+01
3.061375045776367188e+01
3.060866546630859375e+01
3.065729141235351562e+01
3.058380508422851562e+01
3.080086898803710938e+01
3.092889022827148438e+01
3.069000434875488281e+01
3.062715911865234375e+01
3.074282455444335938e+01
3.074843978881835938e+01
3.076233673095703125e+01
3.070998573303222656e+01
3.057202529907226562e+01
3.060466766357421875e+01
3.053401756286621094e+01
3.050861549377441406e+01
3.045507431030273438e+01
3.041763496398925781e+01
3.055214309692382812e+01
3.071536636352539062e+01
3.067537117004394531e+01
3.072958183288574219e+01
3.064509963989257812e+01
3.068029975891113281e+01
3.058238983154296875e+01
3.052270317077636719e+01
3.059811401367187500e+01
3.051197052001953125e+01
3.055423355102539062e+01
3.049399185180664062e+01
3.057997512817382812e+01
3.057365417480468750e+01
3.070110321044921875e+01
3.060353469848632812e+01
3.062318038940429688e+01
3.077481842041015625e+01
3.063617706298828125e+01
3.073222351074218750e+01
3.059682083129882812e+01
3.054109382629394531e+01
3.050196838378906250e+01
3.046913337707519531e+01
3.066851043701171875e+01
3.065789031982421875e+01
3.044697380065917969e+01
3.047142410278320312e+01
3.047570419311523438e+01
3.041856765747070312e+01
3.039340591430664062e+01
3.051498031616210938e+01
3.045597076416015625e+01
3.043604278564453125e+01
3.051427078247070312e+01
3.050796699523925781e+01
3.036326026916503906e+01
3.044585800170898438e+01
3.039347457885742188e+01
3.047915267944335938e+01
3.031867218017578125e+01
3.043129730224609375e+01
3.023092842102050781e+01
3.039181327819824219e+01
3.046575736999511719e+01
3.033642959594726562e+01
3.032033538818359375e+01
3.044364547729492188e+01
3.046086883544921875e+01
3.028072166442871094e+01
3.049805831909179688e+01
3.043250083923339844e+01
3.035871505737304688e+01
3.037496948242187500e+01
3.034134864807128906e+01
3.042009735107421875e+01
3.041681289672851562e+01
3.036703491210937500e+01
3.028948211669921875e+01
3.013437652587890625e+01
3.011716651916503906e+01
3.019148254394531250e+01
3.025736999511718750e+01
3.023581886291503906e+01
3.013292503356933594e+01
3.019227981567382812e+01
3.017219734191894531e+01
3.036363220214843750e+01
3.035844993591308594e+01
3.052739524841308594e+01
3.047613143920898438e+01
3.056445693969726562e+01
3.055141067504882812e+01
3.044485282897949219e+01
3.042927169799804688e+01
3.053966903686523438e+01
3.058330154418945312e+01
3.057098007202148438e+01
3.062009239196777344e+01
3.051004409790039062e+01
3.045816040039062500e+01
3.037207603454589844e+01
3.030368041992187500e+01
3.042168045043945312e+01
3.050126457214355469e+01
3.023584175109863281e+01
3.042121696472167969e+01
3.037671661376953125e+01
3.049625968933105469e+01
3.034691238403320312e+01
3.032290077209472656e+01
3.020431518554687500e+01
3.023726654052734375e+01
3.030839347839355469e+01
3.033457183837890625e+01
3.036566162109375000e+01
3.038842773437500000e+01
3.036653709411621094e+01
3.034538269042968750e+01
3.027478790283203125e+01
3.025154495239257812e+01
3.015918540954589844e+01
3.022412109375000000e+01
3.019872283935546875e+01
3.021776580810546875e+01
3.022325515747070312e+01
3.022583389282226562e+01
3.028904342651367188e+01
3.025211906433105469e+01
3.015369415283203125e+01
3.016870117187500000e+01
3.020784759521484375e+01
3.019301414489746094e+01
3.015659904479980469e+01
3.024922180175781250e+01
3.037196350097656250e+01
3.040145874023437500e+01
3.035279846191406250e+01
3.035411071777343750e+01
3.034342575073242188e+01
3.023766136169433594e+01
3.024551200866699219e+01
3.015019989013671875e+01
3.034663772583007812e+01
3.022458839416503906e+01
3.024840164184570312e+01
3.018582153320312500e+01
3.010915374755859375e+01
3.009560966491699219e+01
3.017252922058105469e+01
3.019148063659667969e+01
3.019302177429199219e+01
3.016681671142578125e+01
3.033723640441894531e+01
3.025766944885253906e+01
3.018184852600097656e+01
3.020584106445312500e+01
3.016559219360351562e+01
3.010433197021484375e+01
3.004455375671386719e+01
3.002264022827148438e+01
3.008821105957031250e+01
3.022248077392578125e+01
3.024094200134277344e+01
3.032358551025390625e+01
3.047583007812500000e+01
3.031582832336425781e+01
3.035648727416992188e+01
3.021116638183593750e+01
3.024594879150390625e+01
3.017230415344238281e+01
3.026927375793457031e+01
3.026190185546875000e+01
3.036013412475585938e+01
3.033990859985351562e+01
3.042908477783203125e+01
3.047063064575195312e+01
3.040754508972167969e+01
3.033989143371582031e+01
3.017650222778320312e+01
2.998664093017578125e+01
3.001636695861816406e+01
2.998421859741210938e+01
2.998584175109863281e+01
3.002821731567382812e+01
3.002438926696777344e+01
3.002486038208007812e+01
3.017207717895507812e+01
3.012271308898925781e+01
3.015155410766601562e+01
3.023178672790527344e+01
3.020355606079101562e+01
3.032586288452148438e+01
3.034785461425781250e+01
3.029901695251464844e+01
3.023802185058593750e+01
3.027530288696289062e+01
3.025908279418945312e+01
3.027304840087890625e+01
3.009237480163574219e+01
2.994704627990722656e+01
2.992639732360839844e+01
2.998720932006835938e+01
3.008013725280761719e+01
3.007311248779296875e+01
3.005397796630859375e+01
3.010209274291992188e+01
2.998255157470703125e+01
3.002374458312988281e+01
3.015327644348144531e+01
3.013661193847656250e+01
3.021618652343750000e+01
3.034229278564453125e+01
3.022289276123046875e+01
3.022136306762695312e+01
3.030072975158691406e+01
3.025478935241699219e+01
3.020435523986816406e+01
3.022397041320800781e+01
3.018149566650390625e+01
3.021075439453125000e+01
3.027963638305664062e+01
3.018431282043457031e+01
3.021140670776367188e+01
2.998979187011718750e+01
2.995139694213867188e+01
3.010211181640625000e+01
3.001880645751953125e+01
3.003119659423828125e+01
3.012509155273437500e+01
3.024826240539550781e+01
3.023804855346679688e+01
3.006816673278808594e+01
3.006861877441406250e+01
3.024118232727050781e+01
3.019819259643554688e+01
3.012373352050781250e+01
3.029350280761718750e+01
3.025845527648925781e+01
3.035730171203613281e+01
3.043315505981445312e+01
3.025501632690429688e+01
3.023370742797851562e+01
3.020594596862792969e+01
3.024151992797851562e+01
3.012839889526367188e+01
3.020500373840332031e+01
3.030620193481445312e+01
3.028330993652343750e+01
3.010169601440429688e+01
3.019225883483886719e+01
3.017257308959960938e+01
3.023559188842773438e+01
3.028376960754394531e+01
3.016500854492187500e+01
3.031997299194335938e+01
3.031564140319824219e+01
3.024579429626464844e+01
3.028464508056640625e+01
3.026784896850585938e+01
3.018763732910156250e+01
3.023534011840820312e+01
3.025637817382812500e+01
3.032777023315429688e+01
3.010544204711914062e+01
3.027497482299804688e+01
3.016947746276855469e+01
2.997739791870117188e+01
2.990897750854492188e+01
2.995287322998046875e+01
3.010219955444335938e+01
2.998287963867187500e+01
3.029475402832031250e+01
3.012913131713867188e+01
3.001475334167480469e+01
3.004419708251953125e+01
3.009371185302734375e+01
3.010857963562011719e+01
3.023503303527832031e+01
3.017295265197753906e+01
3.021964073181152344e+01
3.019206619262695312e+01
3.016458511352539062e+01
3.032936477661132812e+01
3.029449462890625000e+01
3.026624679565429688e+01
3.044851684570312500e+01
3.041185569763183594e+01
3.031868362426757812e+01
3.024538803100585938e+01
3.014581680297851562e+01
3.019921493530273438e+01
3.025465774536132812e+01
3.025029754638671875e+01
3.025722694396972656e+01
3.027433013916015625e+01
3.032382965087890625e+01
3.023649406433105469e+01
3.028049468994140625e+01
3.027113914489746094e+01
3.023841476440429688e+01
3.018568420410156250e+01
3.022042846679687500e+01
3.017425155639648438e+01
3.021695137023925781e+01
3.033614158630371094e+01
3.036184692382812500e+01
3.051884841918945312e+01
3.042011642456054688e+01
3.029189682006835938e+01
3.030578041076660156e+01
3.026831817626953125e+01
3.021944808959960938e+01
3.034564208984375000e+01
3.026801681518554688e+01
3.018913841247558594e+01
3.006372833251953125e+01
3.006243133544921875e+01
3.005432891845703125e+01
3.016070747375488281e+01
3.007114982604980469e+01
2.982958602905273438e+01
2.986037635803222656e+01
2.989236259460449219e+01
2.987505340576171875e+01
3.006815910339355469e+01
3.000282096862792969e+01
3.000696182250976562e+01
3.002360916137695312e+01
2.991686630249023438e+01
2.988005065917968750e+01
2.994290733337402344e+01
3.009292602539062500e+01
2.998564910888671875e+01
2.981129074096679688e+01
2.996553802490234375e+01
2.989666748046875000e+01
3.000522804260253906e+01
3.009311294555664062e+01
3.002333641052246094e+01
2.997004508972167969e+01
3.001074600219726562e+01
2.993185806274414062e+01
2.993884849548339844e+01
3.005566024780273438e+01
2.997021484375000000e+01
3.002374076843261719e+01
2.997529792785644531e+01
3.002316093444824219e+01
2.991215133666992188e+01
2.980694580078125000e+01
2.976430892944335938e+01
2.988507843017578125e+01
2.989875411987304688e+01
2.991139221191406250e+01
2.995541000366210938e+01
3.001570892333984375e+01
3.008512115478515625e+01
3.024880599975585938e+01
3.042209625244140625e+01
3.023228454589843750e+01
3.012769126892089844e+01
3.020086097717285156e+01
3.017227745056152344e+01
3.005228233337402344e+01
2.999823570251464844e+01
3.000274085998535156e+01
2.998353958129882812e+01
3.001805686950683594e+01
3.010485076904296875e+01
3.021886825561523438e+01
3.031156539916992188e+01
3.028249168395996094e+01
3.036046981811523438e+01
3.021682357788085938e+01
3.011060523986816406e+01
3.013640975952148438e+01
3.006635284423828125e+01
3.013447189331054688e+01
3.020666694641113281e+01
3.021129035949707031e+01
3.022334098815917969e+01
3.012496566772460938e+01
3.013052940368652344e+01
3.029273223876953125e+01
3.024365234375000000e+01
3.017766571044921875e+01
3.023959732055664062e+01
3.045290374755859375e+01
3.025797080993652344e+01
3.011447906494140625e+01
3.032592391967773438e+01
3.023281860351562500e+01
3.032490539550781250e+01
3.027244949340820312e+01
3.025660705566406250e+01
3.009296989440917969e+01
3.015020370483398438e+01
3.007444763183593750e+01
3.005711746215820312e+01
2.996128654479980469e+01
3.010960769653320312e+01
3.010979652404785156e+01
3.022704696655273438e+01
3.019296264648437500e+01
3.016889572143554688e+01
3.005901336669921875e+01
3.020827293395996094e+01
3.021687126159667969e+01
3.011886215209960938e+01
3.008504104614257812e+01
3.008868789672851562e+01
2.988620758056640625e+01
3.005490684509277344e+01
2.983064270019531250e+01
2.991070365905761719e+01
2.977563858032226562e+01
2.987213516235351562e+01
2.988450622558593750e+01
2.983181571960449219e+01
2.993184852600097656e+01
2.979322814941406250e+01
2.982468795776367188e+01
2.982842445373535156e+01
2.993710899353027344e+01
3.013219451904296875e+01
3.014626312255859375e+01
3.017630004882812500e+01
3.001963043212890625e+01
3.006957244873046875e+01
3.015967178344726562e+01
3.010182189941406250e+01
3.025970458984375000e+01
3.019903945922851562e+01
3.030339050292968750e+01
3.012013816833496094e+01
3.014314460754394531e+01
3.014064598083496094e+01
3.014810943603515625e+01
3.005235290527343750e+01
3.014965248107910156e+01
3.028068923950195312e+01
3.021844482421875000e+01
3.005803680419921875e+01
3.009085655212402344e+01
3.019106292724609375e+01
3.012828063964843750e+01
3.012866592407226562e+01
3.007665252685546875e+01
3.003678321838378906e+01
3.005366516113281250e+01
3.025411796569824219e+01
3.026494598388671875e+01
3.030601501464843750e+01
3.036083221435546875e+01
3.034545135498046875e+01
3.014224624633789062e+01
3.002431869506835938e+01
2.997158432006835938e+01
3.000040054321289062e+01
2.985260009765625000e+01
2.979234123229980469e+01
2.982687759399414062e+01
2.989162826538085938e+01
3.001354980468750000e+01
2.994768905639648438e+01
2.993970489501953125e+01
2.987347030639648438e+01
2.986793899536132812e+01
2.996263122558593750e+01
2.979045867919921875e+01
2.970883369445800781e+01
2.983544921875000000e+01
2.977718734741210938e+01
2.969224548339843750e+01
2.964705085754394531e+01
2.971403503417968750e+01
2.992269897460937500e+01
2.970408248901367188e+01
2.974050521850585938e+01
2.979133605957031250e+01
2.974501991271972656e+01
2.977083587646484375e+01
2.975527381896972656e+01
2.974255752563476562e+01
2.962537384033203125e+01
3.005326080322265625e+01
2.993608474731445312e+01
2.991747474670410156e+01
2.992895889282226562e+01
2.987785530090332031e+01
2.987009048461914062e+01
2.993350219726562500e+01
2.989833068847656250e+01
2.997857284545898438e+01
2.998472785949707031e+01
3.011711883544921875e+01
3.005259704589843750e+01
2.993875503540039062e+01
2.986243438720703125e+01
2.975566482543945312e+01
2.980264663696289062e+01
2.980850219726562500e+01
2.985522460937500000e+01
2.980585861206054688e+01
2.990963554382324219e+01
2.993279647827148438e+01
2.972390365600585938e+01
2.989577674865722656e+01
2.986599349975585938e+01
3.002107238769531250e+01
3.003239059448242188e+01
2.993507003784179688e+01
3.005911254882812500e+01
3.013527488708496094e+01
2.992028427124023438e+01
3.011207580566406250e+01
3.011499404907226562e+01
3.005416107177734375e+01
3.003483581542968750e+01
3.001691627502441406e+01
2.987657928466796875e+01
3.001422882080078125e+01
3.009409332275390625e+01
3.008391189575195312e+01
3.017993927001953125e+01
2.985773468017578125e+01
2.983221817016601562e+01
2.990265846252441406e+01
3.003491592407226562e+01
3.005382919311523438e+01
2.999454498291015625e+01
2.987972259521484375e+01
2.980418395996093750e+01
2.981236648559570312e+01
2.975839614868164062e+01
2.965419197082519531e+01
2.970914840698242188e+01
2.964789962768554688e+01
2.975994682312011719e+01
2.984061050415039062e+01
2.995767021179199219e+01
2.990013313293457031e+01
2.968269729614257812e+01
2.967267990112304688e+01
2.966286468505859375e+01
2.973025131225585938e+01
2.968513679504394531e+01
2.957987213134765625e+01
2.967642211914062500e+01
2.983712768554687500e+01
2.993256187438964844e+01
2.998003578186035156e+01
2.983531570434570312e+01
2.979129028320312500e+01
2.964294242858886719e+01
2.967608642578125000e+01
2.977959442138671875e+01
2.970349121093750000e+01
2.983380126953125000e+01
2.982107543945312500e+01
2.986023330688476562e+01
2.987692070007324219e+01
2.983493423461914062e+01
2.991320991516113281e+01
2.970705986022949219e+01
2.995596694946289062e+01
3.012558746337890625e+01
2.987389564514160156e+01
2.970221328735351562e+01
2.971057319641113281e+01
2.968945121765136719e+01
2.976770401000976562e+01
2.962260437011718750e+01
2.970609092712402344e+01
2.971624565124511719e+01
2.961396217346191406e+01
2.954866409301757812e+01
2.972946166992187500e+01
2.964999580383300781e+01
2.987563323974609375e+01
2.976041793823242188e+01
2.969998931884765625e+01
2.979467391967773438e+01
2.984909439086914062e+01
2.973665046691894531e+01
2.974125480651855469e+01
2.982332229614257812e+01
2.983616828918457031e+01
2.968732452392578125e+01
2.967862319946289062e+01
2.959863281250000000e+01
2.960043716430664062e+01
2.953207015991210938e+01
2.945809555053710938e+01
2.946497726440429688e+01
2.956867027282714844e+01
2.957678985595703125e+01
2.955500030517578125e+01
2.957957077026367188e+01
2.964101409912109375e+01
