2.253401736724070847e+00
2.185492089467170995e+00
2.144438077241946683e+00
2.124697389358129129e+00
2.108357574083866037e+00
2.094584912214523698e+00
2.081750245277698141e+00
2.072085878482231802e+00
2.062245357647920052e+00
2.054342151605165867e+00
2.046352203992697127e+00
2.043055971769186296e+00
2.034886702818748283e+00
2.031668717433244620e+00
2.026743099934015468e+00
2.022856660683949759e+00
2.017896916927435669e+00
2.014399165373581990e+00
2.012866468918629081e+00
2.009632877508799265e+00
2.008170350086994738e+00
2.006169980305891887e+00
2.002717960797823604e+00
2.001739991322541989e+00
1.999412284447596555e+00
1.999332095415164323e+00
1.997103866858360055e+00
1.995140753953884794e+00
1.994620449726398181e+00
1.992752054715767995e+00
1.990946363791441298e+00
1.990510514760628791e+00
1.990044034444368837e+00
1.990071518604572098e+00
1.987515984437404626e+00
1.987773991242433258e+00
1.984723659050770195e+00
1.984755344574268054e+00
1.982985745026515145e+00
1.982113045912522464e+00
1.981151902981293400e+00
1.980595380831987384e+00
1.979273406053200679e+00
1.980203995949182838e+00
1.979162354958363013e+00
1.975442019792703396e+00
1.975764133991339211e+00
1.976025926455473369e+00
1.974062864597027067e+00
1.972163050602643963e+00
1.972792136057829326e+00
1.972809154253739594e+00
1.971665819180317358e+00
1.972562182255280350e+00
1.968577195742191366e+00
1.968919100822546620e+00
1.969574717986278145e+00
1.966842070909646800e+00
1.966472107630509614e+00
1.966007983073210008e+00
1.967283604695246879e+00
1.963360728972997515e+00
1.963536497568472816e+00
1.962926082122020244e+00
1.960392967859903912e+00
1.958788060836302858e+00
1.959416151963747410e+00
1.959335180429311984e+00
1.959033660705272961e+00
1.958736377190321010e+00
1.954757074820689722e+00
1.951819015771914856e+00
1.952678555403000171e+00
1.953887940981449134e+00
1.952924246054429380e+00
1.951820683173644211e+00
1.950519222173935363e+00
1.955708369230612753e+00
1.950897798477075007e+00
1.951014830821599766e+00
1.948702813417483526e+00
1.946791183337187148e+00
1.947110046178866627e+00
1.946684566522255855e+00
1.944015955619323055e+00
1.948045346064445349e+00
1.943648571845812745e+00
1.942031100163092994e+00
1.940643399495344923e+00
1.937569849002055644e+00
1.939660741732670779e+00
1.938879543084364609e+00
1.939013685018588395e+00
1.938348890573550420e+00
1.938413623357430504e+00
1.935666253322209984e+00
1.934478414058685258e+00
1.934166918351100106e+00
1.933957860103020288e+00
1.932445455208802843e+00
1.931268898034707027e+00
1.930418328749827772e+00
1.928934077421824211e+00
1.929121596079606205e+00
1.925614045827816589e+00
1.929032312906705515e+00
1.923892990442422679e+00
1.928762592719151403e+00
1.925288801009838346e+00
1.924960197546543128e+00
1.923745259566184806e+00
1.922973723594958884e+00
1.920128755691723921e+00
1.922069111542823894e+00
1.921803583548619132e+00
1.919827062655717897e+00
1.919959204319195978e+00
1.917934299126649478e+00
1.913324166261232806e+00
1.919116156223492853e+00
1.918946681572840873e+00
1.917441137937399009e+00
1.913214109799800777e+00
1.911680431243700795e+00
1.913386870958866171e+00
1.907656789742983250e+00
1.907290183580838683e+00
1.910171208931849662e+00
1.906656706638825138e+00
1.905975384284288365e+00
1.906291229602617987e+00
1.903451395646119648e+00
1.906722194109207624e+00
1.900681466934008412e+00
1.901918498369363553e+00
1.899194868099995048e+00
1.900432927180559117e+00
1.903369252803998046e+00
1.896815232741527080e+00
1.897305353482564350e+00
1.896469387946984719e+00
1.897725192400125271e+00
1.894166529178619385e+00
1.890687864560347320e+00
1.893391031179672668e+00
1.895316359018668129e+00
1.894417282251211310e+00
1.891646441435202552e+00
1.893962643391046807e+00
1.888248646259307773e+00
1.886194672034336994e+00
1.884494785162118768e+00
1.887279463425660664e+00
1.885438038141299621e+00
1.883541107177734375e+00
1.882984141814403101e+00
1.882245896412776176e+00
1.886578509746453802e+00
1.881900778794900031e+00
1.878705114584702685e+00
1.880235382532462030e+00
1.879418617334121411e+00
1.877153867941636411e+00
1.873080058586903185e+00
1.880622339554322009e+00
1.875361990011655378e+00
1.873227169574835260e+00
1.877105637697073171e+00
1.872894283747061683e+00
1.875580536096523865e+00
1.875129490937942123e+00
1.873077121759072261e+00
1.875629425048828125e+00
1.873158425551194384e+00
1.871399218302506773e+00
1.871520578555571745e+00
1.871086578797071409e+00
1.869014745797866528e+00
1.870362166563669826e+00
1.868775108227362924e+00
1.869501867966774089e+00
1.867564484094962118e+00
1.872835483917823174e+00
1.868373672473125024e+00
1.868634942861703729e+00
1.863751699985601862e+00
1.866847287080226847e+00
1.866374639058724361e+00
1.865990499655405754e+00
1.866006765304467629e+00
1.866930862573476846e+00
1.864430545537899775e+00
1.859030902385711670e+00
1.862369447488051222e+00
1.862523112235925149e+00
1.860959264253958745e+00
1.859342270631056504e+00
1.856331960054544261e+00
1.855754283758310086e+00
1.853627200921376561e+00
1.854940120379130031e+00
1.857215963571499540e+00
1.855936733881632383e+00
1.852296622899862522e+00
1.851715844716781190e+00
1.854497846273275519e+00
1.850183371397165155e+00
1.851382250052232115e+00
1.854612372471736048e+00
1.848725029749747950e+00
1.851720643349182849e+00
1.848740202952653844e+00
1.849273682863284307e+00
1.848471434911092226e+00
1.850076361191578478e+00
1.847681964972080371e+00
1.850755420709267574e+00
1.846601613973959832e+00
1.850339827170738749e+00
1.846034660094823643e+00
1.841080097968761820e+00
1.844605244123018739e+00
1.844291846568767879e+00
1.843676534371498255e+00
1.841037975824796336e+00
1.843490437360910228e+00
1.843601177594600626e+00
1.847566412656735046e+00
1.845628291521316910e+00
1.844194770164978792e+00
1.843329165837703565e+00
1.839778615878178591e+00
1.844346248186551573e+00
1.842591622548225505e+00
1.839095750833169118e+00
1.843538533418606518e+00
1.841552765552814108e+00
1.840323169109148838e+00
1.838998715082804436e+00
1.836549209020076567e+00
1.836977971822787659e+00
1.837099812275324151e+00
1.836613020224449055e+00
1.831054669771438936e+00
1.834668373450254686e+00
1.832139895818172270e+00
1.834243987156794597e+00
1.833113794449048095e+00
1.836032875073261739e+00
1.832294326867812684e+00
1.829541282776074640e+00
1.830406108880654470e+00
1.828041846935565706e+00
1.826600373402619937e+00
1.832475140461554908e+00
1.827317921320597227e+00
1.821302140981723161e+00
1.821163417131472784e+00
1.818287491798400879e+00
1.824584555931580310e+00
1.819378276360340552e+00
1.821671728598765805e+00
1.819896228191180132e+00
1.818467765282361981e+00
1.822487386067708437e+00
1.817803690372369330e+00
1.815211398173601109e+00
1.817896025608747523e+00
1.819783206780751561e+00
1.819186305694091121e+00
1.824317096746884914e+00
1.817518214690379663e+00
1.819789985815684075e+00
1.818427982391455311e+00
1.820890878714047867e+00
1.822557712518251938e+00
1.821172357216859439e+00
1.820973181418883424e+00
1.819835140154911990e+00
1.815980275472005134e+00
1.817752170257079358e+00
1.817998650440802999e+00
1.814231021282000311e+00
1.809959496595920703e+00
1.820677957473657127e+00
1.813453343587043909e+00
1.816560140022864811e+00
1.811232518538450575e+00
1.810445809975648634e+00
1.817515189831073519e+00
1.811571489541958568e+00
1.812832970191270876e+00
1.813209456052535584e+00
1.812001440769586802e+00
1.807902706586397512e+00
1.808483121333978039e+00
1.814620139048649605e+00
1.811306465589083148e+00
1.810160205608759121e+00
1.804624369816902441e+00
1.806436922305669546e+00
1.804882734861129379e+00
1.804102928516192250e+00
1.804354289250496013e+00
1.805176457380637034e+00
1.802338087558746249e+00
1.801639196200248483e+00
1.800682738499763680e+00
1.802077669058090637e+00
1.802272972999474865e+00
1.803507908490987965e+00
1.803119820814866214e+00
1.799846592927590416e+00
1.795914113521575928e+00
1.795590112148187201e+00
1.797295589630420354e+00
1.793815167133624655e+00
1.798871368322616959e+00
1.794357402202410467e+00
1.792409483897380307e+00
1.794028547176947930e+00
1.798969100988828229e+00
1.794922386071620801e+00
1.796838847796122129e+00
1.791899644105862333e+00
1.794570183753967374e+00
1.793077445335877318e+00
1.790304256096864277e+00
1.794733114120287798e+00
1.789555265047611421e+00
1.790917432308197110e+00
1.796733191991463752e+00
1.791095895950610917e+00
1.792302953891265149e+00
1.797559656852330878e+00
1.796530717152815537e+00
1.795381032197903348e+00
1.793219692584795855e+00
1.789488027645991464e+00
1.793386649474119521e+00
1.788776729045770120e+00
1.791534454394609455e+00
1.797199311317541737e+00
1.791071039896744876e+00
1.794302922334426453e+00
1.794458634731097124e+00
1.793005599425389285e+00
1.797543891576620201e+00
1.791712372425275035e+00
1.793624780728266810e+00
1.791834678099705647e+00
1.799428796156858690e+00
1.793442258468040951e+00
1.798784638062501662e+00
1.793857910082890417e+00
1.796217541816907071e+00
1.795058587575570241e+00
1.800100554869725089e+00
1.797129708070021481e+00
1.789927240212758397e+00
1.784852223824232142e+00
1.782970537894811303e+00
1.788036746245164066e+00
1.782672131367218693e+00
1.788546296572073979e+00
1.789612422845302531e+00
1.783609353884672455e+00
1.789214655374869345e+00
1.787931146682837147e+00
1.782366680793273206e+00
1.782642032244266650e+00
1.786311374566493804e+00
1.785691488706148577e+00
1.782325769999088427e+00
1.778902563681969307e+00
1.786823326196425921e+00
1.777948977397038277e+00
1.782719950186900659e+00
1.781406030899439052e+00
1.781080318108583027e+00
1.788113268522115940e+00
1.782038483864221812e+00
1.776164604455996887e+00
1.779893340514256295e+00
1.776490014638656190e+00
1.778173788999899863e+00
1.780514362225165792e+00
1.782310567452357386e+00
1.781634363149985356e+00
1.779503940618955227e+00
1.775696382767114834e+00
1.771287715740692992e+00
1.774020352119054511e+00
1.770927034280239010e+00
1.770236349411499877e+00
1.771286941185975738e+00
1.768497348748720555e+00
1.766585821677477020e+00
1.769715752662756492e+00
1.767628450271410800e+00
1.767673366192059614e+00
1.770860405457325371e+00
1.766397830461844398e+00
1.773037464496416860e+00
1.763848389112032455e+00
1.769029939480316838e+00
1.766691723542335613e+00
1.756983145995017814e+00
1.764300921635749919e+00
1.762671934335659607e+00
1.754883797963460390e+00
1.754889394686772297e+00
1.758764789043328669e+00
1.758858714653895428e+00
1.760813691982856088e+00
1.755790948562133025e+00
1.756671988352751068e+00
1.754321745114448827e+00
1.759927638371785452e+00
1.756288476479359151e+00
1.757615178364973829e+00
1.755314594965714736e+00
1.758064063084431083e+00
1.758095519664960138e+00
1.758486276712173169e+00
1.761630785159575607e+00
1.756305816846016166e+00
1.762802692254384462e+00
1.755210885329124171e+00
1.758757983415554671e+00
1.755147793965461833e+00
1.752931328920217746e+00
1.755777052732614418e+00
1.757445511145469430e+00
1.757045155305128725e+00
1.751263003777234983e+00
1.753814529455625104e+00
1.756411901192787450e+00
1.757514621966924429e+00
1.754294968874026583e+00
1.753103445126460214e+00
1.751711890025016594e+00
1.750159656084500748e+00
1.753282821178436368e+00
1.752710422797080891e+00
1.758119700505183403e+00
1.752634253257360220e+00
1.756309412381587887e+00
1.761167848415863713e+00
1.754165143844408803e+00
1.760612631761110825e+00
1.754920363426208496e+00
1.750745490575448038e+00
1.748586783653650611e+00
1.757767344438112778e+00
1.749218786985446306e+00
1.744300919924026916e+00
1.743162338550274137e+00
1.749567943964249084e+00
1.747592640228760485e+00
1.744741394275274082e+00
1.748330629483247467e+00
1.755401801451658583e+00
1.754204647663312189e+00
1.749605391575739910e+00
1.750757777996552189e+00
1.744985104524172215e+00
1.743609774112701460e+00
1.748164585614815802e+00
1.753497838668334197e+00
1.746078345714471292e+00
1.749026902822347740e+00
1.751720677889310407e+00
1.744209211300580931e+00
1.747292164350167321e+00
1.745199280824416777e+00
1.746580595847887940e+00
1.747055572118514588e+00
1.738684741350320584e+00
1.740282290104107954e+00
1.746129720027630228e+00
1.746531861561995358e+00
1.738976531762343125e+00
1.747082679088299173e+00
1.747990261897062636e+00
1.744104768068362565e+00
1.746470458385271929e+00
1.742126750334715313e+00
1.746791176001230905e+00
1.750081207202031086e+00
1.743577467172573670e+00
1.748234792244740099e+00
1.742350359452076392e+00
1.743653557850764368e+00
1.742165940847152372e+00
1.740042190674023770e+00
1.739848680679614734e+00
1.736064950625101799e+00
1.738723135605836578e+00
1.735479092597961515e+00
1.733718108519529677e+00
1.728617831376882741e+00
1.732623734535315041e+00
1.734460238310006952e+00
1.726809077385144331e+00
1.737647302639790059e+00
1.733759839412493564e+00
1.741254377976442003e+00
1.735134474436442087e+00
1.747322720747727542e+00
1.737507579571161420e+00
1.740568194328210305e+00
1.734853846904558905e+00
1.733229451607435134e+00
1.735180367567600301e+00
1.733386236276382109e+00
1.726340231222984078e+00
1.728712012217594962e+00
1.731737080904153681e+00
1.720303743619185255e+00
1.728487540819706014e+00
1.734027414138500589e+00
1.738781468990521661e+00
1.736679544204320580e+00
1.736625932118831539e+00
1.734246887304843998e+00
1.739061309129763977e+00
1.739983910475021656e+00
1.731910246152144284e+00
1.731375119624993797e+00
1.742867274773426622e+00
1.735309128883557372e+00
1.740077995336972716e+00
1.733164716683901263e+00
1.740438832075168030e+00
1.734186975161234434e+00
1.741295911715580846e+00
1.731980684170356222e+00
1.739075610270866878e+00
1.741310456777230398e+00
1.740717709370148469e+00
1.730403774823897844e+00
1.739620069968394800e+00
1.734339717412606285e+00
1.734902420105078225e+00
1.739160316724043698e+00
1.735043474344106773e+00
1.735337522702339319e+00
1.729505604047041567e+00
1.735910658958630615e+00
1.734954695823865078e+00
1.733581910683558602e+00
1.740926245237008230e+00
1.732984320934002120e+00
1.736297529171674681e+00
1.737109951789562512e+00
1.729574829798478319e+00
1.724314191708197885e+00
1.724341532205923899e+00
1.722960372460194067e+00
1.739265274084531354e+00
1.730675611129173896e+00
1.722159754924285080e+00
1.734468929278544902e+00
1.737484782475691603e+00
1.737717470450279134e+00
1.738419607663765909e+00
1.732774846981733230e+00
1.744623864919711442e+00
1.730194591253231717e+00
1.737398878427652171e+00
1.736210013047242873e+00
1.727638777097066258e+00
1.733852344292860836e+00
1.732534573322687343e+00
1.739029243359198951e+00
1.735388196431673524e+00
1.728061836193769407e+00
1.737818500017508372e+00
1.739176485783014536e+00
1.727818180658878378e+00
1.729302608049832823e+00
1.726695381983732513e+00
1.730036980677873704e+00
1.732681469733898361e+00
1.732551668240473797e+00
1.730850993364285273e+00
1.731139982358003371e+00
1.731349377143077461e+00
1.729276343798026083e+00
1.727282092815790371e+00
1.726516223870790956e+00
1.721686842197027056e+00
1.730518096226912217e+00
1.731194519690978151e+00
1.731669928477360676e+00
1.731533770683484130e+00
1.735032204786936427e+00
1.726087907033088786e+00
1.737135200622754283e+00
1.732155660788218254e+00
1.736063426885849470e+00
1.739998803077599909e+00
1.735961142870096063e+00
1.729323669274648090e+00
1.723997695018083531e+00
1.720131144156822778e+00
1.730922341652405549e+00
1.724715225513164807e+00
1.726260814299950264e+00
1.727067152659098381e+00
1.728128146208249616e+00
1.731887811269515520e+00
1.735274777351281550e+00
1.727717024852067906e+00
1.722487875131460289e+00
1.720551418646788067e+00
1.725505101986420486e+00
1.721240107829754118e+00
1.725301516973055227e+00
1.725563044425768799e+00
1.730728169587942178e+00
1.722948158092987736e+00
1.730803127777882144e+00
1.726839002890464547e+00
1.724458157710540007e+00
1.723299913222973156e+00
1.722055427233378122e+00
1.733438102404276426e+00
1.727858139918400759e+00
1.721201126086406186e+00
1.730169538351205683e+00
1.732257933494372182e+00
1.727616336406805564e+00
1.731073759458003902e+00
1.733493541448544173e+00
1.723684377242357346e+00
1.718271376536442574e+00
1.715147283138372947e+00
1.720176162780859608e+00
1.724845251058920725e+00
1.720783403286567204e+00
1.721153452763190650e+00
1.712699905419960977e+00
1.715323047454540450e+00
1.711935236515143011e+00
1.705297161676944784e+00
1.715486552165104817e+00
1.710401026713542549e+00
1.710389730257865670e+00
1.704946986834208200e+00
1.705991559762221055e+00
1.713117660925938424e+00
1.711908501845139652e+00
1.705708470711341240e+00
1.707235972086588616e+00
1.704394134802696081e+00
1.709866158473186015e+00
1.714675767910786242e+00
1.709147980274298151e+00
1.709888350046598005e+00
1.716194328283652260e+00
1.714170664396041488e+00
1.709406167115920638e+00
1.710800390060131404e+00
1.712762496104607290e+00
1.714041425020266907e+00
1.717813657491634949e+00
1.710925014508076103e+00
1.715392434597015292e+00
1.711253909269968565e+00
1.714001940763913767e+00
1.704262239505083043e+00
1.710082461283757072e+00
1.714194089327103043e+00
1.717503227943029120e+00
1.720732691654792257e+00
1.717285053546611984e+00
1.711760418231670577e+00
1.711223220519530575e+00
1.709429241143740175e+00
1.715252710305727346e+00
1.712190192785018494e+00
1.707703667420607418e+00
1.710880630138592817e+00
1.708154538044562631e+00
1.706936032038468554e+00
1.708542079497606281e+00
1.712541630634894840e+00
1.708029528764577920e+00
1.705734522526080710e+00
1.710203398191011859e+00
1.709297949534196226e+00
1.709144556522369296e+00
1.716982985765506120e+00
1.717968959991748479e+00
1.719251718276586294e+00
1.702388102274674742e+00
1.714606978954412941e+00
1.703677937617668725e+00
1.708175530494787653e+00
1.708211436332800481e+00
1.714370897794381232e+00
1.705751217634249972e+00
1.710659542756202800e+00
1.709976301132104304e+00
1.708255990957602499e+00
1.715484644816472004e+00
1.712205079885629422e+00
1.720390789325420666e+00
1.708915103398836566e+00
1.707980280044751220e+00
1.704858609957572657e+00
1.700160336494445756e+00
1.707829578106220048e+00
1.709221909902034708e+00
1.705058011947534036e+00
1.715279821860484555e+00
1.714008747003017419e+00
1.703805542909182069e+00
1.707840230220403432e+00
1.706236084913596018e+00
1.708868255370702416e+00
1.705090928077697798e+00
1.706375382496760462e+00
1.693919160121526435e+00
1.707587065452184527e+00
1.705115734002529138e+00
1.703411122774466380e+00
1.697598258348611777e+00
1.706847481238536357e+00
1.699588500842069916e+00
1.708054055006076100e+00
1.703238983949025398e+00
1.698452332997933523e+00
1.699918293341612152e+00
1.707790346634693535e+00
1.707379536750989191e+00
1.708627595351292605e+00
1.713389613689520363e+00
1.705078676725045206e+00
1.704950147714370257e+00
1.692194535487737461e+00
1.703255458978506276e+00
1.699468111380552537e+00
1.700540943329150956e+00
1.695249702380253742e+00
1.703959232415908520e+00
1.692844631427373736e+00
1.700389083837851478e+00
1.695649279080904348e+00
1.700895542364854185e+00
1.693785598339178522e+00
1.689855948472634317e+00
1.693124378033173283e+00
1.703115447667928883e+00
1.694152479599683625e+00
1.689299139915368508e+00
1.686978190984481429e+00
1.693569522943252137e+00
1.690149781948480756e+00
1.687991203405918128e+00
1.681015216081570340e+00
1.692779066623785633e+00
1.688710916347992752e+00
1.681966821963970515e+00
1.692375362530732730e+00
1.689068206151326468e+00
1.688626662278786661e+00
1.687850925861260842e+00
1.698292887822175690e+00
1.692958974532591920e+00
1.691721887466234975e+00
1.690353927245506815e+00
1.689330617586771721e+00
1.687520627792064909e+00
1.688929211176358747e+00
1.701319737006456334e+00
1.698809175307934183e+00
1.692750753500522620e+00
1.695714590794000776e+00
1.697990413201160953e+00
1.698892962321256972e+00
1.695585851180247738e+00
1.688189480854914715e+00
1.695316674770453114e+00
1.696981557210286429e+00
1.691496902857071216e+00
1.687677575380374329e+00
1.692868738296704478e+00
1.684964353304643003e+00
1.689774862619546791e+00
1.692187279921311571e+00
1.681975945448264120e+00
1.681459974325620221e+00
1.679460868774316218e+00
1.684464947382608990e+00
1.686549724371005254e+00
1.685405287070152136e+00
1.684814569888970714e+00
1.681560360468350890e+00
1.678729032553159195e+00
1.695575149242694479e+00
1.687103604964721004e+00
1.692442427537380167e+00
1.690977820066305259e+00
1.693488810612605144e+00
1.691426389339642622e+00
1.690050288958427238e+00
1.684764250425192067e+00
1.691790883969037873e+00
1.694264041154812439e+00
1.696225975721310286e+00
1.700950291829231409e+00
1.694001760238256216e+00
1.694890560859289019e+00
1.699290278936043785e+00
1.701510402483817908e+00
1.703861986673795181e+00
1.698251761839939977e+00
1.709060213810358331e+00
1.706584823437226062e+00
1.714027336010566227e+00
1.711104234670981272e+00
1.700846110246120313e+00
1.700475796063741107e+00
1.698204320822006563e+00
1.707769163755270103e+00
1.697748796145121197e+00
1.709432762097089720e+00
1.706818167674235776e+00
1.710526795265002065e+00
1.693686119104043097e+00
1.697915769234681793e+00
1.708347005416185338e+00
1.713994842003553343e+00
1.711451542988801533e+00
1.705441833459413914e+00
1.706939714994186064e+00
1.706328226052797659e+00
1.711119551842029241e+00
1.697537429821796895e+00
1.708416044712066650e+00
1.706650740061050886e+00
1.702653861351502318e+00
1.708715612766070313e+00
1.706455965531177954e+00
1.708821444939344403e+00
1.707384606508108194e+00
1.705326697153922932e+00
1.698139711221059223e+00
1.702931065131456423e+00
1.709662350324484104e+00
1.706539837824992745e+00
1.715412335212413986e+00
1.714840340308654065e+00
1.712224582831064934e+00
1.717465918492048216e+00
1.709848418296911809e+00
1.712104605711423533e+00
1.714249025247035929e+00
1.707415663279019835e+00
1.710743203224279974e+00
1.708122751651666160e+00
1.710961958689567464e+00
1.711973127646323922e+00
1.711370483728555492e+00
1.707992994173979096e+00
1.709371534983316954e+00
1.705393011753375765e+00
1.700242149829864546e+00
1.706780683994293168e+00
1.708723625769982046e+00
1.704272485390687653e+00
1.702832730305500419e+00
1.692320360281528657e+00
1.705209140288524106e+00
1.701768250037462238e+00
1.702835812324132725e+00
1.700874505898891442e+00
1.706591700590573746e+00
1.697497820854187101e+00
1.696429625841287425e+00
1.703855915864308734e+00
1.694792421047504050e+00
1.699118409095666360e+00
1.707321561605502414e+00
1.699096956619849497e+00
1.696087715870294721e+00
1.702898884125244816e+00
1.699404218258001809e+00
1.702173312505086189e+00
1.698020131160051349e+00
1.691697332186576697e+00
1.694274377211546279e+00
1.698868397260323571e+00
1.695708150130051939e+00
1.702213553893260567e+00
1.705407799818576819e+00
1.703013178629752877e+00
1.699916309882433030e+00
1.696519601956391954e+00
1.706017880562024303e+00
1.705919475738818747e+00
1.713029319812090057e+00
1.702199948139679675e+00
1.705658392722789962e+00
1.705413997478974153e+00
1.706514346905243729e+00
1.712288287664071040e+00
1.700656817815242583e+00
1.705206213547633354e+00
1.705405273498632912e+00
1.698474109784150698e+00
1.705327527645306818e+00
1.705446921862088683e+00
1.705525641563611083e+00
1.702790642395997756e+00
1.698376190662383989e+00
1.701213241540468601e+00
1.700796204346876950e+00
1.696933223039676086e+00
1.690306623776753669e+00
1.699285416114024727e+00
1.703706773733481450e+00
1.699109953489059022e+00
1.701262406508127878e+00
1.698145850805135915e+00
1.692276944869603783e+00
1.692641668747632888e+00
1.705227140585581447e+00
1.706719565391540572e+00
1.702580281710013299e+00
1.699987733058440309e+00
1.701337574995481106e+00
1.705590079992245434e+00
1.710532196668478111e+00
1.705939368712596327e+00
1.708126105100680636e+00
1.713048411943973726e+00
1.711500695424202245e+00
1.707101301352182965e+00
1.707294419789925577e+00
1.716380673188429684e+00
1.715842331678439470e+00
1.715370945135752390e+00
1.723783996777656702e+00
1.714613596903972192e+00
1.722236023805080229e+00
1.721018994160187443e+00
1.728487138870434814e+00
1.715191721304869077e+00
1.721817270609048656e+00
1.719486425167475074e+00
1.719884695456578072e+00
1.723136850198109915e+00
1.724388156793056348e+00
1.721611527601877745e+00
1.716135145150698094e+00
1.702983058721591281e+00
1.711042636785751636e+00
1.709386176635057542e+00
1.711938514770605657e+00
1.713786852359771684e+00
1.704997288875090833e+00
1.706868610626611993e+00
1.707976536261729628e+00
1.706849499237843126e+00
1.709920169145632940e+00
1.708661333414224437e+00
1.711896462623889725e+00
1.706054437160491988e+00
1.713221298731290476e+00
1.701736702980139349e+00
1.706415263200417476e+00
1.705618376609606690e+00
1.698226774655855698e+00
1.694352142321757793e+00
1.707087902533702461e+00
1.702147432779654412e+00
1.706820070743560791e+00
1.714497306408026223e+00
1.707513903960203416e+00
1.707026016406523850e+00
1.704893184319520527e+00
1.705197636592082455e+00
1.706670120740548136e+00
1.711115912290719798e+00
1.707995437047420406e+00
1.714085928599039743e+00
1.700640837351481194e+00
1.708444275000156498e+00
1.707018247323158544e+00
1.704551300330039876e+00
1.701966887865311140e+00
1.704314564435909896e+00
1.702971991514548256e+00
1.704359081769600825e+00
1.702466314266889436e+00
1.698609677033546594e+00
1.704117390131339116e+00
1.711148328658862017e+00
1.701730217383458088e+00
1.701776566872230001e+00
1.710428201846587282e+00
1.705025674746586617e+00
1.696798101143959236e+00
1.697119493973560767e+00
1.699499244873340364e+00
1.692913754169757645e+00
1.700134365069560616e+00
1.700856862007043224e+00
1.705897858815315526e+00
1.700699139864016773e+00
1.707108136935111764e+00
1.702875814682398126e+00
1.714184673932882541e+00
1.709449697152162218e+00
1.703958148222703306e+00
1.699942108606680824e+00
1.702340667370038085e+00
1.700140798703218215e+00
1.707022155553866716e+00
1.708367771368760391e+00
1.708141820858686488e+00
1.707021312530224044e+00
1.704747817760858819e+00
1.697088028223086686e+00
1.702567057731824152e+00
1.699473452873718982e+00
1.704500597868210177e+00
1.697826055991344063e+00
1.694402871987758630e+00
1.702741513496790260e+00
1.692052869307689278e+00
1.708511082637004463e+00
1.696965067508893199e+00
1.693713689156067570e+00
1.698431979081569621e+00
1.705283551032726663e+00
1.701165088934776026e+00
1.699376518604083008e+00
1.705778887638679020e+00
1.700745345078981785e+00
1.713600586927854108e+00
1.703223458314553351e+00
1.706953454628968858e+00
1.705157159230648034e+00
1.710275203142410660e+00
1.708536017246735428e+00
1.708487371909312769e+00
1.716164963978987545e+00
1.703782918820014425e+00
1.706932793825100658e+00
1.707834992958949138e+00
1.705210207364498132e+00
1.702739731470743756e+00
1.708366196583478880e+00
1.698273147375155778e+00
1.697742591454432626e+00
1.698170915322426033e+00
1.699854989235217717e+00
1.702969664488083179e+00
1.700887050078465412e+00
1.703641841656122535e+00
1.701449452302394860e+00
1.702261225382486920e+00
1.697914119561513280e+00
1.698910266619462206e+00
1.699093484267210297e+00
1.691681693761776684e+00
1.694818891317416476e+00
1.687141849444462771e+00
1.693873430521060319e+00
1.691999064653347595e+00
1.688677851359049464e+00
1.690777977307637459e+00
1.687398313253353876e+00
1.684762447613936232e+00
1.689264531930287694e+00
1.686019652317731765e+00
1.683020145465166095e+00
1.685193188679523946e+00
1.676501033550653608e+00
1.691396320783175033e+00
1.686034065637832979e+00
1.687098932877564961e+00
1.686836833525926727e+00
1.694164908849276063e+00
1.693007597556480892e+00
1.691854358025086214e+00
1.691320976844200796e+00
1.686503864557315158e+00
1.677087686917720699e+00
1.687151015721834568e+00
1.689399338685549257e+00
1.694404890598394831e+00
1.688289284094786069e+00
1.680666662790836430e+00
1.685086213931059174e+00
1.685490423288100725e+00
1.683811543232355268e+00
1.681945288792634718e+00
1.681464687983194928e+00
1.685594396713452570e+00
1.678332085792834993e+00
1.686280544904562140e+00
1.678491489398173719e+00
1.681726783055525587e+00
1.685947344241998103e+00
1.683202850207304424e+00
1.692785122150029853e+00
1.681710960620488970e+00
1.683108879969670291e+00
1.679280100113306196e+00
1.684124587438045495e+00
1.685872740011948867e+00
1.686004820542457816e+00
1.683608708320519787e+00
1.677290311837807746e+00
1.684896425406138043e+00
1.687213271703475570e+00
1.684112813533880759e+00
1.683392183597271163e+00
1.682609859491005944e+00
1.682393434720161673e+00
1.673183559454404445e+00
1.682275098715072970e+00
1.680685818501007844e+00
1.685608886144100094e+00
1.690714715994321438e+00
1.682090816742334516e+00
1.683984423295045607e+00
1.685084349375504775e+00
1.688436180200332259e+00
1.686126034076397273e+00
1.696714580059051514e+00
1.694368819701365991e+00
1.700004027134332851e+00
1.700582265242552182e+00
1.710317377860729460e+00
1.706459119075383946e+00
1.696202226174183370e+00
1.710604035548674684e+00
1.715678616670461842e+00
1.706357679917262171e+00
1.698545214457389596e+00
1.697688769988524582e+00
1.704540786070701364e+00
1.699406787982353784e+00
1.698360557128221648e+00
1.703638584185869220e+00
1.703890249973688320e+00
1.700399850576351790e+00
1.692119428744682796e+00
1.700936077496944421e+00
1.693464951331798751e+00
1.682567011087368725e+00
1.688116024702023266e+00
1.693887939208593041e+00
1.684776387459192559e+00
1.683408515881269496e+00
1.686463412871727519e+00
1.682886549142690757e+00
1.692309022561097720e+00
1.684447329472272825e+00
1.689326469409160092e+00
1.684586058824490307e+00
1.690466975554441698e+00
1.682456696339142521e+00
1.688956430936471076e+00
1.677098373572031731e+00
1.681478091692313104e+00
1.689880561217283583e+00
1.687272674915118120e+00
1.689936140256050212e+00
1.689397629713400795e+00
1.689255655117523958e+00
1.690759791166354553e+00
1.689364859996697943e+00
1.689836825774266194e+00
1.690643220681410597e+00
1.683092223375271423e+00
1.682970310480166765e+00
1.679797701652233410e+00
1.685860365476363754e+00
1.687296499350132040e+00
1.687471845822456462e+00
1.682866824284577900e+00
1.689354175787705747e+00
1.692470746162610284e+00
1.691649515506548740e+00
1.698804595531561379e+00
1.698928734889397330e+00
1.708413916062086146e+00
1.706984664843632649e+00
1.703109355156238180e+00
1.694689864073044117e+00
1.707192409038543746e+00
1.703043124614617820e+00
