2.267607371623699297e+00
2.187045143200800901e+00
2.146104874060704049e+00
2.122731445080194845e+00
2.103170782786149218e+00
2.090949117220365139e+00
2.077098526098789311e+00
2.064470723653450968e+00
2.052841636462089170e+00
2.044330035417508018e+00
2.038797102524684046e+00
2.032145108932103650e+00
2.028617975650689687e+00
2.022270741829505170e+00
2.016935342703110035e+00
2.014142008928152094e+00
2.011170007020999240e+00
2.006299254527458942e+00
2.004985683697920518e+00
2.002888661470168863e+00
2.000113532482049372e+00
1.997449317956582204e+00
1.996468580686129091e+00
1.996933505779657558e+00
1.992853413484035441e+00
1.990907188256581639e+00
1.989369961848625801e+00
1.988525531536493585e+00
1.987320186847295611e+00
1.984976967481466348e+00
1.983361039406213999e+00
1.982865316134232669e+00
1.982811900591239018e+00
1.980495234024830298e+00
1.980295822559258845e+00
1.977442113252786404e+00
1.976719368115449571e+00
1.974995582531660077e+00
1.975606284691737269e+00
1.973246716536008361e+00
1.974338660484705299e+00
1.969549722549242876e+00
1.971508138302044966e+00
1.970843395514366048e+00
1.969083379782163190e+00
1.965003539660038046e+00
1.965587506233117621e+00
1.964086717520004743e+00
1.962183822118318988e+00
1.965278574442252069e+00
1.961070995758741331e+00
1.959129238128662021e+00
1.961037111893678242e+00
1.956945233772962478e+00
1.956645361276773354e+00
1.954835804609152072e+00
1.957233375769395156e+00
1.954891877296643488e+00
1.957816351682711842e+00
1.953500925883268735e+00
1.951087169463817883e+00
1.954474729146712830e+00
1.950042484051141889e+00
1.950775789603208965e+00
1.946184344780750752e+00
1.946084491717509746e+00
1.945653358483925954e+00
1.944281571033673384e+00
1.943742727927672664e+00
1.941024587093255427e+00
1.941066959576728923e+00
1.944281647755549569e+00
1.941179337868323751e+00
1.940338069964677947e+00
1.939145211684398129e+00
1.941327004860609051e+00
1.935967695713043168e+00
1.938228012965275582e+00
1.935893769753284976e+00
1.935064226236098861e+00
1.935780809781490142e+00
1.932670941108312279e+00
1.930333520815922688e+00
1.932237135446988718e+00
1.931260225100394967e+00
1.928224255794133812e+00
1.930002095760443348e+00
1.924958411546853876e+00
1.926888876083569624e+00
1.927585205053671702e+00
1.925947096103276968e+00
1.923175783952077333e+00
1.925591441606864018e+00
1.921821200541960817e+00
1.923881201560680765e+00
1.919631840021182256e+00
1.919675263074728244e+00
1.920153586986737437e+00
1.920891159925705249e+00
1.918060571413773729e+00
1.918948128284552190e+00
1.913617358757899289e+00
1.912123968356694848e+00
1.916110227963863322e+00
1.915196987910148474e+00
1.914061796359526779e+00
1.909810340404510587e+00
1.911760059075477747e+00
1.909215952799870442e+00
1.912364831948891730e+00
1.909211185345282891e+00
1.908577506053142026e+00
1.910780428923093410e+00
1.908051832211323351e+00
1.904002057589017527e+00
1.905305086343716425e+00
1.904363434436993741e+00
1.902555036544799849e+00
1.900597010209010174e+00
1.904932809793032034e+00
1.901382450874035124e+00
1.901671941158099122e+00
1.899493516102815249e+00
1.901348360379536917e+00
1.900535600613325160e+00
1.896620850685315274e+00
1.899029517173767001e+00
1.896486304356501673e+00
1.896178895387893970e+00
1.900574993475889540e+00
1.895757334048931320e+00
1.894825541667449098e+00
1.890089882031465107e+00
1.892881107941651875e+00
1.889664049637623355e+00
1.887966653016897256e+00
1.886974998315175345e+00
1.891200492626581520e+00
1.889426396748958403e+00
1.885146480340224029e+00
1.887034794611808675e+00
1.889996585479149394e+00
1.884353270897498600e+00
1.886284907964559610e+00
1.887573861464475922e+00
1.885221491104517311e+00
1.883133233204866031e+00
1.882462631433438061e+00
1.879782481376941483e+00
1.882616458489344780e+00
1.881380885380965040e+00
1.886315483007675597e+00
1.882251951939020396e+00
1.878274582899533751e+00
1.878545676744901138e+00
1.880471943891965481e+00
1.877392655152540835e+00
1.878820645503508802e+00
1.877637561162312840e+00
1.876951839067997119e+00
1.872623803676703114e+00
1.879934243055490395e+00
1.873904679677425245e+00
1.875101036291856094e+00
1.874391961403382156e+00
1.873972684909135822e+00
1.874945565370413014e+00
1.864980580562200396e+00
1.872289353150587754e+00
1.873964485755333476e+00
1.869705330408536481e+00
1.869897588399740407e+00
1.870648271303910537e+00
1.867447056525792792e+00
1.866497115294138531e+00
1.870706443908886962e+00
1.866008313191242607e+00
1.864737612161880831e+00
1.868552845563643983e+00
1.862786285999493696e+00
1.862673339476952128e+00
1.864537401994069477e+00
1.860608588426541088e+00
1.862607859342526151e+00
1.862477069023327880e+00
1.862211974461873476e+00
1.859263018767038922e+00
1.857639202093466668e+00
1.857565714151431457e+00
1.857306750921102756e+00
1.856039559229826219e+00
1.858526416313953877e+00
1.857770554835979748e+00
1.856879070477607918e+00
1.855326186999296523e+00
1.855707910122015525e+00
1.859486985817933702e+00
1.856783344806768987e+00
1.855527025308364442e+00
1.860065135283347937e+00
1.856618148852617223e+00
1.855648406040974141e+00
1.852988060009785221e+00
1.850378170380225562e+00
1.852475558488796858e+00
1.851379046684656471e+00
1.852442262111565929e+00
1.850596886720412781e+00
1.849373127252627702e+00
1.849271078598804907e+00
1.851804790130028300e+00
1.846370774049025387e+00
1.853480501663990587e+00
1.850286356608072946e+00
1.846970400137779134e+00
1.847223537701826901e+00
1.847829477603618820e+00
1.845482065738775823e+00
1.846388591252840383e+00
1.847297018613570874e+00
1.846436786040281719e+00
1.845563173905397036e+00
1.843643772602081343e+00
1.845601122501568936e+00
1.841747243282122470e+00
1.837881031097509998e+00
1.842253068471566335e+00
1.839806969043536133e+00
1.841281674764095211e+00
1.841447307207645601e+00
1.842099953920413258e+00
1.838062535188137003e+00
1.839023689734630151e+00
1.838878314006022974e+00
1.838262324149791960e+00
1.837047627338996403e+00
1.837485045653123095e+00
1.835012418184524874e+00
1.835526771423144243e+00
1.832698868176875884e+00
1.831560688141064874e+00
1.835579331104572054e+00
1.839056632763300225e+00
1.833807220825782291e+00
1.835472720708602568e+00
1.835523639886807112e+00
1.834777290698809571e+00
1.833860918803092765e+00
1.833169928880838295e+00
1.835609179582351258e+00
1.833522896277598901e+00
1.831706646772531366e+00
1.829652263262333101e+00
1.830422845559242395e+00
1.829217316248477943e+00
1.828611775544973561e+00
1.827705672765389533e+00
1.829685347202496759e+00
1.830812075504889780e+00
1.827153569001417788e+00
1.823977700869242380e+00
1.826934276788662714e+00
1.827344094484280257e+00
1.827391962821667049e+00
1.826050362220177359e+00
1.827782845191466610e+00
1.824139862182812877e+00
1.821291286823077060e+00
1.823025540816478163e+00
1.823968051641415400e+00
1.826482685101337822e+00
1.824079442024231001e+00
1.824119728039472532e+00
1.822619803135211658e+00
1.824456012248993009e+00
1.822270057751582240e+00
1.823211190028068307e+00
1.824307839381389185e+00
1.819906253081101655e+00
1.818170069119869225e+00
1.817644781944079302e+00
1.819265312109238142e+00
1.821548837270492216e+00
1.817610319761129523e+00
1.817208583844013736e+00
1.819455479964231737e+00
1.814941939940819315e+00
1.813118523817796035e+00
1.816131501014416116e+00
1.817185848187177655e+00
1.813805842705261906e+00
1.814774320675776487e+00
1.816226839407896421e+00
1.814378651594504399e+00
1.815197353179638151e+00
1.816276666139944984e+00
1.812014448337065931e+00
1.809232539091354841e+00
1.814687712681599230e+00
1.813595058979132313e+00
1.811564980714749140e+00
1.814769809062664274e+00
1.808338476144350393e+00
1.813419324006789735e+00
1.808108456623859883e+00
1.809206416362371117e+00
1.813199470593379159e+00
1.813026456343822090e+00
1.809409248523223157e+00
1.807709206678928426e+00
1.810911025450779865e+00
1.810399236740210194e+00
1.808678146814688636e+00
1.804553223267579609e+00
1.805692106943864061e+00
1.810167621037898966e+00
1.797832695948772042e+00
1.804883037774990706e+00
1.806954805056254054e+00
1.805758829300220247e+00
1.809607652517465359e+00
1.808227569323319628e+00
1.806368290461026760e+00
1.808958455232473561e+00
1.807298444173274898e+00
1.800912903516720398e+00
1.802619200486403228e+00
1.800971014071733434e+00
1.802843418182470847e+00
1.801112427466954991e+00
1.805201366008856390e+00
1.802679490126096296e+00
1.799167804840283491e+00
1.801347516133235072e+00
1.798322190688206534e+00
1.797620497911404325e+00
1.797507781554491091e+00
1.799885978148533683e+00
1.803734168333885002e+00
1.801030659064268402e+00
1.799754858933962254e+00
1.803967243280166333e+00
1.798511188763838531e+00
1.800093882817488389e+00
1.797537219830048327e+00
1.800114252322759345e+00
1.799216674535702332e+00
1.794108726428105260e+00
1.798047585670764725e+00
1.797943897125048540e+00
1.796820964568700552e+00
1.794715270629295922e+00
1.797362018242860460e+00
1.789870139880058053e+00
1.793477071859897798e+00
1.797514632420662117e+00
1.795189304840870470e+00
1.791899877939468810e+00
1.791845166988861759e+00
1.790704948474199254e+00
1.790777835173484656e+00
1.793291877477596996e+00
1.793381265799204538e+00
1.791893498408488661e+00
1.793202339685880276e+00
1.786529393073839955e+00
1.789035948423238986e+00
1.792478526861239763e+00
1.793240943016150002e+00
1.787648760661100678e+00
1.793159302075703954e+00
1.790941681923010398e+00
1.788589551509955022e+00
1.788390228992853492e+00
1.787240005762149142e+00
1.791443936641399670e+00
1.790611471579625080e+00
1.787869347364474670e+00
1.787655765276688902e+00
1.789047711629133897e+00
1.782267130643893527e+00
1.788838273439651960e+00
1.784557274671701332e+00
1.788915788516020067e+00
1.784923179638691515e+00
1.781661729017893547e+00
1.786530737082163478e+00
1.783310069181980317e+00
1.785760665551210158e+00
1.782289690849108599e+00
1.783274446389613965e+00
1.783656035631130843e+00
1.783373953745915230e+00
1.782351734393682330e+00
1.788794075831388719e+00
1.784375659930400371e+00
1.787084029576717192e+00
1.778932616955194668e+00
1.784474633290217493e+00
1.785363076894711298e+00
1.779550675856761410e+00
1.778282915017543653e+00
1.782579882939656635e+00
1.781847472985585545e+00
1.781752370871030333e+00
1.782375216484069824e+00
1.780066043291336442e+00
1.780507059280688864e+00
1.778953669315729291e+00
1.778560389310885670e+00
1.781140663073613073e+00
1.778461515292143247e+00
1.781209422380496399e+00
1.782008612155914218e+00
1.783328232704064709e+00
1.781881782947442483e+00
1.784223853930448911e+00
1.781553264458974217e+00
1.777236431989914323e+00
1.782392909893622868e+00
1.783303036445226475e+00
1.783224475995088154e+00
1.779069294684972435e+00
1.779112163262489554e+00
1.779881830398853060e+00
1.779955815657591200e+00
1.778216940317398409e+00
1.779630212600414652e+00
1.778589562880687147e+00
1.776531114028050418e+00
1.773343182221437164e+00
1.779883964245136063e+00
1.772713784376780177e+00
1.776736554732689433e+00
1.777919685840606778e+00
1.780148850343166167e+00
1.774576766980000109e+00
1.775655696330926459e+00
1.775064301490783647e+00
1.775985512060996863e+00
1.783008769536629678e+00
1.767991176935342690e+00
1.772028004817473690e+00
1.771089647672115186e+00
1.771274041823851730e+00
1.771072723926641945e+00
1.773011927726941162e+00
1.776043319702148349e+00
1.773486905525892166e+00
1.773583182921776302e+00
1.769008050209436744e+00
1.771575098159985595e+00
1.772645152837802218e+00
1.774089236748524145e+00
1.766606589464040811e+00
1.767034354882362601e+00
1.773462061392955258e+00
1.767348931385920530e+00
1.772363941486065242e+00
1.769588165405469038e+00
1.770588435576512243e+00
1.769580662556183626e+00
1.769617652893066495e+00
1.769042093937213567e+00
1.767490235964457090e+00
1.770368689451462085e+00
1.767490972311068775e+00
1.767369712621737809e+00
1.769373466112674764e+00
1.766105545789767639e+00
1.768256435333154242e+00
1.770250085072639701e+00
1.764549720592987869e+00
1.764598449376913125e+00
1.764962890209295754e+00
1.763990612824757998e+00
1.767089036794809109e+00
1.770210858186086034e+00
1.765171675193004219e+00
1.765900867718916745e+00
1.767365243190374136e+00
1.764284834494957543e+00
1.764298508106133978e+00
1.765772211551666304e+00
1.767864820590385966e+00
1.761813988441075951e+00
1.762928424737392419e+00
1.770155570445916648e+00
1.767401295136182826e+00
1.764703629261408002e+00
1.765666400469266373e+00
1.763929007603572074e+00
1.761487185955047607e+00
1.770198914332267615e+00
1.764501079534873007e+00
1.764548453917870185e+00
1.762325409131172416e+00
1.760438756453685194e+00
1.763075075699732874e+00
1.762598788126920946e+00
1.763626139897566558e+00
1.763915576995947365e+00
1.765787229476830866e+00
1.763947011568607337e+00
1.757790292226351303e+00
1.757402560649774070e+00
1.762497243820092541e+00
1.762571973372728307e+00
1.764822401450230505e+00
1.759606948265662663e+00
1.758636331558227628e+00
1.762742518156002802e+00
1.758268971932239966e+00
1.758998489685547728e+00
1.756339909174503333e+00
1.758511628248752734e+00
1.760847441966717053e+00
1.760911743763165616e+00
1.755249454424931521e+00
1.753793831971975470e+00
1.757319626747033459e+00
1.755878394383650454e+00
1.757523123117593622e+00
1.754911447488344711e+00
1.756717223998827793e+00
1.756797014444302363e+00
1.758484699481572822e+00
1.753922099944872803e+00
1.758628240304115575e+00
1.763404384026160621e+00
1.757277485346182777e+00
1.757503546201265809e+00
1.754250657558441118e+00
1.751861259570488549e+00
1.757861126080537462e+00
1.756763354937235455e+00
1.752095455695421355e+00
1.748315793428665499e+00
1.750830596226912172e+00
1.752133169846656902e+00
1.755088688777043160e+00
1.752742900909521673e+00
1.754389720085339777e+00
1.747819484808506019e+00
1.755863004158704666e+00
1.755620955503903957e+00
1.755117998367700771e+00
1.748831846775152687e+00
1.754207005561926325e+00
1.750143556105784981e+00
1.752764002482096295e+00
1.755266742217234999e+00
1.751385141947330526e+00
1.748448787897061152e+00
1.755198351542154978e+00
1.756151957389635809e+00
1.750411410515124944e+00
1.749543543656667088e+00
1.748363442910023213e+00
1.749713368599231433e+00
1.748365902900695712e+00
1.752637808750837189e+00
1.748779162076803395e+00
1.752071830859551094e+00
1.750006336126572082e+00
1.750067592889834600e+00
1.747067983333881136e+00
1.748252952710176222e+00
1.746186354832771404e+00
1.749019874364901916e+00
1.747739335818168538e+00
1.748038139710059502e+00
1.749935021155919701e+00
1.747295243006486087e+00
1.744973565064943832e+00
1.749804539558214911e+00
1.744361576055869056e+00
1.745093275033510638e+00
1.745137820794032235e+00
1.749925703880114369e+00
1.744988866952749351e+00
1.747226334229493805e+00
1.745110327769548553e+00
1.743004783911582756e+00
1.744888304747068020e+00
1.748475352617410605e+00
1.746584379978668888e+00
1.746275472946656082e+00
1.742248479830913022e+00
1.744997497399648045e+00
1.739654420278011315e+00
1.746699263193668417e+00
1.745138150300735047e+00
1.741614910272451633e+00
1.745892496598072441e+00
1.744095732309879354e+00
1.740128775132008032e+00
1.745004798815800617e+00
1.744124933695181845e+00
1.746424846160106181e+00
1.745655446786146925e+00
1.737258104788951485e+00
1.743416876670641713e+00
1.745787050785162497e+00
1.744208394564115139e+00
1.747159250271625996e+00
1.740739190272795778e+00
1.741658760951115603e+00
1.746317075766049998e+00
1.745146424953754050e+00
1.735726304237659168e+00
1.742098074692946197e+00
1.744133796753027488e+00
1.743143696357042360e+00
1.745166723850445800e+00
1.743672761244651648e+00
1.742829409318092493e+00
1.741869284250797456e+00
1.741599980990091945e+00
1.736259487959054715e+00
1.739858428942851587e+00
1.741024442513783743e+00
1.746100470347282219e+00
1.740538517022744314e+00
1.738829720937288714e+00
1.733840781297439237e+00
1.737534166299379734e+00
1.738662266425597291e+00
1.734958273936540563e+00
1.740526269643734691e+00
1.737697496780982398e+00
1.740445178288679839e+00
1.736304312485914991e+00
1.737302959270966340e+00
1.738297655337896153e+00
1.740440497642908424e+00
1.739198443522820048e+00
1.741221506473345615e+00
1.740275765382326645e+00
1.735403826909187597e+00
1.735343236495286989e+00
1.737448953665219786e+00
1.745478208248431917e+00
1.733883056885156870e+00
1.732852808634440134e+00
1.736148865406329733e+00
1.737003724085979028e+00
1.736223226938492292e+00
1.736725305899595506e+00
1.739300451828883265e+00
1.731083460954519371e+00
1.732617065845391657e+00
1.734081188226357595e+00
1.736117383761283772e+00
1.736719802098396492e+00
1.736443654084816934e+00
1.738808176762018487e+00
1.736702038691594119e+00
1.733410985653216940e+00
1.731378565079126686e+00
1.735225381912329334e+00
1.732960173716911800e+00
1.737280337627117532e+00
1.735516560077667192e+00
1.735490279625623744e+00
1.735217818847069271e+00
1.739088593385158532e+00
1.731474498602060264e+00
1.738453998321142002e+00
1.733407241258865694e+00
1.737581564524234956e+00
1.733180271050868804e+00
1.739005850828611033e+00
1.731400786913358303e+00
1.734270317432207831e+00
1.730750563511481710e+00
1.732818084191053432e+00
1.730963866221599146e+00
1.739374784017220454e+00
1.730783458245106265e+00
1.724073885648678583e+00
1.726096955018165735e+00
1.733594393424498836e+00
1.731059768566718393e+00
1.730226085124871638e+00
1.732731203849499080e+00
1.735261618785369109e+00
1.736913066643934966e+00
1.730503102143605476e+00
1.730379851047809225e+00
1.735206361000354525e+00
1.733997917175293058e+00
1.730956302239344602e+00
1.732886290244567196e+00
1.736049864842341472e+00
1.734382108847300152e+00
1.733447253398406218e+00
1.738899583082932798e+00
1.730512493695968157e+00
1.733381099578661821e+00
1.730382683949592826e+00
1.729843982977744776e+00
1.731386416997664934e+00
1.738086369098761130e+00
1.737343064638284584e+00
1.727520795968862766e+00
1.734740514632983066e+00
1.731258840744311911e+00
1.732599648756858679e+00
1.730406068532894803e+00
1.733688407983535296e+00
1.728022134915376373e+00
1.735654755433400531e+00
1.731370589366326040e+00
1.723973570420191948e+00
1.730296839506198170e+00
1.731894665803664690e+00
1.728903287496322161e+00
1.734025611938574407e+00
1.730823257030584816e+00
1.733210593309157943e+00
1.731547452241946505e+00
1.723148671785990294e+00
1.727702501798287438e+00
1.726344734583145524e+00
1.730685503666217429e+00
1.730195629291045423e+00
1.726700352094112212e+00
1.730600009820400187e+00
1.730365094771751933e+00
1.733007920705355032e+00
1.730383527278900102e+00
1.729769189235491611e+00
1.730909138765090560e+00
1.720204928899422780e+00
1.723337871906084784e+00
1.728859846408550505e+00
1.734392764629461903e+00
1.728902320372752710e+00
1.727440457160656306e+00
1.723228485767657858e+00
1.723665267381912614e+00
1.730111541503515094e+00
1.724360609665895216e+00
1.729463536005753754e+00
1.723973221962268543e+00
1.719471012323330550e+00
1.729721297973241478e+00
1.724806505288833280e+00
1.721381172767052270e+00
1.726074843528943248e+00
1.726892415071145104e+00
1.724650974457080599e+00
1.726220114108843573e+00
1.731023465670072037e+00
1.731742385717538690e+00
1.723414913813273053e+00
1.729454949268927955e+00
1.728568122937129026e+00
1.729828245823199939e+00
1.723357006831046867e+00
1.727596295185578112e+00
1.724948330108936112e+00
1.728572811224521777e+00
1.728661776200318911e+00
1.716386597584455442e+00
1.718789029121398970e+00
1.728069252845568560e+00
1.719243953778193612e+00
1.725845878857832583e+00
1.725829414526621530e+00
1.727135711449843125e+00
1.724263327244000665e+00
1.723345663302983999e+00
1.726391418469257921e+00
1.722100391754737281e+00
1.723325245502667524e+00
1.723996488253275450e+00
1.728861619875981193e+00
1.729590305609580714e+00
1.722270037272037646e+00
1.728897360960642393e+00
1.731036840035365287e+00
1.722958271014384701e+00
1.729622223744025522e+00
1.723969495296478360e+00
1.720237743854522661e+00
1.723088340881543390e+00
1.729740798473358154e+00
1.726565157450162369e+00
1.724539655294173857e+00
1.721918578942616795e+00
1.726473832741761916e+00
1.726598956034733678e+00
1.720657554650917964e+00
1.723290953575036477e+00
1.727288821416023357e+00
1.726864447349157006e+00
1.720655864629990095e+00
1.727777997347024863e+00
1.722443564732869525e+00
1.725076767725822302e+00
1.726344137925368116e+00
1.726083889068701360e+00
1.726072017657451108e+00
1.728826077167804343e+00
1.724665805926689721e+00
1.724520953801962131e+00
1.720110918619693896e+00
1.722040594846774297e+00
1.723834151488084165e+00
1.723858593977414699e+00
1.724143096116872886e+00
1.727229686578114931e+00
1.726299788096012255e+00
1.722442692059736880e+00
1.727439817404135658e+00
1.723807766804328345e+00
1.721577615921313864e+00
1.724573994599855942e+00
1.721377778358948563e+00
1.720508131614098213e+00
1.723053224575825215e+00
1.719752540038182120e+00
1.718112313747405917e+00
1.721170582221104528e+00
1.716402601890074875e+00
1.729651197714683342e+00
1.724889994584597019e+00
1.718009280241452830e+00
1.720942156437115900e+00
1.725891686097169586e+00
1.722684776782989591e+00
1.722244115976186984e+00
1.724455451048337418e+00
1.724251253482622870e+00
1.724814659815568252e+00
1.725156744015522436e+00
1.720242029886979385e+00
1.722235766740945584e+00
1.721686028822874359e+00
1.716418545979719879e+00
1.720107696606562708e+00
1.723186457157134921e+00
1.721058109173407846e+00
1.715771337961539134e+00
1.715991931083874933e+00
1.717627657071137959e+00
1.720626254265124944e+00
1.715924613598065473e+00
1.719119664338918829e+00
1.715072841216356281e+00
1.720148783158033323e+00
1.721949466375204185e+00
1.719414776716476911e+00
1.725908912756504154e+00
1.715751634805630310e+00
1.723712077507606022e+00
1.725535729298224741e+00
1.719224235950372215e+00
1.722445044150719307e+00
1.716931891441345170e+00
1.719794363547594074e+00
1.724306635673229504e+00
1.718273629592015128e+00
1.719519521334232470e+00
1.719346572496952108e+00
1.722824964767847300e+00
1.720953919337345983e+00
1.718864295727167368e+00
1.718231838788741639e+00
1.711475308736165379e+00
1.720725161295670658e+00
1.719591048436287073e+00
1.720044820125286478e+00
1.715143283208211189e+00
1.720558116680536598e+00
1.723202946247198719e+00
1.715518924211844487e+00
1.715690316298069007e+00
1.721555455220051378e+00
1.715985677181146141e+00
1.714390258911328457e+00
1.722293468010731132e+00
1.715010233720143606e+00
1.721159312358269355e+00
1.717831419064448362e+00
1.717233486970265677e+00
1.711916290491055204e+00
1.720220798101180559e+00
1.711730004885257728e+00
1.717858709738804723e+00
1.719967160469446421e+00
1.722797009578117988e+00
1.716992128506684923e+00
1.713868729579143046e+00
1.713800734128707592e+00
1.716379453585697989e+00
1.722097180134210870e+00
1.719210312305352595e+00
1.716479052030123187e+00
1.720516707041324755e+00
1.721656425793965717e+00
1.717340705027947001e+00
1.714719768976553871e+00
1.713735817945920559e+00
1.713942515850067183e+00
1.716495293837327241e+00
1.715454779527126217e+00
1.718488948773115199e+00
1.721451588166065694e+00
1.721621680565369461e+00
1.714957253443889051e+00
1.714526836688701872e+00
1.715001428738618605e+00
1.715272690699650715e+00
1.724050139463864761e+00
1.717170118062924189e+00
1.718849227367303278e+00
1.717079564241262624e+00
1.722274031088902424e+00
1.716691422156798597e+00
1.711175636756114393e+00
1.715162906279930732e+00
1.710830716903393167e+00
1.717182855728345059e+00
1.717553438284458167e+00
1.712893769068595695e+00
1.717720848169082215e+00
1.718491034324352462e+00
1.720624417830736164e+00
1.718983751688248018e+00
1.717152267235976026e+00
1.722052926894946046e+00
1.721548844606448414e+00
1.714567556442358587e+00
1.714446878433227628e+00
1.715229902511987925e+00
1.713490004722888704e+00
1.714639781988584133e+00
1.716030764885437820e+00
1.713162050186059382e+00
1.717729979294996934e+00
1.714709222316741943e+00
1.719205127923916443e+00
1.716688526288056904e+00
1.711505128175784485e+00
1.720809710025787309e+00
1.713198890747168024e+00
1.711841725691770844e+00
1.715541878419044597e+00
1.717188604978414634e+00
1.715307014722090573e+00
1.721942671140034964e+00
1.715468830634386155e+00
1.717501108157329037e+00
1.710073911532377533e+00
1.716813503778897854e+00
1.716661117321405694e+00
1.714573546861990927e+00
1.716419168619009117e+00
1.713221590029887720e+00
1.713678847520779369e+00
1.719947225619585129e+00
1.714611149139893431e+00
1.718946808423751360e+00
1.715259594489366490e+00
1.709312991301218609e+00
1.713863199796432202e+00
1.717621578008700745e+00
1.721222982039818383e+00
1.714166112740834524e+00
1.714206152695875840e+00
1.716349606941907746e+00
1.716975960670373391e+00
1.719930709019685366e+00
1.713458534387441778e+00
1.712884869636633445e+00
1.710383181999891145e+00
1.715621425555302615e+00
1.711262297018980361e+00
1.710650628652328198e+00
1.713254175125024314e+00
1.706667717603536749e+00
1.715169801467504307e+00
1.710736550734593298e+00
1.708614411415197987e+00
1.713535913748618800e+00
1.704273873109083848e+00
1.711617421186887311e+00
1.714240201925619989e+00
1.711258198359073779e+00
1.713441021320147417e+00
1.713196710134163858e+00
1.715136021222823715e+00
1.710619529088338142e+00
1.712076617509890930e+00
1.714862867807730673e+00
1.711843868707999095e+00
1.707834344338148069e+00
1.715688119790492960e+00
1.712526661616105228e+00
1.715475526834145503e+00
1.712449592810410648e+00
1.708115997986915824e+00
1.712693563485756965e+00
1.706597046668712814e+00
1.717983542344509118e+00
1.712311760890178114e+00
1.711923594046861785e+00
1.718170158068339060e+00
1.713531068655160805e+00
1.711964798279297595e+00
1.709535571245046848e+00
1.713808864813584520e+00
1.714584558743696974e+00
1.710501157931792360e+00
1.713072527677584889e+00
1.708495570451785461e+00
1.707886644510122398e+00
1.709973814854255147e+00
1.716638587988339903e+00
1.710887653705401190e+00
1.706947107804127173e+00
1.712587647254650403e+00
1.710264697747352791e+00
1.710466633698879191e+00
1.713883968805655522e+00
1.709713095579391773e+00
1.704841330723884774e+00
1.717234723384563733e+00
1.712529135973025696e+00
1.708949539294609687e+00
1.710417084510509778e+00
1.713540795216193624e+00
1.711674844607328660e+00
1.707996204266181373e+00
1.715962870915730853e+00
1.707662206735366395e+00
1.713010498193594078e+00
1.714403577034290027e+00
1.709144320549109031e+00
1.710925550032884601e+00
1.706077521580916079e+00
1.708367303090217781e+00
1.704813266411805861e+00
1.708590883169418762e+00
1.711923352571634194e+00
1.710043253654088824e+00
1.711955985044821604e+00
1.708703479094383137e+00
1.710017914649767823e+00
1.706028193999559406e+00
1.711237477033566101e+00
1.707409070393977935e+00
1.712971757619808910e+00
1.704387575846451952e+00
1.713565011819203621e+00
1.708399944733350662e+00
1.702864325046539395e+00
1.702003405644343381e+00
1.701611019097841737e+00
1.707838243398910993e+00
1.702833770788632961e+00
1.707368821975512319e+00
1.712904368302760938e+00
1.703016572120862104e+00
1.708363083692697293e+00
1.707374356954525663e+00
1.702288052974603172e+00
1.714103212417700250e+00
1.710553748179704625e+00
1.707581609334701156e+00
1.706440621767288501e+00
1.711180333602122738e+00
1.712631700283441694e+00
1.705938798953325231e+00
1.701045653147575276e+00
1.702455848302596664e+00
1.707039198202964680e+00
1.709311371277540070e+00
1.708895194530487105e+00
1.702031907057150795e+00
1.707928142792139337e+00
1.707943154604007141e+00
1.703897086779276426e+00
1.702213412370437329e+00
1.703024917993789966e+00
1.699676360228122851e+00
1.709037992587456367e+00
1.708500008705334805e+00
1.702831279620146132e+00
1.705701570021800562e+00
1.705588647646781641e+00
1.703426479376279445e+00
1.703476730371132897e+00
1.701148284092927510e+00
1.708506367756770228e+00
1.706373668939639376e+00
1.705742962849445821e+00
1.700415786718710853e+00
1.706859856996780778e+00
1.701402370134989406e+00
1.713676551366463796e+00
1.708793970866081091e+00
1.703175769708095366e+00
1.707474849162957664e+00
1.703436244451082660e+00
1.706601044764885611e+00
1.706308776598710386e+00
1.707480983856396906e+00
1.704489520574227424e+00
1.700041591815459441e+00
1.703310097180880112e+00
1.704923229645460170e+00
1.703616906740726522e+00
1.702296517445490931e+00
1.706856088149241835e+00
1.700599847390101615e+00
1.702195460368425506e+00
1.700759510504893823e+00
1.705018811959486680e+00
1.699070740051758621e+00
1.704882312432313585e+00
1.702047704122005456e+00
1.697479334244361260e+00
1.706346149627979036e+00
1.701445704545730297e+00
1.696475398234831955e+00
1.703993782935998347e+00
1.703625362041669034e+00
1.703499745711302138e+00
1.707643897716815573e+00
1.699716794185149427e+00
1.701432433189489890e+00
1.702039305674724057e+00
1.699343487849602319e+00
1.701823566815791944e+00
1.701734244517790984e+00
1.697721206224881652e+00
1.697113506610576916e+00
1.702947371739607529e+00
1.698827329660073326e+00
1.699558499226203390e+00
1.701734933792016458e+00
1.698383193443983030e+00
1.702777666311997562e+00
1.709328011671702008e+00
1.702497251217181873e+00
1.705452553125528237e+00
1.703304427098005336e+00
1.705432861890548324e+00
1.693168077407739114e+00
1.702818013765873051e+00
1.699826583495506860e+00
1.702847761985583075e+00
1.696506887521499252e+00
1.699722646138607018e+00
1.697818093422131636e+00
1.694936612936166709e+00
1.702878080881558898e+00
1.700936645116561508e+00
1.700559883545606610e+00
1.700128337970146841e+00
1.700602423227750348e+00
1.699432400251046138e+00
1.700195569564134646e+00
1.700758939828628247e+00
1.699328103737953288e+00
1.701973814536363649e+00
1.697633838959229369e+00
1.700279065278860191e+00
1.700852564970652292e+00
1.698221691449483206e+00
1.698689937897217561e+00
1.698764873467958791e+00
1.701990721775935356e+00
1.699804324981493808e+00
1.696967819715157644e+00
1.698739740176078650e+00
1.698416558595803982e+00
1.701835710880083896e+00
1.699249642934554716e+00
1.695024795409960650e+00
1.694708260206075900e+00
1.699561447057968522e+00
1.698520786028641982e+00
1.702123462542509458e+00
1.698546793521978904e+00
1.702348269254733371e+00
1.699261346841469900e+00
1.697609630303505091e+00
1.706295030239300958e+00
1.693466884356278568e+00
1.697607718064234827e+00
1.697180385161668914e+00
1.701700565142509225e+00
1.697015912410540395e+00
1.699979482552944177e+00
1.701117286926660865e+00
1.694786332815121366e+00
1.700545688470204597e+00
1.696863681842119220e+00
1.694706168541541436e+00
1.696164512939942082e+00
1.700026469047252853e+00
1.695108735867035588e+00
1.697977744615994933e+00
1.699572232136359551e+00
1.694775995535728219e+00
1.693699692762814957e+00
1.697617132235796022e+00
1.696437320342430777e+00
1.699877508175678731e+00
1.697350204602265933e+00
1.696618479643112520e+00
1.701962470702635954e+00
1.693038928203093763e+00
1.693649403559855937e+00
1.697775483131408691e+00
1.694949052578363702e+00
1.700929423478933389e+00
1.697767313932761146e+00
1.694137781094282147e+00
1.692410484949747662e+00
1.694921765877650310e+00
1.697102867639981749e+00
1.698432312867580229e+00
1.691465106377234795e+00
1.692843620288066342e+00
1.689524230895898205e+00
1.693353152275085538e+00
1.694489687528365707e+00
1.690321589433229965e+00
1.690451921560825355e+00
1.694927797256371882e+00
1.697430790693331915e+00
1.695375295480092470e+00
1.692531812191009566e+00
1.695215863142258028e+00
1.696977456410725837e+00
1.696907526407486433e+00
1.695015399883954998e+00
1.695397959000024990e+00
1.688921006520589296e+00
1.694399145627633052e+00
1.691079028447469046e+00
1.696503832707038306e+00
1.692473861193045659e+00
1.699210390983483698e+00
1.697766620379227875e+00
1.690085685558808226e+00
1.691747513795510249e+00
1.694954380927941706e+00
1.694337181250254343e+00
1.695013334200932364e+00
1.689131056956755916e+00
1.695218754426026875e+00
1.695395333033341556e+00
1.695064080984164612e+00
1.691444619802328297e+00
1.692288708075498915e+00
1.698634649851383349e+00
1.693733817491775984e+00
1.696273557345072458e+00
1.694749980706435011e+00
1.698597985047560543e+00
1.699662465315598725e+00
1.695569415581531958e+00
1.697960897286733051e+00
1.689667273790408375e+00
1.695444693320836693e+00
1.696208434838515133e+00
1.693298624417720610e+00
1.693833433053432369e+00
1.697268254940326404e+00
1.689491445590288299e+00
1.690764872233072813e+00
1.693176452318827296e+00
1.688947348105601876e+00
1.694123151669135519e+00
1.694690323792971132e+00
1.692777364681928631e+00
1.695920252494322877e+00
1.691393060256273229e+00
1.696553684809269047e+00
1.694749690324832248e+00
1.696670203942518995e+00
1.691722769920642522e+00
1.694385204559717417e+00
1.691737766143603272e+00
1.696128847660162586e+00
1.701055259887988669e+00
1.689856392297989229e+00
1.691024464521652559e+00
1.692703343966068363e+00
1.691812212956257389e+00
1.679919856633895536e+00
1.694879517494103816e+00
1.697832296444819589e+00
1.689322866231967257e+00
1.691781224959935992e+00
1.695205167623666576e+00
1.695677316494477171e+00
1.695488809622251125e+00
1.687848113439021969e+00
1.691793932058872407e+00
1.691414695214002561e+00
1.689983150897881981e+00
1.693185201058021061e+00
1.695615042784275106e+00
1.687456581837091685e+00
1.691604336714133128e+00
1.696619241665571209e+00
1.690472462849739177e+00
1.690102955928215689e+00
1.691326879843687347e+00
1.691428365462865679e+00
1.694987993362622403e+00
1.688654731175838419e+00
1.691344110171000059e+00
1.691506826266264252e+00
1.689439210219261023e+00
1.689090869976924036e+00
1.696037553518246366e+00
1.695416869872655719e+00
1.691185166896917780e+00
1.693797633281120874e+00
1.695325371546622995e+00
1.696826611115382244e+00
1.691405408810346511e+00
1.692526561480302005e+00
1.690295332823044117e+00
1.689335704461122134e+00
1.695159405317061996e+00
1.691094861580775266e+00
1.698721684859349157e+00
1.699722439509171679e+00
1.693192040308927782e+00
1.690950027795938393e+00
1.687437250675299261e+00
1.693216266387548297e+00
1.684722886330042080e+00
1.692391307537372214e+00
1.693381092792902276e+00
1.688634678033682057e+00
1.687794543535281466e+00
1.692396925657223328e+00
1.691153803849831716e+00
1.690900073295984463e+00
1.687517915627895215e+00
1.695376051694919006e+00
1.685892789791791913e+00
1.689792474722250804e+00
1.684601769997523313e+00
1.691626127560933446e+00
1.684530796454502877e+00
1.690776921846927738e+00
1.688386872181525611e+00
1.692228933786734446e+00
1.686861745822124004e+00
1.689485006454663374e+00
1.689298394398811576e+00
1.686011299414512443e+00
1.681329760795984507e+00
1.690266882761930711e+00
1.691055579063219794e+00
1.685509053560403592e+00
1.690126556922227907e+00
1.692910363735296686e+00
1.690273173650105765e+00
1.684551062950721212e+00
1.691646612913180636e+00
1.695362169008988618e+00
1.689721310750032179e+00
1.694040403304955866e+00
1.690192356170752142e+00
1.689845714813623667e+00
1.688328661979773049e+00
1.687846576250516373e+00
1.690473189720740788e+00
1.686549914494538838e+00
1.690191598427601249e+00
1.687622426717709345e+00
1.693327410404498856e+00
1.691025218902490135e+00
1.695117694597977787e+00
1.691933078337938268e+00
1.694276033609341425e+00
1.693148850171994013e+00
1.690415935944288295e+00
1.689786391991835446e+00
1.691490203294998551e+00
1.694198712324484823e+00
1.692723637360792788e+00
1.683496755820054203e+00
1.686799141076894992e+00
1.692317395026867288e+00
1.693531393087827297e+00
1.692389615376790335e+00
1.684608428294842142e+00
1.687911044939970351e+00
1.692440529664357429e+00
1.692973767488430648e+00
1.696698157909589000e+00
1.690022578300573786e+00
1.690287127555945013e+00
1.693460986858759121e+00
1.689269284407297844e+00
1.686167018230144699e+00
1.689773052777999496e+00
1.683799377771524330e+00
1.691589472232720714e+00
1.691958678991366760e+00
1.689615083657778127e+00
1.689147485830845064e+00
1.687614227258242172e+00
1.693944621391785477e+00
1.684498930588746779e+00
1.692421923539577433e+00
1.687734896708757537e+00
1.691748584845127246e+00
1.690244203958755964e+00
1.691849309053176542e+00
1.688856374606108046e+00
1.687476822046133140e+00
1.688332427464998675e+00
1.689060796224153949e+00
1.689100798582419349e+00
1.689617022489890097e+00
1.685500592451829149e+00
1.692571616784120270e+00
1.689609342660659319e+00
1.687899159468137400e+00
1.688254538254860160e+00
1.686344060531029365e+00
1.690183255305657051e+00
1.684439043203989739e+00
1.691643750056242235e+00
1.691422619575109199e+00
1.684239764396960881e+00
1.682118750535524843e+00
1.692763926432682808e+00
1.686650068026322558e+00
1.686504557193853948e+00
1.683278561249757388e+00
1.688851150488242192e+00
1.688755740569187980e+00
1.688617035670158195e+00
1.686522316015683698e+00
1.688045287437927922e+00
1.687608963403946394e+00
1.686444501999097012e+00
1.686742395926744464e+00
1.688647122260851674e+00
1.680831989263876780e+00
1.688730692252134569e+00
1.692128604803329939e+00
1.684012158100421708e+00
1.689358428808358958e+00
1.686861419677734286e+00
1.685906484493842505e+00
1.687318454338954110e+00
1.685937135341839976e+00
1.691999649084531265e+00
1.685887724313980485e+00
1.681690952411064810e+00
1.686870164137620254e+00
1.689578288029401687e+00
1.682088291950714964e+00
1.683874884324195964e+00
1.683125438751318592e+00
1.689378357544923492e+00
1.691319232109265380e+00
1.683125507831573442e+00
1.681727459186162621e+00
1.686010536169394447e+00
1.687668769787519452e+00
1.683243215389740755e+00
1.690339316465915731e+00
1.688206849037072521e+00
1.681308883581406066e+00
1.687543399823017598e+00
1.690246113752707391e+00
1.689159883596958345e+00
1.686262122178689093e+00
1.684852290153503462e+00
1.685490544331379459e+00
1.692589223384857178e+00
1.691507125206482609e+00
1.689451265029418225e+00
1.685082946373866131e+00
1.681711866611089512e+00
1.687155545980502325e+00
1.686912982586102672e+00
1.682722566372308881e+00
1.684203301637600569e+00
1.690123481628222235e+00
1.688606070249508484e+00
1.683561253547668501e+00
1.688361459206312087e+00
1.682993071507185023e+00
1.686741759838201959e+00
1.687732375585115907e+00
1.685257789721855692e+00
1.686100732057522533e+00
1.685208400396200235e+00
1.681770725433643143e+00
1.686882591247558683e+00
1.683790037265190609e+00
1.681615809905223413e+00
1.687237512148343610e+00
1.688826995629530758e+00
1.684743126844748362e+00
1.691203647393446641e+00
1.686860363911359739e+00
1.681042402218549725e+00
1.688376659919054168e+00
1.682008342253856092e+00
1.681675512362749147e+00
1.683339646840706916e+00
1.689484576995556209e+00
1.686912290866558362e+00
1.684725133272317654e+00
1.691953516617799469e+00
1.688385214255406330e+00
1.685245377589494664e+00
1.683050221357590193e+00
1.688282859019744064e+00
1.682633094298533916e+00
1.688603678116431528e+00
1.682032798803769547e+00
1.682300223754002566e+00
1.681789787916036838e+00
1.685555989314348357e+00
1.679802669317294495e+00
1.686006962947356413e+00
1.685923830668131451e+00
1.687881735654977566e+00
1.692847979985750539e+00
1.684792396349784616e+00
1.682030571729709045e+00
1.677970519432654850e+00
1.681217867900163698e+00
1.688745173124166721e+00
1.680833936348939517e+00
1.684204111038110296e+00
1.687025375549609851e+00
1.685847329176389353e+00
1.684549025083199592e+00
1.684698465237250753e+00
1.685734246632991651e+00
1.684761439225612500e+00
1.685771864499801209e+00
1.681487367397699551e+00
1.679782781845484019e+00
1.682201504096006772e+00
1.679206599944677025e+00
1.684979003514998963e+00
1.682484307961586101e+00
1.684756891544048507e+00
1.688980346153943879e+00
1.682780519204261971e+00
1.691020776063967945e+00
1.682429390992873808e+00
1.685775601252531342e+00
1.683015080293019716e+00
1.687716543063139341e+00
1.685639741481878895e+00
1.679395293578123338e+00
1.692683258117773537e+00
1.679358751040238573e+00
1.685427973514948219e+00
1.682670084329751736e+00
1.685862430242391685e+00
1.680682141047257661e+00
1.684036022577530378e+00
1.680752012668511819e+00
1.682773848069019751e+00
1.690787026515373714e+00
1.677149299169198082e+00
1.675058806553865187e+00
1.688313330748142382e+00
1.677683857465401607e+00
1.684214385044880302e+00
1.685073506220793105e+00
1.682795691795838211e+00
1.683388161659240767e+00
1.686089720787146140e+00
1.684893556435902884e+00
1.683233682314554835e+00
1.681430961535527180e+00
1.679467907318702213e+00
1.681173601822975261e+00
1.679257043202718069e+00
1.680634315502949283e+00
1.681012331216763300e+00
1.685342669792664339e+00
1.684240664274264665e+00
1.679841974148383432e+00
1.689062993648724698e+00
1.688299828003614333e+00
1.682288569670457035e+00
1.690496967083368496e+00
1.680265807188474181e+00
1.688103953691629355e+00
1.686965317603869252e+00
1.684473548791347364e+00
1.681245421446286636e+00
1.681406612885304019e+00
1.681103591429881527e+00
1.684081414724007741e+00
1.680935423802106810e+00
1.680542056988447053e+00
1.685281199675339847e+00
1.682542970852974218e+00
1.678133841355641698e+00
1.686671027464744288e+00
1.684338455322461181e+00
1.683247248943035457e+00
1.683016729966188008e+00
1.683108551685626786e+00
1.680661306931422239e+00
1.684886668889950423e+00
1.683528415362040231e+00
1.677091096609066634e+00
1.682432402097261859e+00
1.681025577508486135e+00
1.684261392018733927e+00
1.681706262246156269e+00
1.679186224937438965e+00
1.678237465406075435e+00
1.677015735552861209e+00
1.678103222602453037e+00
1.679165256329071765e+00
1.679201759130526828e+00
1.681239714989295475e+00
1.686335862294221499e+00
1.682183949152628477e+00
1.685615611993349416e+00
1.679504555310958436e+00
1.681963374064518790e+00
1.680346955397190145e+00
1.677998868930034249e+00
1.683446775949918317e+00
1.683699165246425489e+00
1.674023929926065302e+00
1.676237891576229044e+00
1.677852231722611664e+00
1.683089862725673624e+00
1.682885848864530853e+00
1.683062190275925962e+00
1.683491397820986224e+00
1.683014259277245905e+00
1.681873222803458079e+00
1.676435516430781369e+00
1.672537072805257985e+00
1.678901689480512660e+00
1.676965127847133585e+00
1.684106515615414246e+00
1.675639460331354469e+00
1.679035892547705133e+00
1.680039870127653545e+00
1.675655541358849865e+00
1.673927030807886407e+00
1.679911071826250213e+00
1.679203548186864570e+00
1.679168347823314145e+00
1.675327963706774614e+00
1.673416078396332551e+00
1.681354425503657435e+00
1.674394427507351679e+00
1.678086260648874228e+00
1.677418602735568420e+00
1.675310996862558133e+00
1.677945922582577465e+00
1.678115764948038047e+00
1.683204285303751657e+00
1.678739891602442746e+00
1.687413450693472816e+00
1.683986527186173587e+00
1.677060221403072982e+00
1.679545355148804431e+00
1.681729104885688164e+00
1.678989553145873170e+00
1.676864634721707104e+00
1.675566848730429603e+00
1.680422487320044178e+00
1.681112384490477840e+00
1.681790881584852126e+00
1.683909969146434982e+00
1.680139358532734439e+00
1.673180642494788595e+00
1.676716734812809806e+00
1.672595980839851615e+00
1.681398998162685343e+00
1.677209064593681909e+00
1.675223113328982549e+00
1.684751255389971503e+00
1.677723779433812901e+00
1.674374574881333677e+00
1.680585001676510482e+00
1.680027674406002758e+00
1.675497948817717742e+00
1.683378998438517238e+00
1.677892702053754848e+00
1.678068386285732849e+00
1.676978714955158711e+00
1.676585066012847181e+00
1.678474931839184947e+00
1.678097343139159481e+00
1.682546856464483875e+00
1.682512786143865346e+00
1.676685487307034927e+00
1.678464486048771853e+00
1.676463204163771481e+00
1.674152989570911076e+00
1.676437863936790951e+00
1.676556306924575468e+00
1.672267064681419946e+00
1.680646978280483150e+00
1.679976002069619945e+00
1.673429201505123087e+00
1.678654837608337447e+00
1.676272518818195056e+00
1.672052381588862602e+00
1.672964352522140929e+00
1.677828508768326232e+00
1.679657036830217498e+00
1.682221420300312520e+00
1.677278516231438976e+00
1.677221277738228933e+00
1.674352390338212926e+00
1.677221619471525482e+00
1.678002914098592813e+00
1.675302657102927251e+00
1.674768698521149402e+00
1.673502854811839580e+00
1.679895143019847437e+00
1.671907101533351758e+00
1.673571854371290968e+00
1.676106223387595850e+00
1.673106549030695112e+00
1.680454325064634657e+00
1.673488642007876726e+00
1.675004209310580583e+00
1.674383556231474168e+00
1.671807765349363706e+00
1.671356355532621629e+00
1.671866023540496737e+00
1.676060607494451959e+00
1.672508003161503609e+00
1.671282429572863437e+00
1.668530264267554575e+00
1.683142175124241691e+00
1.674516753355661969e+00
1.678663151692121547e+00
1.673251556738829082e+00
1.666589312064342021e+00
1.672125790975032666e+00
1.675016692968515297e+00
1.671631215168879692e+00
1.675167665114769555e+00
1.681694184205470899e+00
1.676553103862664651e+00
1.673541302558703370e+00
1.678535189995398857e+00
1.674165781033344791e+00
1.678191711963751276e+00
1.677556057465382056e+00
1.677633103040548468e+00
1.682544883092244481e+00
1.672846361918327140e+00
1.672250700913942678e+00
1.679855893514095255e+00
1.669116604328155562e+00
1.669211569810524987e+00
1.676604018455896572e+00
1.674555977185567146e+00
1.677882999334579850e+00
1.673854503570458840e+00
1.671595559670374875e+00
1.670655342248769992e+00
1.671922802925109863e+00
1.677822906237382172e+00
1.676441435936169677e+00
1.675600850582122714e+00
1.671410812781407351e+00
1.673064105327312756e+00
1.674806095392276095e+00
1.676457297496306564e+00
1.672732462332798820e+00
1.680061270946111351e+00
1.672939523061116596e+00
1.673184873813237994e+00
1.671144081996037478e+00
1.674256153901418021e+00
1.674195346465477519e+00
1.672030131939129971e+00
1.675059151343810226e+00
1.674288380757356309e+00
1.676695117583641537e+00
1.673638634192637920e+00
1.675130968216137939e+00
1.675770599108475922e+00
1.677932812006045715e+00
1.675605042164142411e+00
1.673599452238816454e+00
1.676781469736343677e+00
1.676514919598897313e+00
1.673162182783469065e+00
1.675404593272086906e+00
1.670752425682850317e+00
1.671681911823077016e+00
1.672211243250431245e+00
1.674860935944777252e+00
1.673740807863382196e+00
1.667942905120360475e+00
1.672771340455764477e+00
1.670053482666993716e+00
1.671990185211866375e+00
1.674847715023236372e+00
1.677600672000493676e+00
1.673817585370479533e+00
1.677645915593856341e+00
1.669482539250300546e+00
1.676123096698369785e+00
1.676284409486330507e+00
1.676870820461175304e+00
1.675066732748960785e+00
1.669392993511297663e+00
1.667648618954878481e+00
1.677111690777998598e+00
1.672645100569113641e+00
1.675071550638247864e+00
1.679043562901325615e+00
1.669134053511497351e+00
1.670569690374227756e+00
1.670082688942933657e+00
1.670400839585524322e+00
1.669700184846535818e+00
1.668362721418723105e+00
1.676347997249701072e+00
1.672789176305135017e+00
1.671125495739472111e+00
1.668793952465057462e+00
1.671519100666046143e+00
1.676120092012943319e+00
1.676090404009207724e+00
1.670212956880911870e+00
1.668098651751493744e+00
1.672701815764109368e+00
1.663701951503753662e+00
1.672709098840371222e+00
1.667691578009189657e+00
1.673415532784584325e+00
1.667500825417347343e+00
1.673635288079579730e+00
1.668636591312212758e+00
1.671045547265272768e+00
1.668630657746241752e+00
1.666196249081538294e+00
1.667220660050710013e+00
1.663908602946843951e+00
1.669074038970164819e+00
1.672338439256717102e+00
1.673506948275443884e+00
1.673735298865880683e+00
1.667362780448717885e+00
1.670500399516178902e+00
1.669201397895812899e+00
1.670979388249226094e+00
1.669757295877505543e+00
1.669661675661038069e+00
1.669765576949486352e+00
1.670741085517100766e+00
1.672233946506793689e+00
1.668973250572498124e+00
1.675482745048327393e+00
1.669649903285197690e+00
1.670755127760080283e+00
1.668703138828277588e+00
1.673459672316526703e+00
1.679570032694400972e+00
1.670751385811047651e+00
1.674793769457401327e+00
1.672004010432805776e+00
1.668838695990733534e+00
1.667666718593010522e+00
1.673040043696379042e+00
1.665774765075781483e+00
1.674996819251622915e+00
1.672357652431879282e+00
1.672450170455834773e+00
1.669529980573898786e+00
1.672276087601979544e+00
1.677012929243919093e+00
1.677727602689694120e+00
1.672168450783460658e+00
1.671375716343904250e+00
1.669993556462801454e+00
1.668607485600006823e+00
1.674409848910111576e+00
1.669808933368095882e+00
1.668466796630468041e+00
1.675910568237304776e+00
1.664435659005091717e+00
1.668315071020370910e+00
1.674049092561770813e+00
1.669875507477002197e+00
1.670759745438893606e+00
1.672946504446176430e+00
1.666688120670807738e+00
1.669440655219249336e+00
1.672629986359522869e+00
1.665205843020708176e+00
1.679324767528436180e+00
1.672170218443259193e+00
1.663967428451929242e+00
1.672967560169024370e+00
1.675922298125731569e+00
1.673442414785042853e+00
1.679431142256810006e+00
1.672458290748107146e+00
1.668373842117113925e+00
1.667915660907060671e+00
1.669251471299391554e+00
1.669618045978057186e+00
1.677201444369096128e+00
1.669593034952114863e+00
1.672920440404843001e+00
1.666849553890717317e+00
1.677119572040362216e+00
1.672882051039964679e+00
1.671139733607952316e+00
1.671495581590212387e+00
1.673383636963673204e+00
1.670143689253391406e+00
1.671674084052061415e+00
1.669352421393761166e+00
1.668421188990275139e+00
1.672804074715345424e+00
1.670208168641114765e+00
1.670256971090267939e+00
1.670670567720364375e+00
1.675915196614387703e+00
1.674534753041389656e+00
1.669664358787047664e+00
1.673427230883867356e+00
1.672272771749740983e+00
1.669900675920339639e+00
1.669489928697928338e+00
1.673729797204335457e+00
1.671795093707549196e+00
1.669241328117174961e+00
1.668508408008477550e+00
1.670138172308603952e+00
1.674799697827070277e+00
1.669526572716541812e+00
1.669100226500095374e+00
1.670131944998716644e+00
1.663786337925837522e+00
1.666412754547901720e+00
1.670598235497107842e+00
1.667024608147450015e+00
1.665575161652687264e+00
1.674543267029982241e+00
1.664899193629240326e+00
1.670878258729592281e+00
1.672406470164274461e+00
1.674921305362994772e+00
1.672944157857161329e+00
1.667762206456600005e+00
1.672534845731197262e+00
1.668685461618961474e+00
1.671259062106792648e+00
1.669341753690670727e+00
1.664534056186675937e+00
1.666881810090480753e+00
1.674775801560817623e+00
1.668673941416618067e+00
1.669070245058108526e+00
1.671175570060045246e+00
1.671593005229265350e+00
1.670168008865454246e+00
1.667929235482827233e+00
1.670526057023268507e+00
1.675173704440777067e+00
1.672784407016558506e+00
1.673884120048620749e+00
1.671766071441846080e+00
1.664004016228211258e+00
1.674931833988581031e+00
1.674296907583872507e+00
1.670275669220166348e+00
1.673336232625521225e+00
1.665262136703882456e+00
1.671878104026500944e+00
1.674063059916863105e+00
1.670811296120668032e+00
