-6.921620666980743408e-02
-6.536187231540679932e-02
-6.327269226312637329e-02
-6.192955002188682556e-02
-6.045802682638168335e-02
-5.827146396040916443e-02
-5.906139314174652100e-02
-6.216496974229812622e-02
-6.270534545183181763e-02
-6.185630336403846741e-02
-6.245687231421470642e-02
-6.141925975680351257e-02
-6.119205430150032043e-02
-6.125517189502716064e-02
-6.166070327162742615e-02
-6.169125065207481384e-02
-6.128823384642601013e-02
-6.100777909159660339e-02
-6.111262738704681396e-02
-5.999324843287467957e-02
-6.035617366433143616e-02
-6.033663824200630188e-02
-5.970722436904907227e-02
-5.913367494940757751e-02
-5.825582891702651978e-02
-5.699641630053520203e-02
-5.652909353375434875e-02
-5.603812634944915771e-02
-5.487822368741035461e-02
-5.389470607042312622e-02
-5.299383401870727539e-02
-5.214917287230491638e-02
-5.114018917083740234e-02
-4.994471371173858643e-02
-4.891958460211753845e-02
-4.788938909769058228e-02
-4.672141373157501221e-02
-4.583048075437545776e-02
-4.514589160680770874e-02
-4.390894621610641479e-02
-4.285975918173789978e-02
-4.191711917519569397e-02
-4.107872396707534790e-02
-4.000923037528991699e-02
-3.914768993854522705e-02
-3.819501399993896484e-02
-3.725053742527961731e-02
-3.631217405200004578e-02
-3.549725562334060669e-02
-3.452686965465545654e-02
-3.360202535986900330e-02
-3.263993188738822937e-02
-3.179900348186492920e-02
-3.101648576557636261e-02
-3.013138286769390106e-02
-2.922105230391025543e-02
-2.843518927693367004e-02
-2.764438465237617493e-02
-2.681724168360233307e-02
-2.599464356899261475e-02
-2.523684315383434296e-02
-2.450783923268318176e-02
-2.368132025003433228e-02
-2.299376949667930603e-02
-2.225347422063350677e-02
-2.152210660278797150e-02
-2.084718085825443268e-02
-2.018406428396701813e-02
-1.953729800879955292e-02
-1.893058791756629944e-02
-1.831833831965923309e-02
-1.770180836319923401e-02
-1.710030622780323029e-02
-1.652961038053035736e-02
-1.598956994712352753e-02
-1.544879842549562454e-02
-1.493907067924737930e-02
-1.445352658629417419e-02
-1.397901494055986404e-02
-1.350349094718694687e-02
-1.302213035523891449e-02
-1.257667131721973419e-02
-1.213465165346860886e-02
-1.172252930700778961e-02
-1.131956372410058975e-02
-1.092296373099088669e-02
-1.052465289831161499e-02
-1.014574430882930756e-02
-9.802745655179023743e-03
-9.429937228560447693e-03
-9.100656956434249878e-03
-8.775646798312664032e-03
-8.463808335363864899e-03
-8.155304938554763794e-03
-7.862254977226257324e-03
-7.570873945951461792e-03
-7.301432080566883087e-03
-7.035842165350914001e-03
-6.776521913707256317e-03
-6.533360108733177185e-03
-6.293646525591611862e-03
-6.062185391783714294e-03
-5.838693585246801376e-03
-5.625914782285690308e-03
-5.417413543909788132e-03
-5.215901881456375122e-03
-5.022953730076551437e-03
-4.835238214582204819e-03
-4.655298776924610138e-03
-4.477476235479116440e-03
-4.313203506171703339e-03
-4.151087719947099686e-03
-3.995907492935657501e-03
-3.845199476927518845e-03
-3.701110836118459702e-03
-3.561407094821333885e-03
-3.429898526519536972e-03
-3.299898235127329826e-03
-3.174758283421397209e-03
-3.054672619327902794e-03
-2.939731813967227936e-03
-2.829150063917040825e-03
-2.721524098888039589e-03
-2.618647878989577293e-03
-2.520475536584854126e-03
-2.425086684525012970e-03
-2.332841046154499054e-03
-2.244224306195974350e-03
-2.159383147954940796e-03
-2.077579498291015625e-03
-1.999031985178589821e-03
-1.923135016113519669e-03
-1.849938067607581615e-03
-1.779817859642207623e-03
-1.711907098069787025e-03
-1.646884367801249027e-03
-1.583923352882266045e-03
-1.523715211078524590e-03
-1.465575536713004112e-03
-1.410058233886957169e-03
-1.356148859485983849e-03
-1.304498640820384026e-03
-1.254801405593752861e-03
-1.206662622280418873e-03
-1.160669839009642601e-03
-1.116385101340711117e-03
-1.073697698302567005e-03
-1.032805768772959709e-03
-9.933463297784328461e-04
-9.554570424370467663e-04
-9.189146221615374088e-04
-8.837796049192547798e-04
-8.499670075252652168e-04
-8.175190305337309837e-04
-7.862851489335298538e-04
-7.562072132714092731e-04
-7.272814400494098663e-04
-6.994438590481877327e-04
-6.727073923684656620e-04
-6.469623767770826817e-04
-6.222097435966134071e-04
-5.983333103358745575e-04
-5.754696321673691273e-04
-5.534528754651546478e-04
-5.322611541487276554e-04
-5.118820699863135815e-04
-4.922850639559328556e-04
-4.734027024824172258e-04
-4.552733153104782104e-04
-4.378385201562196016e-04
-4.210514307487756014e-04
-4.049047711305320263e-04
-3.894023830071091652e-04
-3.744837013073265553e-04
-3.601154312491416931e-04
-3.463249886408448219e-04
-3.330529434606432915e-04
-3.202701336704194546e-04
-3.080005117226392031e-04
-2.961948048323392868e-04
-2.848457661457359791e-04
-2.739214396569877863e-04
-2.634225820656865835e-04
-2.533207298256456852e-04
-2.436022768961265683e-04
-2.342618390684947371e-04
-2.252735575893893838e-04
-2.166423510061576962e-04
-2.083336148643866181e-04
-2.003403060371056199e-04
-1.926567929331213236e-04
-1.852660352597013116e-04
-1.781630999175831676e-04
-1.713287783786654472e-04
-1.647584576858207583e-04
-1.584412530064582825e-04
-1.523626560810953379e-04
-1.465158420614898205e-04
-1.408924872521311045e-04
-1.354848063783720136e-04
-1.302847231272608042e-04
-1.252842339454218745e-04
-1.204756990773603320e-04
-1.158516970463097095e-04
-1.114051337935961783e-04
-1.071292717824690044e-04
-1.030174898914992809e-04
-9.906355990096926689e-05
-9.526138455839827657e-05
-9.160513582173734903e-05
-8.808924030745401978e-05
-8.470825559925287962e-05
-8.145705942297354341e-05
-7.833061681594699621e-05
-7.532419840572401881e-05
-7.243313302751630545e-05
-6.965306238271296024e-05
-6.697970820823684335e-05
-6.440896686399355531e-05
-6.193687295308336616e-05
-5.955966480541974306e-05
-5.727368625230155885e-05
-5.507545211003161967e-05
-5.296158997225575149e-05
-5.092883657198399305e-05
-4.897411417914554477e-05
-4.709443237516097724e-05
-4.528689532889984548e-05
-4.354873453848995268e-05
-4.187727245152927935e-05
-4.026997339678928256e-05
-3.872435991070233285e-05
-3.723807822098024189e-05
-3.580883640097454190e-05
-3.443443711148574948e-05
-3.311280670459382236e-05
-3.184190063620917499e-05
-3.061975803575478494e-05
-2.944453808595426381e-05
-2.831442179740406573e-05
-2.722767931118141860e-05
-2.618264807097148150e-05
-2.517771827115211636e-05
-2.421136741759255528e-05
-2.328210575797129422e-05
-2.238851266156416386e-05
-2.152921661036089063e-05
-2.070290065603330731e-05
-1.990830241993535310e-05
-1.914419590320903808e-05
-1.840941695263609290e-05
-1.770284507074393332e-05
-1.702338522591162473e-05
-1.637001150811556727e-05
-1.574170892126858234e-05
-1.513752158643910661e-05
-1.455652363802073523e-05
-1.399782559019513428e-05
-1.346057251794263721e-05
-1.294394132855813950e-05
-1.244713712367229164e-05
-1.196940138470381498e-05
-1.151000105892308056e-05
-1.106823310692561790e-05
-1.064341995515860617e-05
-1.023491131491027772e-05
-9.842085091804619879e-06
-9.464331924391444772e-06
-9.101079740503337234e-06
-8.751771019888110459e-06
-8.415869160671718419e-06
-8.092857569863554090e-06
-7.782244210829958320e-06
-7.483551144105149433e-06
-7.196323622338240966e-06
-6.920120085851522163e-06
-6.654517164861317724e-06
-6.399110134225338697e-06
-6.153503818495664746e-06
-5.917325324844568968e-06
-5.690210855391342193e-06
-5.471813437907258049e-06
-5.261798833089414984e-06
-5.059845079813385382e-06
-4.865642495133215562e-06
-4.678893219534074888e-06
-4.499313035921659321e-06
-4.326623638917226344e-06
-4.160562639299314469e-06
-4.000874469056725502e-06
-3.847316293104086071e-06
-3.699649823829531670e-06
-3.557652462404803373e-06
-3.421104565859423019e-06
-3.289798087280360050e-06
-3.163532255712198094e-06
-3.042112211915082298e-06
-2.925352191596175544e-06
-2.813073024299228564e-06
-2.705104179767658934e-06
-2.601278765723691322e-06
-2.501438530089217238e-06
-2.405430223006987944e-06
-2.313107415830017999e-06
-2.224327772637479939e-06
-2.138955551345134154e-06
-2.056859557342249900e-06
-1.977914962481008843e-06
-1.901999553410860244e-06
-1.828998051678354386e-06
-1.758798930495686363e-06
-1.691294414740696084e-06
-1.626380480956868269e-06
-1.563958107908547390e-06
-1.503931343904696405e-06
-1.446208329980436247e-06
-1.390700504089181777e-06
-1.337323510597343557e-06
-1.285995381294924300e-06
-1.236637103829707485e-06
-1.189173531201959122e-06
-1.143531676461861935e-06
-1.099641622204217128e-06
-1.057435838447418064e-06
-1.016849637380801141e-06
-9.778217417988344096e-07
-9.402921250512008555e-07
-9.042024089467304293e-07
-8.694980806467356160e-07
-8.361257073374872562e-07
-8.040342436288483441e-07
-7.731744062766665593e-07
-7.434990720867062919e-07
-7.149627094804600347e-07
-6.875214353385672439e-07
-6.611336402784218080e-07
-6.357584538818628062e-07
-6.113569952503894456e-07
-5.878922593183233403e-07
-5.653280936712690163e-07
-5.436300511973968241e-07
-5.227647648098354694e-07
-5.027004590374417603e-07
-4.834061542169365566e-07
-4.648525475658971118e-07
-4.470109047360892873e-07
-4.298540829950070474e-07
-4.133557354180084076e-07
-3.974905951054097386e-07
-3.822344183390669059e-07
-3.675637856304092566e-07
-3.534563006724056322e-07
-3.398902208573417738e-07
-3.268448551807523472e-07
-3.143000242289417656e-07
-3.022367707217199495e-07
-2.906365921262477059e-07
-2.794814975004555890e-07
-2.687546611923607998e-07
-2.584395417670748429e-07
-2.485203651758638443e-07
-2.389818121173448162e-07
-2.298094443631271133e-07
-2.209890652693502489e-07
-2.125072171565989265e-07
-2.043509539362275973e-07
-1.965076563692491618e-07
-1.889654583919764264e-07
-1.817127213143976405e-07
-1.747384033023990924e-07
-1.680317041063972283e-07
-1.615824345435612486e-07
-1.553807038590093725e-07
-1.494169765692276997e-07
-1.436822003597626463e-07
-1.381674223921436351e-07
-1.328643861597811338e-07
-1.277649346320686163e-07
-1.228611239412202849e-07
-1.181455715482115920e-07
-1.136110157062830694e-07
-1.092505002020516258e-07
-1.050573317229464010e-07
-1.010250656463540508e-07
-9.714757709389232332e-08
-9.341891882286290638e-08
-8.983337806967028882e-08
-8.638548365524911787e-08
-8.306988519279911998e-08
-7.988155914517847123e-08
-7.681562408379249973e-08
-7.386734068859368563e-08
-7.103221832949202508e-08
-6.830592269579938147e-08
-6.568424026909269742e-08
-6.316321332633378915e-08
-6.073892677704861853e-08
-5.840770000986594823e-08
-5.616593767854283215e-08
-5.401022207252026419e-08
-5.193723850993592350e-08
-4.994382862832935643e-08
-4.802692643579575815e-08
-4.618359028540908184e-08
-4.441101353336307511e-08
-4.270646414283874037e-08
-4.106734508013687446e-08
-3.949113036583185021e-08
-3.797542191819047730e-08
-3.651787849889842619e-08
-3.511628321462012536e-08
-3.376847601543886412e-08
-3.247240343284829578e-08
-3.122607594718829205e-08
-3.002758219849965826e-08
-2.887508365745361516e-08
-2.776682528349283530e-08
-2.670109822133781563e-08
-2.567628065719418373e-08
-2.469079873890223098e-08
-2.374313190500743076e-08
-2.283183775375619007e-08
-2.195552717410009791e-08
-2.111284658212753129e-08
-2.030250989548676444e-08
-1.952327899346073536e-08
-1.877394950611233071e-08
-1.805338101235065551e-08
-1.736047394729212101e-08
-1.669415539140572946e-08
-1.605341104493618332e-08
-1.543726213526497304e-08
-1.484476186419669830e-08
-1.427499718431590736e-08
-1.372710567437707141e-08
-1.320024001216779652e-08
-1.269359817257509349e-08
-1.220640477583856409e-08
-1.173790842301514203e-08
-1.128739235412012931e-08
-1.085416556634299923e-08
-1.043756991947475399e-08
-1.003696326051795040e-08
-9.651732746362995385e-09
-9.281289514717627753e-09
-8.925060690501140925e-09
-8.582507149412776926e-09
-8.253099537114394479e-09
-7.936333368263603916e-09
-7.631727250156927767e-09
-7.338807783696665865e-09
-7.057134876475856800e-09
-6.786272876979637658e-09
-6.525807449975218333e-09
-6.275340247441363317e-09
-6.034484911765503057e-09
-5.802873292992671850e-09
-5.580151452022619196e-09
-5.365976107896130998e-09
-5.160023519579226559e-09
-4.961975275108443384e-09
-4.771528061553453881e-09
-4.588391444571016109e-09
-4.412283427512875278e-09
-4.242935336407072100e-09
-4.080085602709004888e-09
-3.923485536461157608e-09
-3.772897105847050625e-09
-3.628089162432956982e-09
-3.488838995480136873e-09
-3.354933220123257342e-09
-3.226167111236577512e-09
-3.102343049121714103e-09
-2.983271185641456213e-09
-2.868769666264370244e-09
-2.758661965529540794e-09
-2.652780883849459315e-09
-2.550963662528715759e-09
-2.453053982165442903e-09
-2.358902406740526203e-09
-2.268364385216159462e-09
-2.181301805848079312e-09
-2.097580331650306107e-09
-2.017072286975007955e-09
-1.939653992977241614e-09
-1.865208210105606668e-09
-1.793619808232449486e-09
-1.724778431189122330e-09
-1.658579273922100583e-09
-1.594920973069235970e-09
-1.533705829004361476e-09
-1.474840249926501201e-09
-1.418234085726055582e-09
-1.363800739007103857e-09
-1.311456387931286827e-09
-1.261121207463133942e-09
-1.212717259946316517e-09
-1.166171825772721604e-09
-1.121412740445748568e-09
-1.078371281160173112e-09
-1.036982166802147276e-09
-9.971816705700575767e-10
-9.589085081529447052e-10
-9.221047259089232284e-10
-8.867133138856786445e-10
-8.526799821773067833e-10
-8.199531054131625751e-10
-7.884821129344743440e-10
-7.582192651511832082e-10
-7.291179326962549112e-10
-7.011334846040995217e-10
-6.742232883105714336e-10
-6.483457104522472036e-10
-6.234614491340551012e-10
-5.995321461504943272e-10
-5.765213861863571765e-10
-5.543936976160068753e-10
-5.331152741483435875e-10
-5.126537527821994900e-10
-4.929776586948264594e-10
-4.740565162641985353e-10
-4.558617372474316198e-10
-4.383651497352758497e-10
-4.215401916418670680e-10
-4.053609392595802774e-10
-3.898025235926638743e-10
-3.748413524018445742e-10
-3.604544995816638675e-10
-3.466198161827804824e-10
-3.333161802121509254e-10
-3.205230525438196310e-10
-3.082209210081288120e-10
-2.963911061026891502e-10
-2.850152613920187150e-10
-2.740759841302065070e-10
-2.635565654607319175e-10
-2.534409626608891131e-10
-2.437136326083333415e-10
-2.343595872922321632e-10
-2.253645603467191449e-10
-2.167148127618645503e-10
-2.083970357391606854e-10
-2.003984755916121685e-10
-1.927068921103725074e-10
-1.853105724425319067e-10
-1.781981229243001508e-10
-1.713586911256115286e-10
-1.647817299277321013e-10
-1.584572334456524345e-10
-1.523755011056948661e-10
-1.465271376455135055e-10
-1.409032335253357360e-10
-1.354952261500841360e-10
-1.302947333359227855e-10
-1.252938863771646538e-10
-1.204849553460007883e-10
-1.158605850148930472e-10
-1.114136977120594452e-10
-1.071374933214741532e-10
-1.030254284661857866e-10
-9.907119569163569395e-11
-9.526872346565795624e-11
-9.161219005626719536e-11
-8.809600271497686208e-11
-8.471477686011752439e-11
-8.146330832126125188e-11
-7.833663578926675086e-11
-7.532999918291594099e-11
-7.243872862661149270e-11
-6.965844567830004053e-11
-6.698488291823068153e-11
-6.441393252121230262e-11
-6.194163931771967668e-11
-5.956425630504469382e-11
-5.727808852218352342e-11
-5.507969427775982751e-11
-5.296566310541983569e-11
-5.093277535839213499e-11
-4.897792935110167889e-11
-4.709809278691245993e-11
-4.529041378042997223e-11
-4.355211330464570096e-11
-4.188052682430054574e-11
-4.027310082643786870e-11
-3.872737200372178279e-11
-3.724097419333105563e-11
-3.581162449917130175e-11
-3.443713370021583842e-11
-3.311539584216482979e-11
-3.184438476799833495e-11
-3.062215411797630793e-11
-2.944683732963859768e-11
-2.831662335167628441e-11
-2.722979480784815109e-11
-2.618467768999988010e-11
-2.517967431781009680e-11
-2.421325293044951366e-11
-2.328391646155836270e-11
-2.239025458095067478e-11
-2.153088471401609638e-11
-2.070450408342416893e-11
-1.990983766742004946e-11
-1.914567289429403019e-11
-1.841084056042330275e-11
-1.770421136082500624e-11
-1.702470629749708309e-11
-1.637127759746004330e-11
-1.574292952943867618e-11
-1.513869411773338669e-11
-1.455765022417843113e-11
-1.399890533354541944e-11
-1.346161029869286097e-11
-1.294493939124619075e-11
-1.244809550576819746e-11
-1.197032403754683116e-11
-1.151088772910480174e-11
-1.106908315007260057e-11
-1.064423289093285874e-11
-1.023569423663772682e-11
-9.842835747841949257e-12
-9.465054608137624115e-12
-9.101774021968989103e-12
-8.752437143100255668e-12
-8.416508809339084962e-12
-8.093471205727897910e-12
-7.782829936076041122e-12
-7.484115757683262871e-12
-7.196868535147560308e-12
-6.920643311897345384e-12
-6.655020718532300705e-12
-6.399593528716440716e-12
-6.153969261263325663e-12
-5.917772782221275563e-12
-5.690641100702942268e-12
-5.472227705693999411e-12
-5.262195627159238498e-12
-5.060227844383424767e-12
-4.866010372417406415e-12
-4.679245272504184427e-12
-4.499648483674567601e-12
-4.326946353300220593e-12
-4.160872167646711972e-12
-4.001172223405680128e-12
-3.847602358247881327e-12
-3.699926216099713727e-12
-3.557919150271038333e-12
-3.421361718242144079e-12
-3.290045536355479250e-12
-3.163769159847396040e-12
-3.042339600731192029e-12
-2.925571026754503201e-12
-2.813284327718434952e-12
-2.705307115477562085e-12
-2.601474374461232308e-12
-2.501626726950090251e-12
-2.405610433076077470e-12
-2.313279776067211913e-12
-2.224493592800635966e-12
-2.139113755919574977e-12
-2.057012112727241160e-12
-1.978061594729019212e-12
-1.902141855483763244e-12
-1.829134933795106832e-12
-1.758930783142542698e-12
-1.691420874888605042e-12
-1.626501884566255995e-12
-1.564075041357582130e-12
-1.504043417588363241e-12
-1.446316482377196788e-12
-1.390805005885287216e-12
-1.337424528763397902e-12
-1.286092326385768203e-12
-1.236730444616196412e-12
-1.189263422983477536e-12
-1.143617861000534308e-12
-1.099724586568762152e-12
-1.057515186531077234e-12
-1.016926451900823647e-12
-9.778958242126489786e-13
-9.403629134055457861e-13
-9.042705278149154591e-13
-8.695636441805043582e-13
-8.361887571251003237e-13
-8.040948549364879128e-13
-7.732325522057104106e-13
-7.435547403483733220e-13
-7.150160997136667529e-13
-6.875728285338222889e-13
-6.611831308150906139e-13
-6.358060237153517757e-13
-6.114029638473739148e-13
-5.879366004463149054e-13
-5.653709380000482287e-13
-5.436711736188371002e-13
-5.228045643970724576e-13
-5.027385300594711115e-13
-4.834429839957465891e-13
-4.648877853855037934e-13
-4.470448804975296619e-13
-4.298867305966430630e-13
-4.133871793054327837e-13
-3.975208291880083511e-13
-3.822634754308690264e-13
-3.675917534771977468e-13
-3.534831661319154383e-13
-3.399160835616810150e-13
-3.268696890847827552e-13
-3.143240604863012377e-13
-3.022599260726205328e-13
-2.906588815118626989e-13
-2.795030374681817253e-13
-2.687754532826325260e-13
-2.584594593468131363e-13
-2.485394973595483892e-13
-2.390002800702062391e-13
-2.298271707494581317e-13
-2.210061018741160677e-13
-2.125236428897683827e-13
-2.043667291602366265e-13
-1.965228923605372158e-13
-1.889801385041370296e-13
-1.817268259702090050e-13
-1.747519094491209457e-13
-1.680447231020010257e-13
-1.615949534556834766e-13
-1.553927613754529924e-13
-1.494286058821917007e-13
-1.436933525725964111e-13
-1.381782058565428351e-13
-1.328747902722485219e-13
-1.277748794357297379e-13
-1.228707077489260557e-13
-1.181547806643201692e-13
-1.136198679086743157e-13
-1.092589628254488077e-13
-1.050654653339186395e-13
-1.010329041023667884e-13
-9.715513305972797720e-14
-9.342622297537142573e-14
-8.984041402525580478e-14
-8.639223776467364058e-14
-8.307638160297975416e-14
-7.988781077633566596e-14
-7.682161249364730105e-14
-7.387312468557297174e-14
-7.103778692672466089e-14
-6.831126240841242647e-14
-6.568940405732651144e-14
-6.316815966784725123e-14
-6.074368032226232228e-14
-5.841225262813096175e-14
-5.617029194202038944e-14
-5.401440335587801012e-14
-5.194125633615521986e-14
-4.994768636776107662e-14
-4.803064074395367589e-14
-4.618716501381299466e-14
-4.441444363982235966e-14
-4.270975934028697907e-14
-4.107048970120215359e-14
-3.949415122196653360e-14
-3.797831800021918280e-14
-3.652066238942104637e-14
-3.511895161072316196e-14
-3.377105114109844874e-14
-3.247487727949666114e-14
-3.122845135695301311e-14
-3.002985569087492090e-14
-2.887727085449168229e-14
-2.776892993707532481e-14
-2.670312362613828927e-14
-2.567822731248774193e-14
-2.469266720890768430e-14
-2.374493559675200371e-14
-2.283357388528552828e-14
-2.195719294047476094e-14
-2.111444597993356737e-14
-2.030404212545033199e-14
-1.952474640298795805e-14
-1.877535941389313345e-14
-1.805473596962117039e-14
-1.736176984514295474e-14
-1.669540224927441863e-14
-1.605460996621527886e-14
-1.543841382587850947e-14
-1.484586345729729112e-14
-1.427606100554753427e-14
-1.372813402669356697e-14
-1.320123125262339867e-14
-1.269455223720187403e-14
-1.220731771011751912e-14
-1.173878651754148641e-14
-1.128823698740271525e-14
-1.085498132894803514e-14
-1.043835377428090419e-14
-1.003771904869088169e-14
-9.652458818126471995e-15
-9.281981853590491605e-15
-8.925729113337752679e-15
-8.583148331886645416e-15
-8.253714348809872148e-15
-7.936927414668552838e-15
-7.632300485518016264e-15
-7.339362611039589035e-15
-7.057670369485383524e-15
-6.786789232953458276e-15
-6.526302884750237801e-15
-6.275815760489354342e-15
-6.034940766113912683e-15
-5.803312406907172594e-15
-5.580574505514813641e-15
-5.366384860626145087e-15
-5.160417788072947654e-15
-4.962354379950580097e-15
-4.771893516046293512e-15
-4.588741275927390659e-15
-4.412620679820119379e-15
-4.243258559598990162e-15
-4.080395299665669565e-15
-3.923785683981927466e-15
-3.773187037608375510e-15
-3.628366850000992391e-15
-3.489107221934096940e-15
-3.355190254182007989e-15
-3.226414141145042200e-15
-3.102580253597068440e-15
-2.983498220883191304e-15
-2.868987413227408814e-15
-2.758872071293165702e-15
-2.652983212007484735e-15
-2.551159052077440342e-15
-2.453242043374843223e-15
-2.359083108100976621e-15
-2.268539309445991373e-15
-2.181470039940643264e-15
-2.097742315412213371e-15
-2.017228022127429479e-15
-1.939804340308939716e-15
-1.865352685344128479e-15
-1.793758072510405997e-15
-1.724911340436694872e-15
-1.658707245279298758e-15
-1.595044037205428731e-15
-1.533824095667913733e-15
-1.474953611767845351e-15
-1.418343329408406663e-15
-1.363905368921320034e-15
-1.311557250473346578e-15
-1.261218188297141916e-15
-1.212811208273624312e-15
-1.166262406778145830e-15
-1.121499786010189854e-15
-1.078455053938384006e-15
-1.037062883146671298e-15
-9.972591108892972164e-16
-9.589831743105330791e-16
-9.221762046205447122e-16
-8.867819800074581114e-16
-8.527460786044121881e-16
-8.200165667038284128e-16
-7.885433634827003751e-16
-7.582780292443569697e-16
-7.291745065722912440e-16
-7.011879556598579234e-16
-6.742754954641022591e-16
-6.483959919475232141e-16
-6.235096345615998362e-16
-5.995784656423832921e-16
-5.765661157127008503e-16
-5.544366917514126098e-16
-5.331567888966612292e-16
-5.126936375612998077e-16
-4.930159504658391395e-16
-4.740933403032964767e-16
-4.558971667721427833e-16
-4.383991336779838452e-16
-4.215728506505567706e-16
-4.053923508360722950e-16
-3.898329114603824334e-16
-3.748707626614048620e-16
-3.604827433819880961e-16
-3.466469895841811340e-16
-3.333422460349638131e-16
-3.205481574738224286e-16
-3.082451097940721229e-16
-2.964142829824160897e-16
-2.850376246491659717e-16
-2.740975323908866404e-16
-2.635773831859882302e-16
-2.534609510595749009e-16
-2.437328305999184649e-16
-2.343780399117643617e-16
-2.253823117839072769e-16
-2.167317760518359211e-16
-2.084133434095372553e-16
-2.004141363092350539e-16
-1.927219654174227356e-16
-1.853251046217367485e-16
-1.782121057424993589e-16
-1.713721161700738709e-16
-1.647946274019584110e-16
-1.584695941567941350e-16
-1.523873152603570213e-16
-1.465385130548966749e-16
-1.409142010502383198e-16
-1.355057633331216036e-16
-1.303048883927515936e-16
-1.253036485301375815e-16
-1.204943675091950752e-16
-1.158696205567457988e-16
-1.114223667114157008e-16
-1.071458164747369460e-16
-1.030334318111479153e-16
-9.907889306076870357e-17
-9.527611217429092050e-17
-9.161931873976139618e-17
-8.810285484179026789e-17
-8.472133388022859033e-17
-8.146959424805403261e-17
-7.834268609648107739e-17
-7.533579192562221585e-17
-7.244431261127165316e-17
-6.966380784790120466e-17
-6.699002923588479800e-17
-6.441886734193926975e-17
-6.194638478634886748e-17
-5.956877653829584728e-17
-5.728245594264417921e-17
-5.508389590126193717e-17
-5.296971159108255416e-17
-5.093667039027217295e-17
-4.898166209972759416e-17
-4.710168901690892562e-17
-4.529386924456203257e-17
-4.355543338199608749e-17
-4.188372121636111983e-17
-4.027616848775821521e-17
-3.873032674157421667e-17
-3.724381369764497149e-17
-3.581433641131248266e-17
-3.443973428681676170e-17
-3.311789305051212305e-17
-3.184677783809168627e-17
-3.062445635564452749e-17
-2.944905255754137643e-17
-2.831875657260196708e-17
-2.723185448259708957e-17
-2.618666214779958592e-17
-2.518158476398845390e-17
-2.421508212086311977e-17
-2.328567687384956383e-17
-2.239194461793296976e-17
-2.153251554201894975e-17
-2.070606946584986917e-17
-1.991134907489464740e-17
-1.914712683312425577e-17
-1.841223641587499450e-17
-1.770554458570766594e-17
-1.702598758835452690e-17
-1.637250001518660909e-17
-1.574410579308109992e-17
-1.513982884891518682e-17
-1.455874770348648573e-17
-1.399996403864976405e-17
-1.346262999427715493e-17
-1.294591673539488024e-17
-1.244903513169856439e-17
-1.197122831292772135e-17
-1.151175512525350362e-17
-1.106991908260014155e-17
-1.064504189686534165e-17
-1.023647588562947490e-17
-9.843584947001488028e-18
-9.465775165301567955e-18
-9.102468341281540117e-18
-8.753103646486093560e-18
-8.417149203781356688e-18
-8.094084716562033647e-18
-7.783423802627943255e-18
-7.484687524404417310e-18
-7.197416796651488882e-18
-6.921169904922054654e-18
-6.655527882235856517e-18
-6.400081274189680722e-18
-6.154437997173177135e-18
-5.918222924778552958e-18
-5.691072097536284857e-18
-5.472640581130938222e-18
-5.262594194595041628e-18
-5.060610337489699395e-18
-4.866377576314285307e-18
-4.679598953228892829e-18
-4.499991158873722547e-18
-4.327275846972650369e-18
-4.161189560500578154e-18
-4.001478355009452123e-18
-3.847896144267037752e-18
-3.700209663340595084e-18
-3.558191437561672039e-18
-3.421623711634014032e-18
-3.290297622452951423e-18
-3.164011958334480688e-18
-3.042573159015264418e-18
-2.925795522447784460e-18
-2.813499964029423082e-18
-2.705514430192769254e-18
-2.601673691610465510e-18
-2.501818516014595392e-18
-2.405795668196683451e-18
-2.313458323598001525e-18
-2.224665654719262460e-18
-2.139279935988476178e-18
-2.057172540820390684e-18
-1.978215463015213395e-18
-1.902289381769583537e-18
-1.829277251026824858e-18
-1.759067401404242699e-18
-1.691552092627052027e-18
-1.626628547504143129e-18
-1.564196573783820520e-18
-1.504160942298064032e-18
-1.446429629203727140e-18
-1.390913609187383826e-18
-1.337528613224130249e-18
-1.286192647035747091e-18
-1.236827025066465245e-18
-1.189356163687812679e-18
-1.143707271005884724e-18
-1.099810450258920651e-18
-1.057598286226997389e-18
-1.017006465617488938e-18
-9.779725362941475461e-19
-9.404366310601396872e-19
-9.043413642604694951e-19
-8.696318317819787625e-19
-8.362540083909101200e-19
-8.041575394674744019e-19
-7.732928458737067111e-19
-7.436128300134798097e-19
-7.150722037482564193e-19
-6.876269197104180913e-19
-6.612350501826660440e-19
-6.358559082186203254e-19
-6.114509782210089351e-19
-5.879827268695372796e-19
-5.654153269039241557e-19
-5.437140367384423364e-19
-5.228456140522248468e-19
-5.027782123916883954e-19
-4.834809675802270974e-19
-4.649242562121538973e-19
-4.470797990502771387e-19
-4.299202474355942870e-19
-4.134192608354743567e-19
-3.975516619400227651e-19
-3.822931523187457669e-19
-3.676202865711563123e-19
-3.535106274231389005e-19
-3.399424096848257298e-19
-3.268949796902971169e-19
-3.143482266109103663e-19
-3.022831252925767583e-19
-2.906811417196962767e-19
-2.795244139609166045e-19
-2.687959589642862624e-19
-2.584792848163424744e-19
-2.485585199890818793e-19
-2.390185167375370997e-19
-2.298446443046236040e-19
-2.210229181681104175e-19
-2.125397932454669845e-19
-2.043822543667426658e-19
-1.965378421239608816e-19
-1.889944848500571860e-19
-1.817406537152441212e-19
-1.747652205553434348e-19
-1.680575224952714354e-19
-1.616072456267653524e-19
-1.554045154812628341e-19
-1.494398970299019475e-19
-1.437042008130651114e-19
-1.381886251120468785e-19
-1.328847559490539362e-19
-1.277844507649314656e-19
-1.228799159673455685e-19
-1.181636423072979121e-19
-1.136283273309433016e-19
-1.092671338735311035e-19
-1.050733604796299310e-19
-1.010405189513100714e-19
-9.716247005746273272e-20
-9.343324258804104772e-20
-8.984715613868224993e-20
-8.639870478843403325e-20
-8.308262818558844329e-20
-7.989381461245384375e-20
-7.682740438293148560e-20
-7.387867998259040234e-20
-7.104308545571301676e-20
-6.831638150165999459e-20
-6.569430297039785928e-20
-6.317286259288016381e-20
-6.074822173407677929e-20
-5.841664515653414595e-20
-5.617453979446648659e-20
-5.401849352784701995e-20
-5.194521055892260508e-20
-4.995148233164533120e-20
-4.803428446690055131e-20
-4.619066367140750967e-20
-4.441780559237896532e-20
-4.271299927460424642e-20
-4.107361777340364356e-20
-3.949717308459096207e-20
-3.798121920924548852e-20
-3.652345555128855980e-20
-3.512163967577833292e-20
-3.377362931417526627e-20
-3.247735651494797727e-20
-3.123081795005043906e-20
-3.003214923193013955e-20
-2.887948597303456662e-20
-2.777105425869070618e-20
-2.670517226269217600e-20
-2.568019370174953947e-20
-2.469455791869145633e-20
-2.374675110837346916e-20
-2.283530954885227126e-20
-2.195885837547691998e-20
-2.111605018857774887e-20
-2.030558928727337605e-20
-1.952624136299350753e-20
-1.877679795656199164e-20
-1.805611846346230017e-20
-1.736310751561765392e-20
-1.669668913199688040e-20
-1.605585195505416281e-20
-1.543960401428929108e-20
-1.484701311592600917e-20
-1.427716806882080163e-20
-1.372919160915996475e-20
-1.320225009398240995e-20
-1.269553088295978922e-20
-1.220826091764853495e-20
-1.173969137341208789e-20
-1.128910573735656667e-20
-1.085581657715649997e-20
-1.043915503973845624e-20
-1.003848943053308346e-20
-9.653200979668100751e-21
-9.282700805633204253e-21
-8.926421837344397649e-21
-8.583813967382590499e-21
-8.254356976690669375e-21
-7.937545994289292829e-21
-7.632892305070458340e-21
-7.339933043320305670e-21
-7.058217460228478773e-21
-6.787315001823795263e-21
-6.526808442728927368e-21
-6.276301156302504447e-21
-6.035409036703443526e-21
-5.803762518374866666e-21
-5.581007787734451380e-21
-5.366801936413028958e-21
-5.160817808015986140e-21
-4.962739151361863445e-21
-4.772262236069489058e-21
-4.589096660351545778e-21
-4.412962523737086705e-21
-4.243587195897267460e-21
-4.080713394581015640e-21
-3.924090703782577886e-21
-3.773480420502921564e-21
-3.628649900194766133e-21
-3.489377807420768303e-21
-3.355450682730862510e-21
-3.226664154352611336e-21
-3.102820918707288143e-21
-2.983730942358268811e-21
-2.869212269804598681e-21
-2.759088398151899984e-21
-2.653191306338247886e-21
-2.551358425908294441e-21
-2.453434256600402483e-21
-2.359268346862728261e-21
-2.268716707491963593e-21
-2.181641205788160660e-21
-2.097907344122422900e-21
-2.017387289162781058e-21
-1.939957448493492349e-21
-1.865499480356999137e-21
-1.793899283911970254e-21
-1.725047201181692739e-21
-1.658837108286309019e-21
-1.595168838823517751e-21
-1.533943942952347352e-21
-1.475069221490011391e-21
-1.418454504479599487e-21
-1.364012550215881436e-21
-1.311660054987265900e-21
-1.261316946256429325e-21
-1.212905877789336602e-21
-1.166352936474612143e-21
-1.121586935504168802e-21
-1.078539111450620277e-21
-1.037143629138260440e-21
-9.973369757978881396e-22
-9.590579610668071908e-22
-9.222484238081974593e-22
-8.868512126271974932e-22
-8.528124073032136258e-22
-8.200802585608633589e-22
-7.886045822248001525e-22
-7.583370116552030959e-22
-7.292311492090707102e-22
-7.012424652660250797e-22
-6.743279448186263129e-22
-6.484461884465684113e-22
-6.235577152392668736e-22
-5.996248113345648937e-22
-5.766104696896767434e-22
-5.544793998231464557e-22
-5.331978258664560876e-22
-5.127329816930463792e-22
-4.930536662763940291e-22
-4.741296378448364845e-22
-4.559317653428657440e-22
-4.384325333021076985e-22
-4.216049816122655149e-22
-4.054233366098438123e-22
-3.898626829120120901e-22
-3.748992915827413004e-22
-3.605102414795693414e-22
-3.466734192536010577e-22
-3.333676708108020428e-22
-3.205726246071558691e-22
-3.082685906744682202e-22
-2.964369140300524297e-22
-2.850593435880053042e-22
-2.741183350817947283e-22
-2.635972782562003686e-22
-2.534800929705301998e-22
-2.437511282244246371e-22
-2.343956417852869103e-22
-2.253992448302057880e-22
-2.167481038943473146e-22
-2.084291301975720631e-22
-2.004293233121619912e-22
-1.927365915781618713e-22
-1.853391083928806299e-22
-1.782255520246065351e-22
-1.713850551255092621e-22
-1.648071037574440255e-22
-1.584815752572750290e-22
-1.523988896981692689e-22
-1.465496564799109941e-22
-1.409248888990679269e-22
-1.355159536618933285e-22
-1.303146971020708346e-22
-1.253130160403820148e-22
-1.205033500339112312e-22
-1.158783027228111313e-22
-1.114307680480474845e-22
-1.071539176296246975e-22
-1.030412260101347821e-22
-9.908638230233597039e-23
-9.528331543270168132e-23
-9.162623831763121358e-23
-8.810947746949421764e-23
-8.472773805389485009e-23
-8.147577572353520163e-23
-7.834865536459220962e-23
-7.534153021566419615e-23
-7.244982488350087937e-23
-6.966913436880750513e-23
-6.699512309204897876e-23
-6.442378363982677752e-23
-6.195107704430616983e-23
-5.957332405822520488e-23
-5.728682650166020659e-23
-5.508810076485371894e-23
-5.297373896869518719e-23
-5.094055411512751844e-23
-4.898539391597344952e-23
-4.710527647701124501e-23
-4.529732087821503778e-23
-4.355873139653672455e-23
-4.188688901377097158e-23
-4.027921573247951660e-23
-3.873325977296893269e-23
-3.724662615353096887e-23
-3.581704926564583039e-23
-3.444235185321510726e-23
-3.312041030268194452e-23
-3.184920828557259726e-23
-3.062679889317298001e-23
-2.945130148108504590e-23
-2.832093006821937455e-23
-2.723393969425361708e-23
-2.618866586267775715e-23
-2.518351349674143789e-23
-2.421693958451404699e-23
-2.328746264521557939e-23
-2.239366430693844771e-23
-2.153416564082032562e-23
-2.070766029320216713e-23
-1.991287346486113508e-23
-1.914859662089043089e-23
-1.841365120309765436e-23
-1.770691229583196032e-23
-1.702730389281862733e-23
-1.637377523133190098e-23
-1.574533234663120281e-23
-1.514100651752492141e-23
-1.455987635447575865e-23
-1.400105360010443565e-23
-1.346367681830245108e-23
-1.294692243828475421e-23
-1.245000475458974489e-23
-1.197215857213935876e-23
-1.151265419459626637e-23
-1.107078638031120014e-23
-1.064587434232295435e-23
-1.023727200355015297e-23
-9.844353008434050522e-24
-9.466515456103963382e-24
-9.103179533794554101e-24
-8.753787516845831426e-24
-8.417807713007676393e-24
-8.094721051804453577e-24
-7.784036861753115508e-24
-7.485275515423287812e-24
-7.197981051211752744e-24
-6.921713284733396978e-24
-6.656049386543022054e-24
-6.400579937830818265e-24
-6.154918002322774705e-24
-5.918683743493027457e-24
-5.691517046338343129e-24
-5.473070812060424477e-24
-5.263007802622289517e-24
-5.061007740496418518e-24
-4.866759025625249182e-24
-4.679966624030228849e-24
-4.500344179202762292e-24
-4.327616378686927379e-24
-4.161516981927212017e-24
-4.001792370142587652e-24
-3.848199574174246211e-24
-3.700500752459263561e-24
-3.558470290778746490e-24
-3.421891252383759222e-24
-3.290554589134418187e-24
-3.164257760993307892e-24
-3.042809074760459630e-24
-2.926022556477467548e-24
-2.813718345857941254e-24
-2.705724668439768875e-24
-2.601875271787175081e-24
-2.502012186503889365e-24
-2.405980795852488409e-24
-2.313636343856864156e-24
-2.224836046693171605e-24
-2.139444023070486435e-24
-2.057329716508994568e-24
-1.978367106479086950e-24
-1.902434905616585848e-24
-1.829416954153197469e-24
-1.759201233840380429e-24
-1.691680656810250976e-24
-1.626752178107064615e-24
-1.564315513788245126e-24
-1.504275310291873917e-24
-1.446539369499653284e-24
-1.391019733420651084e-24
-1.337630514823811378e-24
-1.286290559643509557e-24
-1.236921179004449822e-24
-1.189446149221665195e-24
-1.143793782560393715e-24
-1.099893377362004951e-24
-1.057677880449555114e-24
-1.017082703836429236e-24
-9.780457247263411618e-25
-9.405070882981072467e-25
-9.044093063132595096e-25
-8.696965668627535640e-25
-8.363166079116185178e-25
-8.042179562857887001e-25
-7.733511109634614923e-25
-7.436689868093565153e-25
-7.151259778023906793e-25
-6.876785486813570998e-25
-6.612845446916330290e-25
-6.359037339270521951e-25
-6.114970184689995819e-25
-5.880270260320903440e-25
-5.654579127489435015e-25
-5.437546729168898721e-25
-5.228847167197825127e-25
-5.028157994681205145e-25
-4.835169583713739527e-25
-4.649590548798562263e-25
-4.471133941781399209e-25
-4.299526619573817591e-25
-4.134505299848699894e-25
-3.975819272749605567e-25
-3.823222019243653043e-25
-3.676482304477999414e-25
-3.535373823980459401e-25
-3.399681366635327397e-25
-3.269197609935950006e-25
-3.143721640870528749e-25
-3.023062653707613296e-25
-2.907033540501246538e-25
-2.795458286661951036e-25
-2.688164575385742576e-25
-2.584989704110919323e-25
-2.485774914580305550e-25
-2.390366625436416041e-25
-2.298621855640179486e-25
-2.210398363709623223e-25
-2.125560810695695271e-25
-2.043979404327583487e-25
-1.965528912936584034e-25
-1.890089651532232912e-25
-1.817545756169075785e-25
-1.747785183946667981e-25
-1.680702917757001952e-25
-1.616195173087234560e-25
-1.554163712102762501e-25
-1.494513255197377049e-25
-1.437151974031329820e-25
-1.381992107828914977e-25
-1.328949840118952788e-25
-1.277943203323010132e-25
-1.228894174167179993e-25
-1.181727317827400611e-25
-1.136371143784136334e-25
-1.092756010410598117e-25
-1.050814618010809294e-25
-1.010483118155253540e-25
-9.716995729369193594e-26
-9.344045096391240757e-26
-8.985408591057556061e-26
-8.640535243329649205e-26
-8.308901816560229066e-26
-7.989994934863319781e-26
-7.683330188339309073e-26
-7.388435493040228742e-26
-7.104859719135905524e-26
-6.832167144235721248e-26
-6.569941151174106069e-26
-6.317778681332298626e-26
-6.075295165019003675e-26
-5.842117742196987848e-26
-5.617890192863737282e-26
-5.402268622968382191e-26
-5.194923313304443481e-26
-4.995535021724339524e-26
-4.803799913520043789e-26
-4.619424014744845008e-26
-4.442125369254884891e-26
-4.271631265370038205e-26
-4.107680701064241592e-26
-3.950023151370329159e-26
-3.798416719487285870e-26
-3.652627828631456441e-26
-3.512435536119620769e-26
-3.377624754095589687e-26
-3.247987173976578271e-26
-3.123324964238699065e-26
-3.003448613375424364e-26
-2.888173232112092995e-26
-2.777321634893821330e-26
-2.670724339885503294e-26
-2.568218798599832604e-26
-2.469647084781369507e-26
-2.374859129968847348e-26
-2.283709179784074903e-26
-2.196057796899078534e-26
-2.111770782515333340e-26
-2.030718405991785397e-26
-1.952776945588807268e-26
-1.877826993649846945e-26
-1.805753610675823397e-26
-1.736446633473917674e-26
-1.669800058859990704e-26
-1.605711119212209983e-26
-1.544082131363796191e-26
-1.484818493635881026e-26
-1.427829302135089411e-26
-1.373027504827935043e-26
-1.320328823020051537e-26
-1.269652444690972404e-26
-1.220921640791713257e-26
-1.174060837831256340e-26
-1.128998930476054876e-26
-1.085666739322506478e-26
-1.043997550157337569e-26
-1.003927653217987821e-26
-9.653958039322257201e-27
-9.283425295833685876e-27
-8.927115159798425410e-27
-8.584481437484247583e-27
-8.254998735202323558e-27
-7.938163229679201633e-27
-7.633488045824940715e-27
-7.340506338221021338e-27
-7.058770520748367909e-27
-6.787844562867571157e-27
-6.527317085942509969e-27
-6.276788652102718433e-27
-6.035877542033218997e-27
-5.804213977184689313e-27
-5.581440890145439987e-27
-5.367219317245258865e-27
-5.161219154091677976e-27
-4.963123777801840058e-27
-4.772630432188487437e-27
-4.589450612945950906e-27
-4.413301978744383295e-27
-4.243913743833603760e-27
-4.081026678043097778e-27
-3.924392721596028273e-27
-3.773769592505391331e-27
-3.628927334735827117e-27
-3.489643310785764465e-27
-3.355706053547309658e-27
-3.226910258888391015e-27
-3.103057941210725529e-27
-2.983958818635807741e-27
-2.869430890783893058e-27
-2.759299090623036679e-27
-2.653393743725138089e-27
-2.551553264567863199e-27
-2.453621460232722205e-27
-2.359448108184052901e-27
-2.268889919233992878e-27
-2.181807456054568499e-27
-2.098066288735661535e-27
-2.017539498493936869e-27
-1.940103825812953715e-27
-1.865639863036160067e-27
-1.794033980296837077e-27
-1.725176592181149111e-27
-1.658962157728143748e-27
-1.595289469319243441e-27
-1.534060208230787219e-27
-1.475181063156969522e-27
-1.418561515390404150e-27
-1.364115379566079773e-27
-1.311758974027912766e-27
-1.261412276386713840e-27
-1.212997671665724189e-27
-1.166441396748073782e-27
-1.121672192225820291e-27
-1.078621013510457433e-27
-1.037221608611898289e-27
-9.974118662894363689e-28
-9.591297715988624044e-28
-9.223171614558559009e-28
-8.869175098165490929e-28
-8.528766980495046992e-28
-8.201421482672409482e-28
-7.886642677736898686e-28
-7.583943786895070730e-28
-7.292862105477786581e-28
-7.012954188115351078e-28
-6.743786219087790995e-28
-6.484951827176840626e-28
-6.236050418954067426e-28
-5.996704512150371497e-28
-5.766543846733944392e-28
-5.545216459007449345e-28
-5.332384348265646395e-28
-5.127720587900475809e-28
-4.930913177260946855e-28
-4.741655893485901962e-28
-4.559665143391030110e-28
-4.384659259721964665e-28
-4.216371501181407997e-28
-4.054541867226867826e-28
-3.898924320307948685e-28
-3.749278841405331314e-28
-3.605377207820605826e-28
-3.466998419092653785e-28
-3.333929178480134304e-28
-3.205968707786345015e-28
-3.082919117709500130e-28
-2.964593593044994085e-28
-2.850808929706867045e-28
-2.741390831035151966e-28
-2.636173185572145449e-28
-2.534993733720032868e-28
-2.437696956635804955e-28
-2.344135761419959134e-28
-2.254164740361694169e-28
-2.167647633917444663e-28
-2.084450589956075704e-28
-2.004446858213122305e-28
-1.927513660654629782e-28
-1.853533274812747464e-28
-1.782392311561999552e-28
-1.713982076231149693e-28
-1.648197244526364208e-28
-1.584937668090534963e-28
-1.524105726349605828e-28
-1.465608854295624692e-28
-1.409357135074312977e-28
-1.355264262950037829e-28
-1.303247904417676693e-28
-1.253227651902051404e-28
-1.205127310799737140e-28
-1.158873214290361090e-28
-1.114394223336602451e-28
-1.071622569278543096e-28
-1.030492529756830811e-28
-9.909407296392331040e-29
-9.529072845415416841e-29
-9.163335739710742647e-29
-8.811636255888220919e-29
-8.473436337269638472e-29
-8.148215380916903132e-29
-7.835476256163119943e-29
-7.534741091640837823e-29
-7.245548867869619076e-29
-6.967456019109147018e-29
-6.700035831506118352e-29
-6.442880850506673652e-29
-6.195594454912890674e-29
-5.957802292091829147e-29
-5.729133018676086908e-29
-5.509241772834997118e-29
-5.297790313122076768e-29
-5.094454842565425753e-29
-4.898921193842865907e-29
-4.710894759858216744e-29
-4.530084243707389695e-29
-4.356213695740540527e-29
-4.189017698737208372e-29
-4.028238358640777629e-29
-3.873629818456785113e-29
-3.724954346207720526e-29
-3.581985946051672177e-29
-3.444505242530912209e-29
-3.312301286131219456e-29
-3.185171252355325639e-29
-3.062920742649469169e-29
-2.945362279770626103e-29
-2.832315608713063948e-29
-2.723607395781787852e-29
-2.619071830445648226e-29
-2.518548217924910261e-29
-2.421882032434192262e-29
-2.328926873205065419e-29
-2.239539800124469740e-29
-2.153583590683867636e-29
-2.070926739979243915e-29
-1.991441805615059828e-29
-1.915007815116683552e-29
-1.841506805275021369e-29
-1.770827583728440298e-29
-1.702860763674630218e-29
-1.637502826379080317e-29
-1.574653412836094790e-29
-1.514216527475008087e-29
-1.456099183990692761e-29
-1.400212157659943998e-29
-1.346469985341479613e-29
-1.294790664549386244e-29
-1.245095277294927086e-29
-1.197306861611965101e-29
-1.151352894201031959e-29
-1.107162582090343738e-29
-1.064668367268569979e-29
-1.023805174368449160e-29
-9.845102602035117909e-30
-9.467235899262726761e-30
-9.103867837852925772e-30
-8.754449979161395298e-30
-8.418442912340430005e-30
-8.095330548350244877e-30
-7.784620119958975212e-30
-7.485836163211600410e-30
-7.198520517429943976e-30
-6.922231572896288994e-30
-6.656545023169762651e-30
-6.401059131301027921e-30
-6.155380811979169832e-30
-5.919129769271810357e-30
-5.691946395947145942e-30
-5.473481993360948664e-30
-5.263402909196681124e-30
-5.061386775883573819e-30
-4.867125143703970980e-30
-4.680319343053215681e-30
-4.500682741388803414e-30
-4.327941495546766620e-30
-4.161828157052406212e-30
-4.002092580707867207e-30
-3.848487254422640465e-30
-3.700776703168369264e-30
-3.558736736662464777e-30
-3.422147678520645337e-30
-3.290801889420781694e-30
-3.164497372413628546e-30
-3.043040782188362643e-30
-2.926244791965236946e-30
-2.813931855077503255e-30
-2.705929691073105058e-30
-2.602072226110158180e-30
-2.502201661827008239e-30
-2.406163961443923481e-30
-2.313813175582305812e-30
-2.225005987970902977e-30
-2.139607545897788645e-30
-2.057486758232959113e-30
-1.978517800061102365e-30
-1.902579736523405802e-30
-1.829555770501171724e-30
-1.759335499564970899e-30
-1.691810590155431547e-30
-1.626876846453296780e-30
-1.564435432893549460e-30
-1.504390523176710553e-30
-1.446650146624771725e-30
-1.391126000102099205e-30
-1.337732413580405064e-30
-1.286388324969256598e-30
-1.237014929127374681e-30
-1.189536900376758620e-30
-1.143881169988561302e-30
-1.099977584459925653e-30
-1.057758905513984638e-30
-1.017160998178957393e-30
-9.781212321158321070e-31
-9.405796100929428095e-31
-9.044788620255174392e-31
-8.697638807383894471e-31
-8.363814398473536002e-31
-8.042800056800698493e-31
-7.734107717110920531e-31
-7.437263420081950569e-31
-7.151811544103409889e-31
-6.877315745672273257e-31
-6.613354727613205966e-31
-6.359526470858226793e-31
-6.115439300689641752e-31
-5.880721760892591000e-31
-5.655013209800242260e-31
-5.437967581875713450e-31
-5.229252447316592027e-31
-5.028547601461714000e-31
-4.835546005186644588e-31
-4.649952844508197560e-31
-4.471481769002512608e-31
-4.299860534177939290e-31
-4.134827239893114400e-31
-3.976127038972779666e-31
-3.823518249778406025e-31
-3.676766478736439515e-31
-3.535647676623613406e-31
-3.399945082281636069e-31
-3.269451808704762782e-31
-3.143965670864652110e-31
-3.023296708874211173e-31
-2.907258959527139884e-31
-2.795674452978723749e-31
-2.688372742548093536e-31
-2.585190434520484948e-31
-2.485967426565315988e-31
-2.390553020306811240e-31
-2.298800984247728411e-31
-2.210570494164838991e-31
-2.125726133108928252e-31
-2.044138126503665414e-31
-1.965681754398428232e-31
-1.890235940875082011e-31
-1.817686545432161906e-31
-1.747921543458034553e-31
-1.680834200065645290e-31
-1.616322129697037493e-31
-1.554285650431261435e-31
-1.494630252522511001e-31
-1.437264482510292220e-31
-1.382100530966598665e-31
-1.329053879847606214e-31
-1.278043302493673048e-31
-1.228990510981034401e-31
-1.181820391220672730e-31
-1.136461002958317711e-31
-1.092842169181225253e-31
-1.050897474458573897e-31
-1.010562501699938581e-31
-9.717756550013362181e-32
-9.344776306727678233e-32
-8.986110645899132690e-32
-8.641211787160242368e-32
-8.309554284536189704e-32
-7.990622683754139124e-32
-7.683932681141551847e-32
-7.389015254452449778e-32
-7.105414311878713872e-32
-6.832698446993592348e-32
-6.570451534796894116e-32
-6.318269792979111721e-32
-6.075767659393175453e-32
-5.842573090077050057e-32
-5.618328734748085558e-32
-5.402691349055841849e-32
-5.195328268099036221e-32
-4.995924459391648302e-32
-4.804172825034525769e-32
-4.619783017923015517e-32
-4.442470568424218552e-32
-4.271963055722331810e-32
-4.108000401692235860e-32
-3.950330168922091614e-32
-3.798711087196392799e-32
-3.652910114760088896e-32
-3.512706258675225314e-32
-3.377884109602013871e-32
-3.248236780534709843e-32
-3.123565612928024263e-32
-3.003679588949948510e-32
-2.888394449860991191e-32
-2.777534165382116667e-32
-2.670928288832455707e-32
-2.568414308118007130e-32
-2.469835588616523867e-32
-2.375040638493543693e-32
-2.283883549512770795e-32
-2.196225466404014287e-32
-2.111931795064105020e-32
-2.030873231114452540e-32
-1.952925759901045097e-32
-1.877970215684068081e-32
-1.805891253080347056e-32
-1.736578963368080137e-32
-1.669927111245311760e-32
-1.605832987893138828e-32
-1.544198880343649238e-32
-1.484930308238395649e-32
-1.427936758512364745e-32
-1.373130509899626412e-32
-1.320427808427684563e-32
-1.269748279670301723e-32
-1.221013826721545137e-32
-1.174149879158534517e-32
-1.129084584889075848e-32
-1.085748736683264471e-32
-1.044076286452263556e-32
-1.004003463627540996e-32
-9.654686282240755461e-33
-9.284127851191353131e-33
-8.927792167102931215e-33
-8.585133359786326615e-33
-8.255625395519546356e-33
-7.938759872995859799e-33
-7.634062186371122446e-33
-7.341056260433251270e-33
-7.059296876696872330e-33
-6.788352775672027699e-33
-6.527808860916083256e-33
-6.277263260297851633e-33
-6.036334672837284849e-33
-5.804652450471889252e-33
-5.581862475528479629e-33
-5.367624221987302147e-33
-5.161606714720203406e-33
-4.963498080382230869e-33
-4.772992690442170740e-33
-4.589799977390179135e-33
-4.413638189924043337e-33
-4.244236964343074221e-33
-4.081338059232075514e-33
-3.924690947357528216e-33
-3.774056856429421552e-33
-3.629202156945529590e-33
-3.489909015108965576e-33
-3.355961433832765914e-33
-3.227156640341413761e-33
-3.103293698569315430e-33
-2.984186182459270200e-33
-2.869649686334992825e-33
-2.759509171740806173e-33
-2.653595845034771857e-33
-2.551746239033728652e-33
-2.453807172130085028e-33
-2.359626564742203353e-33
-2.269061888180046424e-33
-2.181972450463500198e-33
-2.098224906452143273e-33
-2.017692890503262252e-33
-1.940251322671089951e-33
-1.865782102507567193e-33
-1.794171353997458070e-33
-1.725308690874380676e-33
-1.659089420672714901e-33
-1.595411422320733059e-33
-1.534177809369988469e-33
-1.475294083094934558e-33
-1.418670428380328811e-33
-1.364220152517798083e-33
-1.311859593370342446e-33
-1.261508945891800605e-33
-1.213090792758911372e-33
-1.166530747219786776e-33
-1.121758095942385162e-33
-1.078703686798099565e-33
-1.037301765571680861e-33
-9.974891494417723526e-34
-9.592041249549558704e-34
-9.223887439131557216e-34
-8.869866193217308995e-34
-8.529429253894750834e-34
-8.202060505675474822e-34
-7.887256690040535168e-34
-7.584531997215256098e-34
-7.293429545606251606e-34
-7.013498882104866745e-34
-6.744312971653966855e-34
-6.485459013698321767e-34
-6.236538442184605798e-34
-5.997172435691167235e-34
-5.766993652233374112e-34
-5.545649443505979744e-34
-5.332800477350680354e-34
-5.128120737756115071e-34
-4.931298443212827516e-34
-4.742028240696092369e-34
-4.560024521812858276e-34
-4.385004433234958625e-34
-4.216702570378496822e-34
-4.054860416321788119e-34
-3.899230015225205943e-34
-3.749571217266297145e-34
-3.605658107124513067e-34
-3.467267983721670581e-34
-3.334189855005346701e-34
-3.206220305351551477e-34
-3.083161658854804834e-34
-2.964826341514204073e-34
-2.851032059869875583e-34
-2.741605933600301945e-34
-2.636379903747514035e-34
-2.535192569427014183e-34
-2.437889187827776175e-34
-2.344320067091062484e-34
-2.254342403020347435e-34
-2.167817983193913250e-34
-2.084614105319811632e-34
-2.004603806824604159e-34
-1.927664257732179517e-34
-1.853677219841234292e-34
-1.782530539052085539e-34
-1.714114931124305246e-34
-1.648325014826052119e-34
-1.585060689466513948e-34
-1.524223920653542078e-34
-1.465722298919127529e-34
-1.409465481093924877e-34
-1.355368634138358179e-34
-1.303347498984702478e-34
-1.253323556283742690e-34
-1.205219549424335906e-34
-1.158961665626445140e-34
-1.114479535941139332e-34
-1.071704283746299988e-34
-1.030570591045284737e-34
-9.910161244950763421e-35
-9.529798134907297396e-35
-9.164032276978144074e-35
-8.812306344495994646e-35
-8.474079655977218938e-35
-8.148834488812226276e-35
-7.836072635434359556e-35
-7.535314255376193276e-35
-7.246100171156937478e-35
-6.967983258704672943e-35
-6.700542796652625874e-35
-6.443366673211787285e-35
-6.196061143692379789e-35
-5.958247960644602660e-35
-5.729562651943078869e-35
-5.509654520786855089e-35
-5.298187219671252676e-35
-5.094833010669357799e-35
-4.899287688700147112e-35
-4.711248770598150232e-35
-4.530425539620842018e-35
-4.356542202293823002e-35
-4.189332722664160503e-35
-4.028540535314463134e-35
-3.873920267278433762e-35
-3.725234581195689079e-35
-3.582255610241387068e-35
-3.444764384154376019e-35
