1.770217170776464899e+00
1.589672293418493032e+00
1.351987430682549007e+00
1.235073956312277454e+00
1.162325358543640608e+00
1.108943901612208460e+00
1.058875577113567168e+00
1.031791850542410849e+00
9.950714527032313850e-01
9.807285227836706198e-01
9.638563606983575616e-01
9.437119005582271791e-01
9.335545633083734973e-01
9.183438461560469168e-01
9.060572156539330457e-01
8.979770382245381155e-01
8.926821589469909890e-01
8.827344752275027018e-01
8.709689996181390059e-01
8.639322531528962346e-01
8.548191167605229124e-01
8.532095737946339131e-01
8.431769320598014872e-01
8.385893114102191959e-01
8.273370704589746438e-01
8.260399395074600193e-01
8.184062898159026878e-01
8.126546449386156112e-01
8.106434476681244616e-01
8.074263440492825961e-01
7.994327607063146379e-01
7.938979841959782346e-01
7.930409125028512474e-01
7.850465024893100718e-01
7.810346437570375722e-01
7.746518643238605728e-01
7.766475808161955596e-01
7.698249958264522519e-01
7.638594408065845220e-01
7.600472788780163746e-01
7.633178348724658502e-01
7.584851086139678955e-01
7.527550185338044431e-01
7.498762339353561845e-01
7.493455699621103250e-01
7.506863999825257316e-01
7.416335568214074137e-01
7.364415517220130880e-01
7.383621299878144750e-01
7.353032313860379254e-01
7.299374267840996744e-01
7.228641208929893480e-01
7.263102380893169396e-01
7.282931605974832800e-01
7.225657375195086995e-01
7.269762976047320358e-01
7.160333488232050181e-01
7.175911311155710459e-01
7.093092665458337054e-01
7.114088649933154596e-01
7.023309388986000990e-01
6.996681604629907403e-01
6.975354663836650371e-01
6.962309109858977330e-01
6.941277167735955267e-01
6.953692467548908684e-01
6.898977945248285781e-01
6.895048218659866057e-01
6.841018954912821970e-01
6.855986786194336879e-01
6.766192057193853859e-01
6.802897164454826395e-01
6.752114557302915099e-01
6.796168054525668634e-01
6.757886774264849628e-01
6.741817092284178026e-01
6.684167124522037984e-01
6.697706840741328715e-01
6.731514980395635339e-01
6.651867228440749846e-01
6.645973422588445922e-01
6.680027376382778881e-01
6.600026490596624384e-01
6.512090010520739103e-01
6.539256707980082295e-01
6.559523256161273741e-01
6.508077172896801210e-01
6.495964376590190881e-01
6.443453901089154501e-01
6.469274938870699376e-01
6.425230027773440877e-01
6.417001093809421297e-01
6.363390298225940489e-01
6.434742035774084767e-01
6.319494336079328756e-01
6.379068328784062158e-01
6.347426340366021380e-01
6.396596928437551233e-01
6.332695982395074585e-01
6.376214505006105870e-01
6.330018979616653940e-01
6.269220767112878567e-01
6.266891529926886806e-01
6.259813032089135421e-01
6.252485630603936695e-01
6.226356871617145794e-01
6.204452801209229262e-01
6.207767008206783732e-01
6.219391658520087018e-01
6.258066249199402131e-01
6.180492562361252773e-01
6.138045309445796516e-01
6.173938735937460898e-01
6.146456872805571292e-01
6.143689145644505301e-01
6.130176260685309408e-01
6.091344811213321719e-01
6.127535799374946857e-01
6.115714195447090606e-01
6.148509688866443668e-01
6.113470746920659504e-01
6.071463931829501615e-01
6.066487757823406657e-01
6.048691433209639756e-01
5.994068859479366740e-01
6.061953172469750628e-01
6.020747236716441630e-01
5.994197929516816847e-01
5.959858840856796514e-01
6.024886816740036011e-01
5.973598480988770998e-01
5.913616294280076291e-01
5.929865618546803496e-01
5.957708514653718979e-01
5.905632144365555725e-01
5.880284395737526149e-01
5.891892355986130259e-01
5.857897272476783046e-01
5.899107795495253104e-01
5.898950619575304977e-01
5.884071282469309772e-01
5.800945765697038681e-01
5.842206462835654035e-01
5.835593759249417811e-01
5.840956729956162663e-01
5.797188214766673120e-01
5.773592585936571098e-01
5.743270497291516063e-01
5.711090016823548998e-01
5.813969350013977744e-01
5.787944293174988042e-01
5.804956453732955657e-01
5.742734301930818575e-01
5.828690693928645361e-01
5.773057662523709554e-01
5.750059186648099896e-01
5.758058427236019128e-01
5.676302760075300213e-01
5.710864426233829283e-01
5.768441630479617110e-01
5.740548454034022363e-01
5.682023469454202669e-01
5.676581402619679251e-01
5.576008782936976438e-01
5.670400674526507867e-01
5.684729998692488184e-01
5.635548620651930074e-01
5.622453188284849412e-01
5.577518975123381129e-01
5.525024212323702555e-01
5.557228017311829360e-01
5.576681683460871231e-01
5.526567082374523876e-01
5.569902663047496816e-01
5.611837289272210150e-01
5.591263881096473209e-01
5.564413622403756587e-01
5.598589045879168724e-01
5.522808601458867317e-01
5.630606583295724166e-01
5.578231772551169865e-01
5.607598140453681212e-01
5.480226230162840162e-01
5.522431830947215348e-01
5.498927382704539291e-01
5.472460063222127635e-01
5.492150626121423684e-01
5.479090759005301736e-01
5.427461037269005750e-01
5.473553710258923788e-01
5.445036255396329405e-01
5.425329138835270903e-01
5.510326081361526240e-01
5.447747047130878650e-01
5.445516436910018410e-01
5.514363419551115975e-01
5.453390578810984879e-01
5.357611822012143810e-01
5.443946263728998147e-01
5.432818897641622513e-01
5.386113427388362629e-01
5.424472423700186230e-01
5.409518886835147367e-01
5.444815793862709530e-01
5.383848140254998693e-01
5.328418724811994078e-01
5.377663778570982434e-01
5.373091986928231201e-01
5.310481158204567453e-01
5.417494928989654568e-01
5.397545728545922739e-01
5.323479528610522982e-01
5.404503330206259504e-01
5.377935314025634739e-01
5.345464114959422863e-01
5.313299404504971957e-01
5.367438449309422932e-01
5.287670062902646295e-01
5.305804922794684630e-01
5.334745103732133620e-01
5.342685887064688721e-01
5.289947839883657466e-01
5.273730463706529648e-01
5.259163266191115849e-01
5.297201929948268662e-01
5.274032941995523416e-01
5.252258484180156728e-01
5.239492017871294482e-01
5.263197790353726369e-01
5.289824185463097850e-01
5.248885641495386611e-01
5.208928674459457620e-01
5.185441736227426324e-01
5.224167432922582899e-01
5.288460442270987993e-01
5.236945153811038978e-01
5.260986633025682702e-01
5.184412971521035196e-01
5.206198623547186877e-01
5.159749013873247137e-01
5.208382592369348307e-01
5.163598658564763078e-01
5.171336563733908154e-01
5.176925630141526735e-01
5.178699311155539053e-01
5.199510393234400008e-01
5.191145575963533876e-01
5.177325522288297455e-01
5.190078611175219514e-01
5.048923751100515833e-01
5.216817266283890753e-01
5.103993374949846729e-01
5.119476971717981106e-01
5.083042260545950208e-01
5.110480036873084053e-01
5.083785380308444291e-01
5.116193241033798467e-01
5.023018603905653467e-01
5.105916829445422689e-01
5.106329610714546163e-01
5.151523519020814179e-01
5.087993506437692437e-01
5.131522577542525498e-01
5.100987206284816056e-01
5.117613327808868684e-01
5.069312661886214988e-01
5.091999990053666103e-01
5.073034443916418779e-01
5.063017330108544600e-01
5.008033196131388420e-01
5.035774711997080821e-01
5.079897358631476623e-01
5.008132736652325390e-01
5.038847817442355659e-01
4.962178185200080138e-01
4.941791197810417313e-01
5.092848273424002148e-01
5.038075160903808802e-01
5.018497747106429596e-01
5.002339926285621630e-01
4.978925669422516465e-01
5.007912302628542145e-01
5.007019550754473469e-01
5.005177440551611401e-01
5.021481988521722117e-01
4.961430473205371006e-01
4.930305455357600342e-01
4.946952730035170664e-01
4.988269074605061193e-01
4.949545405996151337e-01
4.909781903410569415e-01
4.914140966076117056e-01
4.943573870720007757e-01
4.959771610987492307e-01
4.901474032264489522e-01
4.953518452934729810e-01
4.863776802252500753e-01
4.940931685077838420e-01
4.944144759040612347e-01
4.943946163241679792e-01
5.005411127820993400e-01
4.894717175991107339e-01
4.902324601625784872e-01
4.921822307201532132e-01
4.896784265071917885e-01
4.933387690629714717e-01
4.837525169054667229e-01
4.871402080242450694e-01
4.853384777521475568e-01
4.866801631756317859e-01
4.790018678475648772e-01
4.806874347420839189e-01
4.882395629699413653e-01
4.845350253658416984e-01
4.839669526769564967e-01
4.855998258560131897e-01
4.707223858970862040e-01
4.838975449403127294e-01
4.781597172602629064e-01
4.858833676729446549e-01
4.858418665635280131e-01
4.786012483712954180e-01
4.815423343426141756e-01
4.867002385166975253e-01
4.796701370141445153e-01
4.812075125483366023e-01
4.729107192311531316e-01
4.732331563264895458e-01
4.683564153237220751e-01
4.777483119414402957e-01
4.725448149519089203e-01
4.807600989937782510e-01
4.758189456967207298e-01
4.743288617485608705e-01
4.807084149657151473e-01
4.782691717147827259e-01
4.796156363227428443e-01
4.744763647898649350e-01
4.757826351584532598e-01
4.692649820294135798e-01
4.750951161369299514e-01
4.771419553802563329e-01
4.785054124700717226e-01
4.787954942920268908e-01
4.675168030919172879e-01
4.739830528696378220e-01
4.744133840386683953e-01
4.760730457993654352e-01
4.595867720551979896e-01
4.679250916609397071e-01
4.705365210007398380e-01
4.756917897325295685e-01
4.703402948303100350e-01
4.649776019347019451e-01
4.707278802226751435e-01
4.667399746485245693e-01
4.723330559256749273e-01
4.671588558417100190e-01
4.698061053187418956e-01
4.634166562404388179e-01
4.674006564876971859e-01
4.641650481865955968e-01
4.630215509961813081e-01
4.637131870175019155e-01
4.651926408211390362e-01
4.657883542852523928e-01
4.649370325299409523e-01
4.523024052381515725e-01
4.671743235526940596e-01
4.568914827628013375e-01
4.654377351968716492e-01
4.602553574320597529e-01
4.685732216789172400e-01
4.571861778314296743e-01
4.575707531892336255e-01
4.579360898488606946e-01
4.642472079549080366e-01
4.552749061813721188e-01
4.556462906109980948e-01
4.640569154650737160e-01
4.549536139155045400e-01
4.627194379384700906e-01
4.517826097133831875e-01
4.528841859637162681e-01
4.615558665914413217e-01
4.567288871759023205e-01
4.540598589258316164e-01
4.536142369111378914e-01
4.572116660001950272e-01
4.546919863193463196e-01
4.489172804432037811e-01
4.536810017931155459e-01
4.562084877338165034e-01
4.545338438871579512e-01
4.469506474641652960e-01
4.523809954524040111e-01
4.560846220988493682e-01
4.491260758577249046e-01
4.517123586092239851e-01
4.463055041738045459e-01
4.530468649971179373e-01
4.560980739119725458e-01
4.522104014952977313e-01
4.583049190732149114e-01
4.523866756604267847e-01
4.552691985399295316e-01
4.466612555659734141e-01
4.503424459542983427e-01
4.480850751201311821e-01
4.437078048403446662e-01
4.463506900347196105e-01
4.495640324476437577e-01
4.460885579005265944e-01
4.450526743745192304e-01
4.477646154853013871e-01
4.367098642465395697e-01
4.334018441729056703e-01
4.444418590420331494e-01
4.506755430728961453e-01
4.439460679506644358e-01
4.478028971797380908e-01
4.341172419679470429e-01
4.473939834878994937e-01
4.375587232601948484e-01
4.505841022882706159e-01
4.418472983516179564e-01
4.375477039661163081e-01
4.414266789570832628e-01
4.429047222320849908e-01
4.428159356499329347e-01
4.347474025228084682e-01
4.441694528246536988e-01
4.424361855937884447e-01
4.423003188692606336e-01
4.405896401176085941e-01
4.297751422875966676e-01
4.388343282617055419e-01
4.342971000151756300e-01
4.329769027538788451e-01
4.391149236987798576e-01
4.370673812734774955e-01
4.344016005977606176e-01
4.395375172297159572e-01
4.321611219491713896e-01
4.318803123556650414e-01
4.394055455540999411e-01
4.354941284045195093e-01
4.313648651807736045e-01
4.411838441323011617e-01
4.259130733135418900e-01
4.425216622841663949e-01
4.298030864351835012e-01
4.301502688955037845e-01
4.273593128873751645e-01
4.322750476308357959e-01
4.252994485008411152e-01
4.409551825278844595e-01
4.306745317119818339e-01
4.307601832808592435e-01
4.346198446475542654e-01
4.330197343077414884e-01
4.282074688718869315e-01
4.213143779681279288e-01
4.298627079297334674e-01
4.312359498097346200e-01
4.338033512234688027e-01
4.254540808307819000e-01
4.324484648230748074e-01
4.253008146698658010e-01
4.366300904597991694e-01
4.296238302802428133e-01
4.217128002108671558e-01
4.238233869274457555e-01
4.241260018486243122e-01
4.293335205087294715e-01
4.191918426981339207e-01
4.222183536833677420e-01
4.210176145419096128e-01
4.299496537217726844e-01
4.273766830945626150e-01
4.184585459339312807e-01
4.127671277293792351e-01
4.254763820996651513e-01
4.218643924364676723e-01
4.253501531787407530e-01
4.235261681752326979e-01
4.244055112202962388e-01
4.263773695398599406e-01
4.236024459967246414e-01
4.215286471904852728e-01
4.171763818233441001e-01
4.230043413929450158e-01
4.134166800058804991e-01
4.221879952993148333e-01
4.171559602786333310e-01
4.226970582436292423e-01
4.214099704455106510e-01
4.209638102314410824e-01
4.119350284720078581e-01
4.091258912514417756e-01
4.110402396856210339e-01
4.139193826378920193e-01
4.100936652376101499e-01
4.181851364099062329e-01
4.114035205199168543e-01
4.140708367029825587e-01
4.123511265867795816e-01
4.211288946179242987e-01
4.118690564082219119e-01
4.101091212951220033e-01
4.149706352215546956e-01
4.146526348896515946e-01
4.091817458088581327e-01
4.120361329653324245e-01
4.115035611085402500e-01
4.028991990364514941e-01
4.065430134534835926e-01
4.078734591603279114e-01
4.071433200285984877e-01
4.104541332866901149e-01
4.076380177186085807e-01
4.093115739715404988e-01
4.073973652261954070e-01
4.105600782693960560e-01
4.111280654103328103e-01
4.094569158095580086e-01
4.082643612455099102e-01
4.037774012638972176e-01
4.079123763701854588e-01
4.081159576773643605e-01
3.986016593682460418e-01
4.082791484701328022e-01
4.130601744239146833e-01
4.027931082325104106e-01
4.093113075846280813e-01
4.103335212438534718e-01
4.098023083347540618e-01
4.060848182974717280e-01
4.071754078452403669e-01
4.030283776613381996e-01
4.088510582844416263e-01
4.015568426786325085e-01
3.999694315286783097e-01
4.082872393421637658e-01
4.070595081417988648e-01
4.042009332241155994e-01
4.069889872884139281e-01
4.038853088059486396e-01
4.007415498296419964e-01
4.019744708752021056e-01
3.991771163084568141e-01
4.104829814571600566e-01
3.941453526417414421e-01
4.009725960401388511e-01
4.017500688250248420e-01
4.012725357443858165e-01
3.988182697540674226e-01
3.959445199905297641e-01
3.956906163157560830e-01
3.987654515948050871e-01
3.959207068269069429e-01
4.042687238408969042e-01
4.004811595647763123e-01
4.034244078856248361e-01
3.979904959599177006e-01
4.030236723713385705e-01
4.004973778739953638e-01
3.987804383421555410e-01
3.987211683239692550e-01
3.971826674846502536e-01
3.969733562224950774e-01
3.950782517592112408e-01
3.976121606735082969e-01
4.012529747990461471e-01
4.042545727812326684e-01
3.969091194180341953e-01
4.025915790826846141e-01
4.010022013997420198e-01
3.984709732425518736e-01
3.952111978561450023e-01
4.016173683680021034e-01
3.853470163085521705e-01
3.979678446283707038e-01
3.969762797921131958e-01
3.949229818506118650e-01
4.039634816921674476e-01
3.896554447901554585e-01
4.010222752888997211e-01
3.907432991342666972e-01
3.828474399753106217e-01
3.940074510681323416e-01
3.969663329613514202e-01
3.958374858666688922e-01
3.898590417626576765e-01
3.945462952821682800e-01
3.956287741661071999e-01
3.919723435854300386e-01
3.974003819318918107e-01
3.992991683192742003e-01
3.965453749283766038e-01
3.911276884185962421e-01
3.868309210890378824e-01
3.846529049369005193e-01
3.892550445519961100e-01
3.894261592473739486e-01
3.802168435775316602e-01
3.943955280077763303e-01
3.938142141470542534e-01
3.860856615580045004e-01
3.862175353444539661e-01
3.870490444394258378e-01
3.881073298744666111e-01
3.852870324101203559e-01
3.868858684714023832e-01
3.939911547379615908e-01
3.823536058649038560e-01
3.828964819128696795e-01
3.900108307982102507e-01
3.954829923617534382e-01
3.859338145607557058e-01
3.808327540373190878e-01
3.920175549311515351e-01
3.873137345298742762e-01
3.939240958064030296e-01
3.773946164128108016e-01
3.863243625332147824e-01
3.798643358624898547e-01
3.928580449177668799e-01
3.815857244989810937e-01
3.860789623398047099e-01
3.824540108060225374e-01
3.774940911011818168e-01
3.904385944589590651e-01
3.819205856858155501e-01
3.871300532267643590e-01
3.802648972624387280e-01
3.811552223868859279e-01
3.877287207123560897e-01
3.792316878453279028e-01
3.805929369651354088e-01
3.811387261901146295e-01
3.841871004456128835e-01
3.882114196817080254e-01
3.781359549898367645e-01
3.843576446175575034e-01
3.914423054227462173e-01
3.728111107953083758e-01
3.793485648356951234e-01
3.804559661409793736e-01
3.791337543955216050e-01
3.863277692443285449e-01
3.776219198719049097e-01
3.746946007777482990e-01
3.773637274518991114e-01
3.814106795268181194e-01
3.782716707159311520e-01
3.796944627012961981e-01
3.829663410018652181e-01
3.772814202385070814e-01
3.829980636636415858e-01
3.772522767384847153e-01
3.781633612819206847e-01
3.828733239800501953e-01
3.762566944727530616e-01
3.808540824514168865e-01
3.762844133453491224e-01
3.778558104466169243e-01
3.850376149400686621e-01
3.743697905769715062e-01
3.735752834723545801e-01
3.763862565541878924e-01
3.807560996367381212e-01
3.831391612306619399e-01
3.796987959589713801e-01
3.741487608124048347e-01
3.702615382579656500e-01
3.739582767471288927e-01
3.751196797077472334e-01
3.810191595019438160e-01
3.721339613963395854e-01
3.736490269119923102e-01
3.765405049690833672e-01
3.779895046582588680e-01
3.750963757435480939e-01
3.765311985825881003e-01
3.788609011050982356e-01
3.769174209389931085e-01
3.758289721913826709e-01
3.741195070437896009e-01
3.707114764131032580e-01
3.714982605515382286e-01
3.723602872628432037e-01
3.713259909779597634e-01
3.714334748685360066e-01
3.678924758846943144e-01
3.723812411992977744e-01
3.783013585668343892e-01
3.730930063586968548e-01
3.745164896815251221e-01
3.746267818869688515e-01
3.711618564449823965e-01
3.711879556377729039e-01
3.770423471545562011e-01
3.622719686000774875e-01
3.778701245784759633e-01
3.699460995120880114e-01
3.723042279099806895e-01
3.654261524096513170e-01
3.602826223350488188e-01
3.682156519630016556e-01
3.709797008679463493e-01
3.775130352530723932e-01
3.737020310301046866e-01
3.673030934272668024e-01
3.770566917764834880e-01
3.721787286110413429e-01
3.687732544847023841e-01
3.696611257699819464e-01
3.667027746255581144e-01
3.690951550236115097e-01
3.700205194262357611e-01
3.803714071710904698e-01
3.666973985158480387e-01
3.643374725794180646e-01
3.684099702116770403e-01
3.646301942375990146e-01
3.616463438822672960e-01
3.683160979587298267e-01
3.701411032141783131e-01
3.725836157416685945e-01
3.635605935293894642e-01
3.595163403413234593e-01
3.623025744389264946e-01
3.667883609349911200e-01
3.632707661161055923e-01
3.740869111739671959e-01
3.687093316362454187e-01
3.720592951927429448e-01
3.770199715709074972e-01
3.583859721437478441e-01
3.631359987916090715e-01
3.691457518973411678e-01
3.530867011883320195e-01
3.683101771351618425e-01
3.623146420105909926e-01
3.611557309826214923e-01
3.641754578321407809e-01
3.632228960211460467e-01
3.670188242426285496e-01
3.651639459224847450e-01
3.616239005174392562e-01
3.643458423324120177e-01
3.584842089659128206e-01
3.677563608074799761e-01
3.686806070116849798e-01
3.671315568761948089e-01
3.626453923491331222e-01
3.596748041036801347e-01
3.607809055310029489e-01
3.574099814662566321e-01
3.582506916461846713e-01
3.596437407991824875e-01
3.602009625006944438e-01
3.524066335497758051e-01
3.604914176922577873e-01
3.613344682714877965e-01
3.677483945320814129e-01
3.634820074225083575e-01
3.590421521892914192e-01
3.554917937287917495e-01
3.555803813995458973e-01
3.632895917846606371e-01
3.735182614662708178e-01
3.600789926755122439e-01
3.608166689291978368e-01
3.647204890465124971e-01
3.597970628585571151e-01
3.626993982837750097e-01
3.558817377839332829e-01
3.565886933834124806e-01
3.576025621631206408e-01
3.602437348319934007e-01
3.596688305529264218e-01
3.614688924871958253e-01
3.617829803090829022e-01
3.458392983827835443e-01
3.604695284213775275e-01
3.609648487888849622e-01
3.567124894796273593e-01
3.530986349552105441e-01
3.586033795124445311e-01
3.547682858048341048e-01
3.564349457621574513e-01
3.578273966526374084e-01
3.519532921222540134e-01
3.594601014485725998e-01
3.527770192195207599e-01
3.584978484954589595e-01
3.516304313372343171e-01
3.566313450344097968e-01
3.648112749059995163e-01
3.596549563682996387e-01
3.674574515758416426e-01
3.548692422799574753e-01
3.584681557539181607e-01
3.555095655604814664e-01
3.527404530690266271e-01
3.599540447959533318e-01
3.526189697476533880e-01
3.477756761969664212e-01
3.643293842673301919e-01
3.540479126649025421e-01
3.547568678091733707e-01
3.514545191939060231e-01
3.532351569487498510e-01
3.500924095511436240e-01
3.520474548523242486e-01
3.523253041582229961e-01
3.548575932780901332e-01
3.580216121597167844e-01
3.505053251981735118e-01
3.531842030011690392e-01
3.529075504877628444e-01
3.573492330618393553e-01
3.499063173929850001e-01
3.564711073270210862e-01
3.479807503712483152e-01
3.527734885613123539e-01
3.459039557438630119e-01
3.516069028622064718e-01
3.535666798551877488e-01
3.589657566486260665e-01
3.516142690028900009e-01
3.485014563569655555e-01
3.530089161334893366e-01
3.527804095393571870e-01
3.522484582204085113e-01
3.516080488761266221e-01
3.487589483077709329e-01
3.480105106265116710e-01
3.506131157661095399e-01
3.411017685555494672e-01
3.498362626020725119e-01
3.594042111283693441e-01
3.519693196010895142e-01
3.541890633029815549e-01
3.587078031439047687e-01
3.457817288927542698e-01
3.494349675682874579e-01
3.499319454034169330e-01
3.471584008290217738e-01
3.493539995107895479e-01
3.482114916046460396e-01
3.561324406128663078e-01
3.571308217369593141e-01
3.518535092855111235e-01
3.535883649037434573e-01
3.427702827331347568e-01
3.518400847147672428e-01
3.481593535687678709e-01
3.462919059090125429e-01
3.476724955515984039e-01
3.461178348614619149e-01
3.496304187255028229e-01
3.500837058210984343e-01
3.476376482691520553e-01
3.506925804492754817e-01
3.537329745025206695e-01
3.513150886083260538e-01
3.488437274709725866e-01
3.406991149752567893e-01
3.426218171341297025e-01
3.495307942231496434e-01
3.406384054284829488e-01
3.490201004422627817e-01
3.453502711195212127e-01
3.544343912830719701e-01
3.393201271310830602e-01
3.507396020950415139e-01
3.480132821660775200e-01
3.534352044646556501e-01
3.444717400349103231e-01
3.536422790243075598e-01
3.496606463041060930e-01
3.558138393820860501e-01
3.390225620988087663e-01
3.450877654819916596e-01
3.482038260843509092e-01
3.471767496986266632e-01
3.487778985347503302e-01
3.458336032353914735e-01
3.510877856077291859e-01
3.482856718393472772e-01
3.363142750966243155e-01
3.484122043618789188e-01
3.379386789905719501e-01
3.450869178924805269e-01
3.538058566359373325e-01
3.446775509378848801e-01
3.350782035635067602e-01
3.402256397482676387e-01
3.435073548402541865e-01
3.404090421322064630e-01
3.483307569836958661e-01
3.367255363708887561e-01
3.473563771981459380e-01
3.493981066804665581e-01
3.429641743118946318e-01
3.394855726987887623e-01
3.402100051060700792e-01
3.405335450019592036e-01
3.458227752875059346e-01
3.389982498609102612e-01
3.432412931170218950e-01
3.364555900677656530e-01
3.403518232015462774e-01
3.484459123168235917e-01
3.369008669486412422e-01
3.498149509613330821e-01
3.396276302062548047e-01
3.376387038483069647e-01
3.428197032366043229e-01
3.410461280208367807e-01
3.398581927021344651e-01
3.484713447399628294e-01
3.395227642777638444e-01
3.404338883665891657e-01
3.379494883311100484e-01
3.383660206045859820e-01
3.370703265835077178e-01
3.406682199010482304e-01
3.408317470397704829e-01
3.405010624573781008e-01
3.406131619444260350e-01
3.404190410024080515e-01
3.364671166126544932e-01
3.436305391864898917e-01
3.387214325559445016e-01
3.342392226442312819e-01
3.420069354084822044e-01
3.402910675566930276e-01
3.422198084302437437e-01
3.419275702765354752e-01
3.412166328766407242e-01
3.359735629115349065e-01
3.439358882797070027e-01
3.403436170747646816e-01
3.425521512444202887e-01
3.414147527172015084e-01
3.430389943413245102e-01
3.375111580659181376e-01
3.346662027904620529e-01
3.347308647938263548e-01
3.361787332938267481e-01
3.361858977339206578e-01
3.347450141341258290e-01
3.447375567295612453e-01
3.290292984782121066e-01
3.317023794620465038e-01
3.359481358375304705e-01
3.383461382144536955e-01
3.427520941847410074e-01
3.397420813639958626e-01
3.313120852296169150e-01
3.400006922009663479e-01
3.288072783595476500e-01
3.368934016579236967e-01
3.410567512496923692e-01
3.383732249721502772e-01
3.312239394738124010e-01
3.315238802096782678e-01
3.369802411168049683e-01
3.422130177800472017e-01
3.297798507870772222e-01
3.386926423280667287e-01
3.370505371919045312e-01
3.420961982928789613e-01
3.362370578524394027e-01
3.320085565249125126e-01
3.430424661781543150e-01
3.323129377686060426e-01
3.318128072680571194e-01
3.439926000741811984e-01
3.342612783114115582e-01
3.421422616411478046e-01
3.310398935125424269e-01
3.272409140681609152e-01
3.379122923199947004e-01
3.339435459138491158e-01
3.378658089118126151e-01
3.289367926617463578e-01
3.339650268356005314e-01
3.354438290764124031e-01
3.428688636957070712e-01
3.370034825343352081e-01
3.301487072920187837e-01
3.387974407046269176e-01
3.414887059957553150e-01
3.377018886880996940e-01
3.397032402646847360e-01
3.282277661256300938e-01
3.414463369510112867e-01
3.281265899921074758e-01
3.318117758593497890e-01
3.367821734303083070e-01
3.318054823921277041e-01
3.317798548019849081e-01
3.336494608185230359e-01
3.340463649577055105e-01
3.312014608811109651e-01
3.335401810514621035e-01
3.336079788895753850e-01
3.411685388439740785e-01
3.381865833814327593e-01
3.389462494124204639e-01
3.326408617771589027e-01
3.410510679659171096e-01
3.244638650081096420e-01
3.248460292434081076e-01
3.319329362267102734e-01
3.366896277054762243e-01
3.340619928943805439e-01
3.252408830401224971e-01
3.310865924717524278e-01
3.329232500913815729e-01
3.347537117126660466e-01
3.272232705392898455e-01
3.269522441885410191e-01
3.339614165517000299e-01
3.334380823832291951e-01
3.281928514058773394e-01
3.318580416532663224e-01
3.349888638808177221e-01
3.260721984582069521e-01
3.283540340188221829e-01
3.263031692267992501e-01
3.230913387277187243e-01
3.291071674380546819e-01
3.230283351853872054e-01
3.326780732816610464e-01
3.371111656992863415e-01
3.291269844541183098e-01
3.231311172629013906e-01
3.271912831526536114e-01
3.311601586448840728e-01
3.353662315469521649e-01
3.324509281951647521e-01
3.348194321760764591e-01
3.306709407231746556e-01
3.352857926717171533e-01
3.297989947291520840e-01
3.243185124718225842e-01
3.239828444826297060e-01
3.279887937582456336e-01
3.323447214487271206e-01
3.271197665960360879e-01
3.279828216593999035e-01
3.310404320939993039e-01
3.325724481772153740e-01
3.288797127894866335e-01
3.351190016437799457e-01
3.318890870190583930e-01
3.231551033564102893e-01
3.259205488822399244e-01
3.304863199591636658e-01
3.186883388039393195e-01
3.288451898938570261e-01
3.308305662029829008e-01
3.294601387511461033e-01
3.257273766092764755e-01
3.372219028190160395e-01
3.275077574528180713e-01
3.212177809232320547e-01
3.310641390199844381e-01
3.236403624598796491e-01
3.292705099743146180e-01
3.226339941223462238e-01
3.257292791818960920e-01
3.249629101310020918e-01
3.320070205208582870e-01
3.276235834146157266e-01
3.322596031503799452e-01
3.294209203467919345e-01
3.263678666108693616e-01
3.268771133361718650e-01
3.255362062500073428e-01
3.353542231214352021e-01
3.286939392105127089e-01
3.301283432122988359e-01
3.302388145373417738e-01
3.258307984624153608e-01
3.226800625905012487e-01
3.267415601091507305e-01
3.324974335539035430e-01
3.372930164138476239e-01
3.260598100148714429e-01
3.268586221413734560e-01
3.292516241088891404e-01
3.277336216316773521e-01
3.292369523109534013e-01
3.257663642557767636e-01
3.232293005173023093e-01
3.226403163793759576e-01
3.244522683131388918e-01
3.276598546367425202e-01
3.303651906358889834e-01
3.247643192609151463e-01
3.279685398707022914e-01
3.308886032073925509e-01
3.234832669679935102e-01
3.281767309858248938e-01
3.318649648855894196e-01
3.280599381297062411e-01
3.238355839099639755e-01
3.211754462084708828e-01
3.198845898684782862e-01
3.274325880866784111e-01
3.259362851579983844e-01
3.303561816994960432e-01
3.282075278269939167e-01
3.222403576549811022e-01
3.197898685932159535e-01
3.295105266265380140e-01
3.312809512019157521e-01
3.283242861811931368e-01
3.258210142835592515e-01
3.141811947409923200e-01
3.250362964012684097e-01
3.179094959145937205e-01
3.221454882086851601e-01
3.338446925465877180e-01
3.273415125715427032e-01
3.192491867221318724e-01
3.290318004595927937e-01
3.152102387486360180e-01
3.270627978520515566e-01
3.217519014882735950e-01
3.295937866354600176e-01
3.172166097240570193e-01
3.174657281583700419e-01
3.246314754088719945e-01
3.204210298947798852e-01
3.246544643090321647e-01
3.320994019890443072e-01
3.245213758869048837e-01
3.126264950785881402e-01
3.157716948634539111e-01
3.323386574402833471e-01
3.193170702037138597e-01
3.180906892013855569e-01
3.253639510426765691e-01
3.285457535049854383e-01
3.277545708112227785e-01
3.162423181228148361e-01
3.250233342441228857e-01
3.244872057285064226e-01
3.301072848148834948e-01
3.283127339222492447e-01
3.226341100075306167e-01
3.147602242154952656e-01
3.174903989220276834e-01
3.242907283779902228e-01
3.207722146159563414e-01
3.243380830456049080e-01
3.177791029979021298e-01
3.339033330862338778e-01
3.189356857767471909e-01
3.249956680031922951e-01
3.213214967113274811e-01
3.159571881286608597e-01
3.171663117141295674e-01
3.230865865754775634e-01
3.162182042614007371e-01
3.225452170540125119e-01
3.178359833283301850e-01
3.181754079384681577e-01
3.213702751275820391e-01
3.197665680677462818e-01
3.177437698420805812e-01
3.189465948213369151e-01
3.273434695907128100e-01
3.266246264561628587e-01
3.206122149641696950e-01
3.224454394708841098e-01
3.257482049938960067e-01
3.172751731979541190e-01
3.245642329064699072e-01
3.212576203812391173e-01
3.148078497594747893e-01
3.192227879777932986e-01
3.208114759280131234e-01
3.213633484565294740e-01
3.193947010124341124e-01
3.166047249084864013e-01
3.223566299829727644e-01
3.129146678325457342e-01
3.195721425307102570e-01
3.127763058894719728e-01
3.158158878867443065e-01
3.225538355608781327e-01
3.176135112459843035e-01
3.239566592260813005e-01
3.184066451894931316e-01
3.206937936636117814e-01
3.184482996662457710e-01
3.161086210837730781e-01
3.211222506295411949e-01
3.142892321332906858e-01
3.140535641557131163e-01
3.221671933929125542e-01
3.134805736251366493e-01
3.268891171767161485e-01
3.265663606998248092e-01
3.149977784890394816e-01
3.282508118794514318e-01
3.200913038773414154e-01
3.209167351707434279e-01
3.166311780802714693e-01
3.118987381840363504e-01
3.143386655128919127e-01
3.177249214397027122e-01
3.135200004164989118e-01
3.186514523548957811e-01
3.100330769251554708e-01
3.076618652313183322e-01
3.097656382009004727e-01
3.339236981211564648e-01
3.162502262263726105e-01
3.146285250018804325e-01
3.211134997506936428e-01
3.174896352566205504e-01
3.204582713735409372e-01
3.197282994404817003e-01
3.157961240181555995e-01
3.164412508599269147e-01
3.235414258944682708e-01
3.201259280626590487e-01
3.138859320145386822e-01
3.156604774487324350e-01
3.158873379994661112e-01
3.228959555045152197e-01
3.132147292105051384e-01
3.242621587064021815e-01
3.165442528250889676e-01
3.096813232852862474e-01
3.146688719781545740e-01
3.207394065001071826e-01
3.146003036544873233e-01
3.121797489050107122e-01
3.111318174080970889e-01
3.132499208243993416e-01
3.166045199411037792e-01
3.207077826253878494e-01
3.152057034464982865e-01
3.164067183167506569e-01
3.140494255301279902e-01
3.161328224035409584e-01
3.122526429784603375e-01
3.183923851603116528e-01
3.115678551869514590e-01
3.127840048227554792e-01
3.204355005652476662e-01
3.176526719178908720e-01
3.143412135732479573e-01
3.168241585485446210e-01
3.123562736388964534e-01
3.159380047749250631e-01
3.121515504824809439e-01
3.193287799755732403e-01
3.066870590051015144e-01
3.247530200542547707e-01
3.152164976948346742e-01
3.110378506665046339e-01
3.170638564305428009e-01
3.180073542854724988e-01
3.171534358690946687e-01
3.172662074558245671e-01
3.109581464949326413e-01
3.133067130660399657e-01
3.127156956455646175e-01
3.134535628251540196e-01
3.134555163291784519e-01
3.139927169260306461e-01
3.213689289987087250e-01
3.078487561490291236e-01
3.125151377648879292e-01
3.171443026799422027e-01
3.122473368086876033e-01
3.127235694573475833e-01
3.134865630895663502e-01
3.171442143810100922e-01
3.180968083250216849e-01
3.182104818331889518e-01
3.110864435250942361e-01
3.074113093507595540e-01
3.165486007928848267e-01
3.145075389590019088e-01
3.123162080080081338e-01
3.156430230308801543e-01
3.249865098641468997e-01
3.083808406614340081e-01
3.155586030238713979e-01
3.080826895359234929e-01
3.125900209332123647e-01
3.199978491816765080e-01
3.114892125129699596e-01
3.150161782900492424e-01
3.143147619106830826e-01
3.101638575394948250e-01
3.130272466593828073e-01
3.103828700307088018e-01
3.114121367534001816e-01
3.131265869507423028e-01
3.100656038484512211e-01
3.144382590475754968e-01
3.186180288592974086e-01
3.166828277401435021e-01
3.139841804137596948e-01
3.140757649754866709e-01
3.151110584155107364e-01
3.090915347521121515e-01
3.041994823095126033e-01
3.140419699060611469e-01
3.123307835979339253e-01
3.150940567828141581e-01
3.179345617309594640e-01
3.094733304702318444e-01
3.108068270561022417e-01
3.043036000086711268e-01
3.042366683483123668e-01
3.167305767536163219e-01
3.062407197478489995e-01
3.179068243274321692e-01
3.140564817457627278e-01
3.155915311322762262e-01
3.083358225149985810e-01
3.190472778983605151e-01
3.102677903114220981e-01
3.044424970562641386e-01
3.127951585520536426e-01
3.094844391330694444e-01
3.089235233954893967e-01
3.094244426259627478e-01
3.112396144523070229e-01
3.125032079907564264e-01
3.061019776150202265e-01
3.138402811227700706e-01
3.104314580750771047e-01
3.045606518785158867e-01
3.099855530338409548e-01
3.189160821338494767e-01
3.132547682676559697e-01
3.136126629435099233e-01
3.104893970947999460e-01
3.057283090475277909e-01
3.102141652351770862e-01
3.075573515051450713e-01
3.047384683138285033e-01
3.169907562243632904e-01
3.060738499730061291e-01
3.117473844916392456e-01
3.164489317398804791e-01
3.036101194910513779e-01
3.155248112403429284e-01
3.185043985262895339e-01
3.191732234679735547e-01
3.114187119480891219e-01
3.047475018944496017e-01
3.109168216395072348e-01
3.128057060333398476e-01
3.081905329265655635e-01
3.075476002234678874e-01
3.080542944944821837e-01
3.101827119787534115e-01
3.133866041898727417e-01
3.138854150970776802e-01
3.144925672465410105e-01
3.107391218535410782e-01
3.061317981053621184e-01
3.040045163952387330e-01
3.073702167433041699e-01
3.144269449588579790e-01
3.103293822361872789e-01
3.102826056190026160e-01
3.109408761064211268e-01
3.085130277352455264e-01
3.063417530594728100e-01
3.135220416463338489e-01
3.042983208711330656e-01
3.044531694016395229e-01
3.166702054823056223e-01
3.121038915637212030e-01
3.119296044111251609e-01
3.093641600929774027e-01
3.111025457580884335e-01
3.185954749202116743e-01
3.078106624002640013e-01
3.121811189903662687e-01
3.134437864216474412e-01
3.117993561885295528e-01
2.995330305435718876e-01
3.188852843183737629e-01
3.076125545379442827e-01
3.121015095175840859e-01
3.128690444506131429e-01
3.051313884747334226e-01
3.112475551473788959e-01
3.085670419992544988e-01
3.070028692674942605e-01
3.073307145482454539e-01
3.112910731098590955e-01
3.035543846014218672e-01
3.134517214619196301e-01
2.978899132555876128e-01
3.036492821688835386e-01
2.970349464661035666e-01
2.992113045774973390e-01
3.096546086363303196e-01
3.086429473490286957e-01
3.058536049074087604e-01
3.185117278343592151e-01
3.086471871878856410e-01
3.053585390058847771e-01
3.159774044385323388e-01
3.103747333662632002e-01
3.050992772365227479e-01
3.105379801912185322e-01
3.052308715688876739e-01
3.049460053443908691e-01
3.060180523456671464e-01
3.052366458643705482e-01
3.127905521064232586e-01
3.060347915459901702e-01
2.971355610168897043e-01
3.167133036714333549e-01
3.077334919610084651e-01
3.089744243102195975e-01
3.035712187488873726e-01
3.120938271666184316e-01
3.064920757825557729e-01
3.085401782622704259e-01
3.056619603855487699e-01
3.036764134199191334e-01
3.156844152280917637e-01
3.056949096612441297e-01
2.970625481162315618e-01
2.983862080635168446e-01
2.998403481565988793e-01
3.045093219631757608e-01
3.041373976721213346e-01
2.994969311624001151e-01
3.044155582403525462e-01
3.010608014387962106e-01
3.020230340269895453e-01
3.038007419460859171e-01
3.007300240298112493e-01
3.034389556982578506e-01
3.033025041604653360e-01
3.052868972413050885e-01
3.036304803803945296e-01
3.044015730038667211e-01
3.047409978432533140e-01
3.118693694663353666e-01
3.064661884919190893e-01
3.043426385101599685e-01
3.024806123322401064e-01
3.065263074560042877e-01
3.039230631330074317e-01
3.056061123617184738e-01
3.069665676890275252e-01
3.028766772112785333e-01
3.056827662082818864e-01
3.083753205453738100e-01
3.094640769255466717e-01
3.055064604450494770e-01
3.126900475758772613e-01
3.064621281547423859e-01
3.005900630202049117e-01
3.135264610823912390e-01
3.008941641793801414e-01
3.107293396806105612e-01
3.069166257595404845e-01
3.055885428801560777e-01
3.011232198621981992e-01
2.958464788320737116e-01
3.078580119479925048e-01
3.037917031691624303e-01
3.019463662153635264e-01
2.975033706961534019e-01
3.025230613656533230e-01
3.004026437417054995e-01
3.102471737143320807e-01
3.132890519041281463e-01
3.080543544812079926e-01
2.996146411849902047e-01
2.969692716613793748e-01
2.969331835324947599e-01
3.106370999644963993e-01
3.176994052834999915e-01
2.997359686937087764e-01
3.071927089912769304e-01
3.034465073010860214e-01
3.076639584241769310e-01
3.014904812551461588e-01
3.055107696316181065e-01
3.050998152066499713e-01
3.027271072451884759e-01
3.062176407147676471e-01
3.017328930588868974e-01
2.962197844798748481e-01
2.981774634275680680e-01
3.009899741564041609e-01
3.005374403527149574e-01
2.971739523303814634e-01
3.048917505794610516e-01
3.028133979592567693e-01
2.954407349610940203e-01
3.081649470596741214e-01
3.011764462941732279e-01
2.910220992106657967e-01
3.039610093220686537e-01
3.032059963314961415e-01
3.057522177696228027e-01
3.040372249598686238e-01
2.993174285460741268e-01
2.995448491321160422e-01
2.955025702714920155e-01
3.003582381285153646e-01
3.124460534789623156e-01
3.041025851399470348e-01
3.035773782011790267e-01
3.023525591844167248e-01
3.016186594389952402e-01
3.084411999545036420e-01
2.998992696404457203e-01
3.042320005213602907e-01
3.054214972716111642e-01
2.990329930033439054e-01
2.971243934753613480e-01
3.024061797330012680e-01
3.041167964728979101e-01
2.995020217238328342e-01
3.018143467796154389e-01
3.077093567221592663e-01
3.050319036803184614e-01
2.982238287344957106e-01
3.001971196478758208e-01
3.008107176957986462e-01
3.037610015043845646e-01
2.937455859894935739e-01
3.009294039163833978e-01
2.973578032392721893e-01
3.005501571374061820e-01
3.037280342135673661e-01
3.013214690563006393e-01
2.994090137191308121e-01
3.004292606161190760e-01
2.984168868034313693e-01
2.976129874013937471e-01
2.944091019340050464e-01
3.015665256442167652e-01
3.057860016631774314e-01
3.047147053174483200e-01
3.050062974102986102e-01
3.056052104784892087e-01
3.036049255575889450e-01
2.984831223503137121e-01
2.938043338748124733e-01
3.007412583400041473e-01
2.967389386242780813e-01
2.996688761390172706e-01
2.980482775813493856e-01
2.966090436165149669e-01
3.008528145268941634e-01
2.946598647114558323e-01
3.029534847690508736e-01
3.089878109021064745e-01
3.001044045083033907e-01
3.016788535393201132e-01
2.982259074655863040e-01
2.950309771375778656e-01
2.971045977603166688e-01
2.971770616869131576e-01
2.973024778641187305e-01
2.949331590189383512e-01
3.099967244725960747e-01
3.031488341398728137e-01
2.991973831676519868e-01
3.023774239497307170e-01
2.998670317996771084e-01
2.955943950475790616e-01
3.004460688393849610e-01
3.036646931790388804e-01
3.023634113180331817e-01
3.069467655359170433e-01
2.980199405780205590e-01
3.010772274472774401e-01
3.025918654906444294e-01
2.996225852996874939e-01
3.011297639745932342e-01
2.968252165768390793e-01
3.063950905815148729e-01
2.996155504423838600e-01
3.034646896788706916e-01
2.961196397741635566e-01
2.969817487475199802e-01
3.013734146188467022e-01
3.009833209407635213e-01
2.968447099511439813e-01
2.907661489187142734e-01
3.026684265870314139e-01
3.009351726525869020e-01
2.967067932280210152e-01
3.031411958428529840e-01
3.101728080174862012e-01
2.972613118779964814e-01
3.082731309227454419e-01
3.014058808103585729e-01
2.967910926120403414e-01
2.951439811060062035e-01
2.893398116987485058e-01
3.008405167896013865e-01
3.062844877250683884e-01
2.946994399604124792e-01
2.933803481742357500e-01
3.019677872459093915e-01
2.932888162250701924e-01
2.981119186068192373e-01
2.996810122751272787e-01
2.960526835842010041e-01
2.987337390390726322e-01
2.989011880105886809e-01
3.053513687008466704e-01
2.930025883592092262e-01
2.979586004064633253e-01
2.968900988499323379e-01
2.963988683544672709e-01
2.974946902348444833e-01
2.993053295482427378e-01
2.987813327174920208e-01
2.966949528990647789e-01
2.985531494403496633e-01
2.985406608344652879e-01
3.010462510089079724e-01
2.944711889211948375e-01
2.987224374635097379e-01
2.933760998722834690e-01
3.016068998055580486e-01
3.003156315439786672e-01
2.974870931452665568e-01
2.966881023385585792e-01
2.990443970912541882e-01
2.920375669613862746e-01
3.046395105047103868e-01
3.002267278539828554e-01
3.012783870865137215e-01
2.946359137503000158e-01
3.011577301300488729e-01
3.002571578973378674e-01
2.976902306844026458e-01
3.093626175935451639e-01
2.928554959022081627e-01
2.979773433926777848e-01
2.910021524207714316e-01
3.029115175207455768e-01
2.980526672723965986e-01
3.043167674770722031e-01
2.989560702863411912e-01
2.943455883134634132e-01
2.886721945725954641e-01
3.013099854000103606e-01
2.931656455764403701e-01
2.956370917268288379e-01
3.000751471672302717e-01
2.961291923927955039e-01
2.943118644830508002e-01
2.952730226593139884e-01
3.019872318475674278e-01
2.874268859242781748e-01
2.991454086242578136e-01
2.994198818237353565e-01
2.996394571394492279e-01
2.986874241477404102e-01
3.028451016698128218e-01
2.912300594342060456e-01
2.940841440971080911e-01
2.956540839603313819e-01
2.900336388403024213e-01
2.957740742044571158e-01
2.957424721274620194e-01
2.953531423249305954e-01
2.935854733181305631e-01
2.915686352512775192e-01
2.875212518068460121e-01
2.852416662833629490e-01
2.980410111638215898e-01
2.983244312115204688e-01
2.955344799619454843e-01
3.073533577032578346e-01
2.964268961204932218e-01
2.939900084947928427e-01
2.945101232100755806e-01
2.927284210538252940e-01
2.959140314314609999e-01
2.964132711291312949e-01
2.956672502442812545e-01
2.939230404985256895e-01
2.908111537114168033e-01
2.990735974831458810e-01
2.995570911237826484e-01
2.933489027313697095e-01
2.981054200193820614e-01
2.936376318335532920e-01
2.966671652900866873e-01
2.963912801864819757e-01
2.960486220052608863e-01
2.896369856710617197e-01
2.917096221676239720e-01
2.953888521171533221e-01
2.903502292740039459e-01
2.939835589474592559e-01
3.006542649215612761e-01
2.912367064219254509e-01
2.969271875535830496e-01
2.933702780268130916e-01
2.965146421239926444e-01
2.885963101226549643e-01
2.929681751399468292e-01
2.910334835258813757e-01
2.998208461472621211e-01
2.941544598684860956e-01
3.015877645367230908e-01
2.995524725279746781e-01
2.962921953545166742e-01
3.044744035754448075e-01
2.891914799045293694e-01
2.965119553682131759e-01
2.946449177005351916e-01
2.903750539017029286e-01
2.879948060864057080e-01
2.945369354807413353e-01
2.929202245978208552e-01
2.956944550268160721e-01
2.897916206182577503e-01
2.912899054968968171e-01
3.004619080668840536e-01
2.988778663560365811e-01
2.904820693035920498e-01
2.946084344998384230e-01
3.014911703574351676e-01
2.912934629580913315e-01
2.928570132033947448e-01
2.901464423308005580e-01
2.904432241733257425e-01
2.983459204053267588e-01
3.019062060194137587e-01
2.851021952353990918e-01
2.978719307444034348e-01
2.913168936967849842e-01
2.941386739986064924e-01
2.882523051630228039e-01
2.867987917783932916e-01
2.964448113472033519e-01
2.964916776770200602e-01
2.935479688147703548e-01
2.986691948312979461e-01
2.950240809183854451e-01
2.984654324941146131e-01
3.022752669568244954e-01
2.923989536097416631e-01
2.895902691361231795e-01
2.914019185381058197e-01
2.931680640922142977e-01
2.888927344328318103e-01
2.907196603715419547e-01
3.055294401752642885e-01
2.922014385461807473e-01
2.911175944484197253e-01
2.948892749845981598e-01
2.917731641958921651e-01
2.941235942336229425e-01
3.043712943219221700e-01
2.915329667238088507e-01
2.877879220514725223e-01
2.937368314617719300e-01
2.863918366340490462e-01
2.917722984957389354e-01
2.943636512145018092e-01
2.876109600831300850e-01
3.044496256571549431e-01
2.928978463205007543e-01
2.925699563935781344e-01
3.073474475588554022e-01
2.901090452304252998e-01
2.884023000032474027e-01
2.855891760343160501e-01
2.890146840459261179e-01
2.974487851827572471e-01
2.896349331889396805e-01
2.957786730466744896e-01
2.905299109526169876e-01
2.864540981940734143e-01
2.952419234009889260e-01
2.890899661068733195e-01
2.885956230453955995e-01
2.974853376356454970e-01
2.911108882381365781e-01
2.899638229073622231e-01
2.999956605908198348e-01
2.922913401554792512e-01
2.904325471474574205e-01
2.860512487781353697e-01
2.959831544221975808e-01
2.954533719099484701e-01
2.939874172592774615e-01
2.895042893787225236e-01
2.902122273468054070e-01
2.950452436430331948e-01
2.857654445828535783e-01
2.874081675249796630e-01
2.947254747152328602e-01
2.825603725436406366e-01
2.912903902240288612e-01
2.851903190788550035e-01
2.850314640463926796e-01
2.891882047439232606e-01
2.918524625209661383e-01
2.901494752520170084e-01
2.900203688786580081e-01
2.924110164244969612e-01
3.003966930967110760e-01
2.847922136768316625e-01
2.971657701791861061e-01
2.960916206240654103e-01
2.958247658533927904e-01
2.928411910740228996e-01
2.968280404233015757e-01
2.929379652899045117e-01
2.923971907450602647e-01
2.894204262548532025e-01
2.943733647847787127e-01
2.821708257190692071e-01
2.865431349055889143e-01
2.963919339653773299e-01
2.919767000163212556e-01
2.929841771339758982e-01
2.889063863035959967e-01
2.959545680918754806e-01
2.924571388616011847e-01
2.959727355493949053e-01
2.882932943411362636e-01
2.872447573412687527e-01
2.959431526370537857e-01
2.936565773036235449e-01
2.927744814982781163e-01
2.911324904133111846e-01
2.924293815898589832e-01
2.864340067482911700e-01
2.956392482305184588e-01
2.849695270642256251e-01
2.969688000396276117e-01
2.895677034671489958e-01
2.837629779409139852e-01
2.957388404470223664e-01
2.851200107389535443e-01
2.975041920749040836e-01
2.917637692047999609e-01
2.881585691983883368e-01
2.901579599540967114e-01
2.957407447772148479e-01
2.885617991288503270e-01
2.905900035722133179e-01
2.935859545301168216e-01
2.873637812450910434e-01
2.908756015583490728e-01
2.903524918433947333e-01
2.860481862265329966e-01
2.931834021248878597e-01
2.832258447049519900e-01
2.848551550736794225e-01
2.877828650749646444e-01
2.870602237490507136e-01
2.932924452882546551e-01
2.889724808052564486e-01
2.949820802952998755e-01
2.916970128814379559e-01
2.933576319462213866e-01
2.890416794862502581e-01
2.941846182331060988e-01
2.948932782006569164e-01
2.882447903354962704e-01
2.821221701800823434e-01
2.877319271365801345e-01
2.940198803559327945e-01
2.900344138917250736e-01
2.951791172990432255e-01
2.914566595202837118e-01
2.917497371824888108e-01
2.913010429686460623e-01
2.868702451579081547e-01
2.900012243061493855e-01
2.932333029615573627e-01
2.895358011317558655e-01
2.926589871446291791e-01
2.878163749399857418e-01
2.967821125418712014e-01
2.921808786117113810e-01
2.838087828877644547e-01
2.858430327895359890e-01
2.934397709102202767e-01
2.954883038233487857e-01
2.893717656532923121e-01
2.904839857457540142e-01
2.833089681007923133e-01
2.907094651116774453e-01
2.931682463257740956e-01
2.865667214378332384e-01
2.878937090818698419e-01
2.923189585407575120e-01
2.992045518106374868e-01
2.825412423946918605e-01
2.907314519087473292e-01
2.870219834148883820e-01
2.860580632510857924e-01
2.835739551828457827e-01
2.923301024696765560e-01
2.896149910413302053e-01
2.846766689266914119e-01
2.854852617933200110e-01
2.910191337840679626e-01
2.890221112240583534e-01
2.860180709606561789e-01
2.947644391885170800e-01
2.846916344685432310e-01
2.818651427443210622e-01
2.887979892392953385e-01
2.835520131083635320e-01
2.875122987307034972e-01
2.910575104065430407e-01
2.904591754843027229e-01
2.876709607931283719e-01
2.949989260007173653e-01
2.944069104507947565e-01
2.983708911217176074e-01
2.810352584108328222e-01
2.936585600559528109e-01
2.849167003081394811e-01
2.946273231544555560e-01
2.923235581471370081e-01
2.892439831525851490e-01
2.948932057007765395e-01
2.821546985170780286e-01
2.898952722549438255e-01
2.920115331235604295e-01
2.896336803069481380e-01
2.929189814588962215e-01
2.828229196560688719e-01
2.917062080441377159e-01
2.918744715933616618e-01
2.822366366974818352e-01
2.895574019696467993e-01
2.897676396828431367e-01
2.905397452605076314e-01
2.951590536305537804e-01
2.858527839183807595e-01
2.787937768758871893e-01
2.910649914198961130e-01
2.933412346511314883e-01
2.825524589572197542e-01
2.939854417473841686e-01
2.891388879945644974e-01
2.937419197689264405e-01
2.869982807108988898e-01
2.833098116593483207e-01
2.769347632924715752e-01
2.899160197912118431e-01
2.799699739003792542e-01
2.912083187164404285e-01
2.840657764902481675e-01
2.838994343120317954e-01
2.861284315012968538e-01
2.916492657401623112e-01
2.801615507747882705e-01
2.793700081988786943e-01
2.920821194083262906e-01
2.830989964115314117e-01
2.862893371818921451e-01
2.836905435109750018e-01
2.871843698697212344e-01
2.821178821417001381e-01
2.841368580284791001e-01
2.899539875296445746e-01
2.914445628722509007e-01
2.908755902296457641e-01
2.796818636548824566e-01
2.917872798366424325e-01
2.836364090633697876e-01
2.900848382176496876e-01
2.898083058114235278e-01
2.841713690031797412e-01
