-2.778996527194976807e-02
-3.480193438008427620e-03
7.444338407367467880e-03
3.371263388544321060e-03
1.270256750285625458e-02
2.576738409698009491e-02
2.882202900946140289e-02
2.730464003980159760e-02
3.810210153460502625e-02
2.893933281302452087e-02
4.165642336010932922e-02
4.300374165177345276e-02
3.885605186223983765e-02
4.483354464173316956e-02
4.133156687021255493e-02
4.162115976214408875e-02
4.819304123520851135e-02
4.370605573058128357e-02
4.735856130719184875e-02
4.724616929888725281e-02
5.349993333220481873e-02
5.316739901900291443e-02
5.880021676421165466e-02
5.635919421911239624e-02
5.369628593325614929e-02
5.205385014414787292e-02
5.169275403022766113e-02
4.720898345112800598e-02
4.704927280545234680e-02
4.639025032520294189e-02
4.676001146435737610e-02
5.370353162288665771e-02
4.833498224616050720e-02
4.788143932819366455e-02
4.264850914478302002e-02
5.231374502182006836e-02
5.003397911787033081e-02
4.560070484876632690e-02
4.018032550811767578e-02
3.978297486901283264e-02
4.181673005223274231e-02
4.234106093645095825e-02
4.130049049854278564e-02
4.983783885836601257e-02
4.283709824085235596e-02
4.143359139561653137e-02
3.879313170909881592e-02
3.506268933415412903e-02
3.697067126631736755e-02
3.533862531185150146e-02
3.590723872184753418e-02
2.751994132995605469e-02
3.082406893372535706e-02
3.360844403505325317e-02
2.663962729275226593e-02
3.101878799498081207e-02
3.615516051650047302e-02
3.506741300225257874e-02
3.110580891370773315e-02
2.823532931506633759e-02
3.175107762217521667e-02
2.952019870281219482e-02
3.354281187057495117e-02
2.653696388006210327e-02
2.203801833093166351e-02
2.640647813677787781e-02
2.299182489514350891e-02
2.488568983972072601e-02
2.495330572128295898e-02
2.074128389358520508e-02
1.583633571863174438e-02
2.467499859631061554e-02
2.147159166634082794e-02
2.375539392232894897e-02
2.624585665762424469e-02
2.581888623535633087e-02
1.574704982340335846e-02
1.943405903875827789e-02
2.154190279543399811e-02
1.940624788403511047e-02
2.639280818402767181e-02
1.966695301234722137e-02
2.395995520055294037e-02
1.026317663490772247e-02
1.571251824498176575e-02
1.574942655861377716e-02
1.030107215046882629e-02
8.768240921199321747e-03
1.341638341546058655e-02
1.015404053032398224e-02
1.783568412065505981e-02
4.487910773605108261e-03
1.110958494246006012e-02
5.412487778812646866e-03
5.660003982484340668e-03
1.655355840921401978e-02
1.297428971156477928e-03
1.141004730015993118e-02
2.076971903443336487e-02
2.592752873897552490e-02
2.324199303984642029e-02
1.715026237070560455e-02
1.854589954018592834e-02
1.729305461049079895e-02
1.738990470767021179e-02
2.078807540237903595e-02
1.632058434188365936e-02
1.338998787105083466e-02
1.890488713979721069e-02
2.592851035296916962e-02
1.663533411920070648e-02
1.148058008402585983e-02
1.893791556358337402e-02
2.183754183351993561e-02
2.147383056581020355e-02
2.307145297527313232e-02
2.126925066113471985e-02
2.384994924068450928e-02
2.129742689430713654e-02
2.823817357420921326e-02
1.918583549559116364e-02
1.887444779276847839e-02
1.876254193484783173e-02
2.333863638341426849e-02
3.004306927323341370e-02
2.724253758788108826e-02
2.222654595971107483e-02
1.821799576282501221e-02
2.192022837698459625e-02
3.081874921917915344e-02
2.397378534078598022e-02
2.432184293866157532e-02
2.112011052668094635e-02
1.605637930333614349e-02
2.928940393030643463e-02
3.231449797749519348e-02
2.288821339607238770e-02
2.464053593575954437e-02
2.289641462266445160e-02
2.667545527219772339e-02
2.408566325902938843e-02
3.331473469734191895e-02
4.026225209236145020e-02
2.870845235884189606e-02
2.728530205786228180e-02
2.664308622479438782e-02
2.478889189660549164e-02
3.948052600026130676e-02
4.253958165645599365e-02
2.524179220199584961e-02
3.162807971239089966e-02
4.867923632264137268e-02
4.155849665403366089e-02
4.164964705705642700e-02
4.835290089249610901e-02
4.149141162633895874e-02
4.383140057325363159e-02
4.611428081989288330e-02
5.610014498233795166e-02
5.156565830111503601e-02
5.068936944007873535e-02
5.229264125227928162e-02
5.766352638602256775e-02
5.468228831887245178e-02
4.366386681795120239e-02
4.622899740934371948e-02
4.362861067056655884e-02
4.888640716671943665e-02
3.300425410270690918e-02
3.557751327753067017e-02
3.583085909485816956e-02
4.475741833448410034e-02
4.317732900381088257e-02
4.722791165113449097e-02
3.139678761363029480e-02
2.869964390993118286e-02
3.614135459065437317e-02
2.860762551426887512e-02
2.562030777335166931e-02
3.658249601721763611e-02
2.454146742820739746e-02
3.106101416051387787e-02
3.406269103288650513e-02
3.428965434432029724e-02
4.399969428777694702e-02
3.878285363316535950e-02
4.320527985692024231e-02
3.147916868329048157e-02
3.769100084900856018e-02
3.634250164031982422e-02
2.145428583025932312e-02
3.567707166075706482e-02
4.006375744938850403e-02
4.635241627693176270e-02
4.811201617121696472e-02
5.235024914145469666e-02
5.693569034337997437e-02
4.431027173995971680e-02
4.897520318627357483e-02
4.814631119370460510e-02
4.383691400289535522e-02
4.257768020033836365e-02
6.068648025393486023e-02
3.990873321890830994e-02
4.194422811269760132e-02
3.871006146073341370e-02
4.537810757756233215e-02
5.064819753170013428e-02
3.475250676274299622e-02
4.742610827088356018e-02
5.065401643514633179e-02
4.762415587902069092e-02
4.165074974298477173e-02
4.713987186551094055e-02
4.106296226382255554e-02
3.339721634984016418e-02
3.992983698844909668e-02
2.678685821592807770e-02
3.840523585677146912e-02
2.541320770978927612e-02
3.500067815184593201e-02
3.181160986423492432e-02
2.738769352436065674e-02
3.669701889157295227e-02
3.748249635100364685e-02
3.331602364778518677e-02
2.433454990386962891e-02
3.128913044929504395e-02
2.525573782622814178e-02
2.727095782756805420e-02
3.087436594069004059e-02
2.404948882758617401e-02
2.031438983976840973e-02
3.835134208202362061e-02
3.375145792961120605e-02
3.997919335961341858e-02
2.974113449454307556e-02
4.350873827934265137e-02
3.880126774311065674e-02
4.614077508449554443e-02
3.499265760183334351e-02
3.333575651049613953e-02
3.547183796763420105e-02
3.326038643717765808e-02
3.041277453303337097e-02
2.073042653501033783e-02
1.273966766893863678e-02
2.387643232941627502e-02
3.006337769329547882e-02
4.660599306225776672e-02
4.004439711570739746e-02
2.429674565792083740e-02
2.704633772373199463e-02
2.017815783619880676e-02
2.575774863362312317e-02
2.256520092487335205e-02
3.040229342877864838e-02
2.635350450873374939e-02
2.770863845944404602e-02
1.957242563366889954e-02
2.845101617276668549e-02
3.101822361350059509e-02
2.128998003900051117e-02
2.155961282551288605e-02
2.974677085876464844e-02
4.096383228898048401e-02
1.954209245741367340e-02
1.648595556616783142e-02
1.850386895239353180e-02
1.016348227858543396e-02
7.588576991111040115e-03
1.610056124627590179e-02
1.950406841933727264e-02
2.572198584675788879e-02
3.084833547472953796e-02
1.830518245697021484e-02
2.669072709977626801e-02
1.824502833187580109e-02
3.100858628749847412e-02
3.194549679756164551e-02
2.085394598543643951e-02
2.170531079173088074e-02
1.356280036270618439e-02
2.138186246156692505e-02
2.423528023064136505e-02
2.356821484863758087e-02
2.744575217366218567e-02
1.727981120347976685e-02
2.523560822010040283e-02
8.191986940801143646e-03
1.443043537437915802e-02
2.551273070275783539e-02
2.109138108789920807e-02
1.054887566715478897e-02
1.778922230005264282e-02
2.268744632601737976e-02
1.545086037367582321e-02
2.765843411907553673e-03
2.290144190192222595e-02
2.263555489480495453e-02
2.602869831025600433e-02
1.013757381588220596e-02
2.530407346785068512e-02
1.949976384639739990e-02
2.023114077746868134e-02
3.458274155855178833e-02
2.364506199955940247e-02
3.178904578089714050e-02
3.565632551908493042e-02
3.623184561729431152e-02
1.971700042486190796e-02
1.606722548604011536e-02
2.067468687891960144e-02
3.028235770761966705e-02
8.379187434911727905e-03
2.464368753135204315e-02
2.334351278841495514e-02
3.037321008741855621e-02
1.955883763730525970e-02
1.511225569993257523e-02
2.033568918704986572e-02
1.012784149497747421e-02
1.624277047812938690e-02
2.493656240403652191e-02
1.746563613414764404e-02
1.814861968159675598e-02
1.991389878094196320e-02
1.067016087472438812e-02
2.857623388990759850e-03
1.596850901842117310e-02
1.736086048185825348e-02
2.201433666050434113e-02
1.849012076854705811e-02
2.453734353184700012e-02
1.966423913836479187e-02
9.892806410789489746e-03
5.217808764427900314e-03
1.414544507861137390e-02
2.858713269233703613e-02
1.797177456319332123e-02
2.292844699695706367e-03
5.376011133193969727e-03
6.620085798203945160e-03
4.182972013950347900e-03
-7.094417233020067215e-03
3.443744499236345291e-04
4.622612614184617996e-03
-2.319924766197800636e-03
1.118136197328567505e-02
1.371406018733978271e-02
1.210108306258916855e-02
1.133083831518888474e-02
4.672975745052099228e-03
1.556746382266283035e-02
-9.931944310665130615e-03
-5.206298548728227615e-03
-1.270023360848426819e-02
-7.935399189591407776e-04
-1.185615081340074539e-02
-1.402966026216745377e-02
-2.649892587214708328e-03
-1.452818512916564941e-02
-5.967095028609037399e-03
4.318302497267723083e-03
1.426809094846248627e-02
6.696113268844783306e-04
5.794440396130084991e-03
2.985876984894275665e-03
-2.145632402971386909e-03
-4.443887621164321899e-03
-4.986247047781944275e-03
-3.626090474426746368e-03
-8.734651841223239899e-03
-6.857982836663722992e-03
-2.945168316364288330e-02
-9.888784028589725494e-03
-5.070454441010951996e-03
-2.173302136361598969e-02
-1.567173004150390625e-02
-5.640513263642787933e-03
4.382858052849769592e-03
5.346895195543766022e-04
-5.720145534723997116e-03
4.822373390197753906e-03
1.475774589926004410e-02
2.199265174567699432e-02
-5.729545591748319566e-05
1.693836064077913761e-03
8.076397702097892761e-03
1.359502552077174187e-03
1.081676222383975983e-03
-1.578007452189922333e-02
-7.715802639722824097e-03
7.703315000981092453e-03
-4.683710634708404541e-03
2.327035879716277122e-03
-4.591083852574229240e-04
-1.413174439221620560e-02
-1.152687985450029373e-02
8.330971002578735352e-03
1.334839873015880585e-02
1.267835125327110291e-02
-5.272889509797096252e-03
-5.564455874264240265e-03
-7.432528771460056305e-03
-1.802480034530162811e-02
-9.741660207509994507e-03
-1.057230308651924133e-02
-2.695855684578418732e-03
-4.431757144629955292e-03
-5.210793577134609222e-03
-4.894982557743787766e-03
1.575974561274051666e-02
1.010231021791696548e-02
1.187608926557004452e-03
2.765270415693521500e-03
3.426268231123685837e-03
-7.981391623616218567e-03
2.370443008840084076e-02
7.163162343204021454e-03
2.288184873759746552e-02
3.826443105936050415e-02
3.018106892704963684e-02
3.808365389704704285e-02
3.456043079495429993e-02
2.245145104825496674e-02
1.703005097806453705e-02
2.563826739788055420e-02
2.888029254972934723e-02
3.628747165203094482e-02
2.455269917845726013e-02
1.715236157178878784e-02
1.360704749822616577e-02
1.802664436399936676e-02
1.615189015865325928e-02
3.597749024629592896e-02
3.248107805848121643e-02
2.298824116587638855e-02
3.650931268930435181e-02
1.388373319059610367e-02
3.152893111109733582e-02
3.248954191803932190e-02
3.181243315339088440e-02
5.246671382337808609e-03
2.180149033665657043e-02
2.480191551148891449e-02
8.673012256622314453e-03
1.285251975059509277e-02
9.794660843908786774e-03
6.340798921883106232e-03
1.124712545424699783e-02
2.289894595742225647e-02
-7.158982101827859879e-03
-2.335785888135433197e-03
7.836017757654190063e-03
-5.052179563790559769e-03
-4.919871222227811813e-03
1.046698074787855148e-02
1.993213593959808350e-02
2.080355584621429443e-02
-1.492875861003994942e-03
1.623383723199367523e-02
5.232600960880517960e-03
1.579453120939433575e-03
-5.535391755984164774e-05
1.131138205528259277e-02
-5.793308373540639877e-03
4.107223823666572571e-03
1.377468463033437729e-03
-1.949775381945073605e-03
3.174266219139099121e-02
2.245410531759262085e-02
1.726401224732398987e-02
1.442485116422176361e-02
2.486393786966800690e-02
1.880375109612941742e-02
2.686865441501140594e-02
2.451345883309841156e-02
2.471382915973663330e-02
2.215023711323738098e-02
7.299256045371294022e-03
1.937455497682094574e-02
9.690518490970134735e-03
1.856032386422157288e-02
1.037084776908159256e-02
1.023213472217321396e-02
1.025769952684640884e-02
1.131978631019592285e-02
1.652337424457073212e-02
1.909571327269077301e-02
8.282004855573177338e-03
2.352221310138702393e-02
1.383074652403593063e-02
1.117705553770065308e-02
1.748478412628173828e-02
1.346620637923479080e-02
1.065621152520179749e-02
-5.231027957051992416e-03
7.915025576949119568e-03
2.109775133430957794e-02
3.066564351320266724e-02
2.168970741331577301e-02
2.967472560703754425e-02
3.876526653766632080e-02
3.529436513781547546e-02
9.078186005353927612e-03
2.135744877159595490e-02
1.893211156129837036e-02
1.473816391080617905e-02
1.697292178869247437e-02
1.536288205534219742e-02
1.253922097384929657e-02
1.456341426819562912e-02
1.763507165014743805e-02
1.007201336324214935e-02
1.969024352729320526e-02
1.445423811674118042e-02
8.419416844844818115e-04
1.617288030683994293e-02
1.073030568659305573e-02
2.007612958550453186e-02
1.783690042793750763e-02
2.949864789843559265e-02
1.065574772655963898e-02
1.146503258496522903e-02
1.464045979082584381e-02
1.333813834935426712e-02
1.843336783349514008e-02
2.589444629848003387e-02
2.443496137857437134e-02
1.679255440831184387e-02
2.692741155624389648e-02
2.103477157652378082e-02
3.029333427548408508e-02
4.596307128667831421e-02
2.630021795630455017e-02
3.626903519034385681e-02
3.190576657652854919e-02
2.950569801032543182e-02
2.663289383053779602e-02
3.595826402306556702e-02
3.816428780555725098e-02
5.919208377599716187e-02
4.541077092289924622e-02
4.816485941410064697e-02
5.744183808565139771e-02
5.422353371977806091e-02
3.940668702125549316e-02
4.228007420897483826e-02
5.006651952862739563e-02
4.231179505586624146e-02
4.839476943016052246e-02
6.093340367078781128e-02
4.564386606216430664e-02
4.419462755322456360e-02
5.488429591059684753e-02
4.804614558815956116e-02
4.525602236390113831e-02
4.384550824761390686e-02
4.633763432502746582e-02
5.205567181110382080e-02
4.926986619830131531e-02
7.205116748809814453e-02
5.708907917141914368e-02
5.207022652029991150e-02
6.065908819437026978e-02
5.805940181016921997e-02
5.711186677217483521e-02
6.550617516040802002e-02
6.717061251401901245e-02
7.481931895017623901e-02
6.518918275833129883e-02
5.403713509440422058e-02
6.025881320238113403e-02
5.674776434898376465e-02
4.514886066317558289e-02
5.382898077368736267e-02
5.838773772120475769e-02
6.301449984312057495e-02
6.937151402235031128e-02
5.949777364730834961e-02
7.025764137506484985e-02
5.614722520112991333e-02
4.964293539524078369e-02
5.916461721062660217e-02
6.361726671457290649e-02
6.042895093560218811e-02
7.396894693374633789e-02
5.455299839377403259e-02
6.115965917706489563e-02
7.554981112480163574e-02
7.081519812345504761e-02
8.612528443336486816e-02
6.919220089912414551e-02
7.390414923429489136e-02
6.607315689325332642e-02
6.740716844797134399e-02
8.208956569433212280e-02
6.779503077268600464e-02
6.553860753774642944e-02
5.705008655786514282e-02
6.953813880681991577e-02
7.544365525245666504e-02
8.182219415903091431e-02
7.814834266901016235e-02
7.901153713464736938e-02
7.378574460744857788e-02
7.677748799324035645e-02
7.501100003719329834e-02
7.064017653465270996e-02
6.569789350032806396e-02
7.410851866006851196e-02
5.537562444806098938e-02
6.696459650993347168e-02
8.520770072937011719e-02
9.091159701347351074e-02
9.092799574136734009e-02
8.925764262676239014e-02
9.878321737051010132e-02
1.015965417027473450e-01
7.222948968410491943e-02
8.170400559902191162e-02
1.000104025006294250e-01
9.703654795885086060e-02
9.376717358827590942e-02
9.102272987365722656e-02
9.530046582221984863e-02
1.044250205159187317e-01
1.063513830304145813e-01
8.778885006904602051e-02
1.124622300267219543e-01
9.670697152614593506e-02
8.500479161739349365e-02
1.140365749597549438e-01
1.068662106990814209e-01
1.134126931428909302e-01
1.139959916472434998e-01
1.039523631334304810e-01
9.433477371931076050e-02
1.091852709650993347e-01
1.075813323259353638e-01
1.123851314187049866e-01
1.288829296827316284e-01
1.250900179147720337e-01
1.287276595830917358e-01
1.179459542036056519e-01
1.174412369728088379e-01
1.250791698694229126e-01
1.294208765029907227e-01
1.213896572589874268e-01
1.194685697555541992e-01
1.179546192288398743e-01
1.120074093341827393e-01
1.164593920111656189e-01
1.141211614012718201e-01
9.944093972444534302e-02
1.172017306089401245e-01
1.062153279781341553e-01
9.926129132509231567e-02
1.078843995928764343e-01
1.152698099613189697e-01
1.132075041532516479e-01
1.239062175154685974e-01
1.139820367097854614e-01
1.030574738979339600e-01
1.014575213193893433e-01
1.087253764271736145e-01
1.003748252987861633e-01
9.618446975946426392e-02
1.146024242043495178e-01
1.042773723602294922e-01
1.189276799559593201e-01
1.173557415604591370e-01
1.203577443957328796e-01
1.204157620668411255e-01
1.078042909502983093e-01
1.153040528297424316e-01
1.142245009541511536e-01
1.201508715748786926e-01
1.114032864570617676e-01
1.210261508822441101e-01
1.064733266830444336e-01
1.104109436273574829e-01
1.207663863897323608e-01
1.051379293203353882e-01
1.048564538359642029e-01
1.066194772720336914e-01
9.837964177131652832e-02
1.070845276117324829e-01
9.074981510639190674e-02
9.883343428373336792e-02
9.616430103778839111e-02
9.673728793859481812e-02
9.801127761602401733e-02
9.987298399209976196e-02
1.079154610633850098e-01
9.777342528104782104e-02
9.092492610216140747e-02
9.874522686004638672e-02
1.110227480530738831e-01
1.197336092591285706e-01
1.254431009292602539e-01
1.308241933584213257e-01
1.284780651330947876e-01
1.177917420864105225e-01
1.198145449161529541e-01
1.265768110752105713e-01
1.173553019762039185e-01
1.289328187704086304e-01
1.296557188034057617e-01
1.083960458636283875e-01
1.234012022614479065e-01
1.305385828018188477e-01
1.299063116312026978e-01
1.335281729698181152e-01
1.297999322414398193e-01
1.232491508126258850e-01
1.338168829679489136e-01
1.321008652448654175e-01
1.349644064903259277e-01
1.234401166439056396e-01
1.342712044715881348e-01
1.272065192461013794e-01
1.136485412716865540e-01
1.173522993922233582e-01
1.278152763843536377e-01
1.271077543497085571e-01
1.177703812718391418e-01
1.255244761705398560e-01
1.101242080330848694e-01
1.239419281482696533e-01
1.197530552744865417e-01
1.127968579530715942e-01
1.057383567094802856e-01
9.235485643148422241e-02
9.562958031892776489e-02
1.042841821908950806e-01
9.985039383172988892e-02
1.048859208822250366e-01
1.093765646219253540e-01
1.130349412560462952e-01
1.159626618027687073e-01
1.209205463528633118e-01
1.242670044302940369e-01
1.194957569241523743e-01
1.359618008136749268e-01
1.333182752132415771e-01
1.323002576828002930e-01
1.377311050891876221e-01
1.262294352054595947e-01
1.275746673345565796e-01
1.277089118957519531e-01
1.133586391806602478e-01
9.732294082641601562e-02
1.229564473032951355e-01
1.198352426290512085e-01
1.358868479728698730e-01
1.303959935903549194e-01
1.269450932741165161e-01
1.259236633777618408e-01
1.125764846801757812e-01
1.209071427583694458e-01
1.297886371612548828e-01
1.246268972754478455e-01
1.201875954866409302e-01
1.229586303234100342e-01
1.214732900261878967e-01
1.218069344758987427e-01
1.207697913050651550e-01
1.276966929435729980e-01
1.377812474966049194e-01
1.308124363422393799e-01
1.280715316534042358e-01
1.399367600679397583e-01
1.312378197908401489e-01
1.312325745820999146e-01
1.250659525394439697e-01
1.286406964063644409e-01
1.282202601432800293e-01
1.344916969537734985e-01
1.532604545354843140e-01
1.363046914339065552e-01
1.389370113611221313e-01
1.249775290489196777e-01
1.339471787214279175e-01
1.278531998395919800e-01
1.355914622545242310e-01
1.300245225429534912e-01
1.210921257734298706e-01
1.242039352655410767e-01
1.395876854658126831e-01
1.246270313858985901e-01
1.298171430826187134e-01
1.325291842222213745e-01
1.204395070672035217e-01
1.179911419749259949e-01
1.069387793540954590e-01
1.085093468427658081e-01
1.198418438434600830e-01
1.192607060074806213e-01
1.103539392352104187e-01
1.265687942504882812e-01
1.248636767268180847e-01
1.206176504492759705e-01
1.288735717535018921e-01
1.330885887145996094e-01
1.303659081459045410e-01
1.266609728336334229e-01
1.238308325409889221e-01
1.155004650354385376e-01
1.307745128870010376e-01
1.325485557317733765e-01
1.387684643268585205e-01
1.275541335344314575e-01
1.282206177711486816e-01
1.257466226816177368e-01
1.461277902126312256e-01
1.218178719282150269e-01
1.270091831684112549e-01
1.211314573884010315e-01
1.181841790676116943e-01
1.253301352262496948e-01
1.130427345633506775e-01
1.238068789243698120e-01
1.095550730824470520e-01
1.249577105045318604e-01
1.199298202991485596e-01
9.329662472009658813e-02
1.003717333078384399e-01
9.918642789125442505e-02
9.455990046262741089e-02
9.595738351345062256e-02
1.098086833953857422e-01
1.039254143834114075e-01
1.121088415384292603e-01
9.972026944160461426e-02
1.033709794282913208e-01
1.082578748464584351e-01
1.037945896387100220e-01
1.023803576827049255e-01
8.922975510358810425e-02
1.135112345218658447e-01
9.674917906522750854e-02
9.877979010343551636e-02
9.938473254442214966e-02
1.079195365309715271e-01
1.005448698997497559e-01
1.062957942485809326e-01
1.089160889387130737e-01
1.248374581336975098e-01
1.240704655647277832e-01
1.232483461499214172e-01
1.195960342884063721e-01
1.036762595176696777e-01
1.102445945143699646e-01
1.238919571042060852e-01
1.093067899346351624e-01
1.160164400935173035e-01
1.064711958169937134e-01
1.053536087274551392e-01
1.135182157158851624e-01
1.170316636562347412e-01
1.310858577489852905e-01
1.137904450297355652e-01
1.278473734855651855e-01
1.271700114011764526e-01
1.103229299187660217e-01
1.048689112067222595e-01
1.184167191386222839e-01
1.194644346833229065e-01
1.364458650350570679e-01
1.272230744361877441e-01
1.290332973003387451e-01
1.324096173048019409e-01
1.226575151085853577e-01
1.401031613349914551e-01
1.204587221145629883e-01
1.276960521936416626e-01
1.290663033723831177e-01
1.292098611593246460e-01
1.294758319854736328e-01
1.286239475011825562e-01
1.183332726359367371e-01
1.253866702318191528e-01
1.258846223354339600e-01
1.307759135961532593e-01
1.256866306066513062e-01
1.267332136631011963e-01
9.820350259542465210e-02
1.111244484782218933e-01
1.145668253302574158e-01
1.173354685306549072e-01
1.148316413164138794e-01
1.247603967785835266e-01
1.165295243263244629e-01
1.276585459709167480e-01
1.363260746002197266e-01
1.391322016716003418e-01
1.314430832862854004e-01
1.451761424541473389e-01
1.398913562297821045e-01
1.346991062164306641e-01
1.473291665315628052e-01
1.338131129741668701e-01
1.350636780261993408e-01
1.357640773057937622e-01
1.397525966167449951e-01
1.170777976512908936e-01
1.448361128568649292e-01
1.461934596300125122e-01
1.573118269443511963e-01
1.431953459978103638e-01
1.406067609786987305e-01
1.428554952144622803e-01
1.446176618337631226e-01
1.379554569721221924e-01
1.453815549612045288e-01
1.432826817035675049e-01
1.292298436164855957e-01
1.277632415294647217e-01
1.314841359853744507e-01
1.317897886037826538e-01
1.310144513845443726e-01
1.408896744251251221e-01
1.459434628486633301e-01
1.444475948810577393e-01
1.497347354888916016e-01
1.364605128765106201e-01
1.588544845581054688e-01
1.377503871917724609e-01
1.254296600818634033e-01
1.334875375032424927e-01
1.349060386419296265e-01
1.465713232755661011e-01
1.311799883842468262e-01
1.304646134376525879e-01
1.238386034965515137e-01
1.321786940097808838e-01
1.350372135639190674e-01
1.463127434253692627e-01
1.354584097862243652e-01
1.223798766732215881e-01
1.148404628038406372e-01
1.179286614060401917e-01
1.286386698484420776e-01
1.281674355268478394e-01
1.190654188394546509e-01
1.429490596055984497e-01
1.322890669107437134e-01
1.139579117298126221e-01
1.234108358621597290e-01
1.310116052627563477e-01
1.139097064733505249e-01
1.283673644065856934e-01
1.366116702556610107e-01
1.414335668087005615e-01
1.347701996564865112e-01
1.362356543540954590e-01
1.339690536260604858e-01
1.469595134258270264e-01
1.340371370315551758e-01
1.592230051755905151e-01
1.300106495618820190e-01
1.476698815822601318e-01
1.611702740192413330e-01
1.708083599805831909e-01
1.479707509279251099e-01
1.500209122896194458e-01
1.406088173389434814e-01
1.470010578632354736e-01
1.369816064834594727e-01
1.491514444351196289e-01
1.394663751125335693e-01
1.398478746414184570e-01
1.332378834486007690e-01
1.404673606157302856e-01
1.425877362489700317e-01
1.490188390016555786e-01
1.475214213132858276e-01
1.312843114137649536e-01
1.396460980176925659e-01
1.448922157287597656e-01
1.480190604925155640e-01
1.295329630374908447e-01
1.403387635946273804e-01
1.403972804546356201e-01
1.392665356397628784e-01
1.453388482332229614e-01
1.375703662633895874e-01
1.380648314952850342e-01
1.475211828947067261e-01
1.331275105476379395e-01
1.522683054208755493e-01
1.512239873409271240e-01
1.457798629999160767e-01
1.423584073781967163e-01
1.420100778341293335e-01
1.505934596061706543e-01
1.417625546455383301e-01
1.432961970567703247e-01
1.464539170265197754e-01
1.521782279014587402e-01
1.511137634515762329e-01
1.581747978925704956e-01
1.515998840332031250e-01
1.506103128194808960e-01
1.569399833679199219e-01
1.596048474311828613e-01
1.477818042039871216e-01
1.433513909578323364e-01
1.557332575321197510e-01
1.418700218200683594e-01
1.469185501337051392e-01
1.383225619792938232e-01
1.361899673938751221e-01
1.454225927591323853e-01
1.380553692579269409e-01
1.355084478855133057e-01
1.247125491499900818e-01
1.423338949680328369e-01
1.549964249134063721e-01
1.477137655019760132e-01
1.505987942218780518e-01
1.400747448205947876e-01
1.471121013164520264e-01
1.363306641578674316e-01
1.417844891548156738e-01
1.433268636465072632e-01
1.186192780733108521e-01
1.212945654988288879e-01
1.325456947088241577e-01
1.468107849359512329e-01
1.350894570350646973e-01
1.211343631148338318e-01
1.274233460426330566e-01
1.299326121807098389e-01
1.321653574705123901e-01
1.324030160903930664e-01
1.433078050613403320e-01
1.422701328992843628e-01
1.374761164188385010e-01
1.533284038305282593e-01
1.578732877969741821e-01
1.484087705612182617e-01
1.471617221832275391e-01
1.531983464956283569e-01
1.431163698434829712e-01
1.397615522146224976e-01
1.492989957332611084e-01
1.523005664348602295e-01
1.604837626218795776e-01
1.356491446495056152e-01
1.495213210582733154e-01
1.565381586551666260e-01
1.473786234855651855e-01
1.486499458551406860e-01
1.538374722003936768e-01
1.583885401487350464e-01
1.614933758974075317e-01
1.518262326717376709e-01
1.512002348899841309e-01
1.593890339136123657e-01
1.577295511960983276e-01
1.754068732261657715e-01
1.753256767988204956e-01
1.627262979745864868e-01
1.718177199363708496e-01
1.493852287530899048e-01
1.549912840127944946e-01
1.697895079851150513e-01
1.606247723102569580e-01
1.651806831359863281e-01
1.495709419250488281e-01
1.586216986179351807e-01
1.499464809894561768e-01
1.585790365934371948e-01
1.577103435993194580e-01
1.700344234704971313e-01
1.727173477411270142e-01
1.534897238016128540e-01
1.400006264448165894e-01
1.393022835254669189e-01
1.481507420539855957e-01
1.486051976680755615e-01
1.502996087074279785e-01
1.444586068391799927e-01
1.541671007871627808e-01
1.522461175918579102e-01
1.625505238771438599e-01
1.639109402894973755e-01
1.706741899251937866e-01
1.721437573432922363e-01
1.659889966249465942e-01
1.662957221269607544e-01
1.639723628759384155e-01
1.826898604631423950e-01
1.764561384916305542e-01
1.733646690845489502e-01
1.624287366867065430e-01
1.760239154100418091e-01
1.732228845357894897e-01
1.744953989982604980e-01
1.581698954105377197e-01
1.656143963336944580e-01
1.477930545806884766e-01
1.529480367898941040e-01
1.735494285821914673e-01
1.483857482671737671e-01
1.629739701747894287e-01
1.553129106760025024e-01
1.564187109470367432e-01
1.619824916124343872e-01
1.790693700313568115e-01
1.646295934915542603e-01
1.756377220153808594e-01
1.716266721487045288e-01
1.781584173440933228e-01
1.649167090654373169e-01
1.552379876375198364e-01
1.746051162481307983e-01
1.810121536254882812e-01
1.701114177703857422e-01
1.548765152692794800e-01
1.663913130760192871e-01
1.721254140138626099e-01
1.701809167861938477e-01
1.679520010948181152e-01
1.735322922468185425e-01
1.753425896167755127e-01
1.767820119857788086e-01
1.554209440946578979e-01
1.703066229820251465e-01
1.739106327295303345e-01
1.660632044076919556e-01
1.807122379541397095e-01
1.766044646501541138e-01
1.698405295610427856e-01
1.631077527999877930e-01
1.616192311048507690e-01
1.590048372745513916e-01
1.706152856349945068e-01
1.691959202289581299e-01
1.654962599277496338e-01
1.662704199552536011e-01
1.564337164163589478e-01
1.541599631309509277e-01
1.656083762645721436e-01
1.631450057029724121e-01
1.543361246585845947e-01
1.610686331987380981e-01
1.554078906774520874e-01
1.544631570577621460e-01
1.481873691082000732e-01
1.433011144399642944e-01
1.571801304817199707e-01
1.565818041563034058e-01
1.534773260354995728e-01
1.509529799222946167e-01
1.585046350955963135e-01
1.519726812839508057e-01
1.486088782548904419e-01
1.593264788389205933e-01
1.558237075805664062e-01
1.530007272958755493e-01
1.634496301412582397e-01
1.681994497776031494e-01
1.582067608833312988e-01
1.607053130865097046e-01
1.528721302747726440e-01
1.466406881809234619e-01
1.503431946039199829e-01
1.490418612957000732e-01
1.410762518644332886e-01
1.519712954759597778e-01
1.467559486627578735e-01
1.491185575723648071e-01
1.498916596174240112e-01
1.542042791843414307e-01
1.428654193878173828e-01
1.473746001720428467e-01
1.451606750488281250e-01
1.559132039546966553e-01
1.573068648576736450e-01
1.539171338081359863e-01
1.585917174816131592e-01
1.758029609918594360e-01
1.696321368217468262e-01
1.730506718158721924e-01
1.724264323711395264e-01
1.810795366764068604e-01
1.706864237785339355e-01
1.665261983871459961e-01
1.812711805105209351e-01
1.639581471681594849e-01
1.563004255294799805e-01
1.568525135517120361e-01
1.557719260454177856e-01
1.510233283042907715e-01
1.578460633754730225e-01
1.528048962354660034e-01
1.523280143737792969e-01
1.482653319835662842e-01
1.350236684083938599e-01
1.609782278537750244e-01
1.597378700971603394e-01
1.575100719928741455e-01
1.581385582685470581e-01
1.570842564105987549e-01
1.530097424983978271e-01
1.590681374073028564e-01
1.630891412496566772e-01
1.560662239789962769e-01
1.566441059112548828e-01
1.397632658481597900e-01
1.565180420875549316e-01
1.560534238815307617e-01
1.623441874980926514e-01
1.542800664901733398e-01
1.433059871196746826e-01
1.609905362129211426e-01
1.449633538722991943e-01
1.627956479787826538e-01
1.652055978775024414e-01
1.592258810997009277e-01
1.622756719589233398e-01
1.587765365839004517e-01
1.541594415903091431e-01
1.647329032421112061e-01
1.792091280221939087e-01
1.627830117940902710e-01
1.692698150873184204e-01
1.562179923057556152e-01
1.702325940132141113e-01
1.657723039388656616e-01
1.788620650768280029e-01
1.866449862718582153e-01
1.722985804080963135e-01
1.654286980628967285e-01
1.810260713100433350e-01
1.745504885911941528e-01
1.620135456323623657e-01
1.593519747257232666e-01
1.721442788839340210e-01
1.764042079448699951e-01
1.642211228609085083e-01
1.756666153669357300e-01
1.864987611770629883e-01
1.728538870811462402e-01
1.725459396839141846e-01
1.520638763904571533e-01
1.611710339784622192e-01
1.571496129035949707e-01
1.591172367334365845e-01
1.697927266359329224e-01
1.555770635604858398e-01
1.672168076038360596e-01
1.735402494668960571e-01
1.740981489419937134e-01
1.762808710336685181e-01
1.740735620260238647e-01
1.693947613239288330e-01
1.811815798282623291e-01
1.814553439617156982e-01
1.755129098892211914e-01
1.629892587661743164e-01
1.678037345409393311e-01
1.628508567810058594e-01
1.501704007387161255e-01
1.501755416393280029e-01
1.573989987373352051e-01
1.644498705863952637e-01
1.567319333553314209e-01
1.821709722280502319e-01
1.784449815750122070e-01
1.644941270351409912e-01
1.557947546243667603e-01
1.464811265468597412e-01
1.476800292730331421e-01
1.563174873590469360e-01
1.539366990327835083e-01
1.617816388607025146e-01
1.691257804632186890e-01
1.776534765958786011e-01
1.671944856643676758e-01
1.683980524539947510e-01
1.487281024456024170e-01
1.502058357000350952e-01
1.587460637092590332e-01
1.479350477457046509e-01
1.501072049140930176e-01
1.495443284511566162e-01
1.395056545734405518e-01
1.336294859647750854e-01
1.475843489170074463e-01
1.376235336065292358e-01
1.390158236026763916e-01
1.419506371021270752e-01
1.400063484907150269e-01
1.447226405143737793e-01
1.365826427936553955e-01
1.553126126527786255e-01
1.493047177791595459e-01
1.494749784469604492e-01
1.499892622232437134e-01
1.441270262002944946e-01
1.494161933660507202e-01
1.491626650094985962e-01
1.593752801418304443e-01
1.519325077533721924e-01
1.643365770578384399e-01
1.501317769289016724e-01
1.690106391906738281e-01
1.495385468006134033e-01
1.545327156782150269e-01
1.475296765565872192e-01
1.310230642557144165e-01
1.398213356733322144e-01
1.252800226211547852e-01
1.448577344417572021e-01
1.558842211961746216e-01
1.547463685274124146e-01
1.379429548978805542e-01
1.569283902645111084e-01
1.548631638288497925e-01
1.423124074935913086e-01
1.525419205427169800e-01
1.681266129016876221e-01
1.674907654523849487e-01
1.652091294527053833e-01
1.492549628019332886e-01
1.591272801160812378e-01
1.473480463027954102e-01
1.712516248226165771e-01
1.590252667665481567e-01
1.622065603733062744e-01
1.699297726154327393e-01
1.966311186552047729e-01
1.760187894105911255e-01
1.567595154047012329e-01
1.871992796659469604e-01
1.842932105064392090e-01
1.584852486848831177e-01
1.591711938381195068e-01
1.730425208806991577e-01
1.651658564805984497e-01
1.646994352340698242e-01
1.518905609846115112e-01
1.677051633596420288e-01
1.560995578765869141e-01
1.774212121963500977e-01
1.614938229322433472e-01
1.699017286300659180e-01
1.471456289291381836e-01
1.606209576129913330e-01
1.623700857162475586e-01
1.714642792940139771e-01
1.599064916372299194e-01
1.637068241834640503e-01
1.663356423377990723e-01
1.777453273534774780e-01
1.844083964824676514e-01
1.783763319253921509e-01
1.971017271280288696e-01
1.790932118892669678e-01
1.839465349912643433e-01
1.768591105937957764e-01
1.918952763080596924e-01
1.798905134201049805e-01
1.675161570310592651e-01
1.701521575450897217e-01
1.570186465978622437e-01
1.481197923421859741e-01
1.848997175693511963e-01
1.592949330806732178e-01
1.588772237300872803e-01
1.613048464059829712e-01
1.734487712383270264e-01
1.710105836391448975e-01
1.628151983022689819e-01
1.694511175155639648e-01
1.862096190452575684e-01
1.788704246282577515e-01
1.766273230314254761e-01
1.619285047054290771e-01
1.633818745613098145e-01
1.698258370161056519e-01
1.639005541801452637e-01
1.782937347888946533e-01
1.767911911010742188e-01
1.709123253822326660e-01
1.803980022668838501e-01
1.845547258853912354e-01
1.646979004144668579e-01
1.660397201776504517e-01
1.697769314050674438e-01
1.778801977634429932e-01
1.773956716060638428e-01
1.702208966016769409e-01
1.675526201725006104e-01
1.792058348655700684e-01
1.780703365802764893e-01
1.873089969158172607e-01
1.865760684013366699e-01
1.669749468564987183e-01
1.789592504501342773e-01
1.738301664590835571e-01
1.776822209358215332e-01
1.718911975622177124e-01
1.822907030582427979e-01
1.657023131847381592e-01
1.784543097019195557e-01
1.667651087045669556e-01
1.698202043771743774e-01
1.929593086242675781e-01
1.762987375259399414e-01
1.773725450038909912e-01
1.663843244314193726e-01
1.646236628293991089e-01
1.512271314859390259e-01
1.655844300985336304e-01
1.687014847993850708e-01
1.604852676391601562e-01
1.640342324972152710e-01
1.587652564048767090e-01
1.690890640020370483e-01
1.672352701425552368e-01
1.656758934259414673e-01
1.591366976499557495e-01
1.654532998800277710e-01
1.700225472450256348e-01
1.722869127988815308e-01
1.758868992328643799e-01
1.600032001733779907e-01
1.686148047447204590e-01
1.648676991462707520e-01
1.657264977693557739e-01
1.696928888559341431e-01
1.813940703868865967e-01
1.784353107213973999e-01
1.665484160184860229e-01
1.582624912261962891e-01
1.728710532188415527e-01
1.712062358856201172e-01
1.658370941877365112e-01
1.603135913610458374e-01
1.820113509893417358e-01
1.476200222969055176e-01
1.684691905975341797e-01
1.732611805200576782e-01
1.727844774723052979e-01
1.677939295768737793e-01
1.671340316534042358e-01
1.732914894819259644e-01
1.757404506206512451e-01
1.676125377416610718e-01
1.642907410860061646e-01
1.684216707944869995e-01
1.651538163423538208e-01
1.527226567268371582e-01
1.667989045381546021e-01
1.587079912424087524e-01
1.705440282821655273e-01
1.773945540189743042e-01
1.615993678569793701e-01
1.545304358005523682e-01
1.715018302202224731e-01
1.741026788949966431e-01
1.765134185552597046e-01
1.618710011243820190e-01
1.475609838962554932e-01
1.649321764707565308e-01
1.817223131656646729e-01
1.725824475288391113e-01
1.661868095397949219e-01
1.749382317066192627e-01
1.969119608402252197e-01
1.826780885457992554e-01
1.873257011175155640e-01
1.855844259262084961e-01
1.858233511447906494e-01
1.829591989517211914e-01
1.772595196962356567e-01
1.831012666225433350e-01
1.715297251939773560e-01
1.723285615444183350e-01
1.798336207866668701e-01
1.794896721839904785e-01
1.828180849552154541e-01
1.703870296478271484e-01
1.630010455846786499e-01
1.623133867979049683e-01
1.610468924045562744e-01
1.668629646301269531e-01
1.558679491281509399e-01
1.655017882585525513e-01
1.792851686477661133e-01
1.550304442644119263e-01
1.596799343824386597e-01
1.769063472747802734e-01
1.644186973571777344e-01
1.674370914697647095e-01
1.789085716009140015e-01
1.625006049871444702e-01
1.658249497413635254e-01
1.779013723134994507e-01
1.666943132877349854e-01
1.767876297235488892e-01
1.818322539329528809e-01
1.902037709951400757e-01
1.826030015945434570e-01
1.866174340248107910e-01
1.820519119501113892e-01
1.819227784872055054e-01
1.940679401159286499e-01
1.842188686132431030e-01
1.788969486951828003e-01
1.853142976760864258e-01
1.794687360525131226e-01
1.866378039121627808e-01
1.835281103849411011e-01
1.829126477241516113e-01
1.698336452245712280e-01
1.769440621137619019e-01
1.744955480098724365e-01
1.770997196435928345e-01
1.732906550168991089e-01
1.549191176891326904e-01
1.575659662485122681e-01
1.547624617815017700e-01
1.673990339040756226e-01
1.741884052753448486e-01
1.678643077611923218e-01
1.522899270057678223e-01
1.609526425600051880e-01
1.573428362607955933e-01
1.636027395725250244e-01
1.798484623432159424e-01
1.854244172573089600e-01
1.827663481235504150e-01
2.076653987169265747e-01
2.115837037563323975e-01
2.035301923751831055e-01
1.888718605041503906e-01
2.006875425577163696e-01
1.972710937261581421e-01
1.903928518295288086e-01
1.864241808652877808e-01
1.779936552047729492e-01
1.908386498689651489e-01
1.889332532882690430e-01
1.998616755008697510e-01
2.017072141170501709e-01
1.816398948431015015e-01
1.975515335798263550e-01
1.910533308982849121e-01
2.006426900625228882e-01
2.039096653461456299e-01
1.921628713607788086e-01
1.954932808876037598e-01
1.851295977830886841e-01
1.934967637062072754e-01
1.964282244443893433e-01
2.084343433380126953e-01
1.795572042465209961e-01
1.908727437257766724e-01
1.919705867767333984e-01
1.831659376621246338e-01
1.970825493335723877e-01
1.867701560258865356e-01
1.973159909248352051e-01
1.910783499479293823e-01
1.930108517408370972e-01
1.964964866638183594e-01
1.911666840314865112e-01
1.866008639335632324e-01
1.753978282213211060e-01
1.862866580486297607e-01
1.816062331199645996e-01
1.861474514007568359e-01
1.868636012077331543e-01
1.947816163301467896e-01
1.864781528711318970e-01
1.839729696512222290e-01
1.892902553081512451e-01
1.876234114170074463e-01
1.933807581663131714e-01
2.003200203180313110e-01
2.015517204999923706e-01
1.946434974670410156e-01
1.758831143379211426e-01
1.827051490545272827e-01
1.901191174983978271e-01
2.078612744808197021e-01
1.998701989650726318e-01
1.995277106761932373e-01
1.975205391645431519e-01
2.053425461053848267e-01
1.972814202308654785e-01
1.947747766971588135e-01
2.077012062072753906e-01
1.995995193719863892e-01
1.945934742689132690e-01
1.833768486976623535e-01
1.921340078115463257e-01
1.889395862817764282e-01
1.990632414817810059e-01
2.117141932249069214e-01
1.868952214717864990e-01
1.788618564605712891e-01
1.862663328647613525e-01
1.796994656324386597e-01
1.915874928236007690e-01
1.941127479076385498e-01
1.882374584674835205e-01
1.879043728113174438e-01
1.933276355266571045e-01
1.830238103866577148e-01
1.858479827642440796e-01
1.895481795072555542e-01
1.934293210506439209e-01
1.871115714311599731e-01
1.917348206043243408e-01
1.839506328105926514e-01
1.861064285039901733e-01
1.874427497386932373e-01
1.881224066019058228e-01
1.778839230537414551e-01
1.841661185026168823e-01
1.917356997728347778e-01
1.906017065048217773e-01
1.898548305034637451e-01
1.965854018926620483e-01
1.849500685930252075e-01
1.886139214038848877e-01
1.838640421628952026e-01
1.821065098047256470e-01
1.874312460422515869e-01
1.787059009075164795e-01
1.908307522535324097e-01
1.835774481296539307e-01
1.822898983955383301e-01
1.902417093515396118e-01
1.943076699972152710e-01
1.937618851661682129e-01
1.884758174419403076e-01
2.005277276039123535e-01
1.959435194730758667e-01
1.914754956960678101e-01
1.985890865325927734e-01
1.897130757570266724e-01
1.749973446130752563e-01
1.835997104644775391e-01
1.811570525169372559e-01
1.947331875562667847e-01
1.941244602203369141e-01
1.909284591674804688e-01
1.836013793945312500e-01
1.732777208089828491e-01
1.755984127521514893e-01
1.830621957778930664e-01
1.828611195087432861e-01
1.648768633604049683e-01
1.877542585134506226e-01
1.948464512825012207e-01
1.931660175323486328e-01
1.859130710363388062e-01
1.744407117366790771e-01
1.815190315246582031e-01
1.753185540437698364e-01
1.807548552751541138e-01
1.857380568981170654e-01
1.920210272073745728e-01
1.799529343843460083e-01
1.907545179128646851e-01
1.807615756988525391e-01
1.919021904468536377e-01
1.792880892753601074e-01
1.606209278106689453e-01
1.690707951784133911e-01
1.790214329957962036e-01
1.847222745418548584e-01
1.783488988876342773e-01
1.846257299184799194e-01
1.991600394248962402e-01
1.740101724863052368e-01
1.771899759769439697e-01
1.789344847202301025e-01
1.611894369125366211e-01
1.660625338554382324e-01
1.623794585466384888e-01
1.599615067243576050e-01
1.712061613798141479e-01
1.538129597902297974e-01
1.757238507270812988e-01
1.872564852237701416e-01
1.745814234018325806e-01
1.819340735673904419e-01
1.825450807809829712e-01
1.753447502851486206e-01
1.927043199539184570e-01
1.755275577306747437e-01
1.843200623989105225e-01
1.836986392736434937e-01
1.632109284400939941e-01
1.772077977657318115e-01
1.837465316057205200e-01
1.868328750133514404e-01
1.884094178676605225e-01
1.875474601984024048e-01
1.848980039358139038e-01
1.796328723430633545e-01
1.889300644397735596e-01
1.928706765174865723e-01
1.812748014926910400e-01
1.939037144184112549e-01
1.996480524539947510e-01
1.838422268629074097e-01
1.761508285999298096e-01
1.842291206121444702e-01
1.832243204116821289e-01
1.843582391738891602e-01
1.764573454856872559e-01
1.783989965915679932e-01
1.857167929410934448e-01
1.842749863862991333e-01
1.831037551164627075e-01
1.672326624393463135e-01
1.588776707649230957e-01
1.730844229459762573e-01
1.852903515100479126e-01
1.720251142978668213e-01
1.752693802118301392e-01
1.616322845220565796e-01
1.790252327919006348e-01
1.773836910724639893e-01
1.656539440155029297e-01
1.722191125154495239e-01
1.756041198968887329e-01
1.913247704505920410e-01
1.738606840372085571e-01
1.825914382934570312e-01
1.759161502122879028e-01
1.540000885725021362e-01
1.508754491806030273e-01
1.590729802846908569e-01
1.558498293161392212e-01
1.661522090435028076e-01
1.523484885692596436e-01
1.626745611429214478e-01
1.645303368568420410e-01
1.654100418090820312e-01
1.659926176071166992e-01
1.639371216297149658e-01
1.727549582719802856e-01
1.762101650238037109e-01
1.856746822595596313e-01
1.850536465644836426e-01
1.829004436731338501e-01
1.660559475421905518e-01
1.787882298231124878e-01
1.847521066665649414e-01
1.664838492870330811e-01
1.720165163278579712e-01
1.689424812793731689e-01
1.731932908296585083e-01
1.692888736724853516e-01
1.533861756324768066e-01
1.578367501497268677e-01
1.684710830450057983e-01
1.589811444282531738e-01
1.515906602144241333e-01
1.563107371330261230e-01
1.551323980093002319e-01
1.691581159830093384e-01
1.534959524869918823e-01
1.688523739576339722e-01
1.691720187664031982e-01
1.794294267892837524e-01
1.694902032613754272e-01
1.805857568979263306e-01
1.819875985383987427e-01
1.724655926227569580e-01
1.719312518835067749e-01
1.623474955558776855e-01
1.827540248632431030e-01
1.689085960388183594e-01
1.679007261991500854e-01
1.637461185455322266e-01
1.760859936475753784e-01
1.752981841564178467e-01
1.730285286903381348e-01
1.752372831106185913e-01
1.770600974559783936e-01
1.597914248704910278e-01
1.654301881790161133e-01
1.765893101692199707e-01
1.714946478605270386e-01
1.759465187788009644e-01
1.708282977342605591e-01
1.698736548423767090e-01
1.483453661203384399e-01
1.763828843832015991e-01
1.737217158079147339e-01
1.678831875324249268e-01
1.695568710565567017e-01
1.719077676534652710e-01
1.661766469478607178e-01
1.670337170362472534e-01
1.572779864072799683e-01
1.560272872447967529e-01
1.631752848625183105e-01
1.573746800422668457e-01
1.494274586439132690e-01
1.572742015123367310e-01
1.751748919486999512e-01
1.576115190982818604e-01
1.556035429239273071e-01
1.736222803592681885e-01
1.613184213638305664e-01
1.726479977369308472e-01
1.627398878335952759e-01
1.650974750518798828e-01
1.631173938512802124e-01
1.622694283723831177e-01
1.645286530256271362e-01
1.556160300970077515e-01
1.607465296983718872e-01
1.631456166505813599e-01
1.932885646820068359e-01
1.713204830884933472e-01
1.634261012077331543e-01
1.612150818109512329e-01
1.691073775291442871e-01
1.503642201423645020e-01
1.519728600978851318e-01
1.413831114768981934e-01
1.441686749458312988e-01
1.437292397022247314e-01
1.519331187009811401e-01
1.440912485122680664e-01
1.450266391038894653e-01
1.612296998500823975e-01
1.619754880666732788e-01
1.431789845228195190e-01
1.618198007345199585e-01
1.634380817413330078e-01
1.707292050123214722e-01
1.773319095373153687e-01
1.526226848363876343e-01
1.650986969470977783e-01
1.630049496889114380e-01
1.746242642402648926e-01
1.697664260864257812e-01
1.681372076272964478e-01
1.747860014438629150e-01
1.776210516691207886e-01
1.732611507177352905e-01
1.641351133584976196e-01
1.771492063999176025e-01
1.712936460971832275e-01
1.616200804710388184e-01
1.808761805295944214e-01
1.763567328453063965e-01
1.693445742130279541e-01
1.751137226819992065e-01
1.801630556583404541e-01
1.631604433059692383e-01
1.688252538442611694e-01
1.724787652492523193e-01
1.741529703140258789e-01
1.704811602830886841e-01
1.570546478033065796e-01
1.618605256080627441e-01
1.595325320959091187e-01
1.658836007118225098e-01
1.605890989303588867e-01
1.492867916822433472e-01
1.574439406394958496e-01
1.727452129125595093e-01
1.620612293481826782e-01
1.575562804937362671e-01
1.424396783113479614e-01
1.516901254653930664e-01
1.671915799379348755e-01
1.718618571758270264e-01
1.748878806829452515e-01
1.736241579055786133e-01
1.632298380136489868e-01
1.593462526798248291e-01
1.606635004281997681e-01
1.762389242649078369e-01
1.693496257066726685e-01
1.686411947011947632e-01
1.617700904607772827e-01
1.556244939565658569e-01
1.547375768423080444e-01
1.688316911458969116e-01
1.596960425376892090e-01
1.577699929475784302e-01
1.438020318746566772e-01
1.604223102331161499e-01
1.673644781112670898e-01
1.712277829647064209e-01
1.598697900772094727e-01
1.563653945922851562e-01
1.566704064607620239e-01
1.655244976282119751e-01
1.653039455413818359e-01
1.691670715808868408e-01
1.651635468006134033e-01
1.685322225093841553e-01
1.857742816209793091e-01
1.846364438533782959e-01
1.835915893316268921e-01
1.725014597177505493e-01
1.823847740888595581e-01
1.787131726741790771e-01
1.797269731760025024e-01
1.794437021017074585e-01
1.610009223222732544e-01
1.596472561359405518e-01
1.661403030157089233e-01
1.615564674139022827e-01
1.624713391065597534e-01
1.537916362285614014e-01
1.571093946695327759e-01
1.587010771036148071e-01
1.451072245836257935e-01
1.480800956487655640e-01
1.485181152820587158e-01
1.436198353767395020e-01
1.435819864273071289e-01
1.347631812095642090e-01
1.407709717750549316e-01
1.317949444055557251e-01
1.240749880671501160e-01
1.250432282686233521e-01
1.524152308702468872e-01
1.548047512769699097e-01
1.314476579427719116e-01
1.369664818048477173e-01
1.405026167631149292e-01
1.378302872180938721e-01
1.418831646442413330e-01
1.377912610769271851e-01
1.436550319194793701e-01
1.518030166625976562e-01
1.460435837507247925e-01
1.547719538211822510e-01
1.509195268154144287e-01
1.465574800968170166e-01
1.454643607139587402e-01
1.532847285270690918e-01
1.508704274892807007e-01
1.501661390066146851e-01
1.673663258552551270e-01
1.678135395050048828e-01
1.525309979915618896e-01
1.588498055934906006e-01
1.650323718786239624e-01
1.667302250862121582e-01
1.616159379482269287e-01
1.687153279781341553e-01
1.579080373048782349e-01
1.470384150743484497e-01
1.571946740150451660e-01
1.507541537284851074e-01
1.419274955987930298e-01
1.388872712850570679e-01
1.452509611845016479e-01
1.383111178874969482e-01
1.396099030971527100e-01
1.605184972286224365e-01
1.588868349790573120e-01
1.641295850276947021e-01
1.648228168487548828e-01
1.430475413799285889e-01
1.443855911493301392e-01
1.341705620288848877e-01
1.376441270112991333e-01
1.528231650590896606e-01
1.406852900981903076e-01
1.410524696111679077e-01
1.463074088096618652e-01
1.512443721294403076e-01
1.469012200832366943e-01
1.428008079528808594e-01
1.403566449880599976e-01
1.333240121603012085e-01
1.335388123989105225e-01
1.422565877437591553e-01
1.580309420824050903e-01
1.597279906272888184e-01
1.507441997528076172e-01
1.534848064184188843e-01
1.380697339773178101e-01
1.433627903461456299e-01
1.529718190431594849e-01
1.460151523351669312e-01
1.559500694274902344e-01
