1.721475248459057861e+00
1.660089194774627686e+00
1.384032712838588530e+00
1.271921849709290786e+00
1.184097807835309935e+00
1.120116615142577654e+00
1.071507764626771886e+00
1.034036213923723357e+00
1.001666391201508244e+00
9.805556690081571602e-01
9.519842577286256047e-01
9.325658200643001106e-01
9.244508955723199639e-01
9.046450167130201114e-01
8.909593145052592256e-01
8.860131680965424028e-01
8.707337526174692144e-01
8.625412425933740579e-01
8.501663363896883041e-01
8.433632799448110839e-01
8.330174210744026864e-01
8.259093441260166868e-01
8.241623752392255309e-01
8.195689658323923599e-01
8.124013688319768889e-01
8.082490571034259830e-01
8.006204188634187258e-01
8.003178319869896917e-01
7.879885197449952861e-01
7.889772772024838954e-01
7.850882462966136677e-01
7.855539258473959174e-01
7.693008279189085252e-01
7.664941714360163916e-01
7.666837024383056365e-01
7.596243929404479234e-01
7.549816329509784207e-01
7.542645060863250039e-01
7.494749841017600556e-01
7.417934322968507965e-01
7.436811383718099355e-01
7.378512428357051345e-01
7.339008928109438390e-01
7.303003049049622275e-01
7.294517526259789442e-01
7.276018790709666284e-01
7.205833716270251266e-01
7.198740332554548482e-01
7.216019804661090165e-01
7.217382301122714505e-01
7.244801205702317004e-01
7.121488519968131037e-01
7.102676744644458307e-01
7.050405985269790898e-01
6.982618184425891661e-01
6.989557454219230692e-01
6.984229982663423542e-01
6.978681081380599949e-01
6.994763586765680996e-01
6.921226009344443320e-01
6.930222061200019823e-01
6.860466312139462675e-01
6.944462734155165684e-01
6.819767613441516385e-01
6.783368951999224628e-01
6.824861062642855192e-01
6.759181632445409038e-01
6.721640453124657633e-01
6.730312426884969002e-01
6.713480529876855174e-01
6.686193780257151387e-01
6.685694700632339726e-01
6.692385189044169902e-01
6.692979669723755354e-01
6.611756782501171381e-01
6.631597769566071054e-01
6.545082317712979103e-01
6.570843234276160238e-01
6.530749871180607791e-01
6.482413867345222513e-01
6.533967248140237771e-01
6.470076686296707402e-01
6.481773121234698509e-01
6.403551450906656006e-01
6.389929837905443666e-01
6.377793445801123173e-01
6.387451439331739422e-01
6.284770724100944284e-01
6.333737183839847074e-01
6.343339189504966225e-01
6.308347740234472312e-01
6.264955360155839426e-01
6.270910277580603598e-01
6.244521704239722748e-01
6.278341287985825803e-01
6.102917625353886377e-01
6.183875785424158833e-01
6.223658346976989053e-01
6.157393851341345092e-01
6.154555730330638630e-01
6.095822986119833198e-01
6.140098911829483530e-01
6.075355419745811503e-01
6.086026848890842000e-01
6.057289562928370730e-01
6.074257713097792610e-01
6.024407730652735493e-01
6.064410213476572054e-01
6.077050917423688636e-01
6.020173581746908198e-01
5.991276537760710230e-01
6.002938497524995531e-01
5.949988764065962110e-01
5.944632488947648730e-01
5.963789152793395054e-01
5.914490694418931271e-01
5.896789038028472651e-01
5.894213172105642329e-01
5.809109253761095548e-01
5.838356772294410746e-01
5.842512116982386816e-01
5.804912422712033004e-01
5.831495328591420613e-01
5.819488424521226388e-01
5.701532068925025953e-01
5.808945276798346269e-01
5.730140836575092766e-01
5.762377831416252150e-01
5.797099899023007152e-01
5.725910727794353283e-01
5.631425163684746771e-01
5.693207039282872639e-01
5.671713778605828038e-01
5.628250384177917454e-01
5.725865410688596446e-01
5.674294470212398744e-01
5.647778264987163288e-01
5.724851058843808405e-01
5.629307681933427565e-01
5.621211050412593391e-01
5.550491148844743927e-01
5.579057292296336623e-01
5.523370959055728946e-01
5.548949838448793415e-01
5.555329740047454390e-01
5.506301943308268276e-01
5.493069686950781128e-01
5.479490421139276979e-01
5.484657432024295787e-01
5.497927527397107328e-01
5.545025031536053861e-01
5.481267903859798896e-01
5.436772289184423901e-01
5.530737509712194688e-01
5.395838429530461777e-01
5.470349632012538876e-01
5.380020623787855616e-01
5.457649421615478058e-01
5.386718510817258831e-01
5.354172561031121935e-01
5.319686426184115913e-01
5.361308656823940977e-01
5.269028798127786128e-01
5.324683265044138913e-01
5.321547509385988750e-01
5.246934486505312467e-01
5.293099156556985152e-01
5.288459391930164788e-01
5.243734916051229211e-01
5.226727549846356125e-01
5.242279745065249186e-01
5.202733660355592926e-01
5.193761373941715442e-01
5.218706522996608976e-01
5.237814151323758605e-01
5.114614427853853007e-01
5.110380889895634882e-01
5.093702106139599284e-01
5.107621733194742664e-01
5.086915381443806172e-01
5.161552563691750306e-01
5.102175861597061379e-01
5.137767214423570872e-01
5.075439679316985364e-01
5.157109031692529433e-01
5.034037596904314960e-01
5.076504652698834441e-01
5.022521199706273531e-01
5.030228961354646922e-01
5.061388211372571666e-01
5.045376429191001932e-01
5.049709922610184920e-01
4.974471073884230155e-01
4.999013762443493825e-01
4.919879250419445516e-01
5.010088357405785287e-01
5.010824891237112277e-01
5.030808819792209619e-01
4.976457784573237175e-01
4.983553464978169312e-01
4.990062510738005885e-01
5.019759514392950761e-01
5.031713351989404170e-01
4.901406152890278589e-01
4.951717931872758882e-01
4.905471065105536099e-01
4.860910928402191744e-01
4.830979051498266452e-01
4.828745423601223941e-01
4.878936447394199849e-01
4.866492250408882003e-01
4.814357019005677807e-01
4.851381597228539566e-01
4.831484240217086557e-01
4.839317227021242007e-01
4.834966808557510376e-01
4.831303423031782507e-01
4.790406684462840681e-01
4.797099950221868636e-01
4.802717441931749209e-01
4.761658171430612208e-01
4.794791974318333150e-01
4.773396701384813312e-01
4.767046320896882183e-01
4.758438964684804096e-01
4.765457514386910454e-01
4.675703091499133213e-01
4.705509751270978702e-01
4.659881623509602444e-01
4.692657508529149424e-01
4.720711379861220469e-01
4.709132244571661574e-01
4.696437198000076307e-01
4.647114415199328774e-01
4.611713033456068533e-01
4.637773833595789652e-01
4.711002839681429633e-01
4.659541778839551562e-01
4.733851690322924965e-01
4.589960089860818382e-01
4.573962412201441063e-01
4.651884785447364945e-01
4.674754528663097042e-01
4.649454430891917234e-01
4.640555156347079269e-01
4.584921333652276498e-01
4.640392875442138076e-01
4.595798946343935265e-01
4.552272307185026290e-01
4.595991182021605392e-01
4.633366350944225776e-01
4.627384847555405245e-01
4.567639718835170282e-01
4.500232460407110335e-01
4.514028736414053555e-01
4.586132036187710037e-01
4.500585585450515014e-01
4.482499902064983610e-01
4.471434002503370531e-01
4.419020980214461436e-01
4.592332251943074817e-01
4.485424330983406316e-01
4.541474669789656859e-01
4.500550579948303098e-01
4.425859673665120120e-01
4.494030229556255085e-01
4.433578723898300988e-01
4.418661445761338236e-01
4.485624760389327892e-01
4.426765459088178867e-01
4.391076339360995284e-01
4.449592468066093098e-01
4.366547098144507033e-01
4.475142411314524393e-01
4.398107234866190929e-01
4.333832107293300040e-01
4.394265145063400158e-01
4.419938444709166636e-01
4.333323367513143287e-01
4.412686848487609725e-01
4.324377221174729446e-01
4.386767187179663186e-01
4.372082232664792900e-01
4.334906796614328983e-01
4.287832782436639678e-01
4.378444137481542486e-01
4.282084690836759910e-01
4.237678067806439630e-01
4.231581542736444490e-01
4.237551082403231972e-01
4.353683773905803189e-01
4.356292499181551592e-01
4.239432279116068236e-01
4.309873608060372230e-01
4.231932002382400859e-01
4.187484928812736373e-01
4.252821497810192475e-01
4.370768378560359602e-01
4.288362622261047141e-01
4.261731428213608730e-01
4.240555851887434224e-01
4.265362942830110415e-01
4.217822654889180067e-01
4.229003616632559526e-01
4.265053812892009022e-01
4.182542924315501565e-01
4.217006877828867184e-01
4.187191728598032014e-01
4.246875719764293677e-01
4.223587694840553741e-01
4.239186427532098400e-01
4.155255680282910480e-01
4.179870353677334061e-01
4.239402008744386774e-01
4.189610051803099866e-01
4.146969507137934219e-01
4.219542696689947969e-01
4.159483674245003093e-01
4.193932372025954147e-01
4.099426774260325201e-01
4.129700353130316137e-01
4.112567666631478658e-01
4.110123389424422125e-01
4.218570591929631242e-01
4.151067019655154122e-01
4.140034105151127464e-01
4.092448067970764769e-01
4.115308057039211986e-01
4.127193552943376198e-01
4.178101388307718378e-01
4.102030146198394900e-01
4.178825185084954486e-01
4.129469955960909378e-01
4.062053718245946521e-01
4.005014210175245060e-01
4.028885527299000402e-01
4.145805702377588497e-01
4.072793622429554117e-01
4.088976442431792035e-01
4.090082559065941203e-01
4.112078370192112087e-01
4.093637735415727730e-01
4.019495978951453941e-01
4.090016328371487986e-01
4.061817430150814756e-01
4.058827528968835252e-01
3.972792741579886933e-01
3.988324221892234345e-01
4.022952487453436143e-01
4.028132995733847976e-01
4.107265841884490953e-01
4.007361456369742392e-01
4.072370435182864901e-01
3.977694694048319324e-01
3.973529542103791945e-01
4.003710426199130756e-01
3.951767755242494573e-01
3.969260832056021315e-01
3.964830775291491860e-01
4.008194480951015604e-01
4.001268005906007397e-01
3.887830108786240468e-01
3.984807046178059919e-01
3.926760848898154244e-01
4.007059469054906620e-01
3.914346914642896635e-01
3.976659181790473951e-01
3.975678907373012549e-01
4.002112323657060489e-01
3.969917157903695704e-01
3.939416886522219552e-01
3.976930186534539113e-01
4.045463268573467608e-01
3.969773063674951197e-01
3.918397078529382571e-01
4.035839090362573489e-01
4.011575827995936261e-01
3.906562370367539505e-01
3.896506973184071798e-01
3.933385575428987035e-01
3.934425394886579275e-01
3.949243601316060892e-01
3.948352328477761630e-01
4.015885000427564244e-01
3.957551262699640637e-01
3.910727549439821371e-01
3.925918472500947720e-01
3.904211657933699953e-01
3.950778952393776411e-01
3.921172310908635494e-01
3.889083260909104722e-01
3.835669413591042409e-01
3.893280925659032832e-01
3.815783158708841438e-01
3.878725657478356847e-01
3.847259261287175880e-01
3.917709717765832655e-01
3.929483687648406276e-01
3.804936913916697749e-01
3.794909239961550829e-01
3.821171970321581846e-01
3.745470398129561174e-01
3.829309215148289924e-01
3.829088012377421246e-01
3.763937269647916195e-01
3.914809757700333237e-01
3.891557455062866211e-01
3.827981379551765317e-01
3.878539963983572703e-01
3.821774524755967017e-01
3.801000183209394812e-01
3.839074007211587536e-01
3.761765890778639432e-01
3.844279372539275985e-01
3.823047196635833145e-01
3.783863319800450098e-01
3.831665688982376916e-01
3.824004655847182410e-01
3.852394069616611461e-01
3.842604313523341197e-01
3.799391852357448807e-01
3.882601436514120929e-01
3.830041435666573513e-01
3.833601346000646837e-01
3.774433755339720586e-01
3.726853099771035294e-01
3.824142281061563842e-01
3.813515126705169789e-01
3.724650149161998769e-01
3.800891183507748017e-01
3.749660417055472594e-01
3.803972829610873241e-01
3.766841780680876273e-01
3.775337821015944950e-01
3.788037951558064220e-01
3.699113126748647673e-01
3.725058617882239242e-01
3.702078175086241374e-01
3.729204968382150431e-01
3.702818258832662468e-01
3.880685375286982430e-01
3.717068267174256091e-01
3.776310210808729306e-01
3.797033377564870138e-01
3.723915001902824984e-01
3.841394991064682740e-01
3.817634098422832967e-01
3.776073830632062922e-01
3.916826849182447057e-01
3.710913951580341319e-01
3.768013439499414696e-01
3.751094149473385708e-01
3.741652710888630495e-01
3.646681766097362165e-01
3.782970058230253341e-01
3.692342734871766341e-01
3.711007548830447811e-01
3.662738014872257697e-01
3.737347576098564161e-01
3.745068962757404085e-01
3.745772882531850922e-01
3.669938394656548364e-01
3.695867099823095803e-01
3.704864848882724049e-01
3.645353023440409679e-01
3.644038060918832200e-01
3.623437884908455864e-01
3.667405733695396908e-01
3.610691685325060352e-01
3.642972407814784042e-01
3.670306386855932135e-01
3.600954181108719232e-01
3.676098759357745993e-01
3.690377677098298781e-01
3.576265238034419536e-01
3.626701233478692998e-01
3.630097814095326059e-01
3.566917579143475403e-01
3.648118486389135828e-01
3.629000994639519084e-01
3.598955542231217497e-01
3.545961830096366896e-01
3.615251040229430779e-01
3.539462172068082446e-01
3.601570481673265212e-01
3.626530169676511761e-01
3.608053023998554210e-01
3.590739543621356833e-01
3.571661312992756021e-01
3.589431328269151456e-01
3.616599120390721067e-01
3.557005301882059101e-01
3.583708307299858231e-01
3.612035736441612244e-01
3.633832257145490630e-01
3.564208287077072490e-01
3.545716098867929822e-01
3.575522479338523740e-01
3.605297808463756581e-01
3.587335617878498195e-01
3.567604024058733114e-01
3.514757569783772961e-01
3.476441180476775306e-01
3.572301402688026206e-01
3.516013801479950796e-01
3.573909536768228312e-01
3.529949548152777061e-01
3.491280336983693111e-01
3.603727378906347867e-01
3.455895850673699754e-01
3.592559797641558528e-01
3.542070008623294242e-01
3.531886545511392361e-01
3.508934963207978597e-01
3.564912231686787614e-01
3.541973725343361967e-01
3.508398816371575135e-01
3.561350405598298074e-01
3.482025421391695130e-01
3.519584532731618864e-01
3.609194762049577343e-01
3.531567248969506023e-01
3.547795128363829265e-01
3.478947547765878778e-01
3.470667380935106294e-01
3.480000122235371585e-01
3.463162759939829582e-01
3.498086935434586153e-01
3.511162950824468498e-01
3.526052649586628451e-01
3.472308478103234286e-01
3.537435018481352444e-01
3.492642813768142562e-01
3.497892396572308549e-01
3.513661454503352877e-01
3.419633539823385138e-01
3.518077523662493933e-01
3.484001938349161609e-01
3.443241569094168675e-01
3.526547600443546426e-01
3.495961046753785495e-01
3.431729210110811001e-01
3.524000983589734570e-01
3.467129178536244027e-01
3.495703150446598517e-01
3.515746494134266986e-01
3.526041611264913445e-01
3.537476449058605810e-01
3.497626789487325305e-01
3.474485926521130308e-01
3.500197660082425832e-01
3.487172642197364225e-01
3.452934981538699488e-01
3.495702173083256592e-01
3.475656630519108892e-01
3.402148646421921385e-01
3.482500323118307706e-01
3.416014351905920510e-01
3.435928246531730901e-01
3.422258431712786320e-01
3.550155167014170665e-01
3.434681874055128814e-01
3.392532591636364114e-01
3.484753331694847578e-01
3.341120071900196553e-01
3.462768139747472995e-01
3.421699394400303240e-01
3.408732873124953877e-01
3.432926237201079367e-01
3.453845752737461083e-01
3.440844764694189206e-01
3.393027658263842450e-01
3.357717293195235375e-01
3.403822314280730010e-01
3.417154202858607159e-01
3.451747566079482188e-01
3.394617219001818675e-01
3.419969645830301386e-01
3.421341335926300631e-01
3.444696409580035312e-01
3.411517923076947678e-01
3.388354158936402460e-01
3.504733230058963422e-01
3.444264975877908697e-01
3.370054079171938555e-01
3.407959734018032316e-01
3.362048759674414744e-01
3.384008119503656986e-01
3.405399272075066430e-01
3.457747766604790107e-01
3.364124018794450999e-01
3.331116462365175113e-01
3.382793651177333216e-01
3.392858993930694123e-01
3.308744333493404133e-01
3.296391662878868090e-01
3.408678945249472014e-01
3.377844312634223356e-01
3.346063632231492391e-01
3.276000176102686900e-01
3.301671130917011032e-01
3.300196026953367001e-01
3.374259295371862533e-01
3.395521765718093055e-01
3.364324334722298970e-01
3.383857723612051505e-01
3.364646181464195362e-01
3.415518428270633566e-01
3.316461747655501946e-01
3.452317560712496181e-01
3.376590452897242911e-01
3.294850937066933771e-01
3.362198150692841669e-01
3.371544738610585679e-01
3.288035115370383510e-01
3.349839025583022933e-01
3.336351827169076190e-01
3.410729691386222839e-01
3.346990556671069483e-01
3.419936333711330878e-01
3.296736418054653783e-01
3.337406783149792777e-01
3.300485035929924260e-01
3.328257427383691791e-01
3.381634447054985282e-01
3.244734900119977117e-01
3.315355760164749865e-01
3.309883383222115283e-01
3.383248204222092381e-01
3.200366838238178357e-01
3.321199124058087926e-01
3.314894177592717650e-01
3.350836687363111244e-01
3.218268717328707229e-01
3.297169434336515437e-01
3.349241451193124552e-01
3.275994604978805791e-01
3.368336156392708891e-01
3.370080811473039617e-01
3.343416633132176297e-01
3.339109436441690670e-01
3.321468579654510145e-01
3.334471810322541252e-01
3.235006155493931890e-01
3.287931319994804036e-01
3.237967641689838416e-01
3.339286238337174639e-01
3.255461309964839955e-01
3.266901995891179911e-01
3.276277775183701890e-01
3.381501373190146098e-01
3.365318940618099441e-01
3.232501958425228472e-01
3.314000933598249543e-01
3.309511302373348007e-01
3.288087391318418873e-01
3.324561824783300867e-01
3.226013310635701403e-01
3.248789119987915974e-01
3.326563206620705704e-01
3.315124683655225057e-01
3.242807059333874808e-01
3.334790554566260945e-01
3.244765380636239760e-01
3.264555155848845591e-01
3.209299409809784898e-01
3.308354571461677440e-01
3.217325290044149022e-01
3.236893063554396877e-01
3.238531295496683837e-01
3.276048844441389329e-01
3.298995645382465369e-01
3.313176712928674328e-01
3.351689371925133942e-01
3.259828067360779902e-01
3.235054091765330320e-01
3.307358381839898831e-01
3.216328879197438706e-01
3.239516178002724289e-01
3.263802715218984130e-01
3.208327489594618442e-01
3.277857922208614605e-01
3.235982318337147223e-01
3.250134855126723399e-01
3.237626476738697523e-01
3.274556043438422437e-01
3.289885992041001184e-01
3.246049790428234827e-01
3.218565356272917732e-01
3.271971591772177557e-01
3.267204237863039484e-01
3.255053538160446180e-01
3.326655083741897334e-01
3.254933042021898038e-01
3.225495344553238053e-01
3.237173441510934335e-01
3.172488138079643250e-01
3.218607551394364608e-01
3.194925317397484532e-01
3.197086937534503459e-01
3.207210147227996244e-01
3.305869820790413027e-01
3.185303437404143345e-01
3.173334150742261883e-01
3.245594828174664381e-01
3.239818621904422269e-01
3.263754120621925603e-01
3.149480115144680514e-01
3.234909354112087132e-01
3.273130423747576123e-01
3.127666174983366743e-01
3.231037715688729883e-01
3.231933081761384496e-01
3.220523840341812383e-01
3.174783084254998444e-01
3.259381560178903348e-01
3.252147354376621613e-01
3.233909533956111915e-01
3.224616014040433409e-01
3.284291283060342681e-01
3.111254844145897036e-01
3.177364285748738304e-01
3.161557484513674021e-01
3.248678335776695736e-01
3.220174048573543057e-01
3.192921134141775141e-01
3.208376313631351451e-01
3.279611194745088443e-01
3.235968066713748592e-01
3.143542545728194582e-01
3.239787035263501647e-01
3.140247362546431664e-01
3.203978995100045801e-01
3.135316298176080707e-01
3.057977622709213139e-01
3.072927157848309165e-01
3.102803926819410196e-01
3.113404519473895182e-01
3.156811460852623208e-01
3.144519987014623985e-01
3.145627324779828315e-01
3.227906549588228091e-01
3.160948294095504152e-01
3.221506564089884894e-01
3.295148865152627837e-01
3.128680929541587941e-01
3.252236732687705523e-01
3.173386065623698959e-01
3.225644748562421782e-01
3.189363479996338846e-01
3.140106805815146562e-01
3.133386759994885584e-01
3.117634904308196897e-01
3.236622668993778817e-01
3.147678424341556203e-01
3.095702477754690984e-01
3.252122401044919009e-01
3.243571362816370374e-01
3.158228419912166851e-01
3.062648878265649688e-01
3.131274485053160417e-01
3.100996427046947002e-01
3.140136480904542338e-01
3.174250577886899571e-01
3.057637202625091422e-01
3.160859130131892791e-01
3.097351715732843402e-01
3.097234763396091717e-01
3.143695529836874614e-01
3.133641233046849384e-01
3.095049628844627754e-01
3.084962474230008023e-01
3.132160172630579220e-01
3.130394347585164772e-01
3.099858316473471653e-01
3.053678681453069199e-01
3.093386067029757491e-01
3.099853049486111511e-01
3.100097594161828618e-01
3.006240996221701267e-01
3.089481731637930273e-01
3.120974302291870117e-01
3.136761230727037053e-01
3.143096086115408916e-01
3.139859325228593345e-01
3.071871574681538930e-01
3.033041179180145375e-01
3.096421026457578662e-01
3.110027842032603851e-01
3.046152659333669077e-01
3.048069965571928996e-01
3.049780156749945514e-01
3.136083665184485336e-01
3.133646984895070431e-01
3.078394634983478428e-01
3.041800285379092084e-01
3.183673766178962694e-01
2.998648886879285436e-01
3.093038531832205673e-01
3.076264661856186744e-01
3.111300017589178069e-01
3.101078470165912759e-01
3.119698410041821246e-01
3.161901484697293152e-01
3.150304762216714627e-01
3.113683152657288900e-01
3.114077724707432493e-01
3.100384076818441526e-01
3.015182397304437267e-01
3.093968157584850442e-01
3.088838947889132602e-01
3.088913783048972128e-01
3.115365680020589223e-01
3.125432902421707015e-01
3.049821715324352867e-01
3.173443167255474706e-01
3.033433767083363874e-01
3.062530077802829154e-01
3.097073433108818996e-01
3.139016810327004414e-01
3.079612061190299399e-01
3.037860958431011782e-01
3.156955454594049804e-01
3.084936047402712100e-01
3.080304427024645464e-01
3.066547664121175298e-01
3.102504654572560416e-01
3.160936500208499922e-01
3.141565814996377104e-01
3.142755075142933952e-01
3.006332348936643362e-01
3.079014726938345548e-01
3.110258749280220281e-01
3.092707766172213546e-01
3.050392861358630081e-01
3.106084827811290139e-01
3.114216700960428241e-01
3.087906257464335669e-01
3.046091288328170998e-01
3.054324339024531709e-01
3.049216257073940617e-01
3.123578016192485318e-01
3.034781181659453875e-01
3.080725470796609744e-01
3.135421993640752913e-01
3.126201322827583673e-01
2.980729635136250000e-01
3.145076446808301451e-01
3.081592092720361609e-01
3.107778243529490947e-01
3.067819750843903681e-01
3.184899482589501618e-01
3.068478618485805387e-01
3.131417140364646801e-01
3.101524281387145754e-01
3.092270721800816635e-01
3.113117106449909688e-01
3.103620747725168716e-01
3.090479129017927873e-01
3.061181171200214046e-01
3.115919321011274556e-01
3.018514556189378362e-01
2.986989557360991698e-01
3.120621754955023031e-01
3.051640159235550764e-01
3.082750202371524195e-01
3.084832114286911731e-01
3.090815525788527252e-01
3.027980366196387774e-01
3.096147726743649353e-01
2.994418949270859498e-01
3.021169671072409524e-01
3.081638625990121838e-01
3.196707178002748950e-01
3.065687802739632262e-01
3.109761511286099900e-01
3.047181428625033717e-01
3.004505407542754636e-01
3.123615847566189041e-01
3.078174553238428590e-01
3.068479208227915533e-01
3.085472079805838819e-01
2.996796332108668803e-01
2.993476736621978884e-01
3.052028130453366406e-01
3.070126613936363102e-01
3.078802519119702708e-01
3.067603694704862938e-01
3.063162617958509193e-01
3.081234020300400722e-01
3.021661016803521282e-01
2.980700566982611432e-01
3.018614608125809173e-01
3.088593182464440812e-01
2.964043222176723225e-01
3.069209047999137407e-01
3.060873103829530595e-01
3.043153864450943713e-01
3.019685243184749845e-01
3.095295555889606698e-01
2.998375761203276868e-01
3.146568934122721539e-01
3.046880759489841717e-01
3.044347070730649696e-01
3.018362086552839885e-01
2.955525448498053653e-01
3.063610394413654459e-01
3.031236070088851320e-01
3.030431405091896790e-01
3.101139017022572775e-01
3.099241706041189204e-01
3.072767285200265763e-01
3.007105637819338928e-01
3.061540081332891350e-01
3.023347833981880894e-01
3.025533570311008114e-01
2.968574120448185805e-01
3.004212288329234370e-01
2.976173285872508179e-01
3.077483833982394557e-01
3.049162165858806950e-01
3.024815169664529790e-01
3.059108698215239897e-01
3.026284193763366104e-01
3.062825694298133006e-01
3.068285587697456851e-01
3.074799997302202215e-01
3.067921387652556287e-01
3.053639065951873066e-01
3.035200449709709036e-01
3.112849648182208773e-01
3.105693670801627504e-01
3.034287582032191288e-01
3.038771287753032069e-01
3.014077319739720817e-01
2.978758657972017665e-01
2.941320843803577056e-01
3.005817553744866144e-01
2.927061463968876343e-01
2.961724971349422586e-01
3.001224074608240255e-01
3.010822205016246422e-01
3.047931716801264290e-01
3.023051888705828305e-01
2.975615473129810673e-01
3.071023016403883199e-01
3.048586942255496757e-01
2.982159451796458360e-01
2.975818615311231485e-01
2.937927614037807444e-01
3.014177219798931939e-01
2.967631984979678395e-01
2.992959312712534792e-01
2.954157042388732557e-01
3.077157470660332184e-01
2.978819848635257950e-01
3.007882488270600674e-01
2.983223550976851213e-01
3.032682764797638431e-01
2.950924951105545757e-01
2.891030076413582672e-01
2.959741368125646810e-01
2.986596826559457796e-01
3.006138081351916180e-01
2.917052112710781797e-01
3.029805990938956861e-01
2.939928321693188185e-01
2.879104783901801357e-01
2.928321798642476437e-01
2.958321011601350303e-01
2.955510696157431227e-01
3.004159739002203455e-01
2.994956066784186244e-01
2.967128153794851286e-01
3.082443199287622226e-01
3.012408803288753045e-01
2.975170822097705225e-01
2.909434080888063656e-01
2.943342982958524479e-01
2.962747174577835541e-01
2.952733426139904638e-01
2.988302244016757259e-01
2.955854576367598074e-01
2.993473659723233093e-01
2.926280218821305512e-01
2.955833427034891825e-01
2.935631960439376575e-01
2.949432533329878203e-01
2.940582523170189866e-01
2.975892945933036327e-01
2.957404912664340357e-01
2.926745427342561379e-01
2.971723904785437687e-01
2.904974466715103398e-01
2.976663501025774705e-01
2.960701287556917194e-01
2.942742089430491204e-01
2.969023728217833891e-01
2.905550890626051319e-01
2.925980338492454869e-01
2.924618052366452225e-01
3.001946271994175297e-01
3.002768649886816132e-01
2.916750329045149082e-01
2.919836129515598899e-01
2.934309487159435514e-01
2.938696296742329128e-01
2.938946918990367752e-01
3.002326128765558377e-01
2.905801774599613418e-01
2.895542967969026438e-01
2.941396371485331396e-01
2.901449959247540122e-01
2.940829160885933269e-01
2.870215878081627259e-01
3.018970442123902198e-01
2.967993499758915799e-01
3.000415448959057318e-01
2.813200319042572506e-01
2.852933937922502161e-01
2.841339516143003840e-01
2.928349224038613308e-01
2.895410160796764720e-01
2.898100464962996003e-01
2.899559400975704193e-01
2.920964847772549167e-01
2.911580717525421025e-01
2.922847237915564556e-01
2.950708448313749677e-01
2.920905429392288699e-01
2.845270326504340530e-01
2.926113819655699611e-01
2.959906042768404855e-01
2.792069016358791345e-01
2.871187647374776608e-01
2.860355344147254009e-01
2.923323204693121791e-01
2.972952926770234816e-01
2.844002084090159754e-01
2.837993759566392882e-01
2.896600916217534905e-01
2.850551584210151423e-01
2.924993697267312398e-01
2.844174867257093786e-01
2.829569804744842543e-01
2.860076434337175955e-01
2.962793582142927984e-01
2.932328141843661418e-01
2.840593115450479877e-01
2.981372435123492703e-01
2.882025958826908707e-01
2.921278147934339153e-01
2.845468025176953186e-01
2.881045830746492009e-01
2.915403572985759140e-01
2.833848141324825654e-01
2.902863193589907409e-01
2.860483037737699408e-01
2.909851725093829389e-01
2.856733134159675225e-01
2.796007279211130125e-01
2.892720357156716715e-01
2.907746180318869222e-01
2.800550625874446142e-01
2.894425030320118553e-01
3.020336204614395004e-01
2.819909270757283704e-01
2.848004968693623185e-01
2.834375517681623213e-01
2.875206823723438498e-01
2.770706440011660443e-01
2.844130152884202234e-01
2.834756172238251937e-01
2.839299947214432018e-01
2.862799119681884163e-01
2.922336759475561152e-01
2.921524066191453217e-01
2.889923003621590603e-01
2.908436502783726674e-01
2.902139342175080183e-01
2.902628346895560485e-01
2.848018996417522319e-01
2.887019573686978591e-01
2.813892889290283694e-01
2.817457334735454788e-01
2.784603551221199735e-01
2.893781630083536727e-01
2.865940168882027406e-01
2.805094758669535171e-01
2.853989651187872068e-01
2.875880211400679842e-01
2.869009059018049479e-01
2.927185980555338518e-01
2.854270434914490950e-01
2.846922225486009372e-01
2.853561880114751093e-01
2.809706009542330962e-01
2.830123524253185252e-01
2.848283925117590654e-01
2.867182100430513136e-01
2.773656891515621781e-01
2.882536845902601841e-01
2.775942708819340576e-01
2.860296882402438290e-01
2.874544557470541939e-01
2.817691490818292621e-01
2.865813331344188586e-01
2.813027745829178583e-01
2.861300905927633420e-01
2.799557333191236008e-01
2.848506554579123273e-01
2.882321415803371090e-01
2.819508807972455622e-01
2.848238010054979785e-01
2.810108304405823931e-01
2.851013054450353135e-01
2.756640508961983316e-01
2.895078681409358756e-01
2.897477878018831499e-01
2.878391049611263020e-01
2.862728483592852369e-01
2.826224641731152065e-01
2.826212961704303028e-01
2.817016269916143290e-01
2.802588503903303274e-01
2.868485277661910193e-01
2.829289930944259290e-01
2.843238869156592963e-01
2.830528166813728319e-01
2.821177472670873265e-01
2.808348706135382900e-01
2.771609915945774660e-01
2.807911049288052685e-01
2.837277374588526024e-01
2.949428924574301614e-01
2.868580816838985914e-01
2.835413041023107650e-01
2.761176442106564877e-01
2.818534378248911398e-01
2.831134543587000008e-01
2.903658817593868235e-01
2.803772229796800963e-01
2.763777536650498523e-01
2.851198245699588796e-01
2.791334495139427552e-01
2.807012930894509095e-01
2.797193952859976518e-01
2.875734372016711116e-01
2.893723036998357423e-01
2.771995007418669443e-01
2.882796832766288397e-01
2.856170653914794078e-01
2.837977943321068897e-01
2.857925112812946811e-01
2.848390959776364584e-01
2.808232213060061211e-01
2.942103742406918521e-01
2.787756774861078757e-01
2.756204281479884277e-01
2.806773781394347189e-01
2.857131303694003810e-01
2.824536552987037541e-01
2.793283366239988075e-01
2.829074179514860510e-01
2.855419346537345637e-01
2.801185386685224876e-01
2.818598271371462460e-01
2.856317785878976223e-01
2.787458653633411165e-01
2.873831845246828665e-01
2.824208744634420509e-01
2.874891789104693784e-01
2.843338384460180057e-01
2.801854367439563509e-01
2.790362016130716327e-01
2.844271096281515976e-01
2.858820956104841104e-01
2.834582308546090834e-01
2.827367107264506241e-01
2.758683286034143700e-01
2.727986766741826163e-01
2.779911689269237152e-01
2.803023115946696175e-01
2.778873688135391484e-01
2.818826651343932510e-01
2.776299638052781571e-01
2.633661310833234070e-01
2.744733866208639017e-01
2.777662768577918162e-01
2.850879604617754803e-01
2.783192071395042544e-01
2.860510528278656373e-01
2.843405545713045823e-01
2.782678819428651695e-01
2.862735851261860032e-01
2.776275346485467810e-01
2.726425521648846995e-01
2.674203231930732949e-01
2.875617425220134971e-01
2.831078549990287407e-01
