-8.441960811614990234e-02
-7.866357266902923584e-02
-7.102094590663909912e-02
-8.244644105434417725e-02
-1.031266525387763977e-01
-1.083211302757263184e-01
-1.122281402349472046e-01
-1.190139576792716980e-01
-1.189991757273674011e-01
-1.238198503851890564e-01
-1.261963695287704468e-01
-1.205865070223808289e-01
-1.263976693153381348e-01
-1.244201213121414185e-01
-1.292933374643325806e-01
-1.296840906143188477e-01
-1.313463747501373291e-01
-1.277215182781219482e-01
-1.273065358400344849e-01
-1.200045123696327209e-01
-1.158620715141296387e-01
-1.195888444781303406e-01
-1.191219165921211243e-01
-1.166273131966590881e-01
-1.225747317075729370e-01
-1.184413284063339233e-01
-1.136227399110794067e-01
-1.072235628962516785e-01
-1.088479533791542053e-01
-1.064742952585220337e-01
-9.917197376489639282e-02
-9.894285351037979126e-02
-9.501032531261444092e-02
-1.001166403293609619e-01
-9.606276452541351318e-02
-9.536453336477279663e-02
-9.485141932964324951e-02
-9.058086574077606201e-02
-9.124710410833358765e-02
-8.825289458036422729e-02
-9.212075173854827881e-02
-8.928311616182327271e-02
-8.757584542036056519e-02
-8.933760225772857666e-02
-8.722315728664398193e-02
-8.301844447851181030e-02
-8.383379876613616943e-02
-8.204653114080429077e-02
-8.168379217386245728e-02
-8.162752538919448853e-02
-8.424798399209976196e-02
-8.662363886833190918e-02
-8.195817470550537109e-02
-8.323647081851959229e-02
-8.515739440917968750e-02
-7.885628193616867065e-02
-8.182394504547119141e-02
-7.745680212974548340e-02
-7.888569682836532593e-02
-7.763361185789108276e-02
-7.787609845399856567e-02
-7.826704531908035278e-02
-7.149552553892135620e-02
-7.514584064483642578e-02
-7.131370902061462402e-02
-7.371561974287033081e-02
-7.014965265989303589e-02
-6.894249469041824341e-02
-6.828092038631439209e-02
-6.850710511207580566e-02
-6.955535709857940674e-02
-6.625575572252273560e-02
-6.505698710680007935e-02
-6.454569846391677856e-02
-6.531660258769989014e-02
-6.241305917501449585e-02
-6.010537967085838318e-02
-5.978306755423545837e-02
-5.819916352629661560e-02
-5.818128958344459534e-02
-5.550547689199447632e-02
-5.655646324157714844e-02
-5.586117133498191833e-02
-5.463833734393119812e-02
-5.384042114019393921e-02
-5.183152481913566589e-02
-5.203476175665855408e-02
-5.179878324270248413e-02
-5.116805434226989746e-02
-4.921754822134971619e-02
-4.827921465039253235e-02
-4.772279411554336548e-02
-4.945102706551551819e-02
-4.754260927438735962e-02
-4.606440663337707520e-02
-4.496283829212188721e-02
-4.531510546803474426e-02
-4.356532171368598938e-02
-4.340452328324317932e-02
-4.097310826182365417e-02
-4.232661426067352295e-02
-4.070175439119338989e-02
-4.058663919568061829e-02
-4.035637155175209045e-02
-3.921702504158020020e-02
-3.869182989001274109e-02
-3.780938684940338135e-02
-3.656758368015289307e-02
-3.636874631047248840e-02
-3.534054011106491089e-02
-3.487123176455497742e-02
-3.360565379261970520e-02
-3.294537216424942017e-02
-3.230699524283409119e-02
-3.110100328922271729e-02
-3.045496717095375061e-02
-3.003695607185363770e-02
-2.924188785254955292e-02
-2.888892777264118195e-02
-2.817462384700775146e-02
-2.758574858307838440e-02
-2.694102562963962555e-02
-2.592855319380760193e-02
-2.484914846718311310e-02
-2.426818571984767914e-02
-2.379763498902320862e-02
-2.353889122605323792e-02
-2.295440621674060822e-02
-2.227103151381015778e-02
-2.192841283977031708e-02
-2.107531391084194183e-02
-2.064662799239158630e-02
-2.014539018273353577e-02
-1.949982717633247375e-02
-1.896762475371360779e-02
-1.840697787702083588e-02
-1.763350144028663635e-02
-1.721985824406147003e-02
-1.673611626029014587e-02
-1.615027524530887604e-02
-1.574431918561458588e-02
-1.530924066901206970e-02
-1.486988924443721771e-02
-1.433631125837564468e-02
-1.424995809793472290e-02
-1.382884103804826736e-02
-1.335996296256780624e-02
-1.303187757730484009e-02
-1.257768459618091583e-02
-1.210597716271877289e-02
-1.170629821717739105e-02
-1.129946298897266388e-02
-1.097373571246862411e-02
-1.064484938979148865e-02
-1.026690285652875900e-02
-9.906767867505550385e-03
-9.639903903007507324e-03
-9.325248189270496368e-03
-9.025621227920055389e-03
-8.713629096746444702e-03
-8.421864360570907593e-03
-8.104634471237659454e-03
-7.794904522597789764e-03
-7.553966250270605087e-03
-7.268799003213644028e-03
-7.024285849183797836e-03
-6.770890671759843826e-03
-6.517187692224979401e-03
-6.293914746493101120e-03
-6.078059319406747818e-03
-5.860568024218082428e-03
-5.617051385343074799e-03
-5.431116558611392975e-03
-5.218898411840200424e-03
-5.020651035010814667e-03
-4.846706986427307129e-03
-4.664870910346508026e-03
-4.501850809901952744e-03
-4.328509327024221420e-03
-4.170887172222137451e-03
-4.028942901641130447e-03
-3.871974768117070198e-03
-3.728039562702178955e-03
-3.601082600653171539e-03
-3.441389417275786400e-03
-3.318402916193008423e-03
-3.194963326677680016e-03
-3.082379465922713280e-03
-2.976369578391313553e-03
-2.855987753719091415e-03
-2.753686625510454178e-03
-2.654156880453228951e-03
-2.551402663812041283e-03
-2.453967928886413574e-03
-2.365732332691550255e-03
-2.274297643452882767e-03
-2.190760569646954536e-03
-2.106828382238745689e-03
-2.025814959779381752e-03
-1.949528232216835022e-03
-1.874906709417700768e-03
-1.806593500077724457e-03
-1.737528829835355282e-03
-1.673951861448585987e-03
-1.610139152035117149e-03
-1.549230306409299374e-03
-1.486750319600105286e-03
-1.432113116607069969e-03
-1.376437605358660221e-03
-1.324685988947749138e-03
-1.275038113817572594e-03
-1.223674975335597992e-03
-1.177647849544882774e-03
-1.133074169047176838e-03
-1.089386409148573875e-03
-1.049059326760470867e-03
-1.007924904115498066e-03
-9.701691451482474804e-04
-9.343361598439514637e-04
-8.967758622020483017e-04
-8.619613945484161377e-04
-8.292434504255652428e-04
-7.972666062414646149e-04
-7.667600875720381737e-04
-7.382764015346765518e-04
-7.091804873198270798e-04
-6.821260903961956501e-04
-6.563254282809793949e-04
-6.299801170825958252e-04
-6.061689928174018860e-04
-5.827501881867647171e-04
-5.602803430519998074e-04
-5.387742421589791775e-04
-5.181827000342309475e-04
-4.981615929864346981e-04
-4.793147963937371969e-04
-4.608039453160017729e-04
-4.438040195964276791e-04
-4.262556030880659819e-04
-4.097874916624277830e-04
-3.942807379644364119e-04
-3.789307374972850084e-04
-3.651020524557679892e-04
-3.508576483000069857e-04
-3.372841165401041508e-04
-3.244921681471168995e-04
-3.117324959021061659e-04
-2.998375857714563608e-04
-2.883933193515986204e-04
-2.773634914774447680e-04
-2.666251675691455603e-04
-2.564157184679061174e-04
-2.465652942191809416e-04
-2.370120200794190168e-04
-2.279896871186792850e-04
-2.193196705775335431e-04
-2.108975750161334872e-04
-2.028818562394008040e-04
-1.950641308212652802e-04
-1.875604939414188266e-04
-1.803494233172386885e-04
-1.733869139570742846e-04
-1.667483302298933268e-04
-1.603120617801323533e-04
-1.541156816529110074e-04
-1.481986982980743051e-04
-1.425225200364366174e-04
-1.370609825244173408e-04
-1.318075082963332534e-04
-1.267562183784320951e-04
-1.218691104440949857e-04
-1.171894837170839310e-04
-1.126711867982521653e-04
-1.083498573279939592e-04
-1.042008516378700733e-04
-1.001732525764964521e-04
-9.633323497837409377e-05
-9.264329128200188279e-05
-8.907310984795913100e-05
-8.565677853766828775e-05
-8.236460416810587049e-05
-7.920918869785964489e-05
-7.616986840730533004e-05
-7.324133184738457203e-05
-7.042786455713212490e-05
-6.772513734176754951e-05
-6.512384425150230527e-05
-6.262457463890314102e-05
-6.021969238645397127e-05
-5.790751674794591963e-05
-5.568739288719370961e-05
-5.354698805604130030e-05
-5.149321805220097303e-05
-4.951738083036616445e-05
-4.761565651278942823e-05
-4.578840889735147357e-05
-4.403107595862820745e-05
-4.234103471389971673e-05
-4.071633884450420737e-05
-3.915433262591250241e-05
-3.765150904655456543e-05
-3.620469215093180537e-05
-3.481611929601058364e-05
-3.347915117046795785e-05
-3.219506470486521721e-05
-3.096058935625478625e-05
-2.977435724460519850e-05
-2.863146983145270497e-05
-2.753295484581030905e-05
-2.647650035214610398e-05
-2.546141513448674232e-05
-2.448420309519860893e-05
-2.354726348130498081e-05
-2.264404247398488224e-05
-2.177478745579719543e-05
-2.093977855111006647e-05
-2.013473567785695195e-05
-1.936194166773930192e-05
-1.861948840087279677e-05
-1.790567330317571759e-05
-1.721639091556426138e-05
-1.656038148212246597e-05
-1.592375338077545166e-05
-1.531352791062090546e-05
-1.472432450100313872e-05
-1.415852329955669120e-05
-1.361459999316139147e-05
-1.309353501710575074e-05
-1.259017335542012006e-05
-1.210865411849226803e-05
-1.164501554740127176e-05
-1.119892112910747528e-05
-1.076878197636688128e-05
-1.035614059219369665e-05
-9.962757758330553770e-06
-9.578047865943517536e-06
-9.210283678839914501e-06
-8.856532986101228744e-06
-8.518717550032306463e-06
-8.190445441869087517e-06
-7.879348231654148549e-06
-7.577046289952704683e-06
-7.284983439603820443e-06
-7.005758561717811972e-06
-6.738243428117129952e-06
-6.479955573013285175e-06
-6.231353836483322084e-06
-5.992849310132442042e-06
-5.762527962360763922e-06
-5.541475729842204601e-06
-5.330099156708456576e-06
-5.124980816617608070e-06
-4.929520400764886290e-06
-4.740614713227842003e-06
-4.557773536362219602e-06
-4.382580300443805754e-06
-4.214910859445808455e-06
-4.053507836943026632e-06
-3.898691375070484355e-06
-3.748330300368252210e-06
-3.604766789067070931e-06
-3.467069518592325039e-06
-3.333584800202515908e-06
-3.206015890100388788e-06
-3.082816192545578815e-06
-2.965600742754759267e-06
-2.851747467502718791e-06
-2.741928028626716696e-06
-2.637610577949089929e-06
-2.536010470066685230e-06
-2.438971478113671765e-06
-2.345880602661054581e-06
-2.255570279885432683e-06
-2.168887021980481222e-06
-2.085617097691283561e-06
-2.006096110562793911e-06
-1.929586915139225312e-06
-1.855717528087552637e-06
-1.785039216883888002e-06
-1.716138740448514000e-06
-1.650651370255218353e-06
-1.587141809977765661e-06
-1.525949983260943554e-06
-1.467608399252640083e-06
-1.411031576026289258e-06
-1.356786356154771056e-06
-1.304778379562776536e-06
-1.254593485100485850e-06
-1.206567389999690931e-06
-1.160466013061522972e-06
-1.116140765589079820e-06
-1.073319594979693647e-06
-1.032166323966521304e-06
-9.924399364535929635e-07
-9.545436796543071978e-07
-9.178929190056805965e-07
-8.824979431665269658e-07
-8.489284937240881845e-07
-8.161515552274067886e-07
-7.850176757528970484e-07
-7.549994052169495262e-07
-7.261945143000048120e-07
-6.984604397075599991e-07
-6.713357265653030481e-07
-6.456295409407175612e-07
-6.209835987647238653e-07
-5.971026553197589237e-07
-5.742587063650717027e-07
-5.520820423043915071e-07
-5.310304800332232844e-07
-5.106310254632262513e-07
-4.910453412776405457e-07
-4.721520383554889122e-07
-4.541215616882254835e-07
-4.367012422790139681e-07
-4.199829390927334316e-07
-4.038774648051912664e-07
-3.883792487613391131e-07
-3.735464702003810089e-07
-3.592229518289968837e-07
-3.453705232914217049e-07
-3.321128190236777300e-07
-3.193337931861606194e-07
-3.070731224852352170e-07
-2.953207172140537295e-07
-2.840113495494733797e-07
-2.730709809384279652e-07
-2.625608033213211456e-07
-2.524675721815583529e-07
-2.428049299396661809e-07
-2.335076771942112828e-07
-2.245771497655368876e-07
-2.160113581339828670e-07
-2.077302667657932034e-07
-1.997316587676323252e-07
-1.920706296232310706e-07
-1.846606778599380050e-07
-1.776207056991552236e-07
-1.708046823978293105e-07
-1.642317926098257885e-07
-1.579448110078374157e-07
-1.519158132623488200e-07
-1.460640817185776541e-07
-1.404628164891619235e-07
-1.351084364387133974e-07
-1.299037108992706635e-07
-1.249475189979420975e-07
-1.201512134230142692e-07
-1.155513800199514662e-07
-1.111081218141407589e-07
-1.068485673272334679e-07
-1.027193334834919369e-07
-9.880923812488617841e-08
-9.500458020283986116e-08
-9.135985834518578486e-08
-8.788484251454065088e-08
-8.450211907984339632e-08
-8.126782802264642669e-08
-7.814858804522373248e-08
-7.515937738844513660e-08
-7.226848453001366579e-08
-6.951067632599006174e-08
-6.683897169068586663e-08
-6.428620480392055470e-08
-6.181939227190014208e-08
-5.944548320258036256e-08
-5.715860496025015891e-08
-5.497514621310983784e-08
-5.285950166467046074e-08
-5.083283127760296338e-08
-4.887680304932473518e-08
-4.700143918512367236e-08
-4.520592966628100839e-08
-4.348793680719609256e-08
-4.181328705499254283e-08
-4.020438026941519638e-08
-3.866700382104681921e-08
-3.718490049209322024e-08
-3.576268881033684011e-08
-3.440743867599849182e-08
-3.307221874138122075e-08
-3.180119634293987474e-08
-3.058414677070686594e-08
-2.941206922457695327e-08
-2.828912037955433334e-08
-2.720449465698493441e-08
-2.616033967228759138e-08
-2.515408858982937090e-08
-2.418818567662128771e-08
-2.325940862135666976e-08
-2.236955687351382949e-08
-2.150683364732230984e-08
-2.068298954327474348e-08
-1.989211462216644577e-08
-1.912351521582422720e-08
-1.839535457293095533e-08
-1.769116586558538984e-08
-1.701131679965328658e-08
-1.635889823603520199e-08
-1.572949415162838704e-08
-1.512382574730963825e-08
-1.454536313616472398e-08
-1.398773097349703676e-08
-1.345344902148326582e-08
-1.293753992825941168e-08
-1.244540559497409049e-08
-1.196624577204374873e-08
-1.150643491598657420e-08
-1.106500935321719226e-08
-1.064141397222329033e-08
-1.023407314448832039e-08
-9.842768378121036221e-09
-9.464800498903969128e-09
-9.101248643617054768e-09
-8.754811986477761820e-09
-8.417358365875315940e-09
-8.093409498144410463e-09
-7.784531241838976712e-09
-7.485286168673610518e-09
-7.197527018831806345e-09
-6.921081485700142366e-09
-6.656276863026278079e-09
-6.401069452266483495e-09
-6.154837528526968526e-09
-5.921061418945328114e-09
-5.693586047073040390e-09
-5.474447561937267892e-09
-5.264097158175218283e-09
-5.060363683639934607e-09
-4.866893998922705578e-09
-4.679817866559687900e-09
-4.501281125612877076e-09
-4.328795100150273356e-09
-4.162699074328202187e-09
-4.002949527404098262e-09
-3.850577190434023578e-09
-3.702427031626598364e-09
-3.560506778299554753e-09
-3.423030747740085644e-09
-3.292084826966856781e-09
-3.165385731307424066e-09
-3.043727936358209263e-09
-2.927305287059311922e-09
-2.814911193027569425e-09
-2.707107427113442100e-09
-2.603175230930787620e-09
-2.503282914290139161e-09
-2.407941845916639068e-09
-2.314997082919489912e-09
-2.225957640433762208e-09
-2.140173815945445313e-09
-2.058551107353423504e-09
-1.979896246950829664e-09
-1.904156610166296559e-09
-1.830905982380670594e-09
-1.760622980739867671e-09
-1.693273854463939188e-09
-1.628113199814151812e-09
-1.565553686688758717e-09
-1.505839342108572509e-09
-1.447763131601220721e-09
-1.392177373382708083e-09
-1.338968047548405593e-09
-1.287608242250826152e-09
-1.237900004724679093e-09
-1.190568532649649569e-09
-1.144980110723281541e-09
-1.100790458785638748e-09
-1.058532261843936340e-09
-1.017933959346351003e-09
-9.791137900450053166e-10
-9.415076496210872392e-10
-9.055065031127185193e-10
-8.707786713912923915e-10
-8.372846305171322001e-10
-8.050294320049999897e-10
-7.741919882953141041e-10
-7.446558369927913645e-10
-7.160897430580348555e-10
-6.888087322742819651e-10
-6.622734582961697924e-10
-6.368423566271985692e-10
-6.123500040366991470e-10
-5.888336485071477000e-10
-5.662076363321943973e-10
-5.445078832266858626e-10
-5.234776501161775286e-10
-5.034650474300406131e-10
-4.841501644037293772e-10
-4.655882901438701538e-10
-4.477242465661390725e-10
-4.305498180201539071e-10
-4.140566500776543535e-10
-3.981545648734652332e-10
-3.828753702972420569e-10
-3.682206206612193000e-10
-3.540424342585168915e-10
-3.404305726206757754e-10
-3.274183701940103219e-10
-3.148312721634738409e-10
-3.027046113768250279e-10
-2.911073881950443365e-10
-2.799354914539975425e-10
-2.692489564637412514e-10
-2.589545244902069498e-10
-2.489770056790518993e-10
-2.394194564825369298e-10
-2.302875390380876297e-10
-2.214510103071276603e-10
-2.129379172988166147e-10
-2.047497310586621211e-10
-1.969259477707652195e-10
-1.893623452486892234e-10
-1.821015283010041230e-10
-1.751251366144401800e-10
-1.684179185001966061e-10
-1.619313710898850900e-10
-1.557167866872433137e-10
-1.497290486041080726e-10
-1.439796754043598526e-10
-1.384483638844358211e-10
-1.331712934371509505e-10
-1.280302391881704693e-10
-1.231133250900739995e-10
-1.183841635832294514e-10
-1.138567989888983334e-10
-1.094942886359362433e-10
-1.053052020583145065e-10
-1.012596603788828986e-10
-9.737532308262686342e-11
-9.362291497616581637e-11
-9.003560397236043400e-11
-8.658423977792040205e-11
-8.324248235158648868e-11
-8.006776491820133401e-11
-7.699570842012448679e-11
-7.404647728304070142e-11
-7.120428552331858896e-11
-6.846771066770784842e-11
-6.583522615954962021e-11
-6.331694890615580107e-11
-6.087512438579523177e-11
-5.855219087358420893e-11
-5.629825772235363956e-11
-5.414229481415233636e-11
-5.206931413814785969e-11
-5.007210271412709801e-11
-4.815122953139017170e-11
-4.630255553972340010e-11
-4.452428009615871929e-11
-4.280910695375617081e-11
-4.116516155727723003e-11
-3.958627869948827538e-11
-3.805958326275060699e-11
-3.659576114367624200e-11
-3.519793831396889061e-11
-3.384968000341714855e-11
-3.254766595128799622e-11
-3.129693726400262221e-11
-3.009670290765598111e-11
-2.893786252289309857e-11
-2.782818767088635070e-11
-2.675632111703851734e-11
-2.572862062288905349e-11
-2.474552160403042933e-11
-2.379517069495129533e-11
-2.288319186916076831e-11
-2.200242418815001599e-11
-2.115720793005593237e-11
-2.034534346551097883e-11
-1.956806591763005088e-11
-1.881570767248152976e-11
-1.809105816541478617e-11
-1.739734571681861297e-11
-1.673148772307619936e-11
-1.608907278238813632e-11
-1.547102550236711949e-11
-1.487793395427150500e-11
-1.430792376938549992e-11
-1.376073820863465969e-11
-1.323315415580061938e-11
-1.272452369166510167e-11
-1.223464385358141726e-11
-1.176742470826441789e-11
-1.131457514486067240e-11
-1.087942236299710430e-11
-1.046232284834802684e-11
-1.006214469384536514e-11
-9.675859939661801690e-12
-9.305016826499645788e-12
-8.947413990267882866e-12
-8.604139969947688371e-12
-8.273000340341951642e-12
-7.954494701811753998e-12
-7.649709858614794911e-12
-7.356178166606497371e-12
-7.074065725559686157e-12
-6.803741597893875337e-12
-6.541544216032146863e-12
-6.289458970992756193e-12
-6.048178451123487065e-12
-5.816593300761452312e-12
-5.593360410255376891e-12
-5.378969838987224250e-12
-5.171678189863637698e-12
-4.973839916322386756e-12
-4.781978198836744909e-12
-4.598968775249012708e-12
-4.422425533417984056e-12
-4.253131267312193486e-12
-4.089303982240943824e-12
-3.932632865188967486e-12
-3.781788250611928248e-12
-3.636526193021016873e-12
-3.497633606353023339e-12
-3.363217473614787956e-12
-3.233698465249235099e-12
-3.109977986942569217e-12
-2.991064210547400570e-12
-2.875990678247175580e-12
-2.765744230859290553e-12
-2.659433003676658913e-12
-2.557595194657702464e-12
-2.459604568627593579e-12
-2.365263367110070902e-12
-2.274483119207859616e-12
-2.187119192351150154e-12
-2.103005053086248743e-12
-2.022346482985493132e-12
-1.944896500793991123e-12
-1.870365190850820092e-12
-1.798661371753274008e-12
-1.729408716927283152e-12
-1.663195839732289905e-12
-1.599204384368502208e-12
-1.537911291371596434e-12
-1.478881470409754151e-12
-1.422319076752054379e-12
-1.367695128158541440e-12
-1.315019382448767704e-12
-1.264725628911944622e-12
-1.216251491881203961e-12
-1.169534738151845055e-12
-1.124653105019635113e-12
-1.081394197278984226e-12
-1.039834125922400876e-12
-1.000012681169615281e-12
-9.614939053270710190e-13
-9.245528604859276633e-13
-8.892555203483809567e-13
-8.550487791761374190e-13
-8.222482482216075805e-13
-7.907569456004626129e-13
-7.603489777900651614e-13
-7.312854206735497353e-13
-7.031308586584461562e-13
-6.761249004248737204e-13
-6.501873692221771250e-13
-6.252566823669591933e-13
-6.012399237330379176e-13
-5.781550368663679329e-13
-5.559862466253395752e-13
-5.346273554071578893e-13
-5.140844889540974183e-13
-4.944302346016060667e-13
-4.753903976202622506e-13
-4.571736327181608051e-13
-4.395920205537556802e-13
-4.227083906429424109e-13
-4.064517006383688846e-13
-3.909125356315462652e-13
-3.758527777203424236e-13
-3.614399361404063704e-13
-3.475682198647578325e-13
-3.342380083641571797e-13
-3.214446124642084124e-13
-3.091116230168056145e-13
-2.972429973598783581e-13
-2.858521253902568393e-13
-2.748821407039941933e-13
-2.643174578948609410e-13
-2.542128020675132882e-13
-2.444393971089142692e-13
-2.350517783883399048e-13
-2.260309181576630744e-13
-2.173545089571848887e-13
-2.090303299374929313e-13
-2.010096597634611348e-13
-1.932938265827507940e-13
-1.858708364088287879e-13
-1.787444975018259719e-13
-1.718833951037945784e-13
-1.653076547175613698e-13
-1.589703439415848796e-13
-1.528584116922138136e-13
-1.470023782606036389e-13
-1.413582656961329120e-13
-1.359447358286955398e-13
-1.307145174435711543e-13
-1.257050832783462857e-13
-1.208742849735655600e-13
-1.162393206861900286e-13
-1.117869428209246341e-13
-1.074981236296422560e-13
-1.033686686051880910e-13
-9.940209462835913889e-14
-9.558970775298478162e-14
-9.191891090507345319e-14
-8.839225873599407257e-14
-8.499892277654894079e-14
-8.174925038122171639e-14
-7.860714439393221009e-14
-7.559520365371316664e-14
-7.268318569621581848e-14
-6.989659637754788712e-14
-6.721398882348489368e-14
-6.463660309026161843e-14
-6.216245373264969731e-14
-5.976921296215950696e-14
-5.747419413223292528e-14
-5.526637226202849029e-14
-5.313920825719339880e-14
-5.110068116809078631e-14
-4.913997268991832090e-14
-4.725547346007621941e-14
-4.544216904351673636e-14
-4.369974773211528218e-14
-4.201487722728207419e-14
-4.040906200148200456e-14
-3.885539351204669867e-14
-3.736916239773999115e-14
-3.593583018505520921e-14
-3.455926612049541047e-14
-3.323246693565269638e-14
-3.195541230173633285e-14
-3.072856978093320424e-14
-2.954947281330090603e-14
-2.841471632639147593e-14
-2.732469503755833445e-14
-2.627549734865106124e-14
-2.526968129917036426e-14
-2.429973878907178142e-14
-2.336746891633528084e-14
-2.247173157461385823e-14
-2.160797311478307448e-14
-2.078178395429480796e-14
-1.998235934087388282e-14
-1.921625530953204736e-14
-1.847691582525755327e-14
-1.776975004045156653e-14
-1.708681109200294729e-14
-1.643197669674422573e-14
-1.580086261214041360e-14
-1.519516629221780851e-14
-1.461282436471689899e-14
-1.405172517650018008e-14
-1.351311132490127381e-14
-1.299425197569823234e-14
-1.249539107437986490e-14
-1.201607461128644319e-14
-1.155557667918217027e-14
-1.111100381351922545e-14
-1.068551375312497276e-14
-1.027457148359981268e-14
-9.881781977167259506e-15
-9.502439965805315608e-15
-9.137838868824438299e-15
-8.786565835268607405e-15
-8.449596647093059881e-15
-8.125128818186038576e-15
-7.814500660604205284e-15
-7.514587469805138892e-15
-7.225771257648051088e-15
-6.948395495993053492e-15
-6.682120101111823501e-15
-6.425487329302136466e-15
-6.179362001203139027e-15
-5.942255456410031750e-15
-5.714459921289617370e-15
-5.495111845752170127e-15
-5.284314991333728673e-15
-5.081600101781514126e-15
-4.886645304575569851e-15
-4.699152444118462335e-15
-4.518947455139530819e-15
-4.345040579639908654e-15
-4.178541007264025345e-15
-4.018049016066543161e-15
-3.863772129119539406e-15
-3.715952597845928809e-15
-3.573290226671676020e-15
-3.436564074150018182e-15
-3.304853838983763496e-15
-3.177508999869420661e-15
-3.055642981616155454e-15
-2.938390963584821235e-15
-2.825724146655211357e-15
-2.717245907649773994e-15
-2.612793192726162693e-15
-2.512533926166170620e-15
-2.416186681273072533e-15
-2.323616991566491811e-15
-2.234408116836379340e-15
-2.148668477299983670e-15
-2.066185044171070344e-15
-1.987028332942498282e-15
-1.910715534834332534e-15
-1.837410338963629992e-15
-1.766940480004742815e-15
-1.699361120978360937e-15
-1.634070550854578585e-15
-1.571481062920471791e-15
-1.510917783675315689e-15
-1.453011858543933141e-15
-1.397403616161096290e-15
-1.343861816532204712e-15
-1.292212182628360833e-15
-1.242604639281228666e-15
-1.194965600503515493e-15
-1.149098237014103095e-15
-1.105002972329465101e-15
-1.062603573484348623e-15
-1.021796067184478195e-15
-9.826239697475190084e-16
-9.449319565067683044e-16
-9.086836050454941485e-16
-8.738383636613467412e-16
-8.402446134567675626e-16
-8.080825606912849651e-16
-7.770124392739315676e-16
-7.472709949134649469e-16
-7.185705540451738614e-16
-6.909694031237412475e-16
-6.644933237144991581e-16
-6.389823854090941405e-16
-6.144902689205584360e-16
-5.908902369441591199e-16
-5.682135767593853980e-16
-5.464085664168955546e-16
-5.254349189121358069e-16
-5.052779699872068150e-16
-4.858712804953083195e-16
-4.672304146668461184e-16
-4.493278439310344468e-16
-4.320767209410001372e-16
-4.155081476877751836e-16
-3.995530909861583603e-16
-3.842500378956905348e-16
-3.695238142423028877e-16
-3.553434768536410356e-16
-3.417057699468139696e-16
-3.286032290439740112e-16
-3.160078491183025652e-16
-3.038771197037593063e-16
-2.922200934649680148e-16
-2.810010361994664000e-16
-2.702308534564503610e-16
-2.598642819128009962e-16
-2.498684725720325996e-16
-2.402788419992522417e-16
-2.310541767476200804e-16
-2.222057529432464387e-16
-2.136772296602491047e-16
-2.054733714589563839e-16
-1.975882358738476952e-16
-1.900077674519545378e-16
-1.827225958912979107e-16
-1.757181760479866817e-16
-1.689731468098822813e-16
-1.624842920987631034e-16
-1.562490178762281816e-16
-1.502541024873664684e-16
-1.444877801151450095e-16
-1.389433539053245756e-16
-1.336137696616413145e-16
-1.284861630712088015e-16
-1.235518388114278791e-16
-1.188021015596993899e-16
-1.142561419062345643e-16
-1.098673796563793160e-16
-1.056500489341144575e-16
-1.016005366145243574e-16
-9.770538943212645302e-17
-9.395861198184096014e-17
-9.035068176045616827e-17
-8.688738903225994860e-17
-8.355277252015247793e-17
-8.034096916795198037e-17
-7.725796776329333987e-17
-7.429238630094782674e-17
-7.143987050217096187e-17
-6.870018875639123039e-17
-6.606489720391569100e-17
-6.352994596846528409e-17
-6.109309835366366626e-17
-5.874520905065845123e-17
-5.649357710117480693e-17
-5.432297245577440701e-17
-5.224297055722816531e-17
-5.023738513530964420e-17
-4.831185094435155490e-17
-4.645511171057827579e-17
-4.467215367872227655e-17
-4.295951261637818508e-17
-4.130866856323670521e-17
-3.972257951716832655e-17
-3.819967714373164857e-17
-3.673366163538146741e-17
-3.532286870472532638e-17
-3.396862845818821074e-17
-3.266550797350687221e-17
-3.141346754601190825e-17
-3.020510887230464458e-17
-2.904808171868997159e-17
-2.793310180997259410e-17
-2.686166468870000799e-17
-2.583110683329979250e-17
-2.484022056007762023e-17
-2.388612066305690620e-17
-2.297109016072829677e-17
-2.208879781268331108e-17
-2.124127186578392913e-17
-2.042698865334182827e-17
-1.964181723537791865e-17
-1.888872057284636524e-17
-1.816413020858461427e-17
-1.746727521026176632e-17
-1.679721590070196115e-17
-1.615230784484744333e-17
-1.553219700939604018e-17
-1.493770395751540430e-17
-1.436387056861389283e-17
-1.381255717188913755e-17
-1.328245682197330465e-17
-1.277223858526079634e-17
-1.228215971492211658e-17
-1.181106463964152881e-17
-1.135714183387754190e-17
-1.092134255533459182e-17
-1.050256086353369518e-17
-1.009927970923142973e-17
-9.711227777186878069e-18
-9.339208259774829191e-18
-8.980149835380873703e-18
-8.636261903421140742e-18
-8.304671665628233644e-18
-7.986052447020770573e-18
-7.679289208133030048e-18
-7.384357960727248030e-18
-7.101545736475980421e-18
-6.829017021599972053e-18
-6.566989364600324370e-18
-6.314841139246703773e-18
-6.072667884899860137e-18
-5.839913736188157828e-18
-5.615680788556670533e-18
-5.400365675109117429e-18
-5.193288039791673651e-18
-4.993829978686762088e-18
-4.802292999127658318e-18
-4.617843303056908889e-18
-4.440643845055186747e-18
-4.270319912305005372e-18
-4.106413246747010385e-18
-3.948959003557235290e-18
-3.797528703178377620e-18
-3.651677322440883845e-18
-3.511427608811599173e-18
-3.376815958237475938e-18
-3.247180833023624855e-18
-3.122499072112894441e-18
-3.002592211288126379e-18
-2.887537591936594377e-18
-2.776854622122405126e-18
-2.670267850701578469e-18
-2.567804574634328654e-18
-2.469313626663711616e-18
-2.374542509907745545e-18
-2.283460618683765976e-18
-2.195673181044431978e-18
-2.111433727847491055e-18
-2.030430825592316990e-18
-1.952514961383190825e-18
-1.877569089163436305e-18
-1.805486089043727815e-18
-1.736176005132450211e-18
-1.669596754615939859e-18
-1.605516209934799066e-18
-1.543895493600237838e-18
-1.484644649720641035e-18
-1.427607547955389272e-18
-1.372853257885630727e-18
-1.320118942871726676e-18
-1.269501589840498961e-18
-1.220837623825815221e-18
-1.173971845065245193e-18
-1.128966912490189771e-18
-1.085612825622637054e-18
-1.043996128234175402e-18
-1.003950143431375380e-18
-9.654226554380695794e-19
-9.283888488358814082e-19
-8.927501857343404874e-19
-8.584776631132191763e-19
-8.255357639049659793e-19
-7.938718587431072102e-19
-7.633993521572662236e-19
-7.340714567440454892e-19
-7.058808312755085986e-19
-6.788232364510162177e-19
-6.527717000465414568e-19
-6.277021821255319933e-19
-6.036208865425819751e-19
-5.804448367424946766e-19
-5.581785822186391394e-19
-5.367665467736094570e-19
-5.161776077368583216e-19
-4.963504503454802402e-19
-4.773089077408743968e-19
-4.589813771012666700e-19
-4.413762336303591592e-19
-4.244376684861986773e-19
-4.081528086705023677e-19
-3.924826732969036692e-19
-3.774236951490109467e-19
-3.629328091361831582e-19
-3.490048195301977050e-19
-3.356077764798947265e-19
-3.227221119939085151e-19
-3.103429663861403217e-19
-2.984230352653097701e-19
-2.869785779003323557e-19
-2.759656761705603412e-19
-2.653702938549744675e-19
-2.551973423384617680e-19
-2.454022314161268062e-19
-2.359888126476967822e-19
-2.269230682304804525e-19
-2.182147175366753154e-19
-2.098404831868562458e-19
-2.017879445471378771e-19
-1.940454306160649689e-19
-1.865973025101814406e-19
-1.794341510500195015e-19
-1.725533266726795676e-19
-1.659343049592126670e-19
-1.595655958539225553e-19
-1.534371956412761692e-19
-1.475517668088701639e-19
-1.418840286492333874e-19
-1.364371606378453404e-19
-1.312011590591729598e-19
-1.261647277279760682e-19
-1.213239892351333234e-19
-1.166706330004279817e-19
-1.121925098086131704e-19
-1.078906924095457943e-19
-1.037500976817438317e-19
-9.977010523974786790e-20
-9.594369697304827329e-20
-9.225914371905298735e-20
-8.871760870049841278e-20
-8.531439378999918981e-20
-8.204150506241681770e-20
-7.889090981852158226e-20
-7.586461784870804595e-20
-7.295125541955360463e-20
-7.015175957159591602e-20
-6.745876968985296529e-20
-6.486905460005696719e-20
-6.238182589568658210e-20
-5.998834001917318310e-20
-5.768591509587450842e-20
-5.547265765766963589e-20
-5.334383080308199233e-20
-5.129525016143479580e-20
-4.932844084698244096e-20
-4.743508904833391631e-20
-4.561471008934905408e-20
-4.386257999324835220e-20
-4.217983290219980331e-20
-4.056095643290256573e-20
-3.900443839579931597e-20
-3.750751936806536541e-20
-3.606784382365949860e-20
-3.468390926654719538e-20
-3.335237466253556579e-20
-3.207229327756414875e-20
-3.084188150343712679e-20
-2.965887105581851467e-20
-2.852026986733634321e-20
-2.742525721972659498e-20
-2.637291222832295116e-20
-2.536060471727143454e-20
-2.438668032534693909e-20
-2.345139593090375372e-20
-2.255165930016760793e-20
-2.168596955269111548e-20
-2.085387109290251863e-20
-2.005335251482012106e-20
-1.928379020181024022e-20
-1.854305965679180730e-20
-1.783208338001827497e-20
-1.714768512718441035e-20
-1.648964840961427180e-20
-1.585684877866267006e-20
-1.524843320432290981e-20
-1.466286203205639139e-20
-1.410010133453330303e-20
-1.355894749933889475e-20
-1.303854184191150259e-20
-1.253829224956655490e-20
-1.205696118255948995e-20
-1.159434507691143724e-20
-1.114913449925037680e-20
-1.072153786031658079e-20
-1.030970127387390741e-20
-9.914026213325128968e-21
-9.533364804011614759e-21
-9.167678271842151359e-21
-8.815902752689070467e-21
-8.477593960090551611e-21
-8.152368999895862237e-21
-7.839575982696476668e-21
-7.538790009076181140e-21
-7.249369690942820280e-21
-6.971186589119249624e-21
-6.703539538789359768e-21
-6.446474988083250126e-21
-6.199087804309157350e-21
-5.961058101214570701e-21
-5.732226743466801752e-21
-5.512331602053376425e-21
-5.300721999256119463e-21
-5.097177003534471047e-21
-4.901568579608070186e-21
-4.713465365712167549e-21
-4.532594327621135279e-21
-4.358612556965804666e-21
-4.191316085870521765e-21
-4.030524372473074075e-21
-3.875821403086484242e-21
-3.727033098197075335e-21
-3.584012843272446598e-21
-3.446421365014480579e-21
-3.314345703180015742e-21
-3.187112763779394071e-21
-3.064707198734843584e-21
-2.947129209994756019e-21
-2.833978737795101212e-21
-2.725209737902563224e-21
-2.620574015743697799e-21
-2.520006543936365758e-21
-2.423266398049225362e-21
-2.330263711047953835e-21
-2.240803400786133640e-21
-2.154828719765686800e-21
-2.072160539763142967e-21
-1.992631445561752519e-21
-1.916181054592386218e-21
-1.842616708089327368e-21
-1.771912354710041950e-21
-1.703922995509263100e-21
-1.638518979619495935e-21
-1.575632452381116964e-21
-1.515185764637503473e-21
-1.457049164546964709e-21
-1.401138641578538255e-21
-1.347369680330282354e-21
-1.295671497890893334e-21
-1.245932517773936736e-21
-1.198113561991415662e-21
-1.152135668722161111e-21
-1.107924520958014022e-21
-1.065406205587598806e-21
-1.024517310815910179e-21
-9.851708978603055413e-22
-9.473787807017014845e-22
-9.110127221113452805e-22
-8.760550516049599786e-22
-8.424174167611608255e-22
-8.101038565477825528e-22
-7.790077422139882466e-22
-7.491089798948001175e-22
-7.203599097697683328e-22
-6.927020677794851528e-22
-6.661302032657654265e-22
-6.405532375039359568e-22
-6.159667276293785389e-22
-5.923485098061000832e-22
-5.696193192903439825e-22
-5.477550737363956498e-22
-5.267361336631587028e-22
-5.065224123148734304e-22
-4.870794270036508119e-22
-4.683841051257349431e-22
-4.504120614128236320e-22
-4.331282578189505822e-22
-4.165049769273499483e-22
-4.005238919214716357e-22
-3.851509240102100966e-22
-3.703667113915075867e-22
-3.561528767617160770e-22
-3.424864989783734661e-22
-3.293366799375440572e-22
-3.166995826197848554e-22
-3.045442836776111970e-22
-2.928488969540686302e-22
-2.816125894120412417e-22
-2.708040590508098617e-22
-2.604109112878316577e-22
-2.504172931743553082e-22
-2.408060895841811382e-22
-2.315632903476324224e-22
-2.226769805095967028e-22
-2.141297672648356664e-22
-2.059126512881425519e-22
-1.980106883985288526e-22
-1.904075460198128725e-22
-1.831005988229020362e-22
-1.760730850912822075e-22
-1.693160812303935265e-22
-1.628155013399123667e-22
-1.565664860366625666e-22
-1.505623457801678522e-22
-1.447827847570586972e-22
-1.392249378245273388e-22
-1.338803483936698079e-22
-1.287435133708112827e-22
-1.238007633741860934e-22
-1.190510886618355573e-22
-1.144823723302554795e-22
-1.100901588930531717e-22
-1.058660927355205330e-22
-1.018018813518218802e-22
-9.789447027253219747e-23
-9.413788939832077218e-23
-9.052553123024547315e-23
-8.704902122093647412e-23
-8.370805013691892846e-23
-8.049557502803102297e-23
-7.740739915425698187e-23
-7.443663102672879439e-23
-7.157966712883141097e-23
-6.883251266894079238e-23
-6.619148208890774608e-23
-6.365120482368952740e-23
-6.120787540827935018e-23
-5.885854034744806697e-23
-5.659960874635511171e-23
-5.442812079888409516e-23
-5.233938436037076276e-23
-5.033019665553991718e-23
-4.839852873414332999e-23
-4.654066663903922067e-23
-4.475503580386076807e-23
-4.303710816701200359e-23
-4.138565626092440333e-23
-3.979688408692204379e-23
-3.827004696031039632e-23
-3.680110906869835024e-23
-3.538896916226221701e-23
-3.403123857018098740e-23
-3.272516259017362965e-23
-3.146884164518037155e-23
-3.026124074969356314e-23
-2.909981030526753011e-23
-2.798297259009183044e-23
-2.690900788739308232e-23
-2.587619805811971438e-23
-2.488336296635751599e-23
-2.392835217727885468e-23
-2.300993191242796478e-23
-2.212668379989725891e-23
-2.127754761063012004e-23
-2.046067425466471010e-23
-1.967562196989410534e-23
-1.892028291997955521e-23
-1.819401023897877848e-23
-1.749583993886559508e-23
-1.682422269682215093e-23
-1.617851638007159614e-23
-1.555745250027833531e-23
-1.496055774089923585e-23
-1.438630486722178986e-23
-1.383406752368725187e-23
-1.330320357751877198e-23
-1.279254945888114919e-23
-1.230156874235883321e-23
-1.182941261361780623e-23
-1.137548784925734206e-23
-1.093891723595083493e-23
-1.051902314218069998e-23
-1.011532830709927852e-23
-9.727136955388165599e-24
-9.353828253514952287e-24
-8.994730091988390282e-24
-8.649558480882600020e-24
-8.317601078800166926e-24
-7.998352225900844332e-24
-7.691447468446420132e-24
-7.396242307077328757e-24
-7.112370710333547659e-24
-6.839409059908973154e-24
-6.576963714211899957e-24
-6.324566878725532009e-24
-6.081775213621135101e-24
-5.848344172018090718e-24
-5.623871434854736146e-24
-5.408022525107257675e-24
-5.200477165248135574e-24
-5.000869323817347294e-24
-4.808936704563906848e-24
-4.624351141351242296e-24
-4.446866904007377291e-24
-4.276220118559515407e-24
-4.112090507480136912e-24
-3.954264683894379522e-24
-3.802508750543845208e-24
-3.656588021309230717e-24
-3.516240988800455286e-24
-3.381271226652118882e-24
-3.251504988249846576e-24
-3.126717842666102993e-24
-3.006708433154830467e-24
-2.891323326269963512e-24
-2.780346965769150487e-24
-2.673650372894387756e-24
-2.571029824316901993e-24
-2.472362652165931331e-24
-2.377453810582659875e-24
-2.286239796264217332e-24
-2.198479217773606074e-24
-2.114084511550346568e-24
-2.032943856561123736e-24
-1.954937148733117678e-24
-1.879916476646599455e-24
-1.807744184073608001e-24
-1.738366036826909371e-24
-1.671650492350557960e-24
-1.607497069486751244e-24
-1.545798877582831773e-24
-1.486465296242312286e-24
-1.429416946336604918e-24
-1.374558277088564773e-24
-1.321795118227631093e-24
-1.271064952527065113e-24
-1.222285245414658085e-24
-1.175374152571493328e-24
-1.130263733352108684e-24
-1.086886047111041992e-24
-1.045169701936370751e-24
-1.005054941614524469e-24
-9.664855598060061496e-25
-9.293932214349010219e-25
-8.937197480094490365e-25
-8.594173148372711697e-25
-8.264375055803094818e-25
-7.947182467460843944e-25
-7.642107768698919338e-25
-7.348816679708733595e-25
-7.066771788998604903e-25
-6.795574721811396649e-25
-6.534726523624556543e-25
-6.283913622228259234e-25
-6.042733205522776242e-25
-5.810843105090467954e-25
-5.587825224651567233e-25
-5.373369936300774831e-25
-5.167126689973333163e-25
-4.968766136241312455e-25
-4.778086622535815587e-25
-4.594703579165547314e-25
-4.418363584564705388e-25
-4.248777718426752612e-25
-4.085722634507898287e-25
-3.928915082439361495e-25
-3.778106077997931852e-25
-3.633101857223764449e-25
-3.493677348239838414e-25
-3.359581348151647433e-25
-3.230656084778147303e-25
-3.106661941619377141e-25
-2.987433257885240535e-25
-2.872767887968774601e-25
-2.762511510955395478e-25
-2.656474307189784361e-25
-2.554523895951283848e-25
-2.456486481321712434e-25
-2.362203798081960156e-25
-2.271554312348816400e-25
-2.184370144660888820e-25
-2.100527788982703751e-25
-2.019904232316853292e-25
-1.942380775749004969e-25
-1.867827996786895959e-25
-1.796139892246387189e-25
-1.727212800874151960e-25
-1.660918532773091858e-25
-1.597172162136379183e-25
-1.535873232458114698e-25
-1.476922519827563571e-25
-1.420233496064184373e-25
-1.365727275077455003e-25
-1.313310302894396907e-25
-1.262899256081896114e-25
-1.214429916431886978e-25
-1.167820932663518581e-25
-1.122996376914663401e-25
-1.079897824174528506e-25
-1.038451565252282309e-25
-9.985949226838146714e-26
-9.602663283406634215e-26
-9.234111782570452926e-26
-8.879669798581248079e-26
-8.538877573442695552e-26
-8.211188451199380471e-26
-7.896028658802270992e-26
-7.592944601230865033e-26
-7.301514730938935116e-26
-7.021292848476965605e-26
-6.751816114360721361e-26
-6.492667295127050332e-26
-6.243484007797616616e-26
-6.003857647075419017e-26
-5.773416585518388575e-26
-5.551842197276525865e-26
-5.338749296360953439e-26
-5.133843600676168928e-26
-4.936809874008875030e-26
-4.747337810526432073e-26
-4.565111249569169448e-26
-4.389904009924418318e-26
-4.221423658389422925e-26
-4.059390087713071591e-26
-3.903591599675877269e-26
-3.753770890037269825e-26
-3.609694690162385078e-26
-3.471158697402722428e-26
-3.337933032760119817e-26
-3.209810312098165625e-26
-3.086624443218455898e-26
-2.968154175288979431e-26
-2.854231567218585656e-26
-2.744683131237884171e-26
-2.639332606238364656e-26
-2.538038551924911313e-26
-2.440630099792858105e-26
-2.346953483595445157e-26
-2.256877740096454137e-26
-2.170254187504178348e-26
-2.086955714442288235e-26
-2.006855671757640892e-26
-1.929835114016870963e-26
-1.855763232058155669e-26
-1.784542804937902340e-26
-1.716052730181207907e-26
-1.650190394240635420e-26
-1.586851950973583517e-26
-1.525952043164916956e-26
-1.467378966877861279e-26
-1.411064621229582951e-26
-1.356912555648467061e-26
-1.304831249943556328e-26
-1.254750754339270605e-26
-1.206590256815143406e-26
-1.160281502413945646e-26
-1.115749148756252898e-26
-1.072925094959231627e-26
-1.031750253492188034e-26
-9.921456612274022428e-27
-9.540676380737355498e-27
-9.174507794502765649e-27
-8.822372304214958956e-27
-8.483736042093351276e-27
-8.158130621975467633e-27
-7.845020635336768377e-27
-7.543927681179067718e-27
-7.254381062223957415e-27
-6.975955533139716767e-27
-6.708194263343537121e-27
-6.450734407633895923e-27
-6.203157268840883386e-27
-5.965078046161610942e-27
-5.736135049952522667e-27
-5.515975064661817943e-27
-5.304279541476695120e-27
-5.100686020381620521e-27
-4.904917937836580139e-27
-4.716654819098827937e-27
-4.535632811765982865e-27
-4.361540300373043067e-27
-4.194146558512670953e-27
-4.033171941156941496e-27
-3.878372240388906395e-27
-3.729517885359194691e-27
-3.586377764474479915e-27
-3.448727699489235394e-27
-3.316357378853534042e-27
-3.189063039179259688e-27
-3.066663835644634372e-27
-2.948967560441208247e-27
-2.835785472434431364e-27
-2.726946934231231014e-27
-2.622289012158312037e-27
-2.521638179927685142e-27
-2.424860970594204296e-27
-2.331794835670563214e-27
-2.242300723014777138e-27
-2.156239387891866872e-27
-2.073476207798719747e-27
-1.993897167682628039e-27
-1.917368608005451274e-27
-1.843778247051431675e-27
-1.773007832721983868e-27
-1.704957987031977470e-27
-1.639523361613454500e-27
-1.576590711785684987e-27
-1.516083674426373979e-27
-1.457894782644624667e-27
-1.401938428854409039e-27
-1.348126886946760257e-27
-1.296384275281869462e-27
-1.246630956656536243e-27
-1.198783634600665853e-27
-1.152774997862701956e-27
-1.108528201837863503e-27
-1.065981616767930101e-27
-1.025068316587334295e-27
-9.857253233868946218e-28
-9.478910074083906896e-28
-9.115091314974463913e-28
-8.765246140576522521e-28
-8.428807364521460677e-28
-8.105319504377430800e-28
-7.794232225662824239e-28
-7.495084268155960249e-28
-7.207407149397866636e-28
-6.930784387038069660e-28
-6.664787943146429258e-28
-6.408962335291097848e-28
-6.162987859101307150e-28
-5.926438884059347584e-28
-5.698983187249812352e-28
-5.480250990123379105e-28
-5.269909106799668851e-28
-5.067648425522607438e-28
-4.873145871544023909e-28
-4.686113518337232370e-28
-4.506246106006047446e-28
-4.333291819210240504e-28
-4.166959842528209074e-28
-4.007033268099966541e-28
-3.853241502768326499e-28
-3.705349583080073707e-28
-3.563132656714200953e-28
-3.426377667670610400e-28
-3.294869874760502871e-28
-3.168404407186044174e-28
-3.046796375672573134e-28
-2.929858242791755044e-28
-2.817407045198873117e-28
-2.709268486233960308e-28
-2.605285602606549057e-28
-2.505294690271366449e-28
-2.409142637797833699e-28
-2.316674648566670683e-28
-2.227754703775555052e-28
-2.142256655013129443e-28
-2.060032446414919086e-28
-1.980969772191041900e-28
-1.904936224657821264e-28
-1.831822146179048630e-28
-1.761514147629248198e-28
-1.693904015819669710e-28
-1.628891241281340459e-28
-1.566372425650371154e-28
-1.506255846513160353e-28
-1.448442198106950590e-28
-1.392851915450914365e-28
-1.339394239096422433e-28
-1.287985150349650897e-28
-1.238551945355199142e-28
-1.191015660985347290e-28
-1.145303352643451675e-28
-1.101347251669594170e-28
-1.059077422732669214e-28
-1.018428263843946117e-28
-9.793395295073520163e-29
-9.417513353386786204e-29
-9.056060839955265989e-29
-8.708476827682656736e-29
-8.374229278421821469e-29
-8.052827681890049066e-29
-7.743756851827215941e-29
-7.446552157634238672e-29
-7.160755589096217670e-29
-6.885906126732715242e-29
-6.621626408645253012e-29
-6.367483702449451474e-29
-6.123096433275078906e-29
-5.888086637370549314e-29
-5.662086582487106260e-29
-5.444761638296912462e-29
-5.235790415240498298e-29
-5.034840389475903162e-29
-4.841592879782641727e-29
-4.655769529098439276e-29
-4.477075730327115323e-29
-4.305243658835778519e-29
-4.140004888138429893e-29
-3.981113561240606262e-29
-3.828311182232584401e-29
-3.681381384922174556e-29
-3.540089145670850724e-29
-3.404208468636701214e-29
-3.273550973797040650e-29
-3.147909021829739782e-29
-3.027091825299682751e-29
-2.910908596771753696e-29
-2.799183294211973471e-29
-2.691750408015746297e-29
-2.588436905414631135e-29
-2.489089614792738436e-29
-2.393557471020055328e-29
-2.301689408966568936e-29
-2.213349259366680006e-29
-2.128399047395466422e-29
-2.046710277414451097e-29
-1.968154152858603136e-29
-1.892616171174197641e-29
-1.819977315909202557e-29
-1.750122181730231554e-29
-1.682948453608989062e-29
-1.618357277172548330e-29
-1.556244381370014016e-29
-1.496513921093997474e-29
-1.439073812819032691e-29
-1.383840699889714156e-29
-1.330726260362498486e-29
-1.279651200090456612e-29
-1.230539234192197572e-29
-1.183309262961469433e-29
-1.137892900838918759e-29
-1.094220182400784608e-29
-1.052222345929521277e-29
-1.011836272080467015e-29
-9.730010984581136462e-30
-9.356569406782528799e-30
-8.997471493171298885e-30
-8.652134950865823393e-30
-8.320054975572085198e-30
-8.000732781527143389e-30
-7.693648518109290316e-30
-7.398361327917193589e-30
-7.114413050272676713e-30
-6.841357561559715614e-30
-6.578779583134051793e-30
-6.326280387311886331e-30
-6.083463127200381624e-30
-5.849977223364348432e-30
-5.625452536142599835e-30
-5.409544128472830538e-30
-5.201922109620425777e-30
-5.002261478907270204e-30
-4.810269585259783104e-30
-4.625649263706076602e-30
-4.448104853907031875e-30
-4.277386586822986205e-30
-4.113216481549857137e-30
-3.955345521364366478e-30
-3.803536350447196190e-30
-3.657550860662643713e-30
-3.517170880259196428e-30
-3.382181622909072088e-30
-3.252366045335334866e-30
-3.127537949232814511e-30
-3.007499851550572879e-30
-2.892065553983439719e-30
-2.781064844949415965e-30
-2.674323187047291523e-30
-2.571680901124450693e-30
-2.472976615316412593e-30
-2.378060054425368100e-30
-2.286790347208314672e-30
-2.199018911179308371e-30
-2.114617476394787470e-30
-2.033455139803844399e-30
-1.955410778468570429e-30
-1.880360448264614858e-30
-1.808190173259721957e-30
-1.738789739103558629e-30
-1.672050247999464697e-30
-1.607876908082989851e-30
-1.546164677178944612e-30
-1.486819891897455460e-30
-1.429755095458821217e-30
-1.374879727778254534e-30
-1.322110093657976863e-30
-1.271365413126199698e-30
-1.222569984346730083e-30
-1.175646788929702142e-30
-1.130524732976778143e-30
-1.087133380866456814e-30
-1.045407657231476633e-30
-1.005283709218700935e-30
-9.667001290032427615e-31
-9.295978597489168022e-31
-8.939188790545664687e-31
-8.596081737845732778e-31
-8.266169374134910881e-31
-7.948907210429898114e-31
-7.643822227803923588e-31
-7.350448460296321347e-31
-7.068328405505751359e-31
-6.797049700013945163e-31
-6.536169887747253252e-31
-6.285304817151826902e-31
-6.044068926080596401e-31
-5.812088877527740593e-31
-5.589013903978974106e-31
-5.374502171677077819e-31
-5.168227363390263465e-31
-4.969863161886742777e-31
-4.779118044567511827e-31
-4.595694846460682742e-31
-4.419303455560472581e-31
-4.249684792911960112e-31
-4.086576958373782129e-31
-3.929729336550343320e-31
-3.778904477582777583e-31
-3.633866577304309968e-31
-3.494395818271336706e-31
-3.360278260512008142e-31
-3.231306546822839223e-31
-3.107288601426905589e-31
-2.988029292261970739e-31
-2.873346417703657218e-31
-2.763064829093692507e-31
-2.657012669157986386e-31
-2.555034067345619820e-31
-2.456966570337309169e-31
-2.362665827426773456e-31
-2.271984901820159895e-31
-2.184784614986331127e-31
-2.100929549976072426e-31
-2.020292988498365147e-31
-1.942751738745243116e-31
-1.868188486380494268e-31
-1.796485799518471457e-31
-1.727534357184548210e-31
-1.661231186073592494e-31
-1.597472019836686373e-31
-1.536159997739322090e-31
-1.477201197782868944e-31
-1.420504519155138209e-31
-1.365982857724733952e-31
-1.313555574579189765e-31
-1.263140855311688416e-31
-1.214661117295075634e-31
-1.168041599088639123e-31
-1.123211653481894462e-31
-1.080101808758708054e-31
-1.038646237235433852e-31
-9.987821675137379447e-32
-9.604474159424618334e-32
-9.235849122708730961e-32
-8.881372923746516051e-32
-8.540496018928964186e-32
-8.212711182443695548e-32
-7.897501196776348330e-32
-7.594391162209190329e-32
-7.302913819737769685e-32
-7.022623657003124752e-32
-6.753083390106749637e-32
-6.493895701958066409e-32
-6.244656222500392200e-32
-6.004980565081008122e-32
-5.774503738703983854e-32
-5.552873682811248123e-32
-5.339747740799536231e-32
-5.134801476228021226e-32
-4.937723970840910614e-32
-4.748205775750350427e-32
-4.565966535553669550e-32
-4.390716784766977995e-32
-4.222197914633094858e-32
-4.060143969555146596e-32
-3.904313385444039230e-32
-3.754462247221977136e-32
-3.610361921237725377e-32
-3.471791414553329364e-32
-3.338539432059228791e-32
-3.210402319359143697e-32
-3.087184062770074465e-32
-2.968695995448714117e-32
-2.854753564781983556e-32
-2.745184560847487315e-32
-2.639819712458706985e-32
-2.538501797246220086e-32
-2.441071976535871755e-32
-2.347380962545107563e-32
-2.257285932710302601e-32
-2.170648913382029103e-32
-2.087336485951468740e-32
-2.007222137839114262e-32
-1.930182736011717036e-32
-1.856099996350225569e-32
-1.784860336712991657e-32
-1.716355317746151944e-32
-1.650479585768513983e-32
-1.587131607455525498e-32
-1.526215873891182178e-32
-1.467637757780242831e-32
-1.411307774615251108e-32
-1.357139819435009277e-32
-1.305051313761372073e-32
-1.254961736231308169e-32
-1.206795120522395674e-32
-1.160476896211754300e-32
-1.115936166296350078e-32
-1.073105119445819946e-32
-1.031917854508120931e-32
-9.923116294722778925e-33
-9.542255390372388509e-33
-9.176012492958442501e-33
-8.823827038612392525e-33
-8.485157565248891062e-33
-8.159484651301668517e-33
-7.846311650407502471e-33
-7.545161017986371370e-33
-7.255564025665884828e-33
-6.977087944588146389e-33
-6.709298576527321072e-33
-6.451790375932375187e-33
-6.204162205356090628e-33
-5.966039743316127424e-33
-5.737056382511822873e-33
-5.516860209321899554e-33
-5.305116207856373113e-33
-5.101498178432890367e-33
-4.905696084416421936e-33
-4.717408705379569611e-33
-4.536349881916305090e-33
-4.362238597408384920e-33
-4.194809998284889455e-33
-4.033808047182530214e-33
-3.878985155603665254e-33
-3.730105122652176222e-33
-3.586937992245683507e-33
-3.449266665271269617e-33
-3.316880287429755806e-33
-3.189573881893717437e-33
-3.067153675766261149e-33
-2.949432875648201586e-33
-2.836230014599130559e-33
-2.727372074544286413e-33
-2.622691363867684655e-33
-2.522028272477002696e-33
-2.425229435093656691e-33
-2.332146445555855327e-33
-2.242636224160584453e-33
-2.156561201334599398e-33
-2.073790052318394235e-33
-1.994196044127270936e-33
-1.917656300867370109e-33
-1.844053824116586472e-33
-1.773276941911591910e-33
-1.705216370011958411e-33
-1.639768334307027446e-33
-1.576832183093009857e-33
-1.516311305427947437e-33
-1.458113498473697562e-33
-1.402149314457002350e-33
-1.348332979024450236e-33
-1.296582483077972134e-33
-1.246818113406902908e-33
-1.198963646549431426e-33
-1.152945889615119768e-33
-1.108694404778414755e-33
-1.066141417443151789e-33
-1.025221357065074065e-33
-9.858722346842749384e-34
-9.480332552022978195e-34
-9.116467459275554896e-34
-8.766565953718954160e-34
-8.430097226185382800e-34
-8.106540569411625003e-34
-7.795402826783312358e-34
-7.496204617010500151e-34
-7.208490895209725534e-34
-6.931820391821949361e-34
-6.665768826854921712e-34
-6.409930287415624265e-34
-6.163908962515616078e-34
-5.927331081685534128e-34
-5.699831598828150400e-34
-5.481065671655391635e-34
-5.270695804718877217e-34
-5.068401032959534966e-34
