9.800138473510742188e+00
1.111410331726074219e+01
1.306467056274414062e+01
1.548686313629150391e+01
1.766258239746093750e+01
1.932456398010253906e+01
2.072444152832031250e+01
2.183551406860351562e+01
2.283387756347656250e+01
2.388662147521972656e+01
2.463250350952148438e+01
2.540729141235351562e+01
2.617338180541992188e+01
2.680578231811523438e+01
2.732780647277832031e+01
2.802303123474121094e+01
2.859659767150878906e+01
2.908567047119140625e+01
2.952923965454101562e+01
3.000663185119628906e+01
3.027256011962890625e+01
3.068780899047851562e+01
3.107359313964843750e+01
3.158839035034179688e+01
3.188371658325195312e+01
3.227317428588867188e+01
3.257331085205078125e+01
3.278535842895507812e+01
3.306531524658203125e+01
3.325369262695312500e+01
3.348710632324218750e+01
3.381840133666992188e+01
3.395954132080078125e+01
3.401551437377929688e+01
3.431421661376953125e+01
3.452211761474609375e+01
3.461869812011718750e+01
3.470314788818359375e+01
3.492941284179687500e+01
3.511740112304687500e+01
3.526895141601562500e+01
3.537774658203125000e+01
3.553845214843750000e+01
3.560583496093750000e+01
3.567695999145507812e+01
3.586241912841796875e+01
3.596638488769531250e+01
3.587788772583007812e+01
3.600712585449218750e+01
3.606801605224609375e+01
3.622622680664062500e+01
3.612634277343750000e+01
3.616277313232421875e+01
3.606500244140625000e+01
3.610855102539062500e+01
3.607392120361328125e+01
3.614276504516601562e+01
3.613433074951171875e+01
3.617328643798828125e+01
3.625525665283203125e+01
3.626351928710937500e+01
3.628845214843750000e+01
3.636071395874023438e+01
3.632936096191406250e+01
3.632151794433593750e+01
3.629523086547851562e+01
3.633172988891601562e+01
3.633262634277343750e+01
3.641024780273437500e+01
3.638586425781250000e+01
3.637234497070312500e+01
3.623516464233398438e+01
3.619290161132812500e+01
3.636454391479492188e+01
3.622871398925781250e+01
3.608757019042968750e+01
3.628094482421875000e+01
3.633414459228515625e+01
3.636557006835937500e+01
3.628628540039062500e+01
3.649688720703125000e+01
3.660344696044921875e+01
3.651806640625000000e+01
3.635557937622070312e+01
3.633237457275390625e+01
3.611531066894531250e+01
3.609642028808593750e+01
3.635357666015625000e+01
3.627325439453125000e+01
3.630105590820312500e+01
3.616783523559570312e+01
3.613188171386718750e+01
3.611419677734375000e+01
3.609865570068359375e+01
3.606094360351562500e+01
3.601263427734375000e+01
3.611246490478515625e+01
3.605095672607421875e+01
3.602774810791015625e+01
3.610953521728515625e+01
3.594017028808593750e+01
3.600097656250000000e+01
3.605400848388671875e+01
3.596706771850585938e+01
3.597320175170898438e+01
3.608654022216796875e+01
3.594181060791015625e+01
3.609308624267578125e+01
3.594776153564453125e+01
3.607781219482421875e+01
3.600903320312500000e+01
3.614907836914062500e+01
3.604847335815429688e+01
3.603228759765625000e+01
3.576850128173828125e+01
3.576862716674804688e+01
3.586890792846679688e+01
3.587490081787109375e+01
3.571935272216796875e+01
3.588406753540039062e+01
3.576692199707031250e+01
3.592642974853515625e+01
3.586371612548828125e+01
3.589440155029296875e+01
3.568466186523437500e+01
3.575837707519531250e+01
3.566078567504882812e+01
3.578756713867187500e+01
3.572647094726562500e+01
3.566811370849609375e+01
3.571217346191406250e+01
3.578099822998046875e+01
3.567999267578125000e+01
3.565060424804687500e+01
3.565895843505859375e+01
3.575200653076171875e+01
3.560359573364257812e+01
3.564763641357421875e+01
3.572253799438476562e+01
3.575950622558593750e+01
3.574675369262695312e+01
3.564456939697265625e+01
3.566757965087890625e+01
3.552148437500000000e+01
3.570965576171875000e+01
3.566680145263671875e+01
3.587278747558593750e+01
3.581524658203125000e+01
3.569125366210937500e+01
3.559125518798828125e+01
3.555088806152343750e+01
3.536441802978515625e+01
3.532529830932617188e+01
3.541375732421875000e+01
3.544143676757812500e+01
3.542469787597656250e+01
3.532185363769531250e+01
3.531404113769531250e+01
3.536484527587890625e+01
3.521852111816406250e+01
3.537013244628906250e+01
3.522206115722656250e+01
3.529563140869140625e+01
3.516311264038085938e+01
3.525453186035156250e+01
3.530875015258789062e+01
3.542789459228515625e+01
3.523112487792968750e+01
3.531922149658203125e+01
3.530918121337890625e+01
3.549188613891601562e+01
3.551201629638671875e+01
3.541322326660156250e+01
3.549082946777343750e+01
3.552576446533203125e+01
3.545883178710937500e+01
3.540132904052734375e+01
3.514598083496093750e+01
3.514083862304687500e+01
3.502927017211914062e+01
3.506575012207031250e+01
3.494808197021484375e+01
3.508889770507812500e+01
3.522586822509765625e+01
3.529125976562500000e+01
3.520068740844726562e+01
3.519103240966796875e+01
3.517503738403320312e+01
3.508484268188476562e+01
3.496229171752929688e+01
3.497750854492187500e+01
3.510218811035156250e+01
3.509365844726562500e+01
3.502204132080078125e+01
3.500004196166992188e+01
3.500552368164062500e+01
3.500220108032226562e+01
3.497432708740234375e+01
3.491271972656250000e+01
3.489829635620117188e+01
3.487966156005859375e+01
3.484486389160156250e+01
3.471452713012695312e+01
3.474273681640625000e+01
3.459512710571289062e+01
3.454810333251953125e+01
3.461476135253906250e+01
3.469446945190429688e+01
3.474427795410156250e+01
3.470258331298828125e+01
3.474367904663085938e+01
3.476630401611328125e+01
3.488356781005859375e+01
3.470304107666015625e+01
3.480598831176757812e+01
3.458599472045898438e+01
3.483134841918945312e+01
3.489587402343750000e+01
3.473328399658203125e+01
3.464373779296875000e+01
3.459201049804687500e+01
3.459651184082031250e+01
3.468402099609375000e+01
3.482338714599609375e+01
3.472635650634765625e+01
3.474328613281250000e+01
3.470081329345703125e+01
3.475471496582031250e+01
3.497989654541015625e+01
3.480483245849609375e+01
3.474393463134765625e+01
3.455130004882812500e+01
3.442090988159179688e+01
3.450210571289062500e+01
3.454066085815429688e+01
3.457240295410156250e+01
3.439819335937500000e+01
3.444752502441406250e+01
3.460417175292968750e+01
3.448963546752929688e+01
3.448488616943359375e+01
3.466189956665039062e+01
3.462158966064453125e+01
3.468980789184570312e+01
3.464875030517578125e+01
3.465493011474609375e+01
3.468563079833984375e+01
3.470308685302734375e+01
3.464108276367187500e+01
3.471511840820312500e+01
3.475805282592773438e+01
3.467723846435546875e+01
3.469292449951171875e+01
3.475222396850585938e+01
3.480498886108398438e+01
3.478481292724609375e+01
3.465009307861328125e+01
3.457456588745117188e+01
3.446059036254882812e+01
3.449495315551757812e+01
3.452470397949218750e+01
3.455590057373046875e+01
3.457381820678710938e+01
3.451536941528320312e+01
3.479065322875976562e+01
3.446952056884765625e+01
3.454191589355468750e+01
3.453721618652343750e+01
3.442323303222656250e+01
3.447192382812500000e+01
3.451251602172851562e+01
3.456261062622070312e+01
3.462690734863281250e+01
3.454461288452148438e+01
3.452193832397460938e+01
3.456526947021484375e+01
3.430389022827148438e+01
3.435629653930664062e+01
3.428312683105468750e+01
3.436679458618164062e+01
3.453870391845703125e+01
3.447661972045898438e+01
3.447677612304687500e+01
3.433957290649414062e+01
3.425064468383789062e+01
3.426486968994140625e+01
3.416332626342773438e+01
3.408655548095703125e+01
3.406248474121093750e+01
3.430129241943359375e+01
3.439956665039062500e+01
3.433884811401367188e+01
3.439637756347656250e+01
3.432745742797851562e+01
3.427913284301757812e+01
3.428486633300781250e+01
3.433722686767578125e+01
3.439439773559570312e+01
3.456024932861328125e+01
3.431041717529296875e+01
3.432389068603515625e+01
3.420024108886718750e+01
3.414818191528320312e+01
3.422551345825195312e+01
3.416030120849609375e+01
3.409089660644531250e+01
3.421292877197265625e+01
3.415372848510742188e+01
3.413809967041015625e+01
3.422115325927734375e+01
3.437110900878906250e+01
3.437300109863281250e+01
3.446751403808593750e+01
3.428974151611328125e+01
3.431058502197265625e+01
3.416156005859375000e+01
3.417892837524414062e+01
3.407640075683593750e+01
3.405705642700195312e+01
3.427177429199218750e+01
3.420930099487304688e+01
3.420424652099609375e+01
3.425565338134765625e+01
3.418975448608398438e+01
3.417951202392578125e+01
3.404646301269531250e+01
3.413028717041015625e+01
3.405852508544921875e+01
3.418510437011718750e+01
3.422841644287109375e+01
3.443426513671875000e+01
3.427245330810546875e+01
3.426376724243164062e+01
3.427222442626953125e+01
3.408624267578125000e+01
3.415634155273437500e+01
3.420082855224609375e+01
3.432545089721679688e+01
3.446308898925781250e+01
3.435066986083984375e+01
3.434450149536132812e+01
3.442354583740234375e+01
3.425548553466796875e+01
3.426861190795898438e+01
3.425937652587890625e+01
3.426009750366210938e+01
3.414434814453125000e+01
3.403647232055664062e+01
3.394288635253906250e+01
3.389608764648437500e+01
3.399664688110351562e+01
3.409087753295898438e+01
3.404693603515625000e+01
3.400251770019531250e+01
3.399316024780273438e+01
3.395684814453125000e+01
3.389615631103515625e+01
3.381971740722656250e+01
3.395020294189453125e+01
3.405947875976562500e+01
3.396366882324218750e+01
3.411081695556640625e+01
3.394048690795898438e+01
3.386159515380859375e+01
3.398302459716796875e+01
3.406788635253906250e+01
3.389361190795898438e+01
3.385946655273437500e+01
3.392314910888671875e+01
3.409635925292968750e+01
3.401452636718750000e+01
3.421260833740234375e+01
3.421091461181640625e+01
3.430013656616210938e+01
3.420042419433593750e+01
3.400326538085937500e+01
3.424850463867187500e+01
3.423398590087890625e+01
3.410841369628906250e+01
3.402854919433593750e+01
3.402999496459960938e+01
3.391172027587890625e+01
3.405260467529296875e+01
3.382600021362304688e+01
3.385426330566406250e+01
3.406093597412109375e+01
3.402875137329101562e+01
3.391020965576171875e+01
3.399790191650390625e+01
3.414498138427734375e+01
3.408137512207031250e+01
3.411579513549804688e+01
3.422692489624023438e+01
3.415914916992187500e+01
3.417494964599609375e+01
3.444647979736328125e+01
3.421566390991210938e+01
3.418700408935546875e+01
3.408163452148437500e+01
3.409260940551757812e+01
3.399020385742187500e+01
3.411032867431640625e+01
3.390472030639648438e+01
3.405076599121093750e+01
3.390035629272460938e+01
3.374554061889648438e+01
3.399018096923828125e+01
3.395075225830078125e+01
3.390132141113281250e+01
3.402924346923828125e+01
3.385530090332031250e+01
3.394474792480468750e+01
3.389002990722656250e+01
3.390476226806640625e+01
3.394453430175781250e+01
3.407049560546875000e+01
3.403976440429687500e+01
3.392705535888671875e+01
3.402474975585937500e+01
3.386490249633789062e+01
3.391881179809570312e+01
3.367466354370117188e+01
3.357046508789062500e+01
3.375538635253906250e+01
3.374085235595703125e+01
3.385088729858398438e+01
3.383713531494140625e+01
3.403305816650390625e+01
3.395620727539062500e+01
3.380160903930664062e+01
3.384783935546875000e+01
3.385615539550781250e+01
3.380814361572265625e+01
3.391528320312500000e+01
3.381852340698242188e+01
3.382280731201171875e+01
3.408392333984375000e+01
3.400567626953125000e+01
3.394542694091796875e+01
3.396429443359375000e+01
3.391807556152343750e+01
3.386273956298828125e+01
3.387194824218750000e+01
3.375012207031250000e+01
3.350984573364257812e+01
3.373526763916015625e+01
3.381471252441406250e+01
3.390975189208984375e+01
3.373155975341796875e+01
3.361492156982421875e+01
3.371167755126953125e+01
3.379142379760742188e+01
3.399451828002929688e+01
3.396922302246093750e+01
3.410768890380859375e+01
3.400508117675781250e+01
3.381939315795898438e+01
3.392614746093750000e+01
3.400473785400390625e+01
3.388428497314453125e+01
3.395793533325195312e+01
3.382075881958007812e+01
3.384217834472656250e+01
3.407340621948242188e+01
3.417425537109375000e+01
3.407479476928710938e+01
3.385185241699218750e+01
3.378844451904296875e+01
3.375898742675781250e+01
3.400478363037109375e+01
3.394970703125000000e+01
3.388719940185546875e+01
3.406402969360351562e+01
3.396596527099609375e+01
3.402387619018554688e+01
3.409847259521484375e+01
3.398120880126953125e+01
3.394290924072265625e+01
3.376251220703125000e+01
3.395806503295898438e+01
3.389308929443359375e+01
3.407080078125000000e+01
3.413123703002929688e+01
3.392033767700195312e+01
3.371507263183593750e+01
3.389395523071289062e+01
3.368301773071289062e+01
3.375888824462890625e+01
3.378736114501953125e+01
3.387271118164062500e+01
3.392530822753906250e+01
3.377423095703125000e+01
3.377689361572265625e+01
3.362374114990234375e+01
3.367876434326171875e+01
3.380769348144531250e+01
3.383093261718750000e+01
3.382070541381835938e+01
3.377498626708984375e+01
3.365447998046875000e+01
3.369910812377929688e+01
3.383086395263671875e+01
3.363665008544921875e+01
3.352883148193359375e+01
3.377971267700195312e+01
3.376288986206054688e+01
3.380458831787109375e+01
3.377282714843750000e+01
3.397479248046875000e+01
3.406204986572265625e+01
3.386959457397460938e+01
3.392151641845703125e+01
3.359289169311523438e+01
3.355835723876953125e+01
3.356477355957031250e+01
3.346322631835937500e+01
3.360179138183593750e+01
3.350234222412109375e+01
3.360470581054687500e+01
3.369672393798828125e+01
3.348448562622070312e+01
3.354489517211914062e+01
3.362183380126953125e+01
3.361000442504882812e+01
3.357537078857421875e+01
3.348092651367187500e+01
3.356261444091796875e+01
3.357110214233398438e+01
3.357434844970703125e+01
3.348227691650390625e+01
3.343449783325195312e+01
3.328230285644531250e+01
3.335214614868164062e+01
3.327621841430664062e+01
3.321593475341796875e+01
3.340879058837890625e+01
3.349737548828125000e+01
3.344211196899414062e+01
3.343684768676757812e+01
3.342091369628906250e+01
3.340993499755859375e+01
3.353490447998046875e+01
3.354445648193359375e+01
3.342743682861328125e+01
3.345175170898437500e+01
3.345614242553710938e+01
3.366539001464843750e+01
3.352027893066406250e+01
3.325297927856445312e+01
3.335802078247070312e+01
3.335875701904296875e+01
3.341641998291015625e+01
3.341772460937500000e+01
3.338022232055664062e+01
3.334825134277343750e+01
3.336088943481445312e+01
3.342938995361328125e+01
3.347879028320312500e+01
3.346914672851562500e+01
3.346214294433593750e+01
3.346466827392578125e+01
3.330108642578125000e+01
3.346773529052734375e+01
3.350666809082031250e+01
3.332555389404296875e+01
3.348161315917968750e+01
3.340614700317382812e+01
3.336546707153320312e+01
3.341564941406250000e+01
3.330232238769531250e+01
3.320992279052734375e+01
3.331201934814453125e+01
3.344893646240234375e+01
3.353251647949218750e+01
3.365920257568359375e+01
3.362837219238281250e+01
3.363775634765625000e+01
3.373872756958007812e+01
3.367633056640625000e+01
3.381232833862304688e+01
3.386865997314453125e+01
3.386936950683593750e+01
3.380128479003906250e+01
3.370653152465820312e+01
3.369709777832031250e+01
3.378744125366210938e+01
3.378223419189453125e+01
3.381001281738281250e+01
3.388858032226562500e+01
3.391954040527343750e+01
3.395702362060546875e+01
3.408292388916015625e+01
3.402915191650390625e+01
3.402115631103515625e+01
3.394244003295898438e+01
3.369288635253906250e+01
3.382350158691406250e+01
3.384111785888671875e+01
3.394857025146484375e+01
3.394415283203125000e+01
3.384061431884765625e+01
3.370217132568359375e+01
3.371563339233398438e+01
3.381947708129882812e+01
3.389234161376953125e+01
3.385576248168945312e+01
3.378800582885742188e+01
3.386034774780273438e+01
3.398677825927734375e+01
3.382180786132812500e+01
3.376835250854492188e+01
3.378178787231445312e+01
3.399884796142578125e+01
3.406089782714843750e+01
3.394458389282226562e+01
3.393295288085937500e+01
3.385528564453125000e+01
3.370571899414062500e+01
3.378487396240234375e+01
3.366766357421875000e+01
3.372814559936523438e+01
3.360661315917968750e+01
3.347645568847656250e+01
3.356925582885742188e+01
3.357441711425781250e+01
3.333935928344726562e+01
3.349464416503906250e+01
3.351440048217773438e+01
3.366460800170898438e+01
3.356398010253906250e+01
3.357794189453125000e+01
3.357438278198242188e+01
3.355593872070312500e+01
3.375067138671875000e+01
3.361085891723632812e+01
3.359600067138671875e+01
3.354566955566406250e+01
3.351550292968750000e+01
3.364331054687500000e+01
3.353970718383789062e+01
3.349850463867187500e+01
3.365570831298828125e+01
3.350473022460937500e+01
3.371674346923828125e+01
3.365547943115234375e+01
3.387066650390625000e+01
3.368988800048828125e+01
3.368759155273437500e+01
3.363661956787109375e+01
3.347981262207031250e+01
3.350157546997070312e+01
3.341740036010742188e+01
3.343709564208984375e+01
3.359978866577148438e+01
3.351993560791015625e+01
3.363539123535156250e+01
3.377190399169921875e+01
3.369414520263671875e+01
3.338134765625000000e+01
3.337367248535156250e+01
3.347166824340820312e+01
3.355936431884765625e+01
3.343782806396484375e+01
3.356103897094726562e+01
3.341901779174804688e+01
3.343592834472656250e+01
3.366494369506835938e+01
3.370624923706054688e+01
3.361959457397460938e+01
3.366340255737304688e+01
3.377210998535156250e+01
3.379909133911132812e+01
3.386882781982421875e+01
3.389348220825195312e+01
3.388114929199218750e+01
3.390213012695312500e+01
3.392119216918945312e+01
3.374776840209960938e+01
3.383541107177734375e+01
3.382224273681640625e+01
3.385226440429687500e+01
3.396197509765625000e+01
3.389647674560546875e+01
3.386709213256835938e+01
3.370935058593750000e+01
3.370797729492187500e+01
3.374816131591796875e+01
3.365584564208984375e+01
3.355130767822265625e+01
3.359287261962890625e+01
3.338735198974609375e+01
3.358959579467773438e+01
3.362617111206054688e+01
3.375344085693359375e+01
3.376845550537109375e+01
3.363046264648437500e+01
3.356042098999023438e+01
3.356011962890625000e+01
3.359158325195312500e+01
3.340396118164062500e+01
3.344985198974609375e+01
3.354632186889648438e+01
3.376635742187500000e+01
3.365741348266601562e+01
3.372634124755859375e+01
3.362214660644531250e+01
3.351043701171875000e+01
3.359573364257812500e+01
3.345648193359375000e+01
3.346126556396484375e+01
3.358497619628906250e+01
3.341873168945312500e+01
3.351789855957031250e+01
3.343379211425781250e+01
3.351599884033203125e+01
3.353240203857421875e+01
3.344457244873046875e+01
3.336679458618164062e+01
3.338402938842773438e+01
3.328215026855468750e+01
3.323342132568359375e+01
3.312951660156250000e+01
3.318667221069335938e+01
3.329361724853515625e+01
3.333557510375976562e+01
3.331848907470703125e+01
3.333033370971679688e+01
3.315692901611328125e+01
3.314134979248046875e+01
3.310856246948242188e+01
3.325939941406250000e+01
3.333399200439453125e+01
3.335758972167968750e+01
3.342903137207031250e+01
3.336331558227539062e+01
3.339033126831054688e+01
3.347380065917968750e+01
3.352008819580078125e+01
3.349583435058593750e+01
3.352166366577148438e+01
3.339323806762695312e+01
3.338655471801757812e+01
3.358985137939453125e+01
3.361341857910156250e+01
3.356316757202148438e+01
3.346978378295898438e+01
3.350975799560546875e+01
3.351887130737304688e+01
3.343573379516601562e+01
3.340110778808593750e+01
3.356289291381835938e+01
3.340991210937500000e+01
3.349022674560546875e+01
3.351869964599609375e+01
3.350406646728515625e+01
3.376190567016601562e+01
3.373242950439453125e+01
3.361179351806640625e+01
3.352581024169921875e+01
3.342127990722656250e+01
3.331254577636718750e+01
3.339119720458984375e+01
3.341108703613281250e+01
3.341331100463867188e+01
3.331535339355468750e+01
3.336835479736328125e+01
3.335595321655273438e+01
3.343668365478515625e+01
3.348626708984375000e+01
3.336641693115234375e+01
3.370742797851562500e+01
3.349106597900390625e+01
3.343525314331054688e+01
3.328485107421875000e+01
3.314826965332031250e+01
3.320409393310546875e+01
3.321372604370117188e+01
3.297071838378906250e+01
3.310985946655273438e+01
3.307690429687500000e+01
3.315407180786132812e+01
3.318386840820312500e+01
3.328869628906250000e+01
3.338102340698242188e+01
3.341601562500000000e+01
3.359653472900390625e+01
3.337650299072265625e+01
3.339549255371093750e+01
3.334889984130859375e+01
3.326609802246093750e+01
3.353194808959960938e+01
3.341796875000000000e+01
3.332217025756835938e+01
3.340419006347656250e+01
3.328599548339843750e+01
3.333071899414062500e+01
3.315164947509765625e+01
3.305054473876953125e+01
3.288307952880859375e+01
3.299565124511718750e+01
3.300037765502929688e+01
3.300981521606445312e+01
3.288125228881835938e+01
3.301694869995117188e+01
3.306880187988281250e+01
3.305640411376953125e+01
3.313508605957031250e+01
3.327443695068359375e+01
3.317193984985351562e+01
3.305123138427734375e+01
3.334280395507812500e+01
3.319147109985351562e+01
3.327921676635742188e+01
3.326708984375000000e+01
3.317899322509765625e+01
3.327410125732421875e+01
3.321566390991210938e+01
3.324529266357421875e+01
3.348389816284179688e+01
3.351774215698242188e+01
3.346779251098632812e+01
3.331335830688476562e+01
3.338068389892578125e+01
3.347739410400390625e+01
3.337294769287109375e+01
3.338117599487304688e+01
3.335224914550781250e+01
3.338492584228515625e+01
3.330351638793945312e+01
3.335321807861328125e+01
3.339115524291992188e+01
3.333002471923828125e+01
3.341091918945312500e+01
3.320027160644531250e+01
3.334918212890625000e+01
3.352790069580078125e+01
3.343070602416992188e+01
3.334294509887695312e+01
3.335401153564453125e+01
3.334397125244140625e+01
3.343318176269531250e+01
3.328720092773437500e+01
3.341962051391601562e+01
3.321121978759765625e+01
3.327490234375000000e+01
3.331811523437500000e+01
3.319744491577148438e+01
3.319989013671875000e+01
3.319625473022460938e+01
3.315394973754882812e+01
3.315520477294921875e+01
3.318353271484375000e+01
3.334008407592773438e+01
3.346759033203125000e+01
3.334469604492187500e+01
3.319231033325195312e+01
3.322756195068359375e+01
3.322563171386718750e+01
3.308713912963867188e+01
3.292792892456054688e+01
3.302128601074218750e+01
3.297089385986328125e+01
3.311452484130859375e+01
3.315367889404296875e+01
3.322568511962890625e+01
3.325431442260742188e+01
3.333125305175781250e+01
3.310616302490234375e+01
3.330565643310546875e+01
3.320633316040039062e+01
3.309798431396484375e+01
3.312338638305664062e+01
3.307717895507812500e+01
3.323199462890625000e+01
3.307739639282226562e+01
3.310887145996093750e+01
3.313586425781250000e+01
3.307929229736328125e+01
3.301699447631835938e+01
3.315113830566406250e+01
3.320047760009765625e+01
3.317546844482421875e+01
3.316542053222656250e+01
3.340278625488281250e+01
3.341305541992187500e+01
3.344156646728515625e+01
3.346571731567382812e+01
3.342499160766601562e+01
3.357789993286132812e+01
3.346465682983398438e+01
3.340840148925781250e+01
3.345176696777343750e+01
3.338455200195312500e+01
3.311079406738281250e+01
3.300900268554687500e+01
3.288513565063476562e+01
3.308221054077148438e+01
3.283134841918945312e+01
3.299311828613281250e+01
3.304034042358398438e+01
3.306822204589843750e+01
3.304133605957031250e+01
3.308116531372070312e+01
3.306964874267578125e+01
3.306821441650390625e+01
3.299188232421875000e+01
3.294334030151367188e+01
3.316735076904296875e+01
3.319499969482421875e+01
3.298035812377929688e+01
3.295269775390625000e+01
3.304075622558593750e+01
3.323078536987304688e+01
3.293535614013671875e+01
3.322998428344726562e+01
3.304025650024414062e+01
3.307338333129882812e+01
3.303608703613281250e+01
3.290563201904296875e+01
3.299641799926757812e+01
3.317870330810546875e+01
3.304480743408203125e+01
3.292434310913085938e+01
3.302791595458984375e+01
3.293764495849609375e+01
3.302346801757812500e+01
3.309062957763671875e+01
3.309033966064453125e+01
3.313850021362304688e+01
3.309570312500000000e+01
3.313540649414062500e+01
3.296068572998046875e+01
3.307175064086914062e+01
3.297488403320312500e+01
3.299735260009765625e+01
3.306523132324218750e+01
3.306007003784179688e+01
3.324611663818359375e+01
3.323732757568359375e+01
3.331070709228515625e+01
3.322136688232421875e+01
3.318887329101562500e+01
3.321659851074218750e+01
3.330068206787109375e+01
3.319218826293945312e+01
3.310014724731445312e+01
3.313292312622070312e+01
3.319434356689453125e+01
3.327711868286132812e+01
3.337835311889648438e+01
3.319245910644531250e+01
3.310113525390625000e+01
3.312541961669921875e+01
3.340961456298828125e+01
3.329448699951171875e+01
3.344174957275390625e+01
3.331179428100585938e+01
3.341473770141601562e+01
3.342897415161132812e+01
3.341230392456054688e+01
3.356738281250000000e+01
3.336573028564453125e+01
3.342910766601562500e+01
3.338964462280273438e+01
3.320417404174804688e+01
3.339493942260742188e+01
3.351718902587890625e+01
3.343641662597656250e+01
3.353147888183593750e+01
3.334331893920898438e+01
3.341703033447265625e+01
3.322456741333007812e+01
3.318188476562500000e+01
3.307232284545898438e+01
3.295978164672851562e+01
3.301900863647460938e+01
3.298563766479492188e+01
3.325303649902343750e+01
3.309431457519531250e+01
3.318445205688476562e+01
3.324042129516601562e+01
3.326306915283203125e+01
3.331130218505859375e+01
3.323820877075195312e+01
3.307350921630859375e+01
3.306571960449218750e+01
3.299088287353515625e+01
3.291645431518554688e+01
3.280333709716796875e+01
3.287209701538085938e+01
3.304907989501953125e+01
3.318328475952148438e+01
3.307510375976562500e+01
3.313217926025390625e+01
3.319808197021484375e+01
3.318699264526367188e+01
3.325729751586914062e+01
3.319636917114257812e+01
3.334018325805664062e+01
3.328256988525390625e+01
3.312847900390625000e+01
3.310182189941406250e+01
3.306417846679687500e+01
3.330016326904296875e+01
3.339997863769531250e+01
3.331542205810546875e+01
3.320652389526367188e+01
3.304734039306640625e+01
3.313669204711914062e+01
3.317287445068359375e+01
3.321414184570312500e+01
3.307904815673828125e+01
3.313843154907226562e+01
3.319345092773437500e+01
3.328119659423828125e+01
3.327306365966796875e+01
3.331044769287109375e+01
3.318905639648437500e+01
3.328511047363281250e+01
3.312742233276367188e+01
3.309158325195312500e+01
3.313397216796875000e+01
3.316158676147460938e+01
3.325446319580078125e+01
3.315057373046875000e+01
3.303574371337890625e+01
3.296286392211914062e+01
3.311473083496093750e+01
3.308783340454101562e+01
3.307815551757812500e+01
3.315364837646484375e+01
3.305064392089843750e+01
3.292914581298828125e+01
3.290715026855468750e+01
3.318723297119140625e+01
3.297356414794921875e+01
3.308066940307617188e+01
3.311587524414062500e+01
3.319109344482421875e+01
3.329077148437500000e+01
3.323524475097656250e+01
3.334278869628906250e+01
3.317344284057617188e+01
3.300800323486328125e+01
3.305220413208007812e+01
3.280594253540039062e+01
3.272798538208007812e+01
3.275045776367187500e+01
3.283299255371093750e+01
3.283853149414062500e+01
3.286221313476562500e+01
3.266045379638671875e+01
3.278878021240234375e+01
3.279536437988281250e+01
3.291342544555664062e+01
3.289916992187500000e+01
3.284230041503906250e+01
3.292105102539062500e+01
3.281629943847656250e+01
3.298888397216796875e+01
3.288261032104492188e+01
3.297740554809570312e+01
3.293677520751953125e+01
3.279501724243164062e+01
3.289602279663085938e+01
3.303065109252929688e+01
3.307782745361328125e+01
3.310431289672851562e+01
3.311199188232421875e+01
3.338824081420898438e+01
3.323123550415039062e+01
3.321165466308593750e+01
3.319617462158203125e+01
3.311081314086914062e+01
3.315555191040039062e+01
3.325573348999023438e+01
3.335111236572265625e+01
3.324844360351562500e+01
3.309743881225585938e+01
3.315227890014648438e+01
3.316335296630859375e+01
3.319905090332031250e+01
3.318645477294921875e+01
3.307542037963867188e+01
3.314786529541015625e+01
3.316881179809570312e+01
3.305764007568359375e+01
3.308134460449218750e+01
3.298676300048828125e+01
3.303486251831054688e+01
3.323035430908203125e+01
3.324617767333984375e+01
3.317311859130859375e+01
3.315496063232421875e+01
3.310911560058593750e+01
3.313487243652343750e+01
3.308243560791015625e+01
3.322515487670898438e+01
3.323321914672851562e+01
3.329542541503906250e+01
3.337221145629882812e+01
3.342842864990234375e+01
3.318614578247070312e+01
3.303760528564453125e+01
3.289415740966796875e+01
3.306678390502929688e+01
3.305507659912109375e+01
3.309633636474609375e+01
3.307632446289062500e+01
3.319137191772460938e+01
3.317180633544921875e+01
3.324584579467773438e+01
3.338352203369140625e+01
3.329791641235351562e+01
3.337287139892578125e+01
3.350975036621093750e+01
3.327936172485351562e+01
3.326920318603515625e+01
3.336221313476562500e+01
3.340039062500000000e+01
3.323667144775390625e+01
3.318201446533203125e+01
3.303297424316406250e+01
3.289641952514648438e+01
3.285126495361328125e+01
3.292202758789062500e+01
3.308972167968750000e+01
3.301042556762695312e+01
3.293048858642578125e+01
3.290953826904296875e+01
3.295859909057617188e+01
3.291221618652343750e+01
3.301545333862304688e+01
3.296223068237304688e+01
3.297051239013671875e+01
3.300195693969726562e+01
3.312493896484375000e+01
3.299001693725585938e+01
3.311313629150390625e+01
3.301100540161132812e+01
3.314235687255859375e+01
3.292459487915039062e+01
3.297594070434570312e+01
3.321216583251953125e+01
3.296786499023437500e+01
3.288509368896484375e+01
3.287704849243164062e+01
3.282955932617187500e+01
3.291173553466796875e+01
3.309637832641601562e+01
3.322847366333007812e+01
3.315176391601562500e+01
3.310977554321289062e+01
3.317510986328125000e+01
3.305252075195312500e+01
3.299089050292968750e+01
3.298770904541015625e+01
3.305400848388671875e+01
3.309629058837890625e+01
3.320712280273437500e+01
3.313660049438476562e+01
3.298304748535156250e+01
3.301568984985351562e+01
3.301041412353515625e+01
3.308608245849609375e+01
3.305160522460937500e+01
3.307668304443359375e+01
3.300533294677734375e+01
3.295231628417968750e+01
3.301429367065429688e+01
3.277194213867187500e+01
3.282770919799804688e+01
3.293249511718750000e+01
3.302037048339843750e+01
3.317471694946289062e+01
3.328147125244140625e+01
3.324735641479492188e+01
3.338241577148437500e+01
3.322090911865234375e+01
3.309283828735351562e+01
3.290306091308593750e+01
3.283126449584960938e+01
3.294601440429687500e+01
3.305604934692382812e+01
3.300231170654296875e+01
3.313287734985351562e+01
3.305413818359375000e+01
3.310685348510742188e+01
3.299567794799804688e+01
3.307981491088867188e+01
3.281961822509765625e+01
3.262211990356445312e+01
3.254433059692382812e+01
3.269123840332031250e+01
3.280325317382812500e+01
3.278972625732421875e+01
3.299097061157226562e+01
3.299407958984375000e+01
3.293994140625000000e+01
3.283562088012695312e+01
3.283171463012695312e+01
3.291028594970703125e+01
3.304232788085937500e+01
3.295985412597656250e+01
3.290918350219726562e+01
3.312342834472656250e+01
3.343139648437500000e+01
3.319726562500000000e+01
3.307775497436523438e+01
3.313974761962890625e+01
3.316300964355468750e+01
3.302323532104492188e+01
3.289639663696289062e+01
3.302481079101562500e+01
3.301947021484375000e+01
3.311167144775390625e+01
3.327906036376953125e+01
3.304437637329101562e+01
3.309620666503906250e+01
3.308352279663085938e+01
3.323538589477539062e+01
3.326046752929687500e+01
3.330693817138671875e+01
3.323058319091796875e+01
3.310512161254882812e+01
3.301657485961914062e+01
3.303122711181640625e+01
3.296505737304687500e+01
3.302388000488281250e+01
3.300839233398437500e+01
3.289682769775390625e+01
3.300226593017578125e+01
3.305104827880859375e+01
3.310083007812500000e+01
3.304732513427734375e+01
3.282426834106445312e+01
3.290743255615234375e+01
3.298017883300781250e+01
3.289853286743164062e+01
3.282048034667968750e+01
3.296073150634765625e+01
3.287211608886718750e+01
3.275204086303710938e+01
3.272912597656250000e+01
3.276050186157226562e+01
3.275379180908203125e+01
3.290120697021484375e+01
3.265114212036132812e+01
3.267574310302734375e+01
3.266466140747070312e+01
3.278800964355468750e+01
3.254376602172851562e+01
3.268799209594726562e+01
3.262780761718750000e+01
3.275951766967773438e+01
3.269454956054687500e+01
3.269417572021484375e+01
3.272956848144531250e+01
3.267951202392578125e+01
3.276021575927734375e+01
3.265024566650390625e+01
3.252700042724609375e+01
3.255667877197265625e+01
3.272621154785156250e+01
3.273216629028320312e+01
3.270906829833984375e+01
3.263450241088867188e+01
3.272310638427734375e+01
3.269459915161132812e+01
3.289381408691406250e+01
3.273147964477539062e+01
3.270028686523437500e+01
3.266978454589843750e+01
3.257779693603515625e+01
3.266273498535156250e+01
3.261334609985351562e+01
3.256153106689453125e+01
3.272080993652343750e+01
3.288956451416015625e+01
3.293997955322265625e+01
3.309703445434570312e+01
3.296174621582031250e+01
3.295197296142578125e+01
3.280290603637695312e+01
3.276833343505859375e+01
3.268851470947265625e+01
3.261923217773437500e+01
3.266731262207031250e+01
3.266883850097656250e+01
3.291135406494140625e+01
3.293004989624023438e+01
3.301423645019531250e+01
3.308900451660156250e+01
3.296633529663085938e+01
3.294744110107421875e+01
3.292608261108398438e+01
3.291253662109375000e+01
3.283882904052734375e+01
3.287673187255859375e+01
3.295919036865234375e+01
3.283616638183593750e+01
3.294517135620117188e+01
3.291683197021484375e+01
3.287328720092773438e+01
3.286598205566406250e+01
3.293961715698242188e+01
3.304920196533203125e+01
3.292428588867187500e+01
3.299823379516601562e+01
3.299951171875000000e+01
3.296209716796875000e+01
3.302715301513671875e+01
3.298011016845703125e+01
3.282773971557617188e+01
3.293503570556640625e+01
3.294884872436523438e+01
3.297448348999023438e+01
3.281512069702148438e+01
3.286433410644531250e+01
3.283913421630859375e+01
3.285566329956054688e+01
3.283155441284179688e+01
3.291625213623046875e+01
3.269396972656250000e+01
3.279277420043945312e+01
3.286083221435546875e+01
3.284725952148437500e+01
3.260141372680664062e+01
3.271676635742187500e+01
3.280125427246093750e+01
3.267885971069335938e+01
3.272814178466796875e+01
3.276473617553710938e+01
3.276590728759765625e+01
3.280122375488281250e+01
3.264051437377929688e+01
3.274676513671875000e+01
3.288734436035156250e+01
3.286671447753906250e+01
3.278855895996093750e+01
3.272863006591796875e+01
3.273793411254882812e+01
3.273548126220703125e+01
3.283361053466796875e+01
3.292056655883789062e+01
3.293868255615234375e+01
3.285649871826171875e+01
3.296343994140625000e+01
3.297111511230468750e+01
3.283087158203125000e+01
3.278184127807617188e+01
3.264451599121093750e+01
3.276306915283203125e+01
3.262241363525390625e+01
3.277944946289062500e+01
3.270680236816406250e+01
3.267390441894531250e+01
3.277246093750000000e+01
3.262955093383789062e+01
3.272128677368164062e+01
3.268837738037109375e+01
3.279763793945312500e+01
3.293420028686523438e+01
3.278058624267578125e+01
3.270366668701171875e+01
3.278277969360351562e+01
3.277987289428710938e+01
3.271427154541015625e+01
3.274083709716796875e+01
3.276654434204101562e+01
3.280777740478515625e+01
3.259448242187500000e+01
3.263959121704101562e+01
3.243983840942382812e+01
3.256824874877929688e+01
3.251275634765625000e+01
3.256736755371093750e+01
3.260362625122070312e+01
3.280049133300781250e+01
3.265667724609375000e+01
3.278933715820312500e+01
3.281948471069335938e+01
3.273386383056640625e+01
3.281705474853515625e+01
3.272699356079101562e+01
3.290873336791992188e+01
3.283349990844726562e+01
3.277066802978515625e+01
3.288193511962890625e+01
3.300851440429687500e+01
3.279697799682617188e+01
3.269213104248046875e+01
3.275841522216796875e+01
3.279244995117187500e+01
3.273516082763671875e+01
3.276356506347656250e+01
3.292129898071289062e+01
3.302444839477539062e+01
3.302665710449218750e+01
3.286701202392578125e+01
3.297986221313476562e+01
3.279830169677734375e+01
3.283052825927734375e+01
3.265086364746093750e+01
3.267522048950195312e+01
3.256184005737304688e+01
3.258314514160156250e+01
3.280944061279296875e+01
3.275481796264648438e+01
3.280414581298828125e+01
3.276995086669921875e+01
3.280969619750976562e+01
3.270716476440429688e+01
3.273048400878906250e+01
3.270251846313476562e+01
3.260828781127929688e+01
3.272455596923828125e+01
3.272338867187500000e+01
3.275531768798828125e+01
3.304384994506835938e+01
3.281240844726562500e+01
3.286791992187500000e+01
3.294009017944335938e+01
3.281234359741210938e+01
3.271873474121093750e+01
3.281064987182617188e+01
3.292292785644531250e+01
3.279793548583984375e+01
3.275580978393554688e+01
3.265341949462890625e+01
3.272092819213867188e+01
3.267517852783203125e+01
3.281274414062500000e+01
3.287530899047851562e+01
3.288513565063476562e+01
3.266781234741210938e+01
3.272283935546875000e+01
3.275225067138671875e+01
3.264256286621093750e+01
3.257927322387695312e+01
3.266891860961914062e+01
3.267323303222656250e+01
3.264633941650390625e+01
3.273260498046875000e+01
3.280209732055664062e+01
3.276806640625000000e+01
3.268584060668945312e+01
3.281416320800781250e+01
3.280200958251953125e+01
3.277563095092773438e+01
3.258774566650390625e+01
3.236618804931640625e+01
3.253164291381835938e+01
3.259057998657226562e+01
3.257107162475585938e+01
3.269057083129882812e+01
3.271640396118164062e+01
3.267973709106445312e+01
3.270291137695312500e+01
3.262563323974609375e+01
3.263277053833007812e+01
3.259555435180664062e+01
3.270913314819335938e+01
3.255269622802734375e+01
3.242809295654296875e+01
3.254040145874023438e+01
3.250944900512695312e+01
3.260596084594726562e+01
3.244888305664062500e+01
3.239438629150390625e+01
3.238342285156250000e+01
3.252627182006835938e+01
3.261043930053710938e+01
3.257839202880859375e+01
3.280793380737304688e+01
3.273142623901367188e+01
3.270249176025390625e+01
3.270520782470703125e+01
3.255589675903320312e+01
3.247988891601562500e+01
3.268917846679687500e+01
3.263179779052734375e+01
3.277625274658203125e+01
3.246271514892578125e+01
3.235136032104492188e+01
3.224062347412109375e+01
3.231956100463867188e+01
3.229714584350585938e+01
3.239995574951171875e+01
3.267421340942382812e+01
3.273931884765625000e+01
3.273405075073242188e+01
3.265673065185546875e+01
3.267775344848632812e+01
3.256863403320312500e+01
3.253762054443359375e+01
3.254821395874023438e+01
3.252147674560546875e+01
3.247772216796875000e+01
3.256163787841796875e+01
3.255867004394531250e+01
3.239747619628906250e+01
3.246713256835937500e+01
3.246899795532226562e+01
3.219006729125976562e+01
3.233110809326171875e+01
3.254720306396484375e+01
3.264864349365234375e+01
3.274239730834960938e+01
3.269398117065429688e+01
3.268092346191406250e+01
3.272273635864257812e+01
3.284212112426757812e+01
3.274590682983398438e+01
3.265074539184570312e+01
3.251789093017578125e+01
3.273312377929687500e+01
3.274626159667968750e+01
3.267984008789062500e+01
3.267178344726562500e+01
3.268794250488281250e+01
3.291502380371093750e+01
3.274219131469726562e+01
3.272589492797851562e+01
3.270378875732421875e+01
3.274926757812500000e+01
3.280826950073242188e+01
3.257715606689453125e+01
3.262010955810546875e+01
3.272827911376953125e+01
3.268586730957031250e+01
3.245732498168945312e+01
3.260308074951171875e+01
3.248386764526367188e+01
3.252958679199218750e+01
3.252563476562500000e+01
3.247744369506835938e+01
3.282570266723632812e+01
3.289236450195312500e+01
3.276090621948242188e+01
3.284997558593750000e+01
3.292992782592773438e+01
3.261552810668945312e+01
3.260810470581054688e+01
3.262916564941406250e+01
3.256607818603515625e+01
3.280981445312500000e+01
3.285932159423828125e+01
3.264184188842773438e+01
3.260955810546875000e+01
3.261313247680664062e+01
3.263161087036132812e+01
3.236545181274414062e+01
3.231996154785156250e+01
3.231785202026367188e+01
3.239489364624023438e+01
3.245716857910156250e+01
3.237953186035156250e+01
3.231291580200195312e+01
3.234691619873046875e+01
3.255642318725585938e+01
3.264586639404296875e+01
3.262661743164062500e+01
3.257137298583984375e+01
3.242236328125000000e+01
3.244273376464843750e+01
3.257305908203125000e+01
3.257711410522460938e+01
3.252825927734375000e+01
3.249275207519531250e+01
3.254791259765625000e+01
3.237191772460937500e+01
3.239477539062500000e+01
3.233610534667968750e+01
3.223600006103515625e+01
3.224561309814453125e+01
3.231840133666992188e+01
3.238972091674804688e+01
3.244401168823242188e+01
3.246567535400390625e+01
3.256964874267578125e+01
3.246072006225585938e+01
3.234248733520507812e+01
3.226716613769531250e+01
3.218426513671875000e+01
3.229390716552734375e+01
3.246294021606445312e+01
3.250269699096679688e+01
3.249435424804687500e+01
3.245306396484375000e+01
3.241015625000000000e+01
3.240321731567382812e+01
3.235787200927734375e+01
3.242293167114257812e+01
3.242660522460937500e+01
3.216597366333007812e+01
3.234402084350585938e+01
3.246627426147460938e+01
3.250191497802734375e+01
3.255201721191406250e+01
3.247940444946289062e+01
3.245912551879882812e+01
3.224586105346679688e+01
3.239178466796875000e+01
3.235826110839843750e+01
3.234845733642578125e+01
3.243173599243164062e+01
3.246752929687500000e+01
3.227320480346679688e+01
3.219351577758789062e+01
3.224229812622070312e+01
3.230707931518554688e+01
3.232328796386718750e+01
3.226065826416015625e+01
3.232422256469726562e+01
3.238953781127929688e+01
3.220334625244140625e+01
3.232888031005859375e+01
3.239998245239257812e+01
3.239743804931640625e+01
3.234762573242187500e+01
3.246728134155273438e+01
3.239122772216796875e+01
3.248474121093750000e+01
3.243144989013671875e+01
3.250993347167968750e+01
3.240115356445312500e+01
3.231808471679687500e+01
3.241594314575195312e+01
3.234986495971679688e+01
3.250031280517578125e+01
3.251724243164062500e+01
3.249287033081054688e+01
3.259250640869140625e+01
3.240517044067382812e+01
3.227772903442382812e+01
3.220325088500976562e+01
3.217055892944335938e+01
3.226440429687500000e+01
3.214008331298828125e+01
3.248444366455078125e+01
3.247783660888671875e+01
3.237571716308593750e+01
3.236434173583984375e+01
3.236071777343750000e+01
3.228818511962890625e+01
3.223009490966796875e+01
3.219440460205078125e+01
3.235871124267578125e+01
3.252799224853515625e+01
3.253537368774414062e+01
3.253627014160156250e+01
3.242347717285156250e+01
3.238723754882812500e+01
3.226784896850585938e+01
3.217617416381835938e+01
3.247992324829101562e+01
3.244455718994140625e+01
3.235588073730468750e+01
3.237337493896484375e+01
3.243059539794921875e+01
3.237599945068359375e+01
3.243419265747070312e+01
3.228118896484375000e+01
3.232964324951171875e+01
3.238149642944335938e+01
3.237350463867187500e+01
3.239544677734375000e+01
3.232371902465820312e+01
3.242062759399414062e+01
3.239040374755859375e+01
3.245167541503906250e+01
3.249929809570312500e+01
3.250770568847656250e+01
3.253961944580078125e+01
3.257265090942382812e+01
3.233505249023437500e+01
3.230051803588867188e+01
3.216241455078125000e+01
3.204484558105468750e+01
3.202539062500000000e+01
3.211912536621093750e+01
3.234459686279296875e+01
3.240935134887695312e+01
3.221777725219726562e+01
3.233631134033203125e+01
3.211162948608398438e+01
3.210665512084960938e+01
3.221829986572265625e+01
3.203016662597656250e+01
3.225172424316406250e+01
3.231235504150390625e+01
3.248280715942382812e+01
3.238255310058593750e+01
3.242961883544921875e+01
3.252072906494140625e+01
3.256026458740234375e+01
3.267623138427734375e+01
3.256867218017578125e+01
3.266567230224609375e+01
3.259695434570312500e+01
3.244914627075195312e+01
3.233819198608398438e+01
3.241874694824218750e+01
3.241776275634765625e+01
3.245484542846679688e+01
3.255445480346679688e+01
3.251956176757812500e+01
3.258992767333984375e+01
3.242317962646484375e+01
3.236085891723632812e+01
3.225978851318359375e+01
3.233770370483398438e+01
3.245311737060546875e+01
3.225495529174804688e+01
3.226664352416992188e+01
3.242127990722656250e+01
3.229573822021484375e+01
3.223035430908203125e+01
3.216431045532226562e+01
3.247616577148437500e+01
3.239485931396484375e+01
3.213119506835937500e+01
3.232802581787109375e+01
3.238581848144531250e+01
3.244134902954101562e+01
3.241730880737304688e+01
3.240877914428710938e+01
3.244784927368164062e+01
3.233779144287109375e+01
3.243831253051757812e+01
3.246125793457031250e+01
3.241688537597656250e+01
3.250113677978515625e+01
3.255161285400390625e+01
3.262069320678710938e+01
3.257418823242187500e+01
3.253120422363281250e+01
3.242017364501953125e+01
3.236812591552734375e+01
3.240791320800781250e+01
3.247005081176757812e+01
3.239960861206054688e+01
3.221168136596679688e+01
3.230855560302734375e+01
3.232861328125000000e+01
3.241174316406250000e+01
3.241124343872070312e+01
3.238684463500976562e+01
3.226808166503906250e+01
3.227699279785156250e+01
3.235337066650390625e+01
3.227842712402343750e+01
3.233876800537109375e+01
3.225054550170898438e+01
3.215749359130859375e+01
3.222068023681640625e+01
3.243503570556640625e+01
3.250160217285156250e+01
3.241507720947265625e+01
3.238059997558593750e+01
3.239515304565429688e+01
3.225028228759765625e+01
3.219849777221679688e+01
3.237127685546875000e+01
3.218742752075195312e+01
3.219498825073242188e+01
3.221264648437500000e+01
3.235539245605468750e+01
3.235331344604492188e+01
3.238020324707031250e+01
3.241365814208984375e+01
3.242612075805664062e+01
3.232350158691406250e+01
3.237096786499023438e+01
3.232934570312500000e+01
3.240996551513671875e+01
3.228440475463867188e+01
3.227196502685546875e+01
3.230873489379882812e+01
3.228236389160156250e+01
3.235084152221679688e+01
3.235889053344726562e+01
3.223384094238281250e+01
3.223384094238281250e+01
3.221713256835937500e+01
3.222096252441406250e+01
3.217700958251953125e+01
3.223146820068359375e+01
3.227318572998046875e+01
3.218188476562500000e+01
3.221752929687500000e+01
3.221458435058593750e+01
3.213411331176757812e+01
3.216063690185546875e+01
3.218480682373046875e+01
3.214830017089843750e+01
3.227301406860351562e+01
3.228143310546875000e+01
3.236611175537109375e+01
3.240625000000000000e+01
3.231396102905273438e+01
3.233706665039062500e+01
3.239057922363281250e+01
3.228193664550781250e+01
3.227992630004882812e+01
3.212619018554687500e+01
3.214797973632812500e+01
3.236391448974609375e+01
3.223562622070312500e+01
3.235330200195312500e+01
3.222849273681640625e+01
3.220203399658203125e+01
3.217702484130859375e+01
3.219190216064453125e+01
3.222310638427734375e+01
3.212727737426757812e+01
3.222790527343750000e+01
3.215591049194335938e+01
3.208854675292968750e+01
3.205509567260742188e+01
3.218988418579101562e+01
3.221922302246093750e+01
3.229750442504882812e+01
3.230014801025390625e+01
3.230978393554687500e+01
3.223245239257812500e+01
3.217143630981445312e+01
3.217475128173828125e+01
3.213573455810546875e+01
3.224786376953125000e+01
3.222412872314453125e+01
3.217991638183593750e+01
3.204240036010742188e+01
3.216559600830078125e+01
3.215473937988281250e+01
3.216148757934570312e+01
3.204144668579101562e+01
3.228847503662109375e+01
3.215373992919921875e+01
3.217766571044921875e+01
3.218743515014648438e+01
3.215966796875000000e+01
3.223426818847656250e+01
3.226613616943359375e+01
3.219771194458007812e+01
3.210028839111328125e+01
3.191004943847656250e+01
3.201483917236328125e+01
3.212725830078125000e+01
3.205162811279296875e+01
3.212164688110351562e+01
3.211769866943359375e+01
3.211394119262695312e+01
3.214364624023437500e+01
3.222567367553710938e+01
3.232962799072265625e+01
3.217952728271484375e+01
3.218421936035156250e+01
3.224523544311523438e+01
3.247074890136718750e+01
3.230320358276367188e+01
3.241068649291992188e+01
3.213532638549804688e+01
3.229169845581054688e+01
3.214318084716796875e+01
3.229872894287109375e+01
3.228955841064453125e+01
3.248915863037109375e+01
3.245368194580078125e+01
3.240824127197265625e+01
3.241966629028320312e+01
3.239438629150390625e+01
3.227577590942382812e+01
3.239682388305664062e+01
3.219860839843750000e+01
3.216639709472656250e+01
3.236531448364257812e+01
3.221525573730468750e+01
3.219994354248046875e+01
3.235790252685546875e+01
3.239807891845703125e+01
3.231135940551757812e+01
3.241186141967773438e+01
3.242738723754882812e+01
3.228577423095703125e+01
3.219232177734375000e+01
3.224381256103515625e+01
3.216466903686523438e+01
3.213681030273437500e+01
3.220430374145507812e+01
3.217611312866210938e+01
3.218793869018554688e+01
3.215258026123046875e+01
3.203898239135742188e+01
3.209703063964843750e+01
3.193437957763671875e+01
3.202924346923828125e+01
3.174351501464843750e+01
3.204973220825195312e+01
3.204451751708984375e+01
3.209724426269531250e+01
3.204404449462890625e+01
3.220219421386718750e+01
3.219562911987304688e+01
3.219757461547851562e+01
3.226343536376953125e+01
3.220911407470703125e+01
3.223146438598632812e+01
3.225060272216796875e+01
3.222428131103515625e+01
3.220886230468750000e+01
3.224833297729492188e+01
3.215013885498046875e+01
3.220404815673828125e+01
3.215805816650390625e+01
3.227969360351562500e+01
3.217020034790039062e+01
3.227198028564453125e+01
3.217258453369140625e+01
3.213159179687500000e+01
3.205249786376953125e+01
3.204471206665039062e+01
3.196839714050292969e+01
3.205579757690429688e+01
3.199374580383300781e+01
3.207528305053710938e+01
3.196432113647460938e+01
3.202245330810546875e+01
3.203399658203125000e+01
3.208408737182617188e+01
3.220895767211914062e+01
3.224562835693359375e+01
3.210516357421875000e+01
3.214317321777343750e+01
3.213563156127929688e+01
3.220875167846679688e+01
3.208049011230468750e+01
3.211085128784179688e+01
3.219673919677734375e+01
3.217590713500976562e+01
3.216439437866210938e+01
3.201352691650390625e+01
3.218776321411132812e+01
3.202688598632812500e+01
3.210324859619140625e+01
3.203138351440429688e+01
3.207334136962890625e+01
3.209388351440429688e+01
3.201104736328125000e+01
3.224099731445312500e+01
3.217023468017578125e+01
3.224199295043945312e+01
3.214286804199218750e+01
3.203896331787109375e+01
3.190989303588867188e+01
3.207490158081054688e+01
3.200257873535156250e+01
3.208564758300781250e+01
3.197448539733886719e+01
3.193140602111816406e+01
3.179265975952148438e+01
3.183744430541992188e+01
3.189640235900878906e+01
3.185533142089843750e+01
3.209970855712890625e+01
3.217816162109375000e+01
3.208111572265625000e+01
3.203752136230468750e+01
3.220117187500000000e+01
3.199982643127441406e+01
3.216617965698242188e+01
3.202449798583984375e+01
3.224007034301757812e+01
3.210350418090820312e+01
3.202896881103515625e+01
3.220894241333007812e+01
3.222624969482421875e+01
3.217431640625000000e+01
3.217328643798828125e+01
3.232998657226562500e+01
3.234309387207031250e+01
3.240345764160156250e+01
3.224332427978515625e+01
3.220351791381835938e+01
3.220499420166015625e+01
3.236626815795898438e+01
3.244169235229492188e+01
3.234337997436523438e+01
3.231098175048828125e+01
3.224813842773437500e+01
3.218850708007812500e+01
3.217532348632812500e+01
3.230216979980468750e+01
3.223161697387695312e+01
3.217653656005859375e+01
3.203662490844726562e+01
3.203300094604492188e+01
3.217988586425781250e+01
3.218135070800781250e+01
