1.506470655172299056e+00
2.060232697694729609e+00
1.684998699029286673e+00
1.435092106232276343e+00
1.241163873978150090e+00
1.103911121533467155e+00
1.011420178107726331e+00
9.109974777087187503e-01
8.361875303280659200e-01
7.917471598356198292e-01
7.414350855808992113e-01
6.990416889007274870e-01
6.739919324715931692e-01
6.479928786938007335e-01
6.195802162855099660e-01
5.929640281658906664e-01
5.769413233567506349e-01
5.566114834485910157e-01
5.380631453715838397e-01
5.377543873511827499e-01
5.267796724270551456e-01
5.096579909324645552e-01
4.943260765228515985e-01
4.880406101544698116e-01
4.735707848499982608e-01
4.638962576022515050e-01
4.584400611810194870e-01
4.530421564212211982e-01
4.419052604299325004e-01
4.390725925564765708e-01
4.296386435245856394e-01
4.212516896235637409e-01
4.197730284088697084e-01
4.124362622316066762e-01
4.076209192092601907e-01
4.042449475480959786e-01
3.958912264460172636e-01
4.004407989291044467e-01
3.883574913327510481e-01
3.900471376302914739e-01
3.814902306367189411e-01
3.754850800220783102e-01
3.675324697142992036e-01
3.612522629209053981e-01
3.669101019318287138e-01
3.603379527345682010e-01
3.590489509396063705e-01
3.585969281120178209e-01
3.443274098329054955e-01
3.390195773580135241e-01
3.413938610599591139e-01
3.325596544987116099e-01
3.317640496752201074e-01
3.298425954503890756e-01
3.246319592954256539e-01
3.221276878546445732e-01
3.215434887088262084e-01
3.195771317069346917e-01
3.091184797959449782e-01
3.094228762082564255e-01
3.124937847829781790e-01
3.137169312208126781e-01
3.059651892536725537e-01
3.053999041517575508e-01
3.031015711908157106e-01
2.997292025349079236e-01
2.944480392031180727e-01
2.974033483327963578e-01
2.905669310918221337e-01
2.908218613037696354e-01
2.912130503318248742e-01
2.810548978165174350e-01
2.843122302530667889e-01
2.774130426538296001e-01
2.750809788321837424e-01
2.748279588917891259e-01
2.721161257762175212e-01
2.761765900903787596e-01
2.677641196319689998e-01
2.742018607182380441e-01
2.653107526210637945e-01
2.723175530250255827e-01
2.605136223710500243e-01
2.672328665088384847e-01
2.599071510518208283e-01
2.559258775451244694e-01
2.566598585973947633e-01
2.536552918645051946e-01
2.508087261556050662e-01
2.529656936151858937e-01
2.554977328922504176e-01
2.488671566813419889e-01
2.443835664062928015e-01
2.505296498728104004e-01
2.456460263866644678e-01
2.479888506997854347e-01
2.462710953102661970e-01
2.527545600747450605e-01
2.398892699143825302e-01
2.402515557522957035e-01
2.368540007143448423e-01
2.358059932406132153e-01
2.396459111609520187e-01
2.405914762463325085e-01
2.319322843582202198e-01
2.371777951335295731e-01
2.276415018508067545e-01
2.353220305190636685e-01
2.355723010614896307e-01
2.306507371557064423e-01
2.283353163263736607e-01
2.262473988418395587e-01
2.317228755507713678e-01
2.239766235917042547e-01
2.246929941364587957e-01
2.230948035342571190e-01
2.247502902570443217e-01
2.278062275013862381e-01
2.232915642551886737e-01
2.202566773463518202e-01
2.254303088363928675e-01
2.244076829690199726e-01
2.217819790618541786e-01
2.153850296273445430e-01
2.160496288003065646e-01
2.178325912127128117e-01
2.186248680719962423e-01
2.187168979300902483e-01
2.176978724507185048e-01
2.119922580245213739e-01
2.055880141754945212e-01
2.107564305456784970e-01
2.113745429576971702e-01
2.086148408360970208e-01
2.135042761762936947e-01
2.054933496106129409e-01
2.045553317245764613e-01
2.074410900282554204e-01
2.033432814364249941e-01
2.025616401854233861e-01
2.070688794820736700e-01
2.050730432837437334e-01
2.105447624356318881e-01
2.131992449554113156e-01
2.109865109889935142e-01
2.121940127358986905e-01
2.044002761061375073e-01
2.052957554085132474e-01
2.041411991875905219e-01
2.007347771659111491e-01
2.000237590896013495e-01
1.993353020399808995e-01
2.024578749942473888e-01
2.048237002430818021e-01
2.013962991726704066e-01
1.992569794830603425e-01
2.055692385022456770e-01
1.943084167746397251e-01
1.980989802151154333e-01
2.006895371545583673e-01
1.938056606130722226e-01
1.966318596154451315e-01
1.990253072709609328e-01
1.926800426000203903e-01
2.010401785373687744e-01
1.984552409022282415e-01
1.907841078172891613e-01
1.997313879143733373e-01
1.906873215467501936e-01
1.896743668959690876e-01
1.984208026375526013e-01
1.870071483919253652e-01
1.923094510841064086e-01
1.870365239679813441e-01
1.954140424919434127e-01
1.880868907540272361e-01
1.861193710603775142e-01
1.876471502085526877e-01
1.905176720175987548e-01
1.862423271036300898e-01
1.924845322106893131e-01
1.874234005235708711e-01
1.916756518471699478e-01
1.890053999347564573e-01
1.865927345000016335e-01
1.884900194712174348e-01
1.852454471282470039e-01
1.849585121736312399e-01
1.864708891759316034e-01
1.826457699617514141e-01
1.841569590644958621e-01
1.797519156757073633e-01
1.842936851084232275e-01
1.831281669342365026e-01
1.903362033649896867e-01
1.824380793728125338e-01
1.742719549685716740e-01
1.796065186269772407e-01
1.890490414909063166e-01
1.853016905104502565e-01
1.807979015299142900e-01
1.865667853790980157e-01
1.801587311694255178e-01
1.796888162501347475e-01
1.776318178536036019e-01
1.856338205150304677e-01
1.838201553871234295e-01
1.826798223245602315e-01
1.782332798322806000e-01
1.785502964105361579e-01
1.772246488489401528e-01
1.769851772831036452e-01
1.850708855650363693e-01
1.796119499569520106e-01
1.755542164811721151e-01
1.767769130949790601e-01
1.807390048144719430e-01
1.753675205871844944e-01
1.776226621694289853e-01
1.734420519226636537e-01
1.748778004294786748e-01
1.794418079539751298e-01
1.709931952831072743e-01
1.766676568067990782e-01
1.821256963297342713e-01
1.756885139605937896e-01
1.785487488485299756e-01
1.702907847861448998e-01
1.742644346772860287e-01
1.768611233012798434e-01
1.801522784508191588e-01
1.728518721766960919e-01
1.798617841723637589e-01
1.720187752579267204e-01
1.830910712385024897e-01
1.731651917386513584e-01
1.695525247794695267e-01
1.706629106345085023e-01
1.765271246337737909e-01
1.777973143336100403e-01
1.704954461791576559e-01
1.726966800789038470e-01
1.695926136122300198e-01
1.792743906760826955e-01
1.659490150709946876e-01
1.803359032345887847e-01
1.690169124267040246e-01
1.654289934688653596e-01
1.677696088376717798e-01
1.705445989775352111e-01
1.707192763590659745e-01
1.711450905754015872e-01
1.691692181886770840e-01
1.751673912486204632e-01
1.668568816513587294e-01
1.610842636093879343e-01
1.718377274007369393e-01
1.807625424785491708e-01
1.662482934454694861e-01
1.627648577094077953e-01
1.736578395828986821e-01
1.690843748263059498e-01
1.672713750925583776e-01
1.670036154966323683e-01
1.742374711216260197e-01
1.661780878805961259e-01
1.640852663666009792e-01
1.627887337826765535e-01
1.603097913452448120e-01
1.608713746930544308e-01
1.641605342618930041e-01
1.661517388258988981e-01
1.723945836512706109e-01
1.687139552850753788e-01
1.636677115964583762e-01
1.666780110257558289e-01
1.624444070057227130e-01
1.643282906940350119e-01
1.657378305227328597e-01
1.628369821856419375e-01
1.666977779223368650e-01
1.622311756587945519e-01
1.711408239049025115e-01
1.646179376981961318e-01
1.656504009205561345e-01
1.661336075801115864e-01
1.612066333014995634e-01
1.606590856535312362e-01
1.626449292191328166e-01
1.644744749921254745e-01
1.547758582215278678e-01
1.687611011549448314e-01
1.645709821715568844e-01
1.667206336194888006e-01
1.628788989896957640e-01
1.644704353732940605e-01
1.625428546602145086e-01
1.653048731673222305e-01
1.674937578730094079e-01
1.593091298181276982e-01
1.696879826008509395e-01
1.651038514784513300e-01
1.583427328998461836e-01
1.657204695571309616e-01
1.631069068343211359e-01
1.622187522168342944e-01
1.660824552082862671e-01
1.684033390134573038e-01
1.617692672193814518e-01
1.624064923574527197e-01
1.664761470583004943e-01
1.601233414350411721e-01
1.601328494552618498e-01
1.576938594189973841e-01
1.594218051777436251e-01
1.620572407658283642e-01
1.592214592565328601e-01
1.612791039240665802e-01
1.608189914088982708e-01
1.578550433978820333e-01
1.578600237766901726e-01
1.592217507939308052e-01
1.681203756576929442e-01
1.605522357500516473e-01
1.599022135234031972e-01
1.603971618776902086e-01
1.602397729475528720e-01
1.630130388224736160e-01
1.573410536616276501e-01
1.618540150137283973e-01
1.564469540730500929e-01
1.604772174301055676e-01
1.547391604059017711e-01
1.646348463323635825e-01
1.589326584568390432e-01
1.673209117773251653e-01
1.572450223832558280e-01
1.529785505185524697e-01
1.599120007206996374e-01
1.664750151431713399e-01
1.519190141214774303e-01
1.611414348563322552e-01
1.609707072281684748e-01
1.623687402082559517e-01
1.660619472846006639e-01
1.567633139494901962e-01
1.616136222886733476e-01
1.553334393037053285e-01
1.547333101813609668e-01
1.645771651600415886e-01
1.589272816593830517e-01
1.568206320588405311e-01
1.492579353829989186e-01
1.610459046295056040e-01
1.556041031980361644e-01
1.577838032673566648e-01
1.575830574410083951e-01
1.548932615094459897e-01
1.645289623584502703e-01
1.636732104735878768e-01
1.464793176987232437e-01
1.590289821227391653e-01
1.544133907136244765e-01
1.614965791217027602e-01
1.563067813714345278e-01
1.587779891939881394e-01
1.612154479687794573e-01
1.611291650682687704e-01
1.544996195496657065e-01
1.595382751371615948e-01
1.566894854968174933e-01
1.514182480290914290e-01
1.590070720284413042e-01
1.616042965115644936e-01
1.621496825646131512e-01
1.512580274866941743e-01
1.547621180995916723e-01
1.469412814825773184e-01
1.564074345506154540e-01
1.552935394148032000e-01
1.569630302775364694e-01
1.581899788708258925e-01
1.553656979249073977e-01
1.603626297930112188e-01
1.542316541839868493e-01
1.491742166475607811e-01
1.548930311480011812e-01
1.582760487372676661e-01
1.570625132284103331e-01
1.573688753999960832e-01
1.589477749398121587e-01
1.528882454698666515e-01
1.539171805653052338e-01
1.601433161932688531e-01
1.579927639892468039e-01
1.529232714134149129e-01
1.597010136987918327e-01
1.547857600240371279e-01
1.556902837103757986e-01
1.598416815392481871e-01
1.534480049537542412e-01
1.551379830886920330e-01
1.557697805074544917e-01
1.528840162719671547e-01
1.544190713514884405e-01
1.673502826537841270e-01
1.550172667472790311e-01
1.531918872434359369e-01
1.544974358131488146e-01
1.589618526112574759e-01
1.489738038430611367e-01
1.509314979020601744e-01
1.490678528084968812e-01
1.536286751715800758e-01
1.526062135895093208e-01
1.546883299421423497e-01
1.579462177382829902e-01
1.516897839040328433e-01
1.539127035973927859e-01
1.595045648228663737e-01
1.516701159568933366e-01
1.529415162280201856e-01
1.523048727653729673e-01
1.503016258948124406e-01
1.572299781709145250e-01
1.500501447381117348e-01
1.527912640132201016e-01
1.633016568919022915e-01
1.508505275998359985e-01
1.469312535933194885e-01
1.534892344035399259e-01
1.580452091323259478e-01
1.551109024825004512e-01
1.511949587708864562e-01
1.517532380727621144e-01
1.526101364921300940e-01
1.455473527694359781e-01
1.538182724076203878e-01
1.514234021497078420e-01
1.524294119519301050e-01
1.515465936026512139e-01
1.530721759375853475e-01
1.616741863103249022e-01
1.537626161693762539e-01
1.484940894330159245e-01
1.591595935897949510e-01
1.529824520246340636e-01
1.443550599070313745e-01
1.545558967651464999e-01
1.544838939912808184e-01
1.585180317839750830e-01
1.474119263772780963e-01
1.553560595863904825e-01
1.542665958882142307e-01
1.551286275761249722e-01
1.494281755903592579e-01
1.470496533581843734e-01
1.550915969965549479e-01
1.544388135560812170e-01
1.541258637912762408e-01
1.506813549747069714e-01
1.573965769356641953e-01
1.521252740843173912e-01
1.536355723650791594e-01
1.540381139478622374e-01
1.470516026402131082e-01
1.533560623247653965e-01
1.549349761639650103e-01
1.456849375405372682e-01
1.541455279653653199e-01
1.539782816591935277e-01
1.453999211295292915e-01
1.523542681279090871e-01
1.536111464103062929e-01
1.455529717632975395e-01
1.486248227266164790e-01
1.565072526247837659e-01
1.477456308137147789e-01
1.547523549351936811e-01
1.529461116649401542e-01
1.533606652839061557e-01
1.522597387050970974e-01
1.416699347874292858e-01
1.531547349328414021e-01
1.494811417391667119e-01
1.489147895517257680e-01
1.533458654792645148e-01
1.471027705054252510e-01
1.526786554509248495e-01
1.509475381901630997e-01
1.506435976053277781e-01
1.513967318985706689e-01
1.522556403030951855e-01
1.526522929756305158e-01
1.514291481998486510e-01
1.451635315154607420e-01
1.528993854824549081e-01
1.522335805667516528e-01
1.473420819936272497e-01
1.490732885610598912e-01
1.577637269519842622e-01
1.525218511143555944e-01
1.474943342690284431e-01
1.528864010690878517e-01
1.501056152085463169e-01
1.519355642776458737e-01
1.453815819838872314e-01
1.558562072519308617e-01
1.535794109488144987e-01
1.514994851576212109e-01
1.518409199344042115e-01
1.486538433684752580e-01
1.478611149562475136e-01
1.563680762568345484e-01
1.458486903554354064e-01
1.521605725185229130e-01
1.498250963882758191e-01
1.582855460830988048e-01
1.486739423794624093e-01
1.491354321344540712e-01
1.471223301325852995e-01
1.490326227381443269e-01
1.496404915857009466e-01
1.508326197472902308e-01
1.482589199183843021e-01
1.461267282756475439e-01
1.492241907673768631e-01
1.543732408720713267e-01
1.480424045847776593e-01
1.503864621313718564e-01
1.442789560422683415e-01
1.487051937155998704e-01
1.487171924267059742e-01
1.524896690144370848e-01
1.528849971695588061e-01
1.527508320525670649e-01
1.432774311074843654e-01
1.513614194419903580e-01
1.455619104302082190e-01
1.514737917158084091e-01
1.463756780402782620e-01
1.440124647166484417e-01
1.508332647192172637e-01
1.506580587476492039e-01
1.504056595361385473e-01
1.492188735841176450e-01
1.500684695939223101e-01
1.485687320908674891e-01
1.502316664617795172e-01
1.547217391908932982e-01
1.477064917580439563e-01
1.453016346559310445e-01
1.518543402927044206e-01
1.470827779899805121e-01
1.484259909735276273e-01
1.531827046894110034e-01
1.428983463881871585e-01
1.425601035738602584e-01
1.458628568989344121e-01
1.461134333688861309e-01
1.535551973833487460e-01
1.443067165330434443e-01
1.535439341018597359e-01
1.424731324402949695e-01
1.456761129057178028e-01
1.502923478969396820e-01
1.544813302560494594e-01
1.494806155944481962e-01
1.446087814580935826e-01
1.539189217277826538e-01
1.452204408458410145e-01
1.453471081952253940e-01
1.476951286960870857e-01
1.494070777526268490e-01
1.521904433289399394e-01
1.545022084258305672e-01
1.542028058415804148e-01
1.438304478732439218e-01
1.495501298696184644e-01
1.469398513149756669e-01
1.453221944757761008e-01
1.479477293216265033e-01
1.442518734205991693e-01
1.495879700073065033e-01
1.497281888356575552e-01
1.427753221434660547e-01
1.487110797220315694e-01
1.489773542166520359e-01
1.424165829060933530e-01
1.455773574515031032e-01
1.500712474234975335e-01
1.480940766823597432e-01
1.525214944990017363e-01
1.493247327896264909e-01
1.442893964930986872e-01
1.507080654207712533e-01
1.462486683605955240e-01
1.471903632753170377e-01
1.497314096834415076e-01
1.487737637586318551e-01
1.482338151775109414e-01
1.422415392616620533e-01
1.468201515002128532e-01
1.430575146411473819e-01
1.471078287905607518e-01
1.493282598276168827e-01
1.450730236390462280e-01
1.449388400770914853e-01
1.430234661660133300e-01
1.434667795896530096e-01
1.500534070703463674e-01
1.470951447788721445e-01
1.486513776656908925e-01
1.486807057586235770e-01
1.492170332429500756e-01
1.389433942353114071e-01
1.473307376679701686e-01
1.461768667476299466e-01
1.497253780181591332e-01
1.401253187169249348e-01
1.448189966189555589e-01
1.522100871285566870e-01
1.516019895768318526e-01
1.434201267571785510e-01
1.432154254319193964e-01
1.480175188336616821e-01
1.428108943578524359e-01
1.439115854123463878e-01
1.439808075722211478e-01
1.491955110182364708e-01
1.505480125068854036e-01
1.451567721099425723e-01
1.429198863796698749e-01
1.434576001495887210e-01
1.485719790634436599e-01
1.449934258770484152e-01
1.453602243405886230e-01
1.446894750858728762e-01
1.487065266626767523e-01
1.477189114078497345e-01
1.424226309053408801e-01
1.508102337137246785e-01
1.482707215043214677e-01
1.458541463487423306e-01
1.468180635227606945e-01
1.521480931685521010e-01
1.493309127787748880e-01
1.464305506207239926e-01
1.461860818883929380e-01
1.413552510814788943e-01
1.399188132813343755e-01
1.485278625900928740e-01
1.451953891569223165e-01
1.488871690363456068e-01
1.393192168325185776e-01
1.470154010810149070e-01
1.458649119792076176e-01
1.450549570318215853e-01
1.476158008934595756e-01
1.430239142706760946e-01
1.438725862795343646e-01
1.477248091155137777e-01
1.456260272086812857e-01
1.480175950301763355e-01
1.500052610173439327e-01
1.488123811685886089e-01
1.390293597315366558e-01
1.526904698652334635e-01
1.442031180724883677e-01
1.453190733798039314e-01
1.540906891990930505e-01
1.396631464839745707e-01
1.433261932088778501e-01
1.421564948482391122e-01
1.448987969746574345e-01
1.480270510396132222e-01
1.459579631113089027e-01
1.479358479380607494e-01
1.441547625435468383e-01
1.435974761079519268e-01
1.479700824102530010e-01
1.501967065800458856e-01
1.413472865732052497e-01
1.477575591836984281e-01
1.474281138191238516e-01
1.434772736751116218e-01
1.402792005728070446e-01
1.440259744914678397e-01
1.446304421203258583e-01
1.460655912756919916e-01
1.435522326148855332e-01
1.435825994477057943e-01
1.442894673786866422e-01
1.456597500695631930e-01
1.449999681650064043e-01
1.428365330283458412e-01
1.483101008698726186e-01
1.449561746170123511e-01
1.438793375992622192e-01
1.453425571704522190e-01
1.453005415697892488e-01
1.429887873908648188e-01
1.429050665444288604e-01
1.445430027703062115e-01
1.475935792311643957e-01
1.478285758254619664e-01
1.392719202221203989e-01
1.444005718884559808e-01
1.427071747967065818e-01
1.414866181042714055e-01
1.479185541757406241e-01
1.423271840963608315e-01
1.490674091646304600e-01
1.424297494861559987e-01
1.443346653038110605e-01
1.497323093983607412e-01
1.489169665636160544e-01
1.425765455533296588e-01
1.420405053270933082e-01
1.466647585471853310e-01
1.482713042543484516e-01
1.411958244557564024e-01
1.380388417018529601e-01
1.462687131972649213e-01
1.411686810736472730e-01
1.447968079780156681e-01
1.445896624420315857e-01
1.457825508159704686e-01
1.425789024967413776e-01
1.439965091932278451e-01
1.392873223106830538e-01
1.475958273483392591e-01
1.425056363670871851e-01
1.468453754885838680e-01
1.485103129576414160e-01
1.462866900536494430e-01
1.413214917557361894e-01
1.419349108273402216e-01
1.434519105519239668e-01
1.446472908919438360e-01
1.403932502063421073e-01
1.459288433289680775e-01
1.447889438233314341e-01
1.439324757418571354e-01
1.403420051321005169e-01
1.443812800237001537e-01
1.409397765038869210e-01
1.472402975918390700e-01
1.483625571601665805e-01
1.511406352027104549e-01
1.434094321460296084e-01
1.403486003621648437e-01
1.484882765712264296e-01
1.469336465478707499e-01
1.405255033419682553e-01
1.465045013393347084e-01
1.412352934288672868e-01
1.432899412675163742e-01
1.467839550704528040e-01
1.468710539575952823e-01
1.440053575027447352e-01
1.447762928043420383e-01
1.469420942836082988e-01
1.526844156476167558e-01
1.425124145423372624e-01
1.416011721373368615e-01
1.420219862499298158e-01
1.402189945372251390e-01
1.368797494958226557e-01
1.511923377617047370e-01
1.457935065890733906e-01
1.371904985883679040e-01
1.424989132162852168e-01
1.445922816028961666e-01
1.472124109474512166e-01
1.445851711221994573e-01
1.411780111682720551e-01
1.441275159708964582e-01
1.431210112017698710e-01
1.436259639664338172e-01
1.433811973684873398e-01
1.447511069476604406e-01
1.456055058405185398e-01
1.423187118262434492e-01
1.447909148075641750e-01
1.493512120384436481e-01
1.406030853398335390e-01
1.433602092071221412e-01
1.398406165150495595e-01
1.576495967136743726e-01
1.463910363996640263e-01
1.390554699855737208e-01
1.414114221261862092e-01
1.494032161358075372e-01
1.447422764717768429e-01
1.407868919655298479e-01
1.450568209378383100e-01
1.471006004474101903e-01
1.371506821650725072e-01
1.466567515180661196e-01
1.443813071323510888e-01
1.373433004778165101e-01
1.416678688369500394e-01
1.431841974170544318e-01
1.426238036404053333e-01
1.421663212040678026e-01
1.418824308289167169e-01
1.404926839165198393e-01
1.470189570950773961e-01
1.431074332063778931e-01
1.403514140691512757e-01
1.396684522334581680e-01
1.433943241452559358e-01
1.459087922022892780e-01
1.572524847319493047e-01
1.427731781242749520e-01
1.445337832451630833e-01
1.409322684630751610e-01
1.423703823095330834e-01
1.460260464499394117e-01
1.441529426055076779e-01
1.346058939798520093e-01
1.442183005790679817e-01
1.430871770645563423e-01
1.441250335616179046e-01
1.422396094753191897e-01
1.477376744437676193e-01
1.479033905439652019e-01
1.481955444392485388e-01
1.458233266782302251e-01
1.391656572715594120e-01
1.377881013143520961e-01
1.427500223502134735e-01
1.388909286604477766e-01
1.492342003167439757e-01
1.411885828209611116e-01
1.461075512931132858e-01
1.422846292360470943e-01
1.395553209365178460e-01
1.432903679087758064e-01
1.475395044168600622e-01
1.417830068809099731e-01
1.500346961598365836e-01
1.398176481230900825e-01
1.418968586012339106e-01
1.438621984460415060e-01
1.444293537774147262e-01
1.445867145863863057e-01
1.338450219004582165e-01
1.429189147953039696e-01
1.465907110713231265e-01
1.367123800497024588e-01
1.436694878607224224e-01
1.418502867985994287e-01
1.447250840564568708e-01
1.468176865042784274e-01
1.444592260588438148e-01
1.495957422619446642e-01
1.455658505169244998e-01
1.365673550332968111e-01
1.379008595425731121e-01
1.407377312103142986e-01
1.461392345432287743e-01
1.427559726322308598e-01
1.427028669569736785e-01
1.422445652863154053e-01
1.417936957799471320e-01
1.417341845587660187e-01
1.462382250202771961e-01
1.396618157529678217e-01
1.415198656993034432e-01
1.375765308403433806e-01
1.469748382910321949e-01
1.412674883523812597e-01
1.372735396075325243e-01
1.371546102735476669e-01
1.442650297608895071e-01
1.391517480118916461e-01
1.349942996715887966e-01
1.404706203450377111e-01
1.410303257787838827e-01
1.435159812466456353e-01
1.458105777939542880e-01
1.442564205576976066e-01
1.412053349308478589e-01
1.487304111035206433e-01
1.445971362865888232e-01
1.409560322857055792e-01
1.419162799628117255e-01
1.418855898941938642e-01
1.355506579558818647e-01
1.408287980522100746e-01
1.404344686235372841e-01
1.419751286506652777e-01
1.381639114843729310e-01
1.468302029543198106e-01
1.385986864566803034e-01
1.440517004818106239e-01
1.432070779351469758e-01
1.453970599155395560e-01
1.407093059462614648e-01
1.414863015787723721e-01
1.480207892182545670e-01
1.498837879070868961e-01
1.364623649189105337e-01
1.471238106011580060e-01
1.441417639072124779e-01
1.386610976062142009e-01
1.502484968935067777e-01
1.463677088133035487e-01
1.403146524364367598e-01
1.423998906062199643e-01
1.435924431165823689e-01
1.350294838444544843e-01
1.415458774528442210e-01
1.415377178109991363e-01
1.437471389388426668e-01
1.421276162975491641e-01
1.431008794177801302e-01
1.412321583964885885e-01
1.377500756619832456e-01
1.442075583319633314e-01
1.436329948118864053e-01
1.361665586439462783e-01
1.442877841874574962e-01
1.471389586631304258e-01
1.377043172335013499e-01
1.381178811240272586e-01
1.414458232907912782e-01
1.417229918810801736e-01
1.370887767141446001e-01
1.397152417458784879e-01
1.423806425613852733e-01
1.359547381743024530e-01
1.437917766185143054e-01
1.421366787969301770e-01
1.416933665577417845e-01
1.426887394621586258e-01
1.392778434814550825e-01
1.417665262252856551e-01
1.380771757461703719e-01
1.428826350050094729e-01
1.477268256056002982e-01
1.385427728295326177e-01
1.344229650898621509e-01
1.438062858791687437e-01
1.406516781220069345e-01
1.439902375380580357e-01
1.367593826487278341e-01
1.475145257913913488e-01
1.432506555834641704e-01
1.419644380465913958e-01
1.371419688686728589e-01
1.377684604663115264e-01
1.358771641619312409e-01
1.374230416587148007e-01
1.427902481494805753e-01
1.417248386412094663e-01
1.399124698474621120e-01
1.404622699492252824e-01
1.458277222915337623e-01
1.349006418926784745e-01
1.484137180237433962e-01
1.473880912439945456e-01
1.394271081170210536e-01
1.426985640556384383e-01
1.396896178714739922e-01
1.403449626018603569e-01
1.405799649321498035e-01
1.588528543424147788e-01
1.357704691206797487e-01
1.460759345346536453e-01
1.462023824835435026e-01
1.368166008247778953e-01
1.403287950139015250e-01
1.388755438658289543e-01
1.367229904024264697e-01
1.441515650982276020e-01
1.457824937999248616e-01
1.453793735195619830e-01
1.395287907419678619e-01
1.444199270735948559e-01
1.406692064725435787e-01
1.355608773346130558e-01
1.344646987194816345e-01
1.514166810955756837e-01
1.348871274540821841e-01
1.439882599485990400e-01
1.361882770195221304e-01
1.439035728669319503e-01
1.454734798186482492e-01
1.391367235674690062e-01
1.412790897947091284e-01
1.469503740851695606e-01
1.431701258015938283e-01
1.345310229426011084e-01
1.383204497731266858e-01
1.455481940832657750e-01
1.471390499279667252e-01
1.381632858552993837e-01
1.348054019686503180e-01
1.369614656345966575e-01
1.413428684648795064e-01
1.448448853615002807e-01
1.431621660502293281e-01
1.414015785337258690e-01
1.459597924963021986e-01
1.399729512440852641e-01
1.473799924199015732e-01
1.389141356333708222e-01
1.386466178565453344e-01
1.419285123642438362e-01
1.443036768012321835e-01
1.429644567080033124e-01
1.413786840935548073e-01
1.438723073746913383e-01
1.438660516761816333e-01
1.417399694426701717e-01
1.352183667513040533e-01
1.417288085541281994e-01
1.435529154080610881e-01
1.405239318807919857e-01
1.461611885099838859e-01
1.398369405514154618e-01
1.412052274132386265e-01
1.383001991953605181e-01
1.416374358563468883e-01
1.476824568536801163e-01
1.377423581213523263e-01
1.447336857135479160e-01
1.404772235223880061e-01
1.459580270621256837e-01
1.451587473734831102e-01
1.407818906486798527e-01
1.326632120145054827e-01
1.502390850383119592e-01
1.408939289263425598e-01
1.381215461171590442e-01
1.460635150758883838e-01
1.424414440702933549e-01
1.444006552298863766e-01
1.462390065479736989e-01
1.397418990635719005e-01
1.376402642816687283e-01
1.443665617742599661e-01
1.399019200736895674e-01
1.474771051070629113e-01
1.392101862252904942e-01
1.450584066554139739e-01
1.384334905311847275e-01
1.403714886173987875e-01
1.412031538402422903e-01
1.424593379052403741e-01
1.436239369595662119e-01
1.396574602056390169e-01
1.430848610897858808e-01
1.385949984049567874e-01
1.376824316879113608e-01
1.463333286536045441e-01
1.325886389813744071e-01
1.421201988481558265e-01
1.464576938786567861e-01
1.365451897995976216e-01
1.459489631753128347e-01
1.449756685166786740e-01
1.414666374524434500e-01
1.332185705025226707e-01
1.408848722775777051e-01
1.443671725260523564e-01
1.410969432156819470e-01
1.470030393785773104e-01
1.416875888378574255e-01
1.413320653045024577e-01
1.377286627602118674e-01
1.396360137380468491e-01
1.369307177762190408e-01
1.385011437707222293e-01
1.423169153718612245e-01
1.410568729234047414e-01
1.407713405978985310e-01
1.482797589821693296e-01
1.420460656380806153e-01
1.445836436958649329e-01
1.388699479592152009e-01
1.442490491538475639e-01
1.422310697535673907e-01
1.331323150354318252e-01
1.491051548948654770e-01
1.406420292667089345e-01
1.400190971743984214e-01
1.334800057590772027e-01
1.436011230907379144e-01
1.441712639939326523e-01
1.427466772783261006e-01
1.441631984538756794e-01
1.355012378153892527e-01
1.398173894160068820e-01
1.432493899590694120e-01
1.375301412044045157e-01
1.313143221804728977e-01
1.457895821963365313e-01
1.446830659388349538e-01
1.410873643289773938e-01
1.427402228594590594e-01
1.441108698646227648e-01
1.422908607106178336e-01
1.379276533348438027e-01
1.359977670873586952e-01
1.435041944950054826e-01
1.378827622972237654e-01
1.406216358336118688e-01
1.390447569581178544e-01
1.358699913781422908e-01
1.428413714831456294e-01
1.462438972905660273e-01
1.394161784305022189e-01
1.395527714051497392e-01
1.434068240893957014e-01
1.376920142999062124e-01
1.446247640806130885e-01
1.383955104849659556e-01
1.432671999033444943e-01
1.419724161521746519e-01
1.353501649143604157e-01
1.381134084115425709e-01
1.433039864190878143e-01
1.434143184564816709e-01
1.385496721053734726e-01
1.365228758599513481e-01
1.389950106445795586e-01
1.417953042934338159e-01
1.385054184553714818e-01
1.356432359426831546e-01
1.364246504190258502e-01
1.351328163956984629e-01
1.433752119159087124e-01
1.369716375015485044e-01
1.402534113671534965e-01
1.463867073496564752e-01
1.413737510832456523e-01
1.379953934405094562e-01
1.415214724934253931e-01
1.410483938092604583e-01
1.406334987531105696e-01
1.391817504969926900e-01
1.404819272649593942e-01
1.403611846650258121e-01
1.345647664931722276e-01
1.465763869862525826e-01
1.428185723148859554e-01
1.390012726569787027e-01
1.347427360044839983e-01
1.426265203274595383e-01
1.355880859093024082e-01
1.417536615274655465e-01
1.368376107361072014e-01
1.429822841611428086e-01
1.427430486831909595e-01
1.433023271556848055e-01
1.347979574058300323e-01
1.397793858001629419e-01
1.415692324917285916e-01
1.506135820578306250e-01
1.405631633332142527e-01
1.405755569346440192e-01
1.380473350580686265e-01
1.416721993006574698e-01
1.460971318662930840e-01
1.442089094660985171e-01
1.392535764628495820e-01
1.358340602368116323e-01
1.402437401505617076e-01
1.457185923671110994e-01
1.417049402514329315e-01
1.377577582326454941e-01
1.380803651916674979e-01
1.532171416741150982e-01
1.382941576819389229e-01
1.355591337172648847e-01
1.391232935855021835e-01
1.338924115284895189e-01
1.371328447300654285e-01
1.412962334469342884e-01
1.384571278706575037e-01
1.396084966806647176e-01
1.351177501707122863e-01
1.410075909147660012e-01
1.388175750294556865e-01
1.441326288458628646e-01
1.373260244058492896e-01
1.392190484186777710e-01
1.457819882971354009e-01
1.459307352797343249e-01
1.359981515277654818e-01
1.434288237530451648e-01
1.358228289928191668e-01
1.374624861165499035e-01
1.378430260202059277e-01
1.409834217518950161e-01
1.389325731553328336e-01
1.396798177837179356e-01
1.371474868880632469e-01
1.442558826448825660e-01
1.347208834515932208e-01
1.451271903438445809e-01
1.426616328457991356e-01
1.441649154019661316e-01
1.367136980096499144e-01
1.367865779652045199e-01
1.341873467828218758e-01
1.367243019099801116e-01
1.451576428917737971e-01
1.419988423776932240e-01
1.415500811277291826e-01
1.347505928996281799e-01
1.406239391519473192e-01
1.319748137814876487e-01
1.428579593507143253e-01
1.386030482271543018e-01
1.385280876683119000e-01
1.404621366029366603e-01
1.362148216997201566e-01
1.407054567805085532e-01
1.389695325102179579e-01
1.357080198967686169e-01
1.331454871126856454e-01
1.402343109823190326e-01
1.419994346797466278e-01
1.386123362259986946e-01
1.380866949279338785e-01
1.440395400357934175e-01
1.368929010457717588e-01
1.425235174500789348e-01
1.380789633983602882e-01
1.385810116544747839e-01
1.411280974411429634e-01
1.464419409489402524e-01
1.447545658605985108e-01
1.428945870067064583e-01
1.414530643190329007e-01
1.418779012579948484e-01
1.410134694324089999e-01
1.417913651523681762e-01
1.338101307885387059e-01
1.376665735569519988e-01
1.380355885013555828e-01
1.394346497761897452e-01
1.426452783963237103e-01
1.385068547458220833e-01
1.448033380584839158e-01
1.405920922851715271e-01
1.364380726542992472e-01
1.418523712226977818e-01
1.363190541951320167e-01
1.375442678443132283e-01
1.374338156472031947e-01
1.396838449323788700e-01
1.411945741814680522e-01
1.390639276172106198e-01
1.366180728834409108e-01
1.503197759676438150e-01
1.429530435361159035e-01
1.381808395855701754e-01
1.318982165402326767e-01
1.452317168076451004e-01
1.412599660838261550e-01
1.439587617245240148e-01
1.437816115335012190e-01
1.364786592718118252e-01
1.344265425147918580e-01
1.344686666933389840e-01
1.387378049250214407e-01
1.392704353023033748e-01
1.437402831724821084e-01
1.443973763917501263e-01
1.421377212382279875e-01
1.371922651449075103e-01
1.430350807137214242e-01
1.384433946643884306e-01
1.382075092635857705e-01
1.379007194859859231e-01
1.393167697943938077e-01
1.467091601246442445e-01
1.349487989567793311e-01
1.400435565612637157e-01
1.351262998695556827e-01
1.416449973885065550e-01
1.423390742439107903e-01
1.390209795477298504e-01
1.377160283904045046e-01
1.394122595588366265e-01
1.372035192325711250e-01
1.365265065374282605e-01
1.417358476477555695e-01
1.466123802157548728e-01
1.374604030679433819e-01
1.342065366414877114e-01
1.392808801852739864e-01
1.442356732602302904e-01
1.447369986571944711e-01
1.352225170399133924e-01
1.379576169814054898e-01
1.348011972143864090e-01
1.415603323624684273e-01
1.383975590937412681e-01
1.489038816915872754e-01
1.366827829669301220e-01
1.364761510816140111e-01
1.399001447388376895e-01
1.413384962826967350e-01
1.363796087793814893e-01
1.342210642324808412e-01
1.384227397254644276e-01
1.386552420229865967e-01
1.349395521462727898e-01
1.408996090292930492e-01
1.427804098679469058e-01
1.355891894931212371e-01
1.469477960792107407e-01
1.342237851845148322e-01
1.356042688091596005e-01
1.449140319361900686e-01
1.398955744619553021e-01
1.430441185258901904e-01
1.408379493520045822e-01
1.393253374367188213e-01
1.361681058095433883e-01
1.359002378602058581e-01
1.401450007771834483e-01
1.413725278507440564e-01
1.434153703256295376e-01
1.440912981350452593e-01
1.369336369471290116e-01
1.383284266273944740e-01
1.350405327880229711e-01
1.343493192050701501e-01
1.442946088237640201e-01
1.401083903339428727e-01
1.415412267431234716e-01
1.416479864563697511e-01
1.421396047067947921e-01
1.393976908463698261e-01
1.388901911293848879e-01
1.426343984042222623e-01
1.406586810373342822e-01
1.403279047459363993e-01
1.407928490103819430e-01
1.388217639130277514e-01
1.394426063897135915e-01
1.357971824227999502e-01
1.378121730035696269e-01
1.361348662000053944e-01
1.386446154174896250e-01
1.411673686013389939e-01
1.428065939209400004e-01
1.375544318069632233e-01
1.383493357743972307e-01
1.434401221525592740e-01
1.479936566203832737e-01
1.426819926414352180e-01
1.380796303542760617e-01
1.394019984950621849e-01
1.422208961099386271e-01
1.469432539091660439e-01
1.417979918706875619e-01
1.309765422334655816e-01
1.397015648010449529e-01
1.411800147153628171e-01
1.408438326026766607e-01
1.386495797393413609e-01
1.371259690095216754e-01
1.389563543674273427e-01
1.360556051803704924e-01
1.404872138053178676e-01
1.387269684853844054e-01
1.337786827284174196e-01
1.400239607080435156e-01
1.390431893655122986e-01
1.420174512343528872e-01
1.350760419017229264e-01
1.391840163522805873e-01
1.344722812708753767e-01
1.446096517623235156e-01
1.415315232932185530e-01
1.350864577751893225e-01
1.360138756246903058e-01
1.441188770322463508e-01
1.443646877335432177e-01
1.368595665272993867e-01
1.440664774189010511e-01
1.398096630110954586e-01
1.339196081535938554e-01
1.402730412112596636e-01
1.397935247669617465e-01
1.419988123556742421e-01
1.318202296797281736e-01
1.452000336196178076e-01
1.382268082541532883e-01
1.383981240961031922e-01
1.309188271036896833e-01
1.380556377319571426e-01
1.347808417410422677e-01
1.360739724041941934e-01
1.386040446467888543e-01
1.401404483673664159e-01
1.466765978875068654e-01
1.410294356445471464e-01
1.449483182185735408e-01
1.391402877867221888e-01
1.324473997243703904e-01
1.416977323496188823e-01
1.373499564396647443e-01
1.411034614420854094e-01
1.429704412961235460e-01
1.347843243907659583e-01
1.435656029348954255e-01
1.431586915197280707e-01
1.425795163959264755e-01
1.395164636847300299e-01
1.402853712726097879e-01
1.448537608656363662e-01
1.351849559121406918e-01
1.384964793251875215e-01
1.399369941069147638e-01
1.434132779112611000e-01
1.398455678509213929e-01
1.349024322361518091e-01
1.400177476020195433e-01
1.380586724155224154e-01
1.337865523134286472e-01
1.425416402184428444e-01
1.393152840435504802e-01
1.373808116102829824e-01
1.413940588060097758e-01
1.435933708332670089e-01
1.428490161704711325e-01
1.394181087087744408e-01
1.391110371702756754e-01
1.355701357890398140e-01
1.375002272331561914e-01
1.437878202885771450e-01
1.427071195955459948e-01
1.436226785660554284e-01
1.465381975643909873e-01
1.398372375000363765e-01
1.393211441544386087e-01
1.391345878155567650e-01
1.360234440328219052e-01
1.434674660746867725e-01
1.346778241487649741e-01
1.399885072587774282e-01
1.448131879266255917e-01
1.391791153746919640e-01
1.414146930934526980e-01
1.419747408574972281e-01
1.316532908437343663e-01
1.395261747905841287e-01
1.397450095185866770e-01
1.340336957421058295e-01
1.364443947489445141e-01
1.398442533440314717e-01
1.371679705018416517e-01
1.348357697327931815e-01
1.403897709475877831e-01
1.397823056349387638e-01
1.404294167096034052e-01
1.418650095088359597e-01
1.381702187638252088e-01
1.398159609773220180e-01
1.420026496960184459e-01
1.401371512084435278e-01
1.365442377443497057e-01
1.471604168510589894e-01
1.448993515509825469e-01
1.439005702160871814e-01
1.341425891965627726e-01
1.437338265279928806e-01
1.341472017077299239e-01
1.469315273257402188e-01
1.365001907906471246e-01
1.298234446021990784e-01
1.383638478624515111e-01
1.438651008197130432e-01
1.412187107767050032e-01
1.449602654872414464e-01
1.386822039786821670e-01
1.399419574544597811e-01
1.413660861551761516e-01
1.415281671744126613e-01
1.379849160137849029e-01
1.420241159124252250e-01
1.398241034971597907e-01
1.411493376613809636e-01
1.343201122795924241e-01
1.419058693143037675e-01
1.372873470951349317e-01
1.465759456444244990e-01
1.362177007568952380e-01
1.390804672661500041e-01
1.438302582225356452e-01
1.418173997925642194e-01
1.335845808952282610e-01
1.445094870451169022e-01
1.395087905180377730e-01
1.379947020314060691e-01
1.430820115101643086e-01
1.339327383308838437e-01
1.461329272590004558e-01
1.395094236454520464e-01
1.393476841541436972e-01
1.403235703515700872e-01
1.366123023896645139e-01
1.375796688481783214e-01
1.467187718130074925e-01
1.419635908630413890e-01
1.386681785090611574e-01
1.417736727457780121e-01
1.419139662996316553e-01
1.384587836953309892e-01
1.400470209713929604e-01
1.409455108432433601e-01
1.411780223250388988e-01
1.392657430603718161e-01
1.434350514497894635e-01
1.441745059707990051e-01
1.360380560111923154e-01
1.384841753551975252e-01
1.409078482347421168e-01
1.338134911723243836e-01
1.442787599009581201e-01
1.474943115065495136e-01
1.375811956297510741e-01
1.408726407358279475e-01
1.407289031797494538e-01
1.423430039236942835e-01
1.399980671703815460e-01
1.336036330900895186e-01
1.422323117128167502e-01
1.418964359718255519e-01
1.404713975217861954e-01
1.378311391824331156e-01
1.419599176885990022e-01
1.403910429431841911e-01
1.390333810295814043e-01
1.385705640014165407e-01
1.405606253024859198e-01
1.468866653501605390e-01
1.453694365918636322e-01
1.442763711397464510e-01
1.436109882325698195e-01
1.405022823801025389e-01
1.344419466188320755e-01
1.356517850493009214e-01
1.403724078757640770e-01
1.372709594189356619e-01
1.396322637462081018e-01
1.405753952283889940e-01
1.419328047392459935e-01
1.463418508760440107e-01
1.401071147372325298e-01
1.427373090806679790e-01
1.412513596698259655e-01
1.432523518800735418e-01
1.415076101485353288e-01
1.366409546910570261e-01
1.463517518857350708e-01
1.418409510014148889e-01
1.448289514399873912e-01
1.402563721610185499e-01
1.449802707594174678e-01
1.355385066750340040e-01
1.419299560288588280e-01
1.361661409529355826e-01
1.334817902973065018e-01
1.412933542990149616e-01
1.387068705203441388e-01
1.388065028935670797e-01
1.390692150745636291e-01
1.369729540477960528e-01
1.374100966952168101e-01
1.395218882900782220e-01
1.386381343293648372e-01
1.433628382400060353e-01
1.410044239929471310e-01
1.410522424735319857e-01
1.385624363063237552e-01
1.412941008137586774e-01
1.369927013436189056e-01
1.446126983811457933e-01
1.403319511753626236e-01
1.468129128790818805e-01
1.460005781684930448e-01
1.372044744972999164e-01
1.416009959502097793e-01
1.372935844250978699e-01
1.355066864058757370e-01
1.376751071749589272e-01
1.427630308919992097e-01
1.423114922423011353e-01
1.416647735887613113e-01
1.369833413798075550e-01
1.397180413015377820e-01
1.386160760926894719e-01
1.373729391835439018e-01
1.395118072342414195e-01
1.404858446274048211e-01
1.382621700756060668e-01
1.329051526406636596e-01
1.402282469977552959e-01
1.417179316950914203e-01
1.490020213123315340e-01
1.318263687814275331e-01
1.451322269649841790e-01
1.368964637175966448e-01
1.421637650483693893e-01
1.387144485201973199e-01
1.368752697625985615e-01
1.365645919854824308e-01
1.386564614585577004e-01
1.355180114985276574e-01
1.472088038634795371e-01
1.381700050515624056e-01
1.349381760717966727e-01
1.489400478318715637e-01
1.381789282871744573e-01
1.452141000626560874e-01
1.320548716741494766e-01
1.409574825030106837e-01
1.383893728065185014e-01
1.453263870321023221e-01
1.412408272043252644e-01
1.372520284488415176e-01
1.379316126736692960e-01
1.463803007721136695e-01
1.360343973032939191e-01
1.381920206432159237e-01
1.387999804356159217e-01
1.383775226437510553e-01
1.456923142744180610e-01
1.449540442858751055e-01
1.368949984128658703e-01
1.463048058824661379e-01
1.429137857009967205e-01
1.399138433810992177e-01
1.431049134868841999e-01
1.423032597280465550e-01
1.346066158169355043e-01
1.405291621597149487e-01
1.375077476390661468e-01
1.370808462875011680e-01
1.390167302046066700e-01
1.407645649921435704e-01
1.415446656159101424e-01
1.400016762507267365e-01
1.431005394420562515e-01
1.377262972199763957e-01
1.438763792841480371e-01
1.363975870781219957e-01
1.390066126886850828e-01
1.390381772739764932e-01
1.402321006052004992e-01
1.302329849929381722e-01
1.382695561656967220e-01
1.387496569599860619e-01
1.433597598989040378e-01
1.511076832428956684e-01
1.473873787583449002e-01
1.440996875556615764e-01
1.398977871411121732e-01
1.415527771107661370e-01
1.382596446296725512e-01
1.456669983573448957e-01
1.429690909691345990e-01
1.383348953169890039e-01
1.498599696235778933e-01
1.431077540111847513e-01
1.405462947124854201e-01
1.351717622329791368e-01
1.387602001715164957e-01
1.359216741357858471e-01
1.347223497640628043e-01
1.423717511101410815e-01
1.389561539372572430e-01
1.380783710103386519e-01
1.381338943846714684e-01
1.407176831784920923e-01
1.425431617559530795e-01
1.433419602326093667e-01
1.445740121774948539e-01
1.383078999339769910e-01
1.427053902489252568e-01
1.415070497215940304e-01
1.374292601377536116e-01
1.339707956816523493e-01
1.423055454993095159e-01
1.408470231848649445e-01
1.403148316229000936e-01
1.372711992273346060e-01
1.416509923740075227e-01
1.479993292727531662e-01
1.405444449148116892e-01
1.355867402198223104e-01
1.480386026776754071e-01
1.334337015182543995e-01
1.343848808549153451e-01
1.354579656456525449e-01
1.439949781562273323e-01
1.376750517827577958e-01
1.461911289164653238e-01
1.360790306367935243e-01
1.376833630869021829e-01
1.406178078303734480e-01
1.416706638362927317e-01
1.408709614418255929e-01
1.387085473881317921e-01
1.391036113962913212e-01
1.430290094266335188e-01
1.423508460131975295e-01
1.422238430820214339e-01
1.369728244076936774e-01
1.461469277548484436e-01
1.460160688712046628e-01
1.418028762898383976e-01
1.374962621965469534e-01
1.379543873266531884e-01
1.345200581810413187e-01
1.412889599609069291e-01
1.428237525698466126e-01
1.415670704192076024e-01
1.417973468414484017e-01
1.470865188500820042e-01
1.382954278101141687e-01
1.433063175242680898e-01
1.447504750811136609e-01
1.403093271817152377e-01
1.346766396783865283e-01
1.373591514925162071e-01
1.388621620165231829e-01
1.402965470479849153e-01
1.405656404793262371e-01
1.385978272901131625e-01
1.383685188941084498e-01
1.409988836409189761e-01
1.402466918891057124e-01
1.427463817863892370e-01
1.369477266971117491e-01
1.386242349847005007e-01
1.407323704698146827e-01
1.433786936534138801e-01
1.467634875995990629e-01
1.371449670634972695e-01
1.460097129719379605e-01
1.419950607973031464e-01
1.414922023430848774e-01
1.385628389624448953e-01
1.354967184030474725e-01
1.379958305221337667e-01
1.448526354554371953e-01
1.419205708142656508e-01
1.477223634051206824e-01
1.346346369825112410e-01
1.406798102534734252e-01
1.399590379630143711e-01
1.390225997433448546e-01
1.362636473602973630e-01
1.396645081253387877e-01
1.503329388797283173e-01
1.421273079867928502e-01
1.383613534462757588e-01
1.357347664160606093e-01
1.364973939191072294e-01
1.425166125194384514e-01
1.417105552095633270e-01
1.382340329006696289e-01
1.370657229748291905e-01
1.425814567086024220e-01
1.372488666803408919e-01
1.375871480705264382e-01
1.364877897290847353e-01
1.390884156028429630e-01
1.387752666878394603e-01
1.447464105697014447e-01
1.408611542712419340e-01
1.344863248177063653e-01
1.368504172620864934e-01
1.489561873559768490e-01
1.363181398226282481e-01
1.448806811315127008e-01
1.442242923216559836e-01
1.351618944261318567e-01
1.375108528022582766e-01
1.444065369092501216e-01
1.327943573873012484e-01
1.371379612443538731e-01
1.490104422928431038e-01
1.388595303950401483e-01
1.357273542584899184e-01
1.434628991362376094e-01
1.477918522527966738e-01
1.425036200823692201e-01
1.413219802272625558e-01
1.360965289509831200e-01
1.343814780410283738e-01
1.425471109170944328e-01
1.428826897381207939e-01
1.351065823282950884e-01
1.355148497968912125e-01
1.450256174000409959e-01
1.394284504012037462e-01
1.388419537208019083e-01
1.433127002981610665e-01
1.374455963667386704e-01
1.411305011273958632e-01
1.360102821428042230e-01
1.383369131061511215e-01
1.424277518422175648e-01
1.353115246273004224e-01
1.441317606908388560e-01
1.445702925324439947e-01
1.356813569433795996e-01
1.427331045843087676e-01
1.401542841719511101e-01
1.384992471442390849e-01
1.413193381128785009e-01
1.354001470483266467e-01
1.398862633949670975e-01
1.417214225022456475e-01
1.352249478204892164e-01
1.445728374740634092e-01
1.381092434223645804e-01
1.403779466182757674e-01
1.360666830522509751e-01
1.437167960195205041e-01
1.425526121344704022e-01
1.425133969252690425e-01
1.367720048970136881e-01
1.428501324011729190e-01
1.356574875039932015e-01
1.463819491939666873e-01
1.365504499047230369e-01
1.386902880401183480e-01
1.440714848824800609e-01
1.377436832166634983e-01
1.408182484169419046e-01
1.419422463060189543e-01
1.419674283609940468e-01
1.341779994563414569e-01
1.400925725985031900e-01
1.355923039170029709e-01
1.332043674416266976e-01
1.406827467278792265e-01
1.419986430173501013e-01
1.351195024756284835e-01
1.403078574973803394e-01
1.378950254131968145e-01
1.346985961764286810e-01
1.416802690579340995e-01
1.402475003344126336e-01
1.451642194619545689e-01
1.394147517207341425e-01
1.420062504565486605e-01
1.367282514484264855e-01
1.407441114290402528e-01
1.384666816546366863e-01
1.469946301613862805e-01
1.461990750466401756e-01
1.427075489304768796e-01
1.433632052766206921e-01
1.465431768208360075e-01
1.354275504939067010e-01
1.361373515369800336e-01
1.419202968000601583e-01
1.445479148377974699e-01
1.424695238279990728e-01
1.408604799841458866e-01
1.373279385316448220e-01
1.389146876163207533e-01
1.417475479249006576e-01
1.374760557252627247e-01
1.436230772580855963e-01
1.422596110508610179e-01
1.362613672438340306e-01
1.381589776430374450e-01
1.401815070173679234e-01
1.421419486498985418e-01
1.363218173098105779e-01
1.424003644440418603e-01
1.479172014702971050e-01
1.386513490038804586e-01
1.429612478718925717e-01
1.409449401669777280e-01
1.395688901249414748e-01
1.312638457482441789e-01
1.402112409567985718e-01
1.418750970982588233e-01
1.425323261186862700e-01
1.362762331150663142e-01
1.477644983488015651e-01
1.388748590571758090e-01
1.388910646908558255e-01
1.374099552392577528e-01
1.416735541935150444e-01
1.457596867321393486e-01
1.417550338718753522e-01
1.411759434936520341e-01
1.353961988089558421e-01
1.426221577498393289e-01
1.484594118805267760e-01
1.403385776262252860e-01
1.462866982779441605e-01
1.401234604800358774e-01
1.431491009126870939e-01
1.429634676338770449e-01
1.368932836330853942e-01
1.384698440058109159e-01
1.465120018292696003e-01
1.409760229719372870e-01
1.320382095013673540e-01
1.342916391980953639e-01
1.380651665421632757e-01
1.466599515424324984e-01
1.327551418533309824e-01
1.392993159114550294e-01
1.446432044681830176e-01
1.447398638496032175e-01
1.353580141487794042e-01
1.438543147574632697e-01
1.425550128643711389e-01
1.469887940738445753e-01
1.428936704467886620e-01
1.428304104373241123e-01
1.504383423007451537e-01
1.463619590235444301e-01
1.334939497546889786e-01
1.342104595632125086e-01
1.404143671385752745e-01
1.428864648040288621e-01
1.391857418398826651e-01
1.334559314143963227e-01
1.397374218711868177e-01
1.395122605543105965e-01
1.421668449560037073e-01
1.358972451721246477e-01
1.428771358413191972e-01
1.383302636922169870e-01
1.443587770351232591e-01
1.442799717569962503e-01
1.429381668758697987e-01
1.376903902691526405e-01
1.450426407635976023e-01
1.424582739097949857e-01
1.389676739199039168e-01
1.403754823865034640e-01
1.401012724934098119e-01
1.417698451628287559e-01
1.472429045881980536e-01
1.431550831653368716e-01
1.369445192030607217e-01
1.424849755106828153e-01
1.318842286148514398e-01
1.312618797310651786e-01
1.420602857397917085e-01
1.411264051898167560e-01
1.442006261541675383e-01
1.369888710192380676e-01
1.447561940512596124e-01
1.453538603220994596e-01
1.438860916843016924e-01
1.411459664503733336e-01
1.424768272644052203e-01
1.365491966024423298e-01
1.364271455468275551e-01
1.428071901488762729e-01
1.397610845092015497e-01
1.338853018167309172e-01
1.397834744399938933e-01
1.385394991065065085e-01
1.420571884092612092e-01
1.451865420509607374e-01
1.403710751770398668e-01
1.425693405457796326e-01
1.462736998135462652e-01
1.330628364179760881e-01
1.437498175945037537e-01
1.431067888457805692e-01
1.389627558012039299e-01
1.381194271290531461e-01
1.444894847722771880e-01
1.347924403655223480e-01
1.495288648570959333e-01
1.401560193262039178e-01
1.443306055875160643e-01
1.388706053726566081e-01
1.391042720096615781e-01
1.334328094592843184e-01
1.479778708555759548e-01
1.405497263448360623e-01
1.375217733379357765e-01
1.458986926919374760e-01
1.429649580126771680e-01
