-6.517723947763442993e-02
-1.042390391230583191e-01
-9.542202949523925781e-02
-1.441256701946258545e-01
-1.709008365869522095e-01
-1.884103864431381226e-01
-1.960170567035675049e-01
-1.994855552911758423e-01
-1.984366327524185181e-01
-2.094789594411849976e-01
-2.118947952985763550e-01
-2.058459371328353882e-01
-2.029909640550613403e-01
-2.135272920131683350e-01
-2.111712247133255005e-01
-2.047884613275527954e-01
-2.062651216983795166e-01
-2.049857527017593384e-01
-2.060742825269699097e-01
-1.925101578235626221e-01
-1.802589446306228638e-01
-1.863392740488052368e-01
-1.938822120428085327e-01
-1.901543587446212769e-01
-1.884735971689224243e-01
-1.925660818815231323e-01
-1.776078343391418457e-01
-1.842006295919418335e-01
-1.779504418373107910e-01
-1.819025576114654541e-01
-1.771570891141891479e-01
-1.674953252077102661e-01
-1.692898869514465332e-01
-1.530236601829528809e-01
-1.655171513557434082e-01
-1.572636663913726807e-01
-1.620834171772003174e-01
-1.488574594259262085e-01
-1.669228821992874146e-01
-1.513077020645141602e-01
-1.582282781600952148e-01
-1.549390256404876709e-01
-1.472457051277160645e-01
-1.498641073703765869e-01
-1.383790224790573120e-01
-1.354657560586929321e-01
-1.282225102186203003e-01
-1.206479221582412720e-01
-1.308481246232986450e-01
-1.338410079479217529e-01
-1.349101662635803223e-01
-1.243448555469512939e-01
-1.126817166805267334e-01
-9.776044636964797974e-02
-1.190057843923568726e-01
-1.227177977561950684e-01
-1.251744776964187622e-01
-1.212165728211402893e-01
-1.304166018962860107e-01
-1.307479441165924072e-01
-1.179658323526382446e-01
-1.175141260027885437e-01
-1.125230416655540466e-01
-1.073297262191772461e-01
-1.204840093851089478e-01
-1.285150498151779175e-01
-1.132951229810714722e-01
-1.101466193795204163e-01
-1.323075443506240845e-01
-1.239782869815826416e-01
-1.113978400826454163e-01
-1.145217940211296082e-01
-1.070696115493774414e-01
-1.289593130350112915e-01
-1.189129278063774109e-01
-1.028909832239151001e-01
-1.175777241587638855e-01
-1.115564182400703430e-01
-1.001323983073234558e-01
-1.002271175384521484e-01
-1.172884777188301086e-01
-1.038573458790779114e-01
-1.273394972085952759e-01
-1.304984390735626221e-01
-1.175143793225288391e-01
-1.094353422522544861e-01
-1.163811981678009033e-01
-1.135767325758934021e-01
-9.537823498249053955e-02
-1.048663631081581116e-01
-1.048954278230667114e-01
-9.992739558219909668e-02
-1.058291494846343994e-01
-9.886179864406585693e-02
-1.084883809089660645e-01
-1.137213632464408875e-01
-1.159402877092361450e-01
-1.150734797120094299e-01
-1.134178340435028076e-01
-1.040441840887069702e-01
-9.411334991455078125e-02
-1.006924957036972046e-01
-9.752284735441207886e-02
-1.122304201126098633e-01
-1.136579811573028564e-01
-1.191634461283683777e-01
-1.175551488995552063e-01
-1.129579320549964905e-01
-1.193533465266227722e-01
-1.184489950537681580e-01
-1.200993880629539490e-01
-1.187619194388389587e-01
-1.172186508774757385e-01
-1.302234977483749390e-01
-1.347556412220001221e-01
-1.338272243738174438e-01
-1.208052262663841248e-01
-1.353217214345932007e-01
-1.187175139784812927e-01
-1.327535361051559448e-01
-1.326152980327606201e-01
-1.196838021278381348e-01
-1.182856038212776184e-01
-1.148806214332580566e-01
-1.407462954521179199e-01
-1.180159747600555420e-01
-1.247702464461326599e-01
-1.278625875711441040e-01
-1.511467099189758301e-01
-1.319290101528167725e-01
-1.340961903333663940e-01
-1.293387413024902344e-01
-1.413338482379913330e-01
-1.373040825128555298e-01
-1.273874193429946899e-01
-1.183647662401199341e-01
-1.117375642061233521e-01
-1.220448240637779236e-01
-1.206807345151901245e-01
-1.215454488992691040e-01
-1.163698136806488037e-01
-1.236841231584548950e-01
-1.210379749536514282e-01
-1.389531642198562622e-01
-1.294294893741607666e-01
-1.185134872794151306e-01
-1.204760149121284485e-01
-1.080692782998085022e-01
-1.236709579825401306e-01
-1.161452606320381165e-01
-1.171100586652755737e-01
-1.152778193354606628e-01
-1.106337681412696838e-01
-1.377135813236236572e-01
-1.094996184110641479e-01
-1.212400272488594055e-01
-1.140189543366432190e-01
-1.152905970811843872e-01
-1.103196963667869568e-01
-1.289795041084289551e-01
-1.219985857605934143e-01
-1.247927621006965637e-01
-1.290382146835327148e-01
-1.407288908958435059e-01
-1.184711009263992310e-01
-1.211322918534278870e-01
-1.071389317512512207e-01
-1.041630282998085022e-01
-1.131700202822685242e-01
-1.032307446002960205e-01
-1.180563420057296753e-01
-9.528636932373046875e-02
-1.031470447778701782e-01
-1.219226643443107605e-01
-1.084383130073547363e-01
-1.189607381820678711e-01
-1.144726797938346863e-01
-1.091471835970878601e-01
-1.212776154279708862e-01
-1.099889576435089111e-01
-1.110431626439094543e-01
-1.081615537405014038e-01
-1.287499964237213135e-01
-1.121919229626655579e-01
-1.083026453852653503e-01
-1.086402982473373413e-01
-1.012857854366302490e-01
-1.175413355231285095e-01
-1.268954128026962280e-01
-1.208744496107101440e-01
-1.036969348788261414e-01
-1.081426963210105896e-01
-1.143321245908737183e-01
-1.062249094247817993e-01
-1.183908358216285706e-01
-1.096258983016014099e-01
-1.101849675178527832e-01
-8.435950428247451782e-02
-1.177040636539459229e-01
-1.216555982828140259e-01
-1.018234118819236755e-01
-1.079944744706153870e-01
-1.337499916553497314e-01
-1.232553273439407349e-01
-1.347503662109375000e-01
-1.297290325164794922e-01
-1.343495398759841919e-01
-1.377706825733184814e-01
-1.359758526086807251e-01
-1.393503248691558838e-01
-1.318894773721694946e-01
-1.380145996809005737e-01
-1.343175023794174194e-01
-1.326508224010467529e-01
-1.393578052520751953e-01
-1.411550641059875488e-01
-1.460296958684921265e-01
-1.462982743978500366e-01
-1.577775031328201294e-01
-1.605810821056365967e-01
-1.455574631690979004e-01
-1.564529985189437866e-01
-1.621212512254714966e-01
-1.694379299879074097e-01
-1.562355309724807739e-01
-1.802948266267776489e-01
-1.582725942134857178e-01
-1.475699245929718018e-01
-1.553900986909866333e-01
-1.585483700037002563e-01
-1.509073972702026367e-01
-1.576767861843109131e-01
-1.596562415361404419e-01
-1.458842456340789795e-01
-1.410524547100067139e-01
-1.488622575998306274e-01
-1.402367502450942993e-01
-1.417155265808105469e-01
-1.330539435148239136e-01
-1.493919044733047485e-01
-1.298888027667999268e-01
-1.500107198953628540e-01
-1.553974747657775879e-01
-1.565116196870803833e-01
-1.700897812843322754e-01
-1.730832159519195557e-01
-1.590721011161804199e-01
-1.604447066783905029e-01
-1.566799730062484741e-01
-1.650236696004867554e-01
-1.470203399658203125e-01
-1.523084044456481934e-01
-1.442760229110717773e-01
-1.658880114555358887e-01
-1.475341767072677612e-01
-1.487460285425186157e-01
-1.526942551136016846e-01
-1.789284199476242065e-01
-1.644670516252517700e-01
-1.676483750343322754e-01
-1.780045777559280396e-01
-1.517447978258132935e-01
-1.629222631454467773e-01
-1.694483906030654907e-01
-1.435794532299041748e-01
-1.534470766782760620e-01
-1.765992045402526855e-01
-1.680198609828948975e-01
-1.643659174442291260e-01
-1.456978917121887207e-01
-1.672678440809249878e-01
-1.675382852554321289e-01
-1.605933010578155518e-01
-1.767017692327499390e-01
-1.544288098812103271e-01
-1.545093953609466553e-01
-1.443840265274047852e-01
-1.496290415525436401e-01
-1.483836472034454346e-01
-1.504486352205276489e-01
-1.655622124671936035e-01
-1.590163707733154297e-01
-1.470036506652832031e-01
-1.492804437875747681e-01
-1.575098186731338501e-01
-1.682351231575012207e-01
-1.473170965909957886e-01
-1.593050360679626465e-01
-1.510773599147796631e-01
-1.726981997489929199e-01
-1.618642657995223999e-01
-1.700259000062942505e-01
-1.399592310190200806e-01
-1.490521430969238281e-01
-1.355815529823303223e-01
-1.459168940782546997e-01
-1.542216539382934570e-01
-1.442003250122070312e-01
-1.441029459238052368e-01
-1.508670747280120850e-01
-1.395115703344345093e-01
-1.549293994903564453e-01
-1.347307115793228149e-01
-1.293660104274749756e-01
-1.382368952035903931e-01
-1.483597457408905029e-01
-1.343752741813659668e-01
-1.458542048931121826e-01
-1.390636861324310303e-01
-1.576222479343414307e-01
-1.375886201858520508e-01
-1.514953225851058960e-01
-1.434358656406402588e-01
-1.578437685966491699e-01
-1.514599025249481201e-01
-1.473204046487808228e-01
-1.532506495714187622e-01
-1.539609283208847046e-01
-1.439905613660812378e-01
-1.605586856603622437e-01
-1.526609659194946289e-01
-1.547960042953491211e-01
-1.522507518529891968e-01
-1.434029489755630493e-01
-1.417531967163085938e-01
-1.447580754756927490e-01
-1.365281492471694946e-01
-1.450197994709014893e-01
-1.482291966676712036e-01
-1.467735469341278076e-01
-1.322850286960601807e-01
-1.407113522291183472e-01
-1.419070810079574585e-01
-1.498365849256515503e-01
-1.417923122644424438e-01
-1.492290496826171875e-01
-1.384210288524627686e-01
-1.442895382642745972e-01
-1.445670872926712036e-01
-1.310746371746063232e-01
-1.362751126289367676e-01
-1.504456549882888794e-01
-1.359232813119888306e-01
-1.175400540232658386e-01
-1.294763833284378052e-01
-1.255475729703903198e-01
-1.396489888429641724e-01
-1.369597017765045166e-01
-1.409581899642944336e-01
-1.281380951404571533e-01
-1.394294202327728271e-01
-1.195210143923759460e-01
-1.230075284838676453e-01
-1.243786066770553589e-01
-1.174517497420310974e-01
-1.208490431308746338e-01
-1.410324871540069580e-01
-1.526998132467269897e-01
-1.373579353094100952e-01
-1.302623301744461060e-01
-1.363305598497390747e-01
-1.394447088241577148e-01
-1.424025297164916992e-01
-1.399772912263870239e-01
-1.451628357172012329e-01
-1.333363950252532959e-01
-1.408725231885910034e-01
-1.332303434610366821e-01
-1.291763037443161011e-01
-1.279539316892623901e-01
-1.414403915405273438e-01
-1.558334082365036011e-01
-1.257047802209854126e-01
-1.379559040069580078e-01
-1.214774250984191895e-01
-1.320779919624328613e-01
-1.439540535211563110e-01
-1.449624150991439819e-01
-1.412230581045150757e-01
-1.550469845533370972e-01
-1.463063657283782959e-01
-1.431681215763092041e-01
-1.319135427474975586e-01
-1.316484361886978149e-01
-1.171446517109870911e-01
-1.263037621974945068e-01
-1.431414932012557983e-01
-1.261015385389328003e-01
-1.261565536260604858e-01
-1.277037709951400757e-01
-1.158243939280509949e-01
-1.252227723598480225e-01
-1.306286156177520752e-01
-1.261631399393081665e-01
-1.165582239627838135e-01
-1.115655004978179932e-01
-1.293049603700637817e-01
-1.546264290809631348e-01
-1.506655365228652954e-01
-1.608638614416122437e-01
-1.412593424320220947e-01
-1.385460644960403442e-01
-1.336237043142318726e-01
-1.354248970746994019e-01
-1.391425132751464844e-01
-1.383785158395767212e-01
-1.394963562488555908e-01
-1.367909759283065796e-01
-1.436834037303924561e-01
-1.395778656005859375e-01
-1.335352361202239990e-01
-1.240207180380821228e-01
-1.211915016174316406e-01
-1.185208261013031006e-01
-1.275461465120315552e-01
-1.138207167387008667e-01
-1.210064366459846497e-01
-1.181626319885253906e-01
-1.232547238469123840e-01
-1.344172209501266479e-01
-1.481429189443588257e-01
-1.354198306798934937e-01
-1.302583664655685425e-01
-1.379588097333908081e-01
-1.268643140792846680e-01
-1.342551708221435547e-01
-1.233825907111167908e-01
-1.429397463798522949e-01
-1.235903203487396240e-01
-1.452751606702804565e-01
-1.262340247631072998e-01
-1.196719110012054443e-01
-1.350536346435546875e-01
-1.393492966890335083e-01
-1.469321548938751221e-01
-1.330359429121017456e-01
-1.325114369392395020e-01
-1.265557855367660522e-01
-1.285471767187118530e-01
-1.269998550415039062e-01
-1.272911727428436279e-01
-1.005628407001495361e-01
-1.157343462109565735e-01
-1.163499876856803894e-01
-1.243823841214179993e-01
-1.415001004934310913e-01
-1.154140830039978027e-01
-1.164866015315055847e-01
-1.392755210399627686e-01
-1.185470819473266602e-01
-1.234710961580276489e-01
-1.213888525962829590e-01
-1.466346830129623413e-01
-1.398339420557022095e-01
-1.308938562870025635e-01
-1.242621988058090210e-01
-1.174904331564903259e-01
-1.287078559398651123e-01
-1.282700598239898682e-01
-1.343383342027664185e-01
-1.476010531187057495e-01
-1.421284079551696777e-01
-1.233211010694503784e-01
-1.251119971275329590e-01
-1.386929601430892944e-01
-1.492762118577957153e-01
-1.359028667211532593e-01
-1.589946746826171875e-01
-1.469894051551818848e-01
-1.506166011095046997e-01
-1.600688993930816650e-01
-1.311114132404327393e-01
-1.337488144636154175e-01
-1.465365141630172729e-01
-1.595590859651565552e-01
-1.509195566177368164e-01
-1.382822543382644653e-01
-1.448057442903518677e-01
-1.469761282205581665e-01
-1.506232321262359619e-01
-1.310766041278839111e-01
-1.538003087043762207e-01
-1.378502398729324341e-01
-1.492077261209487915e-01
-1.329241394996643066e-01
-1.370172500610351562e-01
-1.394684910774230957e-01
-1.437888145446777344e-01
-1.437787264585494995e-01
-1.468561291694641113e-01
-1.433044373989105225e-01
-1.427579522132873535e-01
-1.421803534030914307e-01
-1.507792621850967407e-01
-1.467231959104537964e-01
-1.320447474718093872e-01
-1.429017931222915649e-01
-1.446859240531921387e-01
-1.474202573299407959e-01
-1.403331607580184937e-01
-1.293119490146636963e-01
-1.498605310916900635e-01
-1.380679160356521606e-01
-1.289293766021728516e-01
-1.393180340528488159e-01
-1.320611089468002319e-01
-1.508795320987701416e-01
-1.301213800907135010e-01
-1.356458216905593872e-01
-1.315584480762481689e-01
-1.350278407335281372e-01
-1.110691800713539124e-01
-1.124775111675262451e-01
-8.972357213497161865e-02
-1.090727820992469788e-01
-1.092821583151817322e-01
-1.139998584985733032e-01
-1.264943182468414307e-01
-1.206840500235557556e-01
-1.361607164144515991e-01
-1.165374368429183960e-01
-1.372211575508117676e-01
-1.105693057179450989e-01
-1.228220015764236450e-01
-1.203370913863182068e-01
-1.133256778120994568e-01
-1.180884689092636108e-01
-1.158931255340576172e-01
-1.186085119843482971e-01
-1.174570620059967041e-01
-1.140941306948661804e-01
-1.234962865710258484e-01
-1.137746870517730713e-01
-1.417864263057708740e-01
-1.279222816228866577e-01
-1.184470355510711670e-01
-1.252276599407196045e-01
-1.236143037676811218e-01
-1.288778036832809448e-01
-1.298759728670120239e-01
-1.001477241516113281e-01
-1.145151928067207336e-01
-1.102440357208251953e-01
-1.325308680534362793e-01
-1.370184868574142456e-01
-1.216338947415351868e-01
-1.243771761655807495e-01
-1.274930983781814575e-01
-1.323886215686798096e-01
-1.355334222316741943e-01
-1.300131678581237793e-01
-1.330880373716354370e-01
-1.369703412055969238e-01
-1.101927235722541809e-01
-1.203153207898139954e-01
-1.028970777988433838e-01
-9.663431346416473389e-02
-1.161406859755516052e-01
-1.273206323385238647e-01
-1.195711046457290649e-01
-1.408379673957824707e-01
-1.209634095430374146e-01
-1.093189492821693420e-01
-1.072392091155052185e-01
-1.231194809079170227e-01
-1.178319379687309265e-01
-1.183957383036613464e-01
-1.214465945959091187e-01
-1.206720769405364990e-01
-1.098617762327194214e-01
-1.083592101931571960e-01
-1.292842626571655273e-01
-1.372906714677810669e-01
-1.291589289903640747e-01
-1.424958258867263794e-01
-1.264658570289611816e-01
-1.229311674833297729e-01
-1.223886460065841675e-01
-1.266334652900695801e-01
-1.284505426883697510e-01
-1.178785711526870728e-01
-1.231209412217140198e-01
-1.257489770650863647e-01
-1.327395737171173096e-01
-1.315466016530990601e-01
-1.352423429489135742e-01
-1.229924559593200684e-01
-1.229797676205635071e-01
-1.374851912260055542e-01
-1.263352185487747192e-01
-1.285985112190246582e-01
-1.053565070033073425e-01
-1.296140551567077637e-01
-1.296570748090744019e-01
-1.156844720244407654e-01
-1.036752611398696899e-01
-9.091544896364212036e-02
-1.261428743600845337e-01
-1.189859658479690552e-01
-1.157964617013931274e-01
-1.113771870732307434e-01
-1.262380629777908325e-01
-1.071733236312866211e-01
-9.708528220653533936e-02
-8.573683351278305054e-02
-9.417694061994552612e-02
-1.092078536748886108e-01
-1.139601841568946838e-01
-1.123981028795242310e-01
-9.282384067773818970e-02
-1.110954657196998596e-01
-1.212283298373222351e-01
-9.861695766448974609e-02
-1.037835925817489624e-01
-1.062688902020454407e-01
-1.149736717343330383e-01
-1.251058727502822876e-01
-1.226398050785064697e-01
-1.284667402505874634e-01
-1.166720092296600342e-01
-1.210757493972778320e-01
-1.298763304948806763e-01
-1.307988762855529785e-01
-1.322632580995559692e-01
-1.351485997438430786e-01
-1.268148422241210938e-01
-1.220758482813835144e-01
-1.183040812611579895e-01
-1.138955503702163696e-01
-1.074551120400428772e-01
-1.183634325861930847e-01
-1.254922002553939819e-01
-1.115435883402824402e-01
-1.182065829634666443e-01
-1.024752333760261536e-01
-1.049317866563796997e-01
-8.961646258831024170e-02
-1.022004261612892151e-01
-1.038537248969078064e-01
-1.083478480577468872e-01
-8.804168552160263062e-02
-1.053118780255317688e-01
-1.085666120052337646e-01
-1.120220050215721130e-01
-1.106070205569267273e-01
-1.112439632415771484e-01
-1.252824813127517700e-01
-1.143556907773017883e-01
-1.243772581219673157e-01
-1.080155670642852783e-01
-1.197846382856369019e-01
-1.112928017973899841e-01
-1.138946413993835449e-01
-1.061455830931663513e-01
-1.143397241830825806e-01
-1.078406870365142822e-01
-9.872855991125106812e-02
-1.098141744732856750e-01
-9.063836187124252319e-02
-1.068673282861709595e-01
-1.089122965931892395e-01
-1.119038090109825134e-01
-1.019034683704376221e-01
-1.089586764574050903e-01
-1.017829626798629761e-01
-1.166910454630851746e-01
-1.212755367159843445e-01
-1.314868479967117310e-01
-1.260589510202407837e-01
-1.434023231267929077e-01
-1.328296512365341187e-01
-1.322032660245895386e-01
-1.432884931564331055e-01
-1.468445509672164917e-01
-1.447865515947341919e-01
-1.328165382146835327e-01
-1.212775558233261108e-01
-1.387883573770523071e-01
-1.241951510310173035e-01
-1.354753226041793823e-01
-1.296357959508895874e-01
-1.319712251424789429e-01
-1.237521991133689880e-01
-1.192651391029357910e-01
-1.207439228892326355e-01
-1.160358190536499023e-01
-1.200761049985885620e-01
-1.185672283172607422e-01
-1.344397813081741333e-01
-1.463191509246826172e-01
-1.286705285310745239e-01
-1.314679831266403198e-01
-1.276865601539611816e-01
-1.373606026172637939e-01
-1.371271610260009766e-01
-1.281238049268722534e-01
-1.206699907779693604e-01
-1.382405161857604980e-01
-1.270572096109390259e-01
-1.384838819503784180e-01
-1.339815557003021240e-01
-1.243120208382606506e-01
-1.350973993539810181e-01
-1.441731452941894531e-01
-1.112149357795715332e-01
-1.229948773980140686e-01
-1.257914602756500244e-01
-1.159991845488548279e-01
-1.273669898509979248e-01
-1.197236776351928711e-01
-1.378095597028732300e-01
-1.116063818335533142e-01
-1.250330954790115356e-01
-1.269486546516418457e-01
-1.310753971338272095e-01
-1.165256202220916748e-01
-1.274846196174621582e-01
-1.201620325446128845e-01
-1.210708022117614746e-01
-1.439206749200820923e-01
-1.358547657728195190e-01
-1.239398270845413208e-01
-1.165944710373878479e-01
-1.338406056165695190e-01
-1.359616070985794067e-01
-1.342328786849975586e-01
-1.223824918270111084e-01
-1.283614188432693481e-01
-1.171040236949920654e-01
-1.259802132844924927e-01
-1.258284598588943481e-01
-1.199396252632141113e-01
-1.181166991591453552e-01
-1.253384798765182495e-01
-1.138088628649711609e-01
-1.188251450657844543e-01
-1.168697029352188110e-01
-1.297886520624160767e-01
-1.331189274787902832e-01
-1.148439198732376099e-01
-1.318797320127487183e-01
-1.274271011352539062e-01
-1.003304198384284973e-01
-1.194048598408699036e-01
-1.342200636863708496e-01
-1.389248669147491455e-01
-1.396176815032958984e-01
-1.384657174348831177e-01
-1.460668146610260010e-01
-1.375659555196762085e-01
-1.138565987348556519e-01
-1.244959235191345215e-01
-1.235366612672805786e-01
-1.227972358465194702e-01
-1.120579466223716736e-01
-1.191658675670623779e-01
-1.303875297307968140e-01
-1.202229782938957214e-01
-1.319919526576995850e-01
-1.303207427263259888e-01
-1.186901256442070007e-01
-1.178621128201484680e-01
-1.195994690060615540e-01
-1.298485696315765381e-01
-1.269507110118865967e-01
-1.083542257547378540e-01
-1.228172928094863892e-01
-1.132816150784492493e-01
-1.068375483155250549e-01
-1.086063608527183533e-01
-1.141626015305519104e-01
-1.372824162244796753e-01
-1.237892434000968933e-01
-1.110938489437103271e-01
-1.346373409032821655e-01
-1.261838823556900024e-01
-1.235946267843246460e-01
-1.212050244212150574e-01
-1.302277743816375732e-01
-1.255535781383514404e-01
-1.008773371577262878e-01
-1.236904487013816833e-01
-1.265752166509628296e-01
-1.452894955873489380e-01
-1.390579193830490112e-01
-1.278335154056549072e-01
-1.129813343286514282e-01
-1.001437157392501831e-01
-1.211979091167449951e-01
-1.122542023658752441e-01
-1.389483064413070679e-01
-1.192492768168449402e-01
-1.294716745615005493e-01
-1.220223829150199890e-01
-1.328615397214889526e-01
-1.292256712913513184e-01
-1.489936113357543945e-01
-1.322031915187835693e-01
-1.143979281187057495e-01
-1.309429556131362915e-01
-1.344087570905685425e-01
-1.261482536792755127e-01
-1.491160690784454346e-01
-1.468796432018280029e-01
-1.460690498352050781e-01
-1.524409353733062744e-01
-1.476321071386337280e-01
-1.510156989097595215e-01
-1.532018333673477173e-01
-1.366550624370574951e-01
-1.332313418388366699e-01
-1.355992704629898071e-01
-1.315900236368179321e-01
-1.442156732082366943e-01
-1.262705028057098389e-01
-1.413019299507141113e-01
-1.320327371358871460e-01
-1.233415305614471436e-01
-1.274412274360656738e-01
-1.234405934810638428e-01
-1.312377452850341797e-01
-1.288603544235229492e-01
-1.187133267521858215e-01
-1.282832175493240356e-01
-1.135150790214538574e-01
-1.147836521267890930e-01
-1.210507601499557495e-01
-1.185109242796897888e-01
-1.271591186523437500e-01
-1.225369498133659363e-01
-1.292599737644195557e-01
-1.358191967010498047e-01
-1.410722583532333374e-01
-1.147685647010803223e-01
-1.228107735514640808e-01
-1.368838697671890259e-01
-1.359458714723587036e-01
-1.272819340229034424e-01
-1.196793615818023682e-01
-1.263846158981323242e-01
-1.192565262317657471e-01
-1.295263767242431641e-01
-1.146855950355529785e-01
-1.124579682946205139e-01
-1.403234302997589111e-01
-1.160422638058662415e-01
-1.271383613348007202e-01
-1.301405131816864014e-01
-1.281985789537429810e-01
-1.288958340883255005e-01
-1.283090114593505859e-01
-1.283886134624481201e-01
-1.403704285621643066e-01
-1.199311539530754089e-01
-1.411784738302230835e-01
-1.262077242136001587e-01
-1.306212544441223145e-01
-1.038664355874061584e-01
-1.200908794999122620e-01
-1.257032305002212524e-01
-1.316733211278915405e-01
-1.220823824405670166e-01
-1.297967880964279175e-01
-1.287740767002105713e-01
-1.355498582124710083e-01
-1.304564774036407471e-01
-1.324503868818283081e-01
-1.163049414753913879e-01
-1.088841855525970459e-01
-1.222179979085922241e-01
-1.174721941351890564e-01
-1.165957152843475342e-01
-1.013526022434234619e-01
-1.351304203271865845e-01
-1.206584274768829346e-01
-1.272599250078201294e-01
-1.392192840576171875e-01
-1.370093822479248047e-01
-1.530347615480422974e-01
-1.387787908315658569e-01
-1.511464267969131470e-01
-1.207919642329216003e-01
-1.207071617245674133e-01
-1.240074560046195984e-01
-1.118479147553443909e-01
-1.177474409341812134e-01
-1.269165277481079102e-01
-1.342634558677673340e-01
-1.228758096694946289e-01
-1.114147678017616272e-01
-9.479971975088119507e-02
-1.232772469520568848e-01
-1.128553897142410278e-01
-1.183252036571502686e-01
-1.195031479001045227e-01
-1.208433955907821655e-01
-1.410689502954483032e-01
-1.129895448684692383e-01
-1.298918277025222778e-01
-1.244557052850723267e-01
-1.280407309532165527e-01
-1.367793679237365723e-01
-1.333947628736495972e-01
-1.359356641769409180e-01
-1.269275546073913574e-01
-1.232375428080558777e-01
-1.187575384974479675e-01
-1.331233680248260498e-01
-1.337191760540008545e-01
-1.409041881561279297e-01
-1.142893582582473755e-01
-1.407295316457748413e-01
-1.269634813070297241e-01
-1.227667480707168579e-01
-1.290356516838073730e-01
-1.125097498297691345e-01
-1.284951418638229370e-01
-1.292893737554550171e-01
-1.402224153280258179e-01
-1.415699422359466553e-01
-1.167739033699035645e-01
-1.426035612821578979e-01
-1.284254491329193115e-01
-1.252937316894531250e-01
-1.399713605642318726e-01
-1.274588853120803833e-01
-1.271676570177078247e-01
-1.240609884262084961e-01
-1.303898245096206665e-01
-1.150140464305877686e-01
-1.327582597732543945e-01
-1.205033063888549805e-01
-1.244184374809265137e-01
-1.142971962690353394e-01
-1.084275320172309875e-01
-1.194704398512840271e-01
-1.155279725790023804e-01
-1.167779341340065002e-01
-1.142077669501304626e-01
-1.164437979459762573e-01
-1.043443381786346436e-01
-1.194936931133270264e-01
-1.193576529622077942e-01
-1.151088103652000427e-01
-1.024572551250457764e-01
-1.062973663210868835e-01
-1.177161410450935364e-01
-1.319459378719329834e-01
-1.399298757314682007e-01
-1.414088010787963867e-01
-1.306381672620773315e-01
-1.335002779960632324e-01
-1.173445880413055420e-01
-1.236205771565437317e-01
-1.521975994110107422e-01
-1.487405300140380859e-01
-1.320225745439529419e-01
-1.197048649191856384e-01
-1.434604823589324951e-01
-1.462272703647613525e-01
-1.583631783723831177e-01
-1.285983175039291382e-01
-1.312831044197082520e-01
-1.326219886541366577e-01
-1.273671388626098633e-01
-1.240092217922210693e-01
-1.212451979517936707e-01
-1.272851675748825073e-01
-1.292831003665924072e-01
-1.260681599378585815e-01
-1.279368102550506592e-01
-1.183595061302185059e-01
-1.185473725199699402e-01
-1.204698607325553894e-01
-1.328209191560745239e-01
-1.213048473000526428e-01
-1.186608225107192993e-01
-1.192376166582107544e-01
-1.208972185850143433e-01
-1.213791146874427795e-01
-1.312804222106933594e-01
-1.285831183195114136e-01
-1.357508599758148193e-01
-1.074833199381828308e-01
-1.227090954780578613e-01
-1.234134510159492493e-01
-1.245012655854225159e-01
-1.306324154138565063e-01
-1.435793787240982056e-01
-1.478474736213684082e-01
-1.395625770092010498e-01
-1.561805605888366699e-01
-1.438325792551040649e-01
-1.443594694137573242e-01
-1.302173286676406860e-01
-1.233935281634330750e-01
-1.390364319086074829e-01
-1.488432586193084717e-01
-1.453220546245574951e-01
-1.352285444736480713e-01
-1.417459398508071899e-01
-1.235863193869590759e-01
-1.449280679225921631e-01
-1.398481279611587524e-01
-1.337723731994628906e-01
-1.377982944250106812e-01
-1.374280750751495361e-01
-1.288240700960159302e-01
-1.392245590686798096e-01
-1.413536220788955688e-01
-1.385688930749893188e-01
-1.466512531042098999e-01
-1.384084820747375488e-01
-1.463061273097991943e-01
-1.439451575279235840e-01
-1.493572294712066650e-01
-1.371712088584899902e-01
-1.198393329977989197e-01
-1.406119912862777710e-01
-1.291217058897018433e-01
-1.422188729047775269e-01
-1.398407816886901855e-01
-1.597028374671936035e-01
-1.391527950763702393e-01
-1.497640907764434814e-01
-1.541116982698440552e-01
-1.562257111072540283e-01
-1.653901189565658569e-01
-1.596882790327072144e-01
-1.586974263191223145e-01
-1.415767669677734375e-01
-1.392552256584167480e-01
-1.363143771886825562e-01
-1.428021490573883057e-01
-1.517002880573272705e-01
-1.499679386615753174e-01
-1.424752324819564819e-01
-1.393612474203109741e-01
-1.379669010639190674e-01
-1.361598968505859375e-01
-1.369993239641189575e-01
-1.339972168207168579e-01
-1.388149857521057129e-01
-1.591129302978515625e-01
-1.475807726383209229e-01
-1.468421220779418945e-01
-1.575211435556411743e-01
-1.542736887931823730e-01
-1.654460430145263672e-01
-1.498884856700897217e-01
-1.618177443742752075e-01
-1.437202244997024536e-01
-1.545077860355377197e-01
-1.454399079084396362e-01
-1.386824697256088257e-01
-1.408279985189437866e-01
-1.332029551267623901e-01
-1.420684009790420532e-01
-1.383090615272521973e-01
-1.470094919204711914e-01
-1.424047350883483887e-01
-1.545458137989044189e-01
-1.415926814079284668e-01
-1.462450921535491943e-01
-1.401187181472778320e-01
-1.458331048488616943e-01
-1.452727019786834717e-01
-1.585328429937362671e-01
-1.384672373533248901e-01
-1.308112442493438721e-01
-1.453452706336975098e-01
-1.495421528816223145e-01
-1.256617754697799683e-01
-1.422071456909179688e-01
-1.365424096584320068e-01
-1.234329342842102051e-01
-1.285647600889205933e-01
-1.360715925693511963e-01
-1.567536294460296631e-01
-1.434433460235595703e-01
-1.294053643941879272e-01
-1.390371471643447876e-01
-1.362037360668182373e-01
-1.310892999172210693e-01
-1.239253729581832886e-01
-1.399836242198944092e-01
-1.562917828559875488e-01
-1.451373696327209473e-01
-1.526947468519210815e-01
-1.401586532592773438e-01
-1.356806457042694092e-01
-1.397254019975662231e-01
-1.448076814413070679e-01
-1.475514471530914307e-01
-1.465612351894378662e-01
-1.433693468570709229e-01
-1.397006809711456299e-01
-1.520463526248931885e-01
-1.498894542455673218e-01
-1.592289805412292480e-01
-1.449616849422454834e-01
-1.409054398536682129e-01
-1.472853422164916992e-01
-1.399834901094436646e-01
-1.565188914537429810e-01
-1.586156487464904785e-01
-1.537451148033142090e-01
-1.445670425891876221e-01
-1.498501598834991455e-01
-1.301556974649429321e-01
-1.543770879507064819e-01
-1.458501964807510376e-01
-1.322361230850219727e-01
-1.481459885835647583e-01
-1.430644243955612183e-01
-1.514268368482589722e-01
-1.306422948837280273e-01
-1.518145650625228882e-01
-1.495889723300933838e-01
-1.621344089508056641e-01
-1.508128494024276733e-01
-1.530305445194244385e-01
-1.436884701251983643e-01
-1.358131319284439087e-01
-1.387209892272949219e-01
-1.429340094327926636e-01
-1.516455709934234619e-01
-1.418028771877288818e-01
-1.444171816110610962e-01
-1.437129527330398560e-01
-1.273339092731475830e-01
-1.391706764698028564e-01
-1.460856199264526367e-01
-1.461713165044784546e-01
-1.361519098281860352e-01
-1.373294889926910400e-01
-1.285289973020553589e-01
-1.387354880571365356e-01
-1.358066052198410034e-01
-1.194813326001167297e-01
-1.354445368051528931e-01
-1.388985812664031982e-01
-1.489782184362411499e-01
-1.394427269697189331e-01
-1.477199196815490723e-01
-1.318052262067794800e-01
-1.187872588634490967e-01
-1.322254985570907593e-01
-1.245351731777191162e-01
-1.372602283954620361e-01
-1.354543268680572510e-01
-1.393369734287261963e-01
-1.493279933929443359e-01
-1.217982843518257141e-01
-1.260681003332138062e-01
-1.375282555818557739e-01
-1.401828378438949585e-01
-1.445924937725067139e-01
-1.382471323013305664e-01
-1.466427892446517944e-01
-1.515093743801116943e-01
-1.674174070358276367e-01
-1.505547165870666504e-01
-1.560373157262802124e-01
-1.456667780876159668e-01
-1.616964340209960938e-01
-1.541721820831298828e-01
-1.502479165792465210e-01
-1.508661508560180664e-01
-1.327985674142837524e-01
-1.472596675157546997e-01
-1.429397910833358765e-01
-1.572491377592086792e-01
-1.513786017894744873e-01
-1.434375494718551636e-01
-1.443193256855010986e-01
-1.467771083116531372e-01
-1.371807307004928589e-01
-1.516926288604736328e-01
-1.401611417531967163e-01
-1.518637984991073608e-01
-1.377940773963928223e-01
-1.469025164842605591e-01
-1.254042685031890869e-01
-1.490588039159774780e-01
-1.332123279571533203e-01
-1.524167805910110474e-01
-1.656098961830139160e-01
-1.706990301609039307e-01
-1.531669646501541138e-01
-1.493054479360580444e-01
-1.537698805332183838e-01
-1.565305441617965698e-01
-1.459116488695144653e-01
-1.430947780609130859e-01
-1.610026210546493530e-01
-1.511107981204986572e-01
-1.539264470338821411e-01
-1.564909219741821289e-01
-1.714975535869598389e-01
-1.630198955535888672e-01
-1.579763293266296387e-01
-1.537778526544570923e-01
-1.557459533214569092e-01
-1.417517811059951782e-01
-1.492346078157424927e-01
-1.736080497503280640e-01
-1.619315743446350098e-01
-1.722652763128280640e-01
-1.763671934604644775e-01
-1.644430458545684814e-01
-1.529035717248916626e-01
-1.619739234447479248e-01
-1.675819456577301025e-01
-1.876909583806991577e-01
-1.793869733810424805e-01
-1.764197647571563721e-01
-1.666778922080993652e-01
-1.774712353944778442e-01
-1.566533744335174561e-01
-1.629395931959152222e-01
-1.717282235622406006e-01
-1.799863725900650024e-01
-1.667822450399398804e-01
-1.546601057052612305e-01
-1.441839337348937988e-01
-1.677421033382415771e-01
-1.675784736871719360e-01
-1.801157593727111816e-01
-1.670734286308288574e-01
-1.814268827438354492e-01
-1.633497029542922974e-01
-1.654772758483886719e-01
-1.637849807739257812e-01
-1.749563813209533691e-01
-1.634360700845718384e-01
-1.770979613065719604e-01
-1.598630398511886597e-01
-1.524547934532165527e-01
-1.636581718921661377e-01
-1.677506119012832642e-01
-1.593075096607208252e-01
-1.683856099843978882e-01
-1.637272238731384277e-01
-1.790529042482376099e-01
-1.757598668336868286e-01
-1.774896681308746338e-01
-1.887660771608352661e-01
-1.938703656196594238e-01
-1.677775681018829346e-01
-1.797968596220016479e-01
-1.732648313045501709e-01
-1.896923482418060303e-01
-1.885709613561630249e-01
-1.864231526851654053e-01
-1.789817810058593750e-01
-1.886247843503952026e-01
-1.921327263116836548e-01
-1.795657277107238770e-01
-1.762988269329071045e-01
-1.688231378793716431e-01
-1.687169075012207031e-01
-1.827853769063949585e-01
-1.711449325084686279e-01
-1.779026538133621216e-01
-1.734639257192611694e-01
-1.829315423965454102e-01
-1.762405484914779663e-01
-1.734598577022552490e-01
-1.694664806127548218e-01
-1.677893251180648804e-01
-1.704206913709640503e-01
-1.637981683015823364e-01
-1.843037009239196777e-01
-1.845444887876510620e-01
-1.838668137788772583e-01
-1.626491695642471313e-01
-1.824079900979995728e-01
-1.797059178352355957e-01
-1.710050404071807861e-01
-1.800486296415328979e-01
-1.752367913722991943e-01
-1.741113960742950439e-01
-1.824360936880111694e-01
-1.826060563325881958e-01
-1.757876873016357422e-01
-1.645609587430953979e-01
-1.628554612398147583e-01
-1.614913791418075562e-01
-1.735932081937789917e-01
-1.739905029535293579e-01
-1.913238614797592163e-01
-1.752729415893554688e-01
-1.738626807928085327e-01
-1.730318516492843628e-01
-1.754590868949890137e-01
-1.821388900279998779e-01
-1.799768954515457153e-01
-1.760260909795761108e-01
-1.698590219020843506e-01
-1.797122955322265625e-01
-1.660385280847549438e-01
-1.729188412427902222e-01
-1.778343915939331055e-01
-1.672067642211914062e-01
-1.705304980278015137e-01
-1.623956412076950073e-01
-1.662173718214035034e-01
-1.707221865653991699e-01
-1.628749817609786987e-01
-1.578655242919921875e-01
-1.518784016370773315e-01
-1.658142805099487305e-01
-1.749387830495834351e-01
-1.658145785331726074e-01
-1.685160845518112183e-01
-1.688541173934936523e-01
-1.546239405870437622e-01
-1.702884882688522339e-01
-1.681340187788009644e-01
-1.577083617448806763e-01
-1.453857123851776123e-01
-1.545707434415817261e-01
-1.858865469694137573e-01
-1.655019968748092651e-01
-1.573608666658401489e-01
-1.526338905096054077e-01
-1.642103940248489380e-01
-1.395580321550369263e-01
-1.410786062479019165e-01
-1.450458914041519165e-01
-1.536873430013656616e-01
-1.479817181825637817e-01
-1.509946733713150024e-01
-1.549190133810043335e-01
-1.520403027534484863e-01
-1.526378691196441650e-01
-1.606576740741729736e-01
-1.537627726793289185e-01
-1.647408306598663330e-01
-1.751906871795654297e-01
-1.807818859815597534e-01
-1.702181249856948853e-01
-1.687509417533874512e-01
-1.473747640848159790e-01
-1.564393192529678345e-01
-1.799738556146621704e-01
-1.565869003534317017e-01
-1.533173918724060059e-01
-1.694695949554443359e-01
-1.559335589408874512e-01
-1.774776279926300049e-01
-1.811440587043762207e-01
-1.696777790784835815e-01
-1.639104336500167847e-01
-1.807627081871032715e-01
-1.868988126516342163e-01
-1.840784996747970581e-01
-1.731960624456405640e-01
-1.721648424863815308e-01
-1.664493978023529053e-01
-1.913924813270568848e-01
-1.650938689708709717e-01
-1.690783202648162842e-01
-1.782188564538955688e-01
-1.733038127422332764e-01
-1.754583716392517090e-01
-1.767141073942184448e-01
-1.900408416986465454e-01
-1.838441044092178345e-01
-1.923185884952545166e-01
-1.817798316478729248e-01
-1.962637305259704590e-01
-1.896921396255493164e-01
-1.982358098030090332e-01
-1.854835748672485352e-01
-1.923597007989883423e-01
-1.648694574832916260e-01
-1.712074875831604004e-01
-1.804592162370681763e-01
-1.839500665664672852e-01
-1.655716598033905029e-01
-1.906367391347885132e-01
-1.749006807804107666e-01
-1.732710152864456177e-01
-1.822310090065002441e-01
-1.783215999603271484e-01
-1.622558981180191040e-01
-1.679822504520416260e-01
-1.702494770288467407e-01
-1.818092465400695801e-01
-1.773808747529983521e-01
-1.777202188968658447e-01
-1.892994493246078491e-01
-1.686257123947143555e-01
-1.775325089693069458e-01
-1.858500540256500244e-01
-1.867786049842834473e-01
-1.866223663091659546e-01
-1.871976256370544434e-01
-1.737654209136962891e-01
-2.034703940153121948e-01
-1.967377513647079468e-01
-1.848673224449157715e-01
-1.881006509065628052e-01
-1.995414048433303833e-01
-1.841760873794555664e-01
-1.922750473022460938e-01
-1.780533939599990845e-01
-1.990264952182769775e-01
-1.939613223075866699e-01
-1.965520828962326050e-01
-1.886977702379226685e-01
-2.025211155414581299e-01
-2.060773670673370361e-01
-2.103164047002792358e-01
-2.023830860853195190e-01
-2.037785351276397705e-01
-2.058049291372299194e-01
-1.866705864667892456e-01
-1.797074675559997559e-01
-1.870030611753463745e-01
-1.818008869886398315e-01
-1.815030872821807861e-01
-1.746231019496917725e-01
-1.817446798086166382e-01
-1.755850315093994141e-01
-1.742580085992813110e-01
-1.863456070423126221e-01
-1.905916184186935425e-01
-1.893296837806701660e-01
-1.882584989070892334e-01
-1.898150891065597534e-01
-1.860491186380386353e-01
-1.820203363895416260e-01
-1.725830286741256714e-01
-1.905012279748916626e-01
-1.823930889368057251e-01
-1.785127967596054077e-01
-1.728201061487197876e-01
-1.706422269344329834e-01
-1.584453582763671875e-01
-1.484656631946563721e-01
-1.458638757467269897e-01
-1.570249050855636597e-01
-1.391835510730743408e-01
-1.523197442293167114e-01
-1.502918303012847900e-01
-1.633021235466003418e-01
-1.640585213899612427e-01
-1.619735509157180786e-01
-1.550593972206115723e-01
-1.366194635629653931e-01
-1.433920115232467651e-01
-1.557146459817886353e-01
-1.669605821371078491e-01
-1.804646104574203491e-01
-1.637824773788452148e-01
-1.617069244384765625e-01
-1.542487442493438721e-01
-1.780508607625961304e-01
-1.719318628311157227e-01
-1.597189307212829590e-01
-1.635290682315826416e-01
-1.587397009134292603e-01
-1.808479875326156616e-01
-1.791116893291473389e-01
-1.886517405509948730e-01
-1.881831437349319458e-01
-1.724646091461181641e-01
-1.805333197116851807e-01
-1.799225658178329468e-01
-1.858088225126266479e-01
-1.725184917449951172e-01
-1.803762316703796387e-01
-1.530313193798065186e-01
-1.607485860586166382e-01
-1.765868216753005981e-01
-1.594119369983673096e-01
-1.567752212285995483e-01
-1.573817133903503418e-01
-1.670446544885635376e-01
-1.744558215141296387e-01
-1.740664690732955933e-01
-1.672575026750564575e-01
-1.731722205877304077e-01
-1.804876625537872314e-01
-1.795820295810699463e-01
-1.857921630144119263e-01
-1.606337875127792358e-01
-1.787848174571990967e-01
-1.849926859140396118e-01
-1.689939200878143311e-01
-1.775263845920562744e-01
-1.878870874643325806e-01
-1.699099242687225342e-01
-1.867169737815856934e-01
-1.759978085756301880e-01
-1.820383071899414062e-01
-1.835420578718185425e-01
-1.784991919994354248e-01
-1.892516314983367920e-01
-1.778383851051330566e-01
-1.890887767076492310e-01
-1.908962279558181763e-01
-1.744737923145294189e-01
-1.790592670440673828e-01
-1.906444430351257324e-01
-1.977225095033645630e-01
-2.076704204082489014e-01
-1.864145696163177490e-01
-1.761201173067092896e-01
-1.723716259002685547e-01
-1.796817928552627563e-01
-1.950033605098724365e-01
-1.905658543109893799e-01
-1.867786198854446411e-01
-1.764274090528488159e-01
-1.838335841894149780e-01
-1.855514049530029297e-01
-1.825285404920578003e-01
-2.027093321084976196e-01
-1.965996921062469482e-01
-1.973842531442642212e-01
-1.904914081096649170e-01
-1.830636262893676758e-01
-1.839658170938491821e-01
-1.808430254459381104e-01
-1.840139478445053101e-01
-1.614415198564529419e-01
-1.696944832801818848e-01
-1.731723546981811523e-01
-1.490947455167770386e-01
-1.681831181049346924e-01
-1.760882586240768433e-01
-1.946673691272735596e-01
-1.718126386404037476e-01
-1.472356617450714111e-01
-1.758608222007751465e-01
-1.782887578010559082e-01
-1.890153437852859497e-01
-1.981396973133087158e-01
-1.913605332374572754e-01
-1.923027485609054565e-01
-1.774196326732635498e-01
-1.992001980543136597e-01
-1.864718794822692871e-01
-1.679972261190414429e-01
-1.811402738094329834e-01
-1.793137788772583008e-01
-1.597348898649215698e-01
-1.723038405179977417e-01
-1.729937642812728882e-01
-1.847589015960693359e-01
-1.677344888448715210e-01
-1.831996589899063110e-01
-1.816313266754150391e-01
-1.711441278457641602e-01
-1.808246374130249023e-01
-1.843430548906326294e-01
-1.783042252063751221e-01
-1.818998754024505615e-01
-1.969600766897201538e-01
-1.899558007717132568e-01
-1.957081705331802368e-01
-1.980068683624267578e-01
-1.962702423334121704e-01
-1.890475451946258545e-01
-1.918794214725494385e-01
-1.995162367820739746e-01
-1.915361434221267700e-01
-2.014465183019638062e-01
-1.877850741147994995e-01
-1.955571770668029785e-01
-2.023492604494094849e-01
-1.909282207489013672e-01
-2.152233421802520752e-01
-2.028615772724151611e-01
-1.873195469379425049e-01
-1.942671984434127808e-01
-2.004558742046356201e-01
-1.832626312971115112e-01
-1.931077837944030762e-01
-1.928095966577529907e-01
-1.712427437305450439e-01
-1.828223019838333130e-01
-1.899856626987457275e-01
-1.893379241228103638e-01
-1.933443248271942139e-01
-2.007687389850616455e-01
-1.857869625091552734e-01
-1.878240108489990234e-01
-1.984805464744567871e-01
-2.021905481815338135e-01
-1.819303929805755615e-01
-1.819079220294952393e-01
-1.712038069963455200e-01
-1.777476519346237183e-01
-1.915505379438400269e-01
-1.710277646780014038e-01
-1.788506060838699341e-01
-2.036004960536956787e-01
-1.776109188795089722e-01
-1.769962906837463379e-01
-1.869076937437057495e-01
-1.990071982145309448e-01
-2.116085737943649292e-01
-1.867367327213287354e-01
-1.924617886543273926e-01
-1.894662380218505859e-01
-1.948080062866210938e-01
-1.820500046014785767e-01
-1.811529695987701416e-01
-1.878132522106170654e-01
-2.056769728660583496e-01
-1.839204728603363037e-01
-1.755160987377166748e-01
-1.882287114858627319e-01
-1.684683114290237427e-01
-1.785450428724288940e-01
-1.709517687559127808e-01
-1.806587725877761841e-01
-1.758703142404556274e-01
-1.867327690124511719e-01
-1.827429980039596558e-01
-1.837071031332015991e-01
-1.668478101491928101e-01
-1.708799898624420166e-01
-1.714300215244293213e-01
-1.790066510438919067e-01
-1.570630967617034912e-01
-1.512807160615921021e-01
-1.689787805080413818e-01
-1.550348997116088867e-01
-1.857747882604598999e-01
-1.574825197458267212e-01
-1.771819591522216797e-01
-1.618693470954895020e-01
-1.871660053730010986e-01
-1.784228086471557617e-01
-1.707971543073654175e-01
-1.844348460435867310e-01
-1.622712016105651855e-01
-1.610218584537506104e-01
-1.630232930183410645e-01
-1.677291840314865112e-01
-1.636677384376525879e-01
-1.688085347414016724e-01
-1.731654405593872070e-01
-1.855758279561996460e-01
-1.653480678796768188e-01
-1.886229813098907471e-01
-1.614032387733459473e-01
-1.645904779434204102e-01
-1.491144150495529175e-01
-1.574055254459381104e-01
-1.454882919788360596e-01
-1.679643988609313965e-01
-1.690868437290191650e-01
-1.849926859140396118e-01
-1.732842773199081421e-01
-1.776187419891357422e-01
-1.715835928916931152e-01
-1.830665022134780884e-01
-1.760001480579376221e-01
-1.793008446693420410e-01
-1.744272857904434204e-01
-1.841099709272384644e-01
-1.797677129507064819e-01
-1.813567131757736206e-01
-1.932099759578704834e-01
-1.787988692522048950e-01
-1.819189488887786865e-01
-1.821427047252655029e-01
-1.659172475337982178e-01
-1.869334280490875244e-01
-1.874360740184783936e-01
-1.884284019470214844e-01
-1.771537810564041138e-01
-1.906328797340393066e-01
-1.808121651411056519e-01
-1.773894727230072021e-01
-1.747596114873886108e-01
-1.637986004352569580e-01
-1.656620651483535767e-01
-1.693446189165115356e-01
-1.645417958498001099e-01
-1.723950356245040894e-01
-1.567074805498123169e-01
-1.773692816495895386e-01
-1.594718247652053833e-01
-1.652157455682754517e-01
-1.640861481428146362e-01
-1.637878417968750000e-01
-1.512406766414642334e-01
-1.577694863080978394e-01
-1.704906225204467773e-01
-1.708720922470092773e-01
-1.606131941080093384e-01
-1.809996813535690308e-01
-1.696638315916061401e-01
-1.570789664983749390e-01
-1.826149672269821167e-01
-1.897696703672409058e-01
-1.745862215757369995e-01
-1.752280145883560181e-01
-1.614353656768798828e-01
-1.681873649358749390e-01
-1.802556812763214111e-01
-1.586513817310333252e-01
-1.737787872552871704e-01
-1.648060977458953857e-01
-1.827585250139236450e-01
-1.663307547569274902e-01
-1.695324182510375977e-01
-1.653455197811126709e-01
-1.794362962245941162e-01
-1.628637760877609253e-01
-1.651195436716079712e-01
-1.634887158870697021e-01
-1.548827588558197021e-01
-1.607883870601654053e-01
-1.667608916759490967e-01
-1.648653149604797363e-01
-1.708700209856033325e-01
-1.691682636737823486e-01
-1.753901541233062744e-01
-1.762529164552688599e-01
-1.639314740896224976e-01
-1.711586266756057739e-01
-1.673996150493621826e-01
-1.720753014087677002e-01
-1.903215497732162476e-01
-1.603313088417053223e-01
-1.543046683073043823e-01
-1.708160191774368286e-01
-1.774355769157409668e-01
-1.535577178001403809e-01
-1.749145090579986572e-01
-1.710180640220642090e-01
-1.837730854749679565e-01
-1.932586729526519775e-01
-1.751357764005661011e-01
-1.775486022233963013e-01
-1.846316605806350708e-01
-1.665385812520980835e-01
-1.744546145200729370e-01
-1.736498475074768066e-01
-1.612791866064071655e-01
-1.590764969587326050e-01
-1.658107340335845947e-01
-1.625897884368896484e-01
-1.625875830650329590e-01
-1.761666536331176758e-01
-1.724947541952133179e-01
-1.608906835317611694e-01
-1.478564590215682983e-01
-1.702809780836105347e-01
-1.824690550565719604e-01
-1.864866465330123901e-01
-1.646720767021179199e-01
-1.735608577728271484e-01
-1.680640578269958496e-01
-1.653536558151245117e-01
-1.569468975067138672e-01
-1.742482781410217285e-01
-1.691997796297073364e-01
-1.780678480863571167e-01
-1.703584194183349609e-01
-1.618807762861251831e-01
-1.776212304830551147e-01
-1.612624377012252808e-01
-1.570136547088623047e-01
-1.807149201631546021e-01
-1.779728978872299194e-01
-1.838157624006271362e-01
-1.650356501340866089e-01
-1.887980401515960693e-01
-1.628125309944152832e-01
-1.805294603109359741e-01
-1.833885312080383301e-01
-1.838987469673156738e-01
-1.764550805091857910e-01
-1.883938312530517578e-01
-1.760660856962203979e-01
-1.617096215486526489e-01
-1.638221442699432373e-01
-1.682328283786773682e-01
-1.752172261476516724e-01
-1.604558229446411133e-01
-1.778765022754669189e-01
-1.842097342014312744e-01
-1.786005496978759766e-01
-1.739740222692489624e-01
-1.677553206682205200e-01
-1.738813966512680054e-01
-1.836661100387573242e-01
-1.743235588073730469e-01
-1.681754738092422485e-01
-1.779989451169967651e-01
-1.764136105775833130e-01
-1.674540042877197266e-01
-1.519479602575302124e-01
-1.724573224782943726e-01
-1.599252223968505859e-01
-1.520533412694931030e-01
-1.618233174085617065e-01
-1.642162501811981201e-01
-1.605798453092575073e-01
-1.576220840215682983e-01
-1.739401519298553467e-01
-1.684875190258026123e-01
-1.714362651109695435e-01
-1.736078709363937378e-01
-1.909365952014923096e-01
-1.772733628749847412e-01
-1.694942265748977661e-01
-1.753888279199600220e-01
-1.783374994993209839e-01
-1.721828877925872803e-01
-1.774036735296249390e-01
-1.882036030292510986e-01
-1.761804968118667603e-01
-1.719921678304672241e-01
-1.904226243495941162e-01
-1.860175728797912598e-01
-1.605399101972579956e-01
-1.835113465785980225e-01
-1.772199571132659912e-01
-1.599247902631759644e-01
-1.605366170406341553e-01
-1.597511172294616699e-01
-1.657077223062515259e-01
-1.755353510379791260e-01
-1.657780706882476807e-01
-1.664597988128662109e-01
-1.887179166078567505e-01
-1.835314333438873291e-01
-1.812031269073486328e-01
-1.796658784151077271e-01
-1.617360115051269531e-01
-1.780239492654800415e-01
-1.716844737529754639e-01
-1.632760167121887207e-01
-1.778362542390823364e-01
-1.766532510519027710e-01
-1.844284385442733765e-01
-1.794615089893341064e-01
-1.866530478000640869e-01
-1.706642061471939087e-01
-1.776523143053054810e-01
-1.815033704042434692e-01
-1.647489070892333984e-01
-1.624741852283477783e-01
-1.752483099699020386e-01
-1.564139574766159058e-01
-1.623600870370864868e-01
-1.702891439199447632e-01
-1.637783348560333252e-01
-1.724327951669692993e-01
-1.575186997652053833e-01
-1.689568459987640381e-01
-1.721955239772796631e-01
-1.589326709508895874e-01
-1.769129931926727295e-01
-1.825824230909347534e-01
-1.766425222158432007e-01
-1.860098987817764282e-01
-1.708476692438125610e-01
-1.815883964300155640e-01
-1.934848874807357788e-01
-1.937783807516098022e-01
-1.914307624101638794e-01
-1.786391586065292358e-01
-1.967286020517349243e-01
-1.871613413095474243e-01
-1.915406435728073120e-01
-1.940798461437225342e-01
-1.909084767103195190e-01
-1.768090277910232544e-01
-1.645921766757965088e-01
-1.869518607854843140e-01
-1.732725203037261963e-01
-1.812263429164886475e-01
-1.650233566761016846e-01
-1.816546320915222168e-01
-1.721522361040115356e-01
-1.990284025669097900e-01
-1.861046254634857178e-01
-1.783430278301239014e-01
-1.732634156942367554e-01
-1.709714978933334351e-01
-1.831164807081222534e-01
-1.735204905271530151e-01
-1.838722676038742065e-01
-1.804614514112472534e-01
-1.856904774904251099e-01
-1.823333352804183960e-01
-1.758701503276824951e-01
-1.779952049255371094e-01
-1.599181443452835083e-01
-1.726537495851516724e-01
-1.608419418334960938e-01
-1.622928082942962646e-01
-1.695832759141921997e-01
-1.797728240489959717e-01
-1.717516928911209106e-01
-1.595603078603744507e-01
-1.793237924575805664e-01
-1.863655894994735718e-01
-1.684466004371643066e-01
-1.709829270839691162e-01
-1.829292327165603638e-01
-1.701731383800506592e-01
-1.794231086969375610e-01
-1.799504607915878296e-01
-1.652349084615707397e-01
-1.501031368970870972e-01
-1.467370986938476562e-01
-1.508550941944122314e-01
-1.558971703052520752e-01
-1.564136892557144165e-01
-1.766175627708435059e-01
-1.645642518997192383e-01
-1.745229810476303101e-01
-1.659356057643890381e-01
-1.683582067489624023e-01
-1.546046286821365356e-01
-1.481434553861618042e-01
-1.621205210685729980e-01
-1.561961024999618530e-01
-1.639166623353958130e-01
-1.673818081617355347e-01
-1.633259803056716919e-01
-1.559132486581802368e-01
-1.633842140436172485e-01
-1.680521965026855469e-01
-1.748080700635910034e-01
-1.565583050251007080e-01
-1.701480299234390259e-01
-1.551311463117599487e-01
-1.465079486370086670e-01
-1.584071815013885498e-01
-1.631008535623550415e-01
-1.589568406343460083e-01
-1.499095708131790161e-01
-1.602143496274948120e-01
-1.731848120689392090e-01
-1.696072369813919067e-01
-1.662119477987289429e-01
-1.675332188606262207e-01
-1.823023110628128052e-01
-1.777280718088150024e-01
-1.874902099370956421e-01
-1.797682344913482666e-01
-1.879851520061492920e-01
-1.737382411956787109e-01
-1.875610798597335815e-01
-1.802044957876205444e-01
-1.923786401748657227e-01
-1.777032464742660522e-01
-1.800490617752075195e-01
-1.814706623554229736e-01
-1.697418540716171265e-01
-1.804568171501159668e-01
-1.736202090978622437e-01
-1.777010560035705566e-01
-1.708814352750778198e-01
-1.582504510879516602e-01
-1.801532059907913208e-01
-1.922888457775115967e-01
-1.828528493642807007e-01
-1.585739552974700928e-01
-1.887417137622833252e-01
-1.791607886552810669e-01
-1.680663675069808960e-01
-1.673393398523330688e-01
-1.640553772449493408e-01
-1.634921580553054810e-01
-1.602009832859039307e-01
-1.650225669145584106e-01
-1.591160595417022705e-01
-1.664269268512725830e-01
-1.737996488809585571e-01
-1.561089456081390381e-01
-1.638218760490417480e-01
-1.674805283546447754e-01
-1.697208434343338013e-01
-1.706265062093734741e-01
-1.621078401803970337e-01
-1.441873610019683838e-01
-1.535113900899887085e-01
-1.607178449630737305e-01
-1.624134778976440430e-01
-1.637422889471054077e-01
-1.685765683650970459e-01
-1.703258156776428223e-01
-1.536261141300201416e-01
-1.629410535097122192e-01
-1.683814227581024170e-01
