2.274572824209164512e+00
2.188076934447655386e+00
2.153088128872406859e+00
2.130338608912932585e+00
2.107993949682284818e+00
2.093235373802674104e+00
2.079112512943072311e+00
2.071748858231764689e+00
2.057727117721851240e+00
2.047404124797918890e+00
2.042547995921892845e+00
2.037175147044353096e+00
2.032678448542570404e+00
2.028157730897267808e+00
2.022900437697386256e+00
2.019180007164294910e+00
2.017912699014712707e+00
2.014565804677131755e+00
2.012041686131404106e+00
2.009256902107825482e+00
2.007464252985440734e+00
2.005603424402383705e+00
2.005186687066004669e+00
2.002825120779184065e+00
2.001626130556449112e+00
1.998301795812753578e+00
1.999107378874069640e+00
1.998566353015410524e+00
1.997680696462973637e+00
1.997615397282135774e+00
1.994209304834023477e+00
1.994648680320152856e+00
1.992276612917582179e+00
1.992924557282374387e+00
1.991933206411508506e+00
1.990598095991672700e+00
1.989146451461009546e+00
1.989815653287447361e+00
1.987522173539186143e+00
1.986885469999068787e+00
1.983844281771244056e+00
1.985894079391772982e+00
1.983752495508927627e+00
1.983115314825987241e+00
1.983450212845435434e+00
1.982402086563599397e+00
1.981887144308823734e+00
1.980903071929246861e+00
1.978634079908713206e+00
1.979589213163424732e+00
1.978380170235267022e+00
1.978647306943551065e+00
1.973951310377854540e+00
1.973146254588396209e+00
1.972312357792487481e+00
1.971951475204565485e+00
1.973008886056068611e+00
1.972216368944216924e+00
1.970704433551201396e+00
1.972695291042327881e+00
1.968205930636479195e+00
1.968546145390241531e+00
1.967777894093440061e+00
1.967007497335091726e+00
1.964971213157360452e+00
1.962782987875816065e+00
1.964253927805484912e+00
1.964085323993976395e+00
1.965253600096091180e+00
1.965642727338350770e+00
1.963413446071820445e+00
1.961878786942897746e+00
1.959754931009732859e+00
1.956754872432121761e+00
1.958038723774445433e+00
1.957148241079770701e+00
1.955583961499042900e+00
1.956646962349231522e+00
1.956349623203277543e+00
1.957411044071882156e+00
1.950810346236595771e+00
1.952623063478714283e+00
1.951214352937845176e+00
1.949625007311503122e+00
1.950910315146813012e+00
1.951591405196067663e+00
1.948679319406167121e+00
1.945893277571751456e+00
1.947818372188470315e+00
1.948017529340890786e+00
1.945739634526081563e+00
1.947766366983071373e+00
1.943741780060988189e+00
1.943445946925725698e+00
1.944187343731904605e+00
1.945305411937909179e+00
1.939295579836918693e+00
1.940330945222805692e+00
1.940002598212315466e+00
1.938929508588252970e+00
1.937630883852640817e+00
1.933939447158422142e+00
1.937929534300779633e+00
1.937425901033939413e+00
1.936174249037718065e+00
1.932814429967831371e+00
1.935272925633650498e+00
1.935439096352992827e+00
1.933379899844145156e+00
1.933243579130906387e+00
1.928746447196373559e+00
1.932164669953859715e+00
1.931005201889918421e+00
1.929692001526172263e+00
1.927327466622376972e+00
1.925310094539935735e+00
1.927750688027112913e+00
1.927656057859078453e+00
1.926357579842591816e+00
1.925208056890047592e+00
1.925179292299808553e+00
1.922882071825174233e+00
1.922723011787121017e+00
1.923400837030166288e+00
1.921652240019578128e+00
1.917918055791121290e+00
1.918868766381190305e+00
1.921361561004932161e+00
1.919912332449203785e+00
1.916600445906321282e+00
1.917948879034091281e+00
1.917135189741085766e+00
1.916198438864487930e+00
1.918160784244537398e+00
1.915916540072514440e+00
1.915150828239245318e+00
1.914293479613768723e+00
1.914948511123657271e+00
1.908478349294417953e+00
1.912070172872298857e+00
1.910741590230892850e+00
1.911198325340564441e+00
1.912227173646291023e+00
1.907547583029820304e+00
1.907995986632811780e+00
1.908586311951661729e+00
1.906746079677190453e+00
1.906296796676440142e+00
1.906555121678572329e+00
1.905224230961921839e+00
1.904246139220702405e+00
1.904260335213098676e+00
1.906559785818442210e+00
1.906844745843838451e+00
1.904396814566392093e+00
1.902687179125272410e+00
1.902519401525839760e+00
1.897551841002244277e+00
1.902140136559804295e+00
1.898664271525847713e+00
1.901489445185049920e+00
1.897959685936952301e+00
1.898713271740155362e+00
1.898554770763103861e+00
1.898775952901595732e+00
1.894539472078665687e+00
1.893739768480643182e+00
1.896628738060975650e+00
1.894628087679545159e+00
1.896722369621961501e+00
1.893236199709085410e+00
1.896170402795840593e+00
1.892730605602264360e+00
1.892042450110117624e+00
1.896314380413446576e+00
1.891589997670589440e+00
1.888493627156966781e+00
1.889775936420147184e+00
1.890782626164265068e+00
1.890097442651406334e+00
1.887765203989469009e+00
1.886051392555236905e+00
1.889247399110060455e+00
1.886651932276212307e+00
1.886549811179821345e+00
1.885453748091673321e+00
1.884053095793112753e+00
1.883994831183017915e+00
1.887129771709442183e+00
1.884825825385558318e+00
1.882134591310452132e+00
1.882162189483642667e+00
1.883077636437538338e+00
1.883130375544230128e+00
1.882784524330725962e+00
1.880526134601006039e+00
1.881256373112018210e+00
1.880920404348617847e+00
1.879438021549811655e+00
1.877430004034286837e+00
1.878971188496320721e+00
1.878047233055799348e+00
1.876508107552161686e+00
1.877557967259333660e+00
1.877013842570476099e+00
1.878195940531217190e+00
1.874349689177977840e+00
1.873312775293985988e+00
1.878458768282181168e+00
1.873044948394481990e+00
1.874091163354042244e+00
1.873460341111207628e+00
1.871700510917565730e+00
1.873147338170271681e+00
1.873354381475693220e+00
1.869224901077074952e+00
1.867728498348822930e+00
1.872106904249924986e+00
1.870073302586873432e+00
1.870133742002340504e+00
1.870986753243666367e+00
1.870907006508264692e+00
1.870275008067106670e+00
1.869953972559708744e+00
1.867453911671271616e+00
1.868536162376403853e+00
1.865799225293673036e+00
1.866374791279817202e+00
1.863551653654147433e+00
1.862854310488089471e+00
1.863092677715497247e+00
1.867331282909099777e+00
1.864756292563218398e+00
1.863667124356978899e+00
1.859926619590857033e+00
1.860003002178974629e+00
1.865299653395628310e+00
1.861396596370599177e+00
1.861195984864846276e+00
1.858802156570630304e+00
1.863740642559833960e+00
1.859684430635892394e+00
1.865734449411049933e+00
1.859971916675567716e+00
1.857554866411747163e+00
1.858532425379141761e+00
1.856634468604356769e+00
1.854179830428881459e+00
1.856401819143539855e+00
1.861414381479605584e+00
1.858755119641621878e+00
1.853582586997594595e+00
1.855114196202693799e+00
1.853277930540916163e+00
1.854784221221239093e+00
1.851830560121780822e+00
1.851475173693436949e+00
1.853631517825982566e+00
1.851888882808196302e+00
1.849582739671071341e+00
1.848467420003353068e+00
1.853977558857355268e+00
1.850431361870887859e+00
1.853045011178041213e+00
1.849924096083029657e+00
1.848914072146782495e+00
1.851919691990583372e+00
1.843722432393294142e+00
1.846953686078389500e+00
1.851010662775773197e+00
1.846346959395286369e+00
1.848883836697309491e+00
1.850060672332078937e+00
1.846336040741358042e+00
1.847253290506509549e+00
1.852796423435211226e+00
1.841719437562502337e+00
1.846105214877006295e+00
1.846569959016946649e+00
1.845336117805578713e+00
1.842508861651787289e+00
1.842440136273701956e+00
1.842360332684639168e+00
1.844768828612107558e+00
1.842066107957791132e+00
1.843362451211000064e+00
1.838220086770179895e+00
1.845189535006498627e+00
1.837209060253241155e+00
1.841147663960090108e+00
1.841832337929652397e+00
1.840794407404386046e+00
1.846098670287009913e+00
1.839804453116196781e+00
1.840182968592032342e+00
1.841929344030526883e+00
1.842188615371019411e+00
1.838184250929416841e+00
1.839397953718136414e+00
1.840968418121337935e+00
1.839130672124716037e+00
1.840051819116641285e+00
1.835126453790909107e+00
1.836924447463109011e+00
1.838263132021977331e+00
1.836145347815293594e+00
1.836739969253539995e+00
1.837965117356715972e+00
1.834703614772894342e+00
1.836613306938073675e+00
1.834080171279418137e+00
1.832671984342428395e+00
1.833777889838585473e+00
1.834994472601474857e+00
1.833105194568634078e+00
1.832176390672341393e+00
1.831389752718118435e+00
1.832445391936179835e+00
1.829135337242713266e+00
1.829812191694210721e+00
1.832591875088520617e+00
1.833206858696081687e+00
1.832072966526716140e+00
1.832633753923269326e+00
1.829582555171770819e+00
1.831481975775498539e+00
1.830660536044683262e+00
1.833753176835867027e+00
1.832997487141535764e+00
1.833799649813236288e+00
1.830637740783202405e+00
1.833431798372513244e+00
1.832281008439186287e+00
1.827431050936380919e+00
1.829572713680756468e+00
1.829869695810171226e+00
1.829937589474213366e+00
1.832257048288981061e+00
1.828035541986807733e+00
1.829163417143699455e+00
1.830861793725918396e+00
1.829967455680553634e+00
1.826000154629731753e+00
1.828003786771725370e+00
1.831017196484101106e+00
1.827033262069408748e+00
1.824116793351295618e+00
1.822917329959380384e+00
1.824400668572156770e+00
1.827765526527013629e+00
1.826810129789205650e+00
1.826029575176728148e+00
1.823941068160228163e+00
1.822585520988855512e+00
1.816650835978679268e+00
1.824745305073566914e+00
1.824929166451478624e+00
1.824842850672893091e+00
1.822401651357993035e+00
1.820406223871769091e+00
1.825276233294071293e+00
1.821341250492976238e+00
1.818250851753430597e+00
1.821226877738267858e+00
1.819988173399216036e+00
1.821156152700766473e+00
1.823632418192350002e+00
1.819863747327755688e+00
1.821355964587284992e+00
1.815487840542426401e+00
1.821283317529238222e+00
1.815758913908249284e+00
1.815728770158229644e+00
1.818298170505425970e+00
1.818719565257048032e+00
1.817521040867536408e+00
1.818809872712844555e+00
1.821050082108913282e+00
1.815432401498158876e+00
1.818712062407762620e+00
1.812488842010498091e+00
1.819773964698498059e+00
1.818584808630820948e+00
1.817674460777869649e+00
1.816181111030089612e+00
1.815379406549991748e+00
1.814318616573627141e+00
1.819055770299373487e+00
1.816332300809713418e+00
1.814815088724478720e+00
1.814541064775907042e+00
1.814717659583458431e+00
1.815674997598696994e+00
1.811119185044215207e+00
1.814597831016931728e+00
1.817075831156510501e+00
1.816118387992565530e+00
1.814724165965349245e+00
1.810942376882602067e+00
1.815782385911697050e+00
1.814712857588743455e+00
1.810783401208046151e+00
1.811983740635407347e+00
1.808590008050967590e+00
1.811889554292727800e+00
1.809604099469307226e+00
1.810332510410211038e+00
1.810241433595999760e+00
1.812739964326222752e+00
1.811841427362882229e+00
1.812771900494893451e+00
1.807723113512381463e+00
1.810895372048402452e+00
1.813254448695060583e+00
1.809955156155121703e+00
1.807453786104153304e+00
1.812090425919263836e+00
1.803985761067806060e+00
1.811064957349728388e+00
1.809251178227938128e+00
1.807924461976075703e+00
1.808235379977104040e+00
1.807848219993786865e+00
1.807199341517228275e+00
1.808607075153253030e+00
1.808943719435960773e+00
1.807893243508461145e+00
1.805085369256826500e+00
1.805633034155919026e+00
1.807694014219137335e+00
1.808071542703188372e+00
1.805218493021451431e+00
1.803632454077402691e+00
1.807781971112275787e+00
1.807465566427279846e+00
1.804462673419561236e+00
1.802420213283636663e+00
1.802802139673477466e+00
1.806067736332233054e+00
1.806774098750872470e+00
1.798423241040645548e+00
1.801382194726895092e+00
1.800639338065416428e+00
1.802407194406558277e+00
1.802273605725704053e+00
1.801337851010835989e+00
1.802162959331121250e+00
1.797835096029134938e+00
1.802270015997764485e+00
1.799407529525267835e+00
1.801820947268070405e+00
1.799987504115471371e+00
1.802145483249273150e+00
1.803490801040942948e+00
1.801051828800103616e+00
1.800835015834906239e+00
1.797810787115341480e+00
1.798698973044370986e+00
1.797472518529647401e+00
1.794256497040773057e+00
1.802282635676555111e+00
1.796753025054931729e+00
1.797894925337571337e+00
1.796800906841571566e+00
1.802552624849172780e+00
1.800853462096972279e+00
1.796282302416287946e+00
1.797578665537711951e+00
1.796323767686501593e+00
1.797246794822888516e+00
1.800057850128565118e+00
1.798654660200461386e+00
1.799948651974017766e+00
1.802652012996184494e+00
1.796728465495965432e+00
1.800010187503618964e+00
1.800367433596880007e+00
1.795812485768244926e+00
1.795330001757695193e+00
1.790134574205447526e+00
1.799078211111900139e+00
1.794722980108016674e+00
1.794378052613674113e+00
1.795325042651249703e+00
1.794951180617014641e+00
1.798531483992552138e+00
1.795114043125739522e+00
1.793024597718165580e+00
1.793075798108027641e+00
1.796254894060966389e+00
1.799012783551827477e+00
1.794438403080671263e+00
1.796851557340377381e+00
1.793572044983888336e+00
1.798064779318296003e+00
1.793346582926236721e+00
1.796416942889873747e+00
1.792472898043119045e+00
1.791828669645847416e+00
1.790717997917762094e+00
1.796474894804832356e+00
1.792711327014825384e+00
1.792175867618658547e+00
1.793295079011183457e+00
1.792945811687371771e+00
1.792403598320789770e+00
1.792319495250017214e+00
1.789805667522626154e+00
1.791485174496968646e+00
1.792542099647032927e+00
1.790017991493909832e+00
1.790254790966327336e+00
1.786901778135544294e+00
1.793114101581084530e+00
1.789094716768998339e+00
1.787111249948159175e+00
1.789640648242754706e+00
1.792290078982328838e+00
1.791519063252669186e+00
1.786375319346403368e+00
1.786519838602115051e+00
1.786639215701665728e+00
1.787819569844465883e+00
1.786069014744880779e+00
1.790211190627171378e+00
1.790594603159488818e+00
1.787887139198107489e+00
1.788412879674862621e+00
1.788957146497873074e+00
1.789241931071648306e+00
1.787304077698634197e+00
1.784560180016053099e+00
1.786826549126551811e+00
1.785364726873544639e+00
1.790295754334865430e+00
1.791347231314732502e+00
1.784930851520636130e+00
1.788514746763767427e+00
1.786882263880509525e+00
1.785980991216806313e+00
1.784184944629669145e+00
1.784206264446943191e+00
1.790232725632496358e+00
1.788691589465507992e+00
1.786440185705820749e+00
1.787480766650958008e+00
1.788883251410264164e+00
1.787843280266492751e+00
1.784816956520080655e+00
1.786573576315855449e+00
1.781304110319186451e+00
1.782796382598387908e+00
1.784929800033569380e+00
1.784200594975398069e+00
1.782683936143532710e+00
1.785884046860230168e+00
1.785843914288740786e+00
1.785313431421915675e+00
1.782927101392012270e+00
1.784537829496921635e+00
1.787924600564516409e+00
1.785670970953427750e+00
1.784939513451013759e+00
1.784885665697929280e+00
1.778575006509438561e+00
1.780065493094615370e+00
1.781034100361359451e+00
1.784219193458557173e+00
1.781297869865710926e+00
1.781629842366927674e+00
1.785866355895996183e+00
1.783324423203101583e+00
1.783055359277969654e+00
1.781286847897064929e+00
1.780760007026868097e+00
1.780533685134007449e+00
1.782983453151507192e+00
1.781110463386926801e+00
1.778983103311978953e+00
1.782085638779860259e+00
1.780302782853444343e+00
1.784872121077317519e+00
1.781717916941031321e+00
1.779216181926238205e+00
1.780695861730820173e+00
1.778251533630566650e+00
1.783825143789633749e+00
1.780061149902832707e+00
1.780800634469741350e+00
1.781830449287707951e+00
1.780085210616771940e+00
1.777899434627630670e+00
1.777346430375025932e+00
1.780700082962329622e+00
1.778250686938946057e+00
1.780180975718375969e+00
1.780299917856852154e+00
1.779122765858968114e+00
1.784191688818809407e+00
1.785250010551550526e+00
1.780253458023071333e+00
1.780343633737319520e+00
1.781370848264449691e+00
1.778013739524743508e+00
1.774434775266891862e+00
1.780505129924187191e+00
1.775589247238941626e+00
1.777137126066745898e+00
1.779988106091817235e+00
1.777633309669983674e+00
1.773919085967235132e+00
1.775444290882501885e+00
1.777015041387998151e+00
1.777119967876336526e+00
1.774574427421276468e+00
1.774246227129911757e+00
1.776824539441328676e+00
1.773295603654323482e+00
1.773811576305291515e+00
1.777305134137471487e+00
1.776944048282427691e+00
1.778980632928701455e+00
1.779691357796008733e+00
1.776927929352491331e+00
1.774943150923802282e+00
1.774733533309056144e+00
1.769662242669325591e+00
1.781767058066832776e+00
1.777040631343156818e+00
1.775016811566475061e+00
1.773934811506515885e+00
1.776445443202287811e+00
1.775827347926604460e+00
1.774789860004033715e+00
1.773727142505156618e+00
1.775087434511918305e+00
1.775028441502497722e+00
1.774157763750125127e+00
1.773926224158360432e+00
1.776816188983428191e+00
1.774793788714286613e+00
1.768766235693907118e+00
1.774303238208477351e+00
1.777831849990746838e+00
1.771808308210128358e+00
1.772286221614250756e+00
1.772814281781514456e+00
1.772253576608804559e+00
1.775849191959087747e+00
1.773096036605345871e+00
1.777091157436370805e+00
1.777505531066503330e+00
1.773273969919253679e+00
1.770029723338591765e+00
1.773617097047659019e+00
1.774094455364422895e+00
1.775746068587670035e+00
1.770230679328625101e+00
1.775064410613133248e+00
1.772791789739559754e+00
1.771305351073925394e+00
1.774407991384848504e+00
1.770889918009440178e+00
1.775380295973557621e+00
1.770514742533365826e+00
1.769798281865242240e+00
1.767985239395728492e+00
1.769028681669479797e+00
1.769626015271895891e+00
1.768676133950551455e+00
1.770328280558952860e+00
1.768792860018901347e+00
1.768221409504230124e+00
1.769411312922453350e+00
1.774537251240167812e+00
1.772346810499827008e+00
1.766745562431139893e+00
1.774713367070907211e+00
1.769900575050940894e+00
1.766230385120098445e+00
1.765848947794009582e+00
1.772357456806378462e+00
1.768630752502343695e+00
1.772044407710051006e+00
1.772856797010470720e+00
1.769901989973508449e+00
1.764166520497737700e+00
1.765115113747425468e+00
1.771002582097664924e+00
1.764145838297330515e+00
1.768872257379385138e+00
1.769950607495430095e+00
1.767073232393998383e+00
1.771667023499806648e+00
1.767716651696425112e+00
1.769256777946765613e+00
1.767790028376456934e+00
1.768178528088789614e+00
1.768937794061807400e+00
1.773533352827414422e+00
1.763789241741865021e+00
1.771930913436107202e+00
1.767638268531897205e+00
1.771236339593545095e+00
1.765096724033355713e+00
1.768307485947242075e+00
1.762640813986460442e+00
1.760204349725674300e+00
1.763424740082178310e+00
1.768500991968008140e+00
1.772353897950588175e+00
1.764885738262763404e+00
1.764046706908788398e+00
1.769669395838028292e+00
1.765621044085575964e+00
1.762072677490038819e+00
1.765701265518481833e+00
1.763114084035922291e+00
1.768618388665028185e+00
1.763913982342451003e+00
1.762731423439123590e+00
1.768776511534666307e+00
1.763573966576502894e+00
1.764543877198145871e+00
1.762900479940267662e+00
1.761358900559254259e+00
1.769710514789972544e+00
1.768795480483617455e+00
1.766018892251528305e+00
1.759822907508947987e+00
1.763360566359299941e+00
1.766252955412253245e+00
1.765705659756293677e+00
1.760900598000257444e+00
1.765882956370329326e+00
1.763091569680433901e+00
1.763134359396421047e+00
1.763682315288445990e+00
1.762993013247465379e+00
1.762178601974096148e+00
1.763898374484135445e+00
1.762939753287877886e+00
1.766186102231343646e+00
1.763129338240012167e+00
1.763359556748316903e+00
1.763791754612555884e+00
1.765512986977895160e+00
1.760855487982432077e+00
1.765154435695746038e+00
1.765151868722377726e+00
1.763808830884786794e+00
1.764077136761103004e+00
1.759455706217350146e+00
1.763668272739801646e+00
1.757663405858553407e+00
1.758844547393994429e+00
1.755769469799139504e+00
1.758449468551537942e+00
1.756655408480228608e+00
1.759813367403470608e+00
1.760437508424123054e+00
1.764225136928069260e+00
1.760405472914377878e+00
1.766707003116607666e+00
1.760678569475809807e+00
1.760397810508043337e+00
1.756469592986962702e+00
1.762938315746111817e+00
1.756729170297965048e+00
1.762245849768320660e+00
1.758154797554016158e+00
1.764011667324946409e+00
1.760583749184241764e+00
1.762890117596357387e+00
1.760898093993847224e+00
1.760591602325439542e+00
1.764805895242935518e+00
1.758198420512370630e+00
1.758613733144906766e+00
1.758778514923193592e+00
1.756107758864378310e+00
1.764604952396490622e+00
1.756181538716340640e+00
1.762401259251130003e+00
1.761007801386026195e+00
1.760099380749922560e+00
1.758531874876755996e+00
1.761763645746769136e+00
1.757272739593799260e+00
1.759974875511267189e+00
1.760814617841671703e+00
1.759740616419376513e+00
1.758503400056790067e+00
1.762883884784502753e+00
1.757958369071666915e+00
1.755423165284670350e+00
1.760892264048258493e+00
1.755617236174069840e+00
1.764727769753871911e+00
1.755124773123325488e+00
1.759062272157424500e+00
1.752540308084243437e+00
1.761888509224622590e+00
1.754002727300692843e+00
1.753849107791215944e+00
1.755353418680337674e+00
1.755909445346930164e+00
1.759219063856662935e+00
1.758149265631651303e+00
1.759479642831362156e+00
1.755260728261409664e+00
1.753506651291480534e+00
1.758255616212502481e+00
1.751864477609976767e+00
1.755986233246632056e+00
1.753988419129298260e+00
1.752554947290664966e+00
1.759981277355781026e+00
1.755859036323351718e+00
1.752376361076648514e+00
1.753956605226565602e+00
1.755325037393814513e+00
1.758320611868149141e+00
1.756849714120229056e+00
1.754636188348134285e+00
1.756732674134083183e+00
1.752516517272362240e+00
1.757977298284188361e+00
1.759924241212698082e+00
1.752429547982338187e+00
1.755558097056853395e+00
1.754167578159234520e+00
1.755291374830099338e+00
1.758382300841502710e+00
1.756591272965455586e+00
1.756392855827624944e+00
1.747790480577028793e+00
1.757900831332573466e+00
1.749977279932070973e+00
1.756282255894098476e+00
1.752397226064632996e+00
1.746682819953331522e+00
1.753514601022769348e+00
1.752945247980264520e+00
1.750701346458532814e+00
1.749618361240778297e+00
1.754603193356440549e+00
1.749765325203920030e+00
1.748430256048838283e+00
1.750062023370693831e+00
1.756978056064018912e+00
1.756062893684093851e+00
1.755194969666309834e+00
1.756721768623743296e+00
1.753133823627080590e+00
1.757338910530775067e+00
1.755261905376727771e+00
1.751143602530161436e+00
1.755561970136104488e+00
1.760984320518298007e+00
1.753918797236222460e+00
1.750136217398521321e+00
1.753605228509658387e+00
1.750303388864566045e+00
1.753833484955322985e+00
1.751577228154891586e+00
1.754767554845565458e+00
1.756629127416855285e+00
1.749441592509930032e+00
1.750285902695777995e+00
1.749734562788254122e+00
1.753418415326338575e+00
1.752147707266685339e+00
1.750349130080296467e+00
1.750077617168426469e+00
1.753244948081481125e+00
1.749915469304109239e+00
1.752692324687272984e+00
1.751329823029347033e+00
1.748574579373384230e+00
1.749543943771949106e+00
1.752109194107544621e+00
1.754239052992600634e+00
1.749482171657757990e+00
1.749792206898713731e+00
1.751019949790759034e+00
1.752661129144521768e+00
1.747892266359084790e+00
1.749546519915262888e+00
1.749396681479918669e+00
1.752666606352879519e+00
1.748039020024813039e+00
1.750472910281939409e+00
1.751060208601829427e+00
1.755510682020431812e+00
1.754614471777891538e+00
1.750734712221683642e+00
1.748307637373606394e+00
1.753560806237734360e+00
1.753666355365361973e+00
1.750820281261052935e+00
1.750867201731755252e+00
1.745788169518495137e+00
1.751560187034117977e+00
1.753610318134992463e+00
1.749820686609317111e+00
1.749671696699582668e+00
1.749418646861345294e+00
1.745166504077422243e+00
1.747165483083480408e+00
1.747748407645103308e+00
1.753566633738004255e+00
1.749920301865308669e+00
1.749523192491286849e+00
1.750680619019728379e+00
1.749565280400789735e+00
1.746317253357324795e+00
1.752885738702920859e+00
1.751871028924599782e+00
1.749018059938381775e+00
1.745852753443595695e+00
1.748551034010373595e+00
1.748789694676032402e+00
1.750169728046808482e+00
1.746768210484431316e+00
1.746023863095503614e+00
1.744761301615299409e+00
1.747447778628422599e+00
1.747483844023484556e+00
1.747936349343030882e+00
1.750638793981992292e+00
1.751231732735267110e+00
1.747238485935406871e+00
1.747273542636480048e+00
1.752232455595945648e+00
1.747719794358962631e+00
1.748032438755035445e+00
1.755285481611887688e+00
1.750963178047767022e+00
1.748115188953204058e+00
1.745443099584334856e+00
1.744192039355253465e+00
1.752070194635635847e+00
1.744243800334441374e+00
1.747267387157831475e+00
1.747580800912319043e+00
1.748212288281856486e+00
1.746201319877918046e+00
1.747361730917906142e+00
1.744471901808029468e+00
1.750209855116330759e+00
1.743808977420513440e+00
1.747338838455004595e+00
1.750038400368812752e+00
1.753472343469277384e+00
1.746504237101628165e+00
1.751015160939632276e+00
1.745906857649485167e+00
1.746135171254475926e+00
1.745842062204312040e+00
1.746884456658974738e+00
1.753002950167044549e+00
1.750060135584611265e+00
1.747966217994689986e+00
1.746174286267696329e+00
1.745767254401475954e+00
1.747154544255672404e+00
1.750601178254836743e+00
1.743403934821104340e+00
1.750900981976435844e+00
1.745344762007395412e+00
1.747990312026097115e+00
1.750682431306594511e+00
1.747769715847113270e+00
1.745192779638828462e+00
1.741169491792336599e+00
1.746567135590773256e+00
1.739196570408649833e+00
1.745031325939374156e+00
1.743246894922011903e+00
1.746154678173554187e+00
1.742849385432708065e+00
1.746070177738483054e+00
1.743300149990962167e+00
1.746198561864021448e+00
1.747727821423457284e+00
1.747055506094908006e+00
1.743798862053797860e+00
1.745755410194397061e+00
1.740863482768719050e+00
1.743507085702358239e+00
1.737634666149432849e+00
1.741007442352099366e+00
1.748318174252143198e+00
1.741160615590902516e+00
1.738947847256293588e+00
1.742768707642188497e+00
1.743467554984948542e+00
1.741326184150500112e+00
1.743081423563834997e+00
1.743862641163361316e+00
1.749124800853240291e+00
1.738137929256145853e+00
1.746247165325360395e+00
1.742935915788014656e+00
1.746351449000529854e+00
1.741952587702335409e+00
1.744324793265416007e+00
1.744903648816622299e+00
1.740078690113165516e+00
1.741849090808477163e+00
1.740484847472264285e+00
1.743481935293246465e+00
1.742901381773826364e+00
1.737376403808593706e+00
1.742222963846646877e+00
1.736997616291046098e+00
1.741803614298502501e+00
1.742518638647519547e+00
1.741049563273405321e+00
1.738973186566279416e+00
1.745153745321126992e+00
1.741353053618700075e+00
1.745408440858889909e+00
1.741731455998543066e+00
1.746014792185563325e+00
1.745674823186336377e+00
1.742475320742680411e+00
1.740954387187957808e+00
1.738791908056308122e+00
1.735789249799190470e+00
1.739448997301933142e+00
1.737464078267415335e+00
1.739488255366300917e+00
1.742926930158566146e+00
1.740030964826926096e+00
1.742395445016714284e+00
1.737703596017299512e+00
1.738113970939929587e+00
1.740252545858040900e+00
1.738519880710504006e+00
1.738364194906674820e+00
1.739663365254035421e+00
1.738745234562800501e+00
1.738092215550251396e+00
1.737084956963857119e+00
1.740626454353332520e+00
1.740660447952074863e+00
1.745509029657412725e+00
1.738406809782370610e+00
1.738817192346621798e+00
1.732342235552958964e+00
1.740052165740575640e+00
1.738792975437946753e+00
1.742214246285267443e+00
1.735812657613020615e+00
1.736211083791194820e+00
1.739362143553220275e+00
1.743782881590036249e+00
1.733910871163392597e+00
1.732419426624591585e+00
1.737259234220553727e+00
1.735349605022332709e+00
1.738293086259792952e+00
1.731890608102847340e+00
1.743769927513905138e+00
1.736028542274083764e+00
1.739730139879079873e+00
1.741003163961263756e+00
1.734434648049183458e+00
1.739288162879454758e+00
1.739080611864725734e+00
1.736084909011156086e+00
1.738492877972431572e+00
1.739037805948501880e+00
1.740253595816783516e+00
1.732102107696044113e+00
1.736790532026535328e+00
1.739789729546277863e+00
1.734643345307081086e+00
1.739411663703429367e+00
1.730839157104492099e+00
1.741811405084072062e+00
1.742295748453873916e+00
1.734062465031941835e+00
1.738014960900331252e+00
1.734329403975070960e+00
1.739671909809112460e+00
1.732664166047023002e+00
1.741330956190060286e+00
1.739315706644302795e+00
1.734418892554747682e+00
1.735890838733086250e+00
1.739337558012742369e+00
1.735616880808121154e+00
1.739538668057857507e+00
1.736278228882031538e+00
1.736010380585988333e+00
1.740353378577110144e+00
1.733175372466062791e+00
1.736142237981160408e+00
1.733407503824967666e+00
1.736003869924789722e+00
1.734417500557043690e+00
1.736217106611300798e+00
1.736350340109604984e+00
1.738908414351634457e+00
1.732169656264476387e+00
1.737026787415528961e+00
1.732261584355280881e+00
1.740737491693252093e+00
1.734208721992297031e+00
1.733374640880486872e+00
1.735122940479180809e+00
1.734440157352349798e+00
1.737763557372949075e+00
1.740287563434014029e+00
1.738187602238777441e+00
1.736980711191128401e+00
1.734913608355399983e+00
1.734393591758532471e+00
1.732499900230994649e+00
1.733795765730050897e+00
1.735618973695314926e+00
1.732514673929948179e+00
1.732707514212681765e+00
1.733840754093267877e+00
1.738075640874031214e+00
1.736322130301059863e+00
1.733373357088138000e+00
1.735000278705205679e+00
1.729912228767688465e+00
1.735743475877321584e+00
1.735785814126332705e+00
1.739185542938036733e+00
1.735878506073584848e+00
1.735171942527477640e+00
1.733984206884335189e+00
1.731139052525544786e+00
1.736427914179288434e+00
1.732595779956915383e+00
1.730723255108564285e+00
1.731910913724165724e+00
1.734933416660015437e+00
1.730236638509310199e+00
1.732368943018790963e+00
1.732715982962877321e+00
1.730879198282192943e+00
1.731940897611471408e+00
1.733316676433269699e+00
1.732706695030897137e+00
1.734364304175743721e+00
1.731798201952225114e+00
1.730704876398428960e+00
1.734806095025478223e+00
1.734620405466128723e+00
1.734027155240376761e+00
1.733218635962559651e+00
1.732943037840036338e+00
1.734964414131947130e+00
1.739171087741851807e+00
1.731273160225305752e+00
1.734231545374943728e+00
1.734300824617728276e+00
1.729092853497236293e+00
1.737980433305104544e+00
1.736531330071962698e+00
1.732125876194391401e+00
1.735248985045995562e+00
1.733722082468179604e+00
1.734748722039736180e+00
1.737879822804377694e+00
1.732994997807038029e+00
1.726551124988458197e+00
1.731687943140665764e+00
1.735506021365141205e+00
1.729108658815041499e+00
1.731484713309850543e+00
1.731837536738469074e+00
1.730604938666025827e+00
1.735587509167499931e+00
1.733760062242165612e+00
1.729543386667202753e+00
1.734064715642195553e+00
1.729706961680681276e+00
1.733733490797189525e+00
1.728471631881518311e+00
1.733881983390221260e+00
1.736782523913261267e+00
1.730259287662995193e+00
1.732178279986748226e+00
1.730628068324847169e+00
1.733569006125132317e+00
1.732824613803472191e+00
1.729275479989174080e+00
1.728890459659772061e+00
1.730951146284739117e+00
1.732460174499413919e+00
1.729055953942812307e+00
1.734449957272945264e+00
