-8.701595664024353027e-02
-1.110629662871360779e-01
-1.242130920290946960e-01
-1.331947594881057739e-01
-1.327121406793594360e-01
-1.379041522741317749e-01
-1.415141969919204712e-01
-1.458551138639450073e-01
-1.497462093830108643e-01
-1.544918268918991089e-01
-1.561576128005981445e-01
-1.600794196128845215e-01
-1.602615267038345337e-01
-1.639199703931808472e-01
-1.624826341867446899e-01
-1.593872904777526855e-01
-1.617348790168762207e-01
-1.665683835744857788e-01
-1.659489721059799194e-01
-1.701163798570632935e-01
-1.694621592760086060e-01
-1.669951230287551880e-01
-1.668778806924819946e-01
-1.667278110980987549e-01
-1.657998263835906982e-01
-1.636327803134918213e-01
-1.649963557720184326e-01
-1.621876507997512817e-01
-1.626972109079360962e-01
-1.617447286844253540e-01
-1.596806943416595459e-01
-1.616984903812408447e-01
-1.597619503736495972e-01
-1.565115898847579956e-01
-1.584532707929611206e-01
-1.579192280769348145e-01
-1.557468771934509277e-01
-1.555436700582504272e-01
-1.547738313674926758e-01
-1.542725861072540283e-01
-1.514904499053955078e-01
-1.508062332868576050e-01
-1.515529453754425049e-01
-1.469041407108306885e-01
-1.447857320308685303e-01
-1.420430094003677368e-01
-1.434394270181655884e-01
-1.399838626384735107e-01
-1.372729390859603882e-01
-1.358179152011871338e-01
-1.337135583162307739e-01
-1.338598281145095825e-01
-1.310666948556900024e-01
-1.304560899734497070e-01
-1.291229128837585449e-01
-1.273782104253768921e-01
-1.228178590536117554e-01
-1.216143667697906494e-01
-1.204698979854583740e-01
-1.190987676382064819e-01
-1.151353642344474792e-01
-1.149775311350822449e-01
-1.137914583086967468e-01
-1.121170520782470703e-01
-1.085055917501449585e-01
-1.106457710266113281e-01
-1.068642362952232361e-01
-1.045210212469100952e-01
-1.022160947322845459e-01
-1.011361479759216309e-01
-9.904438257217407227e-02
-9.750778228044509888e-02
-9.614109247922897339e-02
-9.415479004383087158e-02
-9.271598607301712036e-02
-8.943822979927062988e-02
-8.799836039543151855e-02
-8.652383834123611450e-02
-8.626770973205566406e-02
-8.613246679306030273e-02
-8.461800217628479004e-02
-8.307384699583053589e-02
-8.053207397460937500e-02
-8.016945421695709229e-02
-7.856941968202590942e-02
-7.722649723291397095e-02
-7.608275860548019409e-02
-7.432249933481216431e-02
-7.443734258413314819e-02
-7.164917141199111938e-02
-6.947722285985946655e-02
-6.843168288469314575e-02
-6.635806709527969360e-02
-6.460849195718765259e-02
-6.326641142368316650e-02
-6.254076212644577026e-02
-6.125179305672645569e-02
-5.980041250586509705e-02
-5.811640247702598572e-02
-5.711938813328742981e-02
-5.663360282778739929e-02
-5.567587167024612427e-02
-5.451837554574012756e-02
-5.303883552551269531e-02
-5.200853571295738220e-02
-5.153817683458328247e-02
-4.958953708410263062e-02
-4.845969378948211670e-02
-4.724751785397529602e-02
-4.649206250905990601e-02
-4.487583786249160767e-02
-4.434245824813842773e-02
-4.297954961657524109e-02
-4.230940714478492737e-02
-4.106231778860092163e-02
-4.025886207818984985e-02
-3.913085907697677612e-02
-3.806205093860626221e-02
-3.692598640918731689e-02
-3.584131225943565369e-02
-3.480482101440429688e-02
-3.391749039292335510e-02
-3.317864611744880676e-02
-3.235323354601860046e-02
-3.131953626871109009e-02
-3.030645474791526794e-02
-2.943764254450798035e-02
-2.872038818895816803e-02
-2.787250094115734100e-02
-2.716622129082679749e-02
-2.620607055723667145e-02
-2.550040557980537415e-02
-2.477107010781764984e-02
-2.400996349751949310e-02
-2.322429604828357697e-02
-2.248106524348258972e-02
-2.178906835615634918e-02
-2.108160778880119324e-02
-2.061936631798744202e-02
-1.983339525759220123e-02
-1.922393590211868286e-02
-1.850868202745914459e-02
-1.789317093789577484e-02
-1.732202619314193726e-02
-1.676241494715213776e-02
-1.617161929607391357e-02
-1.568492315709590912e-02
-1.526989694684743881e-02
-1.473745144903659821e-02
-1.423345692455768585e-02
-1.375224627554416656e-02
-1.333226077258586884e-02
-1.291125360876321793e-02
-1.248097606003284454e-02
-1.201173849403858185e-02
-1.162470877170562744e-02
-1.119230408221483231e-02
-1.080678496509790421e-02
-1.044436171650886536e-02
-1.006231643259525299e-02
-9.694466367363929749e-03
-9.353357367217540741e-03
-9.007446467876434326e-03
-8.718070574104785919e-03
-8.425770327448844910e-03
-8.116547018289566040e-03
-7.834389805793762207e-03
-7.559174206107854843e-03
-7.297902833670377731e-03
-7.025131955742835999e-03
-6.786463782191276550e-03
-6.545269861817359924e-03
-6.311285309493541718e-03
-6.086501292884349823e-03
-5.862102378159761429e-03
-5.649766419082880020e-03
-5.453141406178474426e-03
-5.253337789326906204e-03
-5.056869238615036011e-03
-4.875759594142436981e-03
-4.687055014073848724e-03
-4.519021604210138321e-03
-4.354367963969707489e-03
-4.193965811282396317e-03
-4.042198415845632553e-03
-3.892876673489809036e-03
-3.750207833945751190e-03
-3.621384035795927048e-03
-3.484848886728286743e-03
-3.349227830767631531e-03
-3.226099070161581039e-03
-3.105890937149524689e-03
-2.989882603287696838e-03
-2.879217965528368950e-03
-2.771139377728104591e-03
-2.674120012670755386e-03
-2.572926692664623260e-03
-2.476618159562349319e-03
-2.383431186899542809e-03
-2.293632365763187408e-03
-2.206231933087110519e-03
-2.121469238772988319e-03
-2.043426036834716797e-03
-1.967165619134902954e-03
-1.893642940558493137e-03
-1.823445898480713367e-03
-1.755831297487020493e-03
-1.691146055236458778e-03
-1.627684570848941803e-03
-1.566190738230943680e-03
-1.506321365013718605e-03
-1.448996248655021191e-03
-1.394009101204574108e-03
-1.340984716080129147e-03
-1.289672916755080223e-03
-1.241344376467168331e-03
-1.195293967612087727e-03
-1.149847288616001606e-03
-1.106726820580661297e-03
-1.065485761500895023e-03
-1.024685217998921871e-03
-9.854409145191311836e-04
-9.485146147198975086e-04
-9.121680050157010555e-04
-8.784214733168482780e-04
-8.450818713754415512e-04
-8.129606721922755241e-04
-7.824773783795535564e-04
-7.529251743108034134e-04
-7.245813612826168537e-04
-6.977482698857784271e-04
-6.713990587741136551e-04
-6.456319242715835571e-04
-6.213039159774780273e-04
-5.975417443551123142e-04
-5.750510608777403831e-04
-5.522305727936327457e-04
-5.312961293384432793e-04
-5.110126803629100323e-04
-4.915203317068517208e-04
-4.729893698822706938e-04
-4.549204313661903143e-04
-4.377884033601731062e-04
-4.210290499031543732e-04
-4.049580020364373922e-04
-3.896208072546869516e-04
-3.749355091713368893e-04
-3.604006196837872267e-04
-3.466494963504374027e-04
-3.331788757350295782e-04
-3.206737746950238943e-04
-3.082944022025913000e-04
-2.966344472952187061e-04
-2.854749618563801050e-04
-2.745029341895133257e-04
-2.640990132931619883e-04
-2.542195143178105354e-04
-2.443481062073260546e-04
-2.348797133890911937e-04
-2.260033943457528949e-04
-2.174116234527900815e-04
-2.089946792693808675e-04
-2.009757008636370301e-04
-1.931606529979035258e-04
-1.858399191405624151e-04
-1.787210931070148945e-04
-1.718027633614838123e-04
-1.653819344937801361e-04
-1.590103784110397100e-04
-1.529789878986775875e-04
-1.471609721193090081e-04
-1.414927828591316938e-04
-1.359538437100127339e-04
-1.307632337557151914e-04
-1.257837866432964802e-04
-1.208801113534718752e-04
-1.162639964604750276e-04
-1.118586515076458454e-04
-1.075717664207331836e-04
-1.034324523061513901e-04
-9.946447971742600203e-05
-9.560122998664155602e-05
-9.198390762321650982e-05
-8.845979027682915330e-05
-8.510735642630606890e-05
-8.181369048543274403e-05
-7.867993554100394249e-05
-7.564855332020670176e-05
-7.279868441401049495e-05
-7.002385973464697599e-05
-6.730579480063170195e-05
-6.470543303294107318e-05
-6.224532262422144413e-05
-5.988918201182968915e-05
-5.759504711022600532e-05
-5.538112964131869376e-05
-5.328670886228792369e-05
-5.123920345795340836e-05
-4.925151370116509497e-05
-4.736597475130110979e-05
-4.555650957627221942e-05
-4.380711106932722032e-05
-4.212746716802939773e-05
-4.051226642332039773e-05
-3.894484689226374030e-05
-3.745999492821283638e-05
-3.602257856982760131e-05
-3.464784458628855646e-05
-3.332056803628802299e-05
-3.203929372830316424e-05
-3.081423346884548664e-05
-2.963750921480823308e-05
-2.850185410352423787e-05
-2.740519994404166937e-05
-2.635421697050333023e-05
-2.534209852456115186e-05
-2.437020339129958302e-05
-2.342654261155985296e-05
-2.254611172247678041e-05
-2.167030834243632853e-05
-2.084221887344028801e-05
-2.003844019782263786e-05
-1.927123048517387360e-05
-1.853702633525244892e-05
-1.781884566298685968e-05
-1.713786332402378321e-05
-1.647876342758536339e-05
-1.584256824571639299e-05
-1.524230810900917277e-05
-1.465314926463179290e-05
-1.409474589308956638e-05
-1.355302356387255713e-05
-1.303175395150901750e-05
-1.253037498827325180e-05
-1.204778436658671126e-05
-1.158863233285956085e-05
-1.113915641326457262e-05
-1.071422775567043573e-05
-1.030209205055143684e-05
-9.904467333399225026e-06
-9.524956112727522850e-06
-9.156696251011453569e-06
-8.808654456515796483e-06
-8.467856787319760770e-06
-8.144871571857947856e-06
-7.833012205082923174e-06
-7.531076789746293798e-06
-7.242556876008166000e-06
-6.962701263546478003e-06
-6.694903277093544602e-06
-6.438541731768054888e-06
-6.189427040226291865e-06
-5.952551873633638024e-06
-5.725174560211598873e-06
-5.504464297700906172e-06
-5.293639333103783429e-06
-5.092460469313664362e-06
-4.895950041827745736e-06
-4.708512278739362955e-06
-4.527442342805443332e-06
-4.354168140707770362e-06
-4.187896138319047168e-06
-4.027726390631869435e-06
-3.872898105328204110e-06
-3.723626150531345047e-06
-3.579855956559185870e-06
-3.441914941504364833e-06
-3.309712610644055530e-06
-3.182056843797909096e-06
-3.059771870539407246e-06
-2.943592107840231620e-06
-2.830194716807454824e-06
-2.721744749578647316e-06
-2.616368419694481418e-06
-2.516208269298658706e-06
-2.419824113530921750e-06
-2.327154788872576319e-06
-2.237659373349742964e-06
-2.151454282284248620e-06
-2.069087940981262363e-06
-1.989164502447238192e-06
-1.912530251502175815e-06
-1.839284209381730761e-06
-1.768404899848974310e-06
-1.700835696283320431e-06
-1.636147430872370023e-06
-1.572866608512413222e-06
-1.512321773589064833e-06
-1.454666289646411315e-06
-1.398723270540358499e-06
-1.345171199318428989e-06
-1.293368313781684265e-06
-1.243858378074946813e-06
-1.195772824758023489e-06
-1.149963850366475526e-06
-1.105831529457645956e-06
-1.063487275132501964e-06
-1.022625951918598730e-06
-9.830640692598535679e-07
-9.451347864342096727e-07
-9.088407750823535025e-07
-8.742131853978207801e-07
-8.402338949053955730e-07
-8.081994451458740514e-07
-7.770613592583686113e-07
-7.472040124412160367e-07
-7.181317300819500815e-07
-6.906766429892741144e-07
-6.641992058575851843e-07
-6.385570259226369672e-07
-6.141257244962616824e-07
-5.906580895498336758e-07
-5.677142667082080152e-07
-5.459727958623261657e-07
-5.249565901976893656e-07
-5.048064508628158364e-07
-4.852869324167841114e-07
-4.666773918415856315e-07
-4.487228579819202423e-07
-4.315467094784253277e-07
-4.149965491251350613e-07
-3.990616050941753201e-07
-3.836262862932926510e-07
-3.689729624056781176e-07
-3.548537392816797365e-07
-3.412089313314936589e-07
-3.281022316059534205e-07
-3.154672185701201670e-07
-3.033240716376894852e-07
-2.916528956120600924e-07
-2.805211920531291980e-07
-2.696793615086789941e-07
-2.593774297565687448e-07
-2.493769670763867907e-07
-2.397709693013894139e-07
-2.305550736991790473e-07
-2.216451804315511254e-07
-2.131949372596864123e-07
-2.050224026106661768e-07
-1.970772132153797429e-07
-1.895091799042347702e-07
-1.822404414042466669e-07
-1.752922003106505144e-07
-1.685312582822007244e-07
-1.620409193492378108e-07
-1.558100990450839163e-07
-1.498115267395405681e-07
-1.440273678099401877e-07
-1.384729984010846238e-07
-1.331514738467376446e-07
-1.280481853882520227e-07
-1.230871475854655728e-07
-1.183402247306730715e-07
-1.138119856136654562e-07
-1.094300330350961303e-07
-1.052201170637090399e-07
-1.011600332390116819e-07
-9.728828587185489596e-08
-9.355233032692922279e-08
-8.996083522561093559e-08
-8.649756466638791608e-08
-8.317151412029488711e-08
-7.997510209634128842e-08
-7.690529457704542438e-08
-7.395014733901916770e-08
-7.110881483640696388e-08
-6.836896204731601756e-08
-6.572854971409469726e-08
-6.320055945252534002e-08
-6.079297065753053175e-08
-5.846295181299865362e-08
-5.621285481538507156e-08
-5.406172221000815625e-08
-5.197893671038400498e-08
-4.997486513502735761e-08
-4.804217823561884870e-08
-4.620239124619729409e-08
-4.442713574803747179e-08
-4.271139175671123667e-08
-4.107042173018271569e-08
-3.949941884684449178e-08
-3.798555425760241633e-08
-3.652625579775303777e-08
-3.511600965566685773e-08
-3.376182178271847079e-08
-3.245713386945681123e-08
-3.121287406315786939e-08
-3.001119353029935155e-08
-2.885479233327714610e-08
-2.775388097120412567e-08
-2.668391907434397581e-08
-2.565083967454029334e-08
-2.466353521413111594e-08
-2.371950102997288923e-08
-2.280365585249910509e-08
-2.193189629906555638e-08
-2.109398700156361883e-08
-2.027868717391356768e-08
-1.949687877811356884e-08
-1.874839128390703991e-08
-1.802946414386497054e-08
-1.733815757631873566e-08
-1.667147486728026706e-08
-1.602552934798495698e-08
-1.540996130700023059e-08
-1.481594491536952773e-08
-1.424633477853376462e-08
-1.369652036231627790e-08
-1.316672548767883200e-08
-1.266033233804364500e-08
-1.217348621906921835e-08
-1.170565155916847289e-08
-1.125774318211369973e-08
-1.082221512405112662e-08
-1.040836927757027297e-08
-1.000740645906716964e-08
-9.621722973918167554e-09
-9.253470878434200131e-09
-8.897701242460698268e-09
-8.553970864966231602e-09
-8.223306480203973479e-09
-7.907517307614853053e-09
-7.602627860592292564e-09
-7.309763017104842220e-09
-7.029794524271437695e-09
-6.757585158112533463e-09
-6.497912874436906350e-09
-6.249459616469721368e-09
-6.007980779543231620e-09
-5.776031652970914365e-09
-5.553367099508932370e-09
-5.339848563323812414e-09
-5.134020319985665992e-09
-4.935907682579454558e-09
-4.746046666781467138e-09
-4.564073119439626680e-09
-4.388422070178421563e-09
-4.220047422620609723e-09
-4.056588842615838075e-09
-3.899994993616928696e-09
-3.750159738302727419e-09
-3.606117848775625134e-09
-3.467284681590854234e-09
-3.332926823418347340e-09
-3.204009058066503712e-09
-3.081406241278727975e-09
-2.962675216267030009e-09
-2.848271618560715979e-09
-2.738024695858598534e-09
-2.631617146420239806e-09
-2.530004650225237128e-09
-2.432230861160178392e-09
-2.339478610835499239e-09
-2.249384012387167786e-09
-2.162546808293086542e-09
-2.079173055946625936e-09
-1.998448073692316029e-09
-1.921139469729382654e-09
-1.846808594940796411e-09
-1.775809610471412725e-09
-1.707454289068266462e-09
-1.641892288795077093e-09
-1.578773334287575381e-09
-1.518213776918742042e-09
-1.459657061886332485e-09
-1.403576255221139490e-09
-1.349625189384084933e-09
-1.297949192569092247e-09
-1.247874581444818887e-09
-1.199973675980459120e-09
-1.153894313432601848e-09
-1.109651259767474585e-09
-1.067294697065790388e-09
-1.026118412461585194e-09
-9.864228323053225722e-10
-9.487656216222717376e-10
-9.121468025341528119e-10
-8.771815496189105943e-10
-8.434049014738320693e-10
-8.109735660788430778e-10
-7.798626744381920162e-10
-7.498529575045154161e-10
-7.210144148395158936e-10
-6.931006879540291266e-10
-6.664488405583313124e-10
-6.406625230326312703e-10
-6.158705767589367497e-10
-5.921331758251824340e-10
-5.694088534013985736e-10
-5.475609410332538118e-10
-5.266686531335551535e-10
-5.063561792084669833e-10
-4.868958569659298519e-10
-4.679749365799068528e-10
-4.501113093358100059e-10
-4.327299629736103270e-10
-4.160596867031074453e-10
-4.000809128434923423e-10
-3.845434526361657390e-10
-3.696858652535439660e-10
-3.555135630328720708e-10
-3.418718641512441536e-10
-3.286428629234450227e-10
-3.160285644288052254e-10
-3.039108964486558762e-10
-2.922338204758290203e-10
-2.809959487315438764e-10
-2.702469636961524202e-10
-2.598429527100876157e-10
-2.498305451403837196e-10
-2.401618071079525407e-10
-2.309097357766631831e-10
-2.220283956688717808e-10
-2.134517146368253293e-10
-2.052664288543226689e-10
-1.973695235024663930e-10
-1.897673546080724805e-10
-1.824872197797589024e-10
-1.755076778353625855e-10
-1.687300715813577767e-10
-1.622293549496944820e-10
-1.559978951570784034e-10
-1.499793206294341985e-10
-1.442313907196179912e-10
-1.386929598945485509e-10
-1.333626820088085196e-10
-1.282278311309781316e-10
-1.233260993327434107e-10
-1.185930104119492512e-10
-1.140365857299485697e-10
-1.096438634329288675e-10
-1.054316356441376001e-10
-1.013706549257697986e-10
-9.747436191531733130e-11
-9.371987214068511207e-11
-9.012300627997404945e-11
-8.667156575770107452e-11
-8.331994122423580507e-11
-8.012074337315766570e-11
-7.704255983176366840e-11
-7.407510022039431874e-11
-7.122921696911532763e-11
-6.848005495996289937e-11
-6.586092782256969258e-11
-6.331631052791664160e-11
-6.089479615001280877e-11
-5.854906837132745068e-11
-5.629687341301981007e-11
-5.414591691677017593e-11
-5.207306114085596960e-11
-5.007418091285131823e-11
-4.816074622437938046e-11
-4.630699643182190073e-11
-4.452602522797555196e-11
-4.281135168593408480e-11
-4.116958857158792284e-11
-3.958338171128339411e-11
-3.806371190462343179e-11
-3.659687136670086716e-11
-3.518278723912970918e-11
-3.383258256883792114e-11
-3.253198405106516589e-11
-3.127887879261770365e-11
-3.006791690629562197e-11
-2.891833821017097961e-11
-2.780304458882554286e-11
-2.673382522300205011e-11
-2.570571706883573171e-11
-2.472234569839137919e-11
-2.377456218005669086e-11
-2.285967769244390269e-11
-2.198033074995997538e-11
-2.114155031596176570e-11
-2.032984371125312606e-11
-1.954094351608315350e-11
-1.878907272823138186e-11
-1.806818236693708002e-11
-1.737308734373055330e-11
-1.670408082687924178e-11
-1.606362438899555656e-11
-1.544919053797499942e-11
-1.485699063774603701e-11
-1.428462036157096549e-11
-1.373250905351008910e-11
-1.320590425207823770e-11
-1.269684184179720177e-11
-1.220989975792008408e-11
-1.173953555894113876e-11
-1.128782310677589606e-11
-1.085262088529326263e-11
-1.043564974018140745e-11
-1.003510382430183867e-11
-9.649460917804386639e-12
-9.279078373725102580e-12
-8.923934508020536782e-12
-8.578673361958610855e-12
-8.247464343413835053e-12
-7.931575535247148423e-12
-7.624902445546588581e-12
-7.333239918083656050e-12
-7.051438859900782674e-12
-6.779580803001339362e-12
-6.520313802771404710e-12
-6.269247707774150413e-12
-6.028814600322895956e-12
-5.797761576387117088e-12
-5.575620694309169068e-12
-5.361370201961701554e-12
-5.154108476818075601e-12
-4.956878223855154530e-12
-4.765985349430845730e-12
-4.582902633776253509e-12
-4.406051044847369980e-12
-4.236575933819208828e-12
-4.073201845256058107e-12
-3.916550243843186507e-12
-3.766661028220541496e-12
-3.621452963897819899e-12
-3.482038442303991843e-12
-3.347942582887508678e-12
-3.219107706092794174e-12
-3.095687118107037783e-12
-2.976652561589854251e-12
-2.862091206395911414e-12
-2.752408544137718849e-12
-2.646108158976812064e-12
-2.544220259817486784e-12
-2.446875601441744763e-12
-2.352667539951003306e-12
-2.261815734705407976e-12
-2.175230481848977604e-12
-2.091669285692043800e-12
-2.011030664911261923e-12
-1.933586320571056838e-12
-1.858934013665436424e-12
-1.787702039353356032e-12
-1.719231744815030716e-12
-1.653530177364581633e-12
-1.589657984239767341e-12
-1.528404898303026282e-12
-1.469177535705357140e-12
-1.412832199322588966e-12
-1.358723029920572145e-12
-1.306485301888482553e-12
-1.256234808018341642e-12
-1.208146321700354076e-12
-1.161600655073813382e-12
-1.116913202550695594e-12
-1.074197263258025448e-12
-1.032755803619112012e-12
-9.928088082547525950e-13
-9.547696834533159205e-13
-9.180771377501062425e-13
-8.829866633870697701e-13
-8.487585634320282679e-13
-8.162077784479304654e-13
-7.847536639613017506e-13
-7.547267932145329539e-13
-7.257060078737220810e-13
-6.978053660074146070e-13
-6.710633567927337673e-13
-6.453112783716408174e-13
-6.204261822177759012e-13
-5.964260660872022779e-13
-5.735415939921162387e-13
-5.514017519490932440e-13
-5.301265069285188147e-13
-5.096756892399023631e-13
-4.901335956021546369e-13
-4.712544915928817968e-13
-4.530777337509450664e-13
-4.356337339472826642e-13
-4.188911316340554469e-13
-4.026912267182658489e-13
-3.872633279593945543e-13
-3.724011658941261960e-13
-3.580497985773700709e-13
-3.442763652286573439e-13
-3.310698340908829751e-13
-3.183128944889840328e-13
-3.060508118636617869e-13
-2.942736657650379950e-13
-2.829638921179183919e-13
-2.720551648544011769e-13
-2.615593559882750663e-13
-2.515491341701509009e-13
-2.418755029164748604e-13
-2.325790927036608391e-13
-2.236177551722534629e-13
-2.150154105326831933e-13
-2.067494260645993953e-13
-1.987705247792626029e-13
-1.911205975381122246e-13
-1.837784888462576371e-13
-1.766941627734386344e-13
-1.698734469063323260e-13
-1.633537597724166179e-13
-1.570709301556075244e-13
-1.510172602204803982e-13
-1.452050285566386378e-13
-1.395962880880452506e-13
-1.342337157227146971e-13
-1.290819664698239500e-13
-1.241192343131788944e-13
-1.193488938320413917e-13
-1.147366571327065876e-13
-1.103183503207115501e-13
-1.060790520636574474e-13
-1.019860804423074196e-13
-9.807930699155462118e-14
-9.430072011890749950e-14
-9.065444656888507757e-14
-8.717758638457709375e-14
-8.381729148633845772e-14
-8.058800886811753883e-14
-7.749940825804019218e-14
-7.450491639653458731e-14
-7.163485028684885014e-14
-6.888184413047365728e-14
-6.622355658639222931e-14
-6.367435333338999914e-14
-6.120775950966758638e-14
-5.886961653833039376e-14
-5.659404558487277082e-14
-5.442012197321745293e-14
-5.232766937856084266e-14
-5.031208332980166564e-14
-4.837534249590470792e-14
-4.651865643991864863e-14
-4.472384783479541048e-14
-4.301012061151514299e-14
-4.135363926294211012e-14
-3.976545587497208600e-14
-3.823211956440267234e-14
-3.675722513906201638e-14
-3.534092845301241292e-14
-3.398094929355985339e-14
-3.267599000622914418e-14
-3.141724822463241862e-14
-3.020834924978392511e-14
-2.904238806909764659e-14
-2.792508893123112762e-14
-2.684578769137843657e-14
-2.581278357835677106e-14
-2.481979330176339871e-14
-2.386751142861506803e-14
-2.294566175519568985e-14
-2.206092228926141707e-14
-2.121357593981663264e-14
-2.039892336806996970e-14
-1.961488934330065520e-14
-1.886009828400234817e-14
-1.813519054708317285e-14
-1.743632060296259473e-14
-1.676606004366847785e-14
-1.612057858621333828e-14
-1.549771629658167754e-14
-1.490411730121175837e-14
-1.433062178581197277e-14
-1.378107443292990800e-14
-1.324799001241067781e-14
-1.273682002830281088e-14
-1.224529951450534920e-14
-1.177538257602760846e-14
-1.132168462442389306e-14
-1.088471049133076657e-14
-1.046731298371458146e-14
-1.006407701994354101e-14
-9.677126111616411730e-15
-9.303848009123861368e-15
-8.944922879922535125e-15
-8.603348373612765970e-15
-8.273067357588738402e-15
-7.953249739562143206e-15
-7.648248421848920231e-15
-7.352768601495782846e-15
-7.069099808559159426e-15
-6.796037138671580727e-15
-6.533309117773451746e-15
-6.283173088669205195e-15
-6.040568876531943882e-15
-5.807531054500972637e-15
-5.584353119492515075e-15
-5.369466366488256232e-15
-5.162055949792937470e-15
-4.964246651554746204e-15
-4.773266132937319106e-15
-4.589237213718008052e-15
-4.413296188595554684e-15
-4.243026472571442484e-15
-4.079509303202841566e-15
-3.922678611919866096e-15
-3.771803409289035611e-15
-3.626334817960529325e-15
-3.486977357588226002e-15
-3.352637508637220341e-15
-3.223607920990788703e-15
-3.099886265308326137e-15
-2.980791738858477001e-15
-2.865681231876038466e-15
-2.755641487632337801e-15
-2.649533246813317970e-15
-2.547271806124253545e-15
-2.449231765886067738e-15
-2.355357010166004954e-15
-2.264578795142867078e-15
-2.177504443439835444e-15
-2.093551196389199093e-15
-2.013139605849269785e-15
-1.935480872387916954e-15
-1.861173424782375761e-15
-1.789630904474909419e-15
-1.720718844985141306e-15
-1.654397965160142505e-15
-1.590987808179264700e-15
-1.529544144064556160e-15
-1.470621885275586859e-15
-1.414135481484684112e-15
-1.359782965446151761e-15
-1.307503139029550683e-15
-1.257194675918565582e-15
-1.208665511392406546e-15
-1.162113851160731081e-15
-1.117384052919481209e-15
-1.074524503425768832e-15
-1.033228259115332674e-15
-9.934100872978552689e-16
-9.550428829190244807e-16
-9.183488862483761561e-16
-8.829306800149704180e-16
-8.488663500686322722e-16
-8.162653224782351336e-16
-7.847190626654064124e-16
-7.544729454870538390e-16
-7.254866309990644271e-16
-6.975827716781068076e-16
-6.707859844192105587e-16
-6.449116160398742428e-16
-6.201039797784863115e-16
-5.962629669285931470e-16
-5.732681929325662319e-16
-5.512307249856142864e-16
-5.300412958375415057e-16
-5.096085318091628322e-16
-4.900262947389458831e-16
-4.712000345741533969e-16
-4.530896231289092014e-16
-4.355928605841711447e-16
-4.188910913999904524e-16
-4.027637429029461841e-16
-3.872130650243044842e-16
-3.723848268403318973e-16
-3.580407209252743465e-16
-3.442495157665370403e-16
-3.309977647160823166e-16
-3.182613008651338261e-16
-3.059988578272925235e-16
-2.942519931565330728e-16
-2.829092955505119319e-16
-2.720347954060856055e-16
-2.615241488520642045e-16
-2.514378658046172079e-16
-2.417776403296391244e-16
-2.324897917140977127e-16
-2.235146835445503497e-16
-2.148866471251404363e-16
-2.066455591788379288e-16
-1.986804980942219164e-16
-1.910479239111828186e-16
-1.836784725722743887e-16
-1.766327598727845125e-16
-1.698039273124611398e-16
-1.632722180281668146e-16
-1.569703855448234260e-16
-1.509438122995580833e-16
-1.451465467549822408e-16
-1.395516956150205743e-16
-1.341949533774659722e-16
-1.290179674131864936e-16
-1.240532293766432215e-16
-1.192828589317152096e-16
-1.146893727889755372e-16
-1.102732407870121343e-16
-1.060500800957900021e-16
-1.019651644459826324e-16
-9.805246779970880301e-17
-9.427811545652324239e-17
-9.065787017017876105e-17
-8.717937717104626695e-17
-8.382598696775629275e-17
-8.060051197439151876e-17
-7.750436832416063575e-17
-7.452262044392338625e-17
-7.165409042848749476e-17
-6.890082968577209278e-17
-6.625064888227059890e-17
-6.369669896251107404e-17
-6.125204938017185605e-17
-5.888933700058969077e-17
-5.662364959813754543e-17
-5.445124169900177990e-17
-5.235139739192161618e-17
-5.033826808281661146e-17
-4.841013323601265543e-17
-4.655144185599375119e-17
-4.475806134841958379e-17
-4.303571911185147042e-17
-4.137824768764221568e-17
-3.978579596830207914e-17
-3.826064035487680671e-17
-3.678795115334454772e-17
-3.536657692829262836e-17
-3.400302924550306605e-17
-3.269542875062414033e-17
-3.143790907875162511e-17
-3.022633763554520548e-17
-2.906178313835629994e-17
-2.794543672726698485e-17
-2.687173147675477833e-17
-2.583578702120561753e-17
-2.483877464836687754e-17
-2.388203439083089424e-17
-2.296475230287491547e-17
-2.207976500039423201e-17
-2.122659271863356310e-17
-2.040831422383283111e-17
-1.962788916822375077e-17
-1.887159627980529246e-17
-1.814293287820733039e-17
-1.744534996094543577e-17
-1.677406807844027722e-17
-1.613009969976161964e-17
-1.551087063884319802e-17
-1.491545776212140317e-17
-1.434261368123250513e-17
-1.378988497847967161e-17
-1.325878291284203700e-17
-1.274954405797479147e-17
-1.225957768419941893e-17
-1.178692502782539381e-17
-1.133423968425778622e-17
-1.089683153942342051e-17
-1.047685126291493453e-17
-1.007350310698305228e-17
-9.686917766164557139e-18
-9.314825456858603594e-18
-8.957056607039618276e-18
-8.613085129838017460e-18
-8.282210403274968731e-18
-7.962970799208090889e-18
-7.657105051284970399e-18
-7.362793362157990599e-18
-7.079704859582130279e-18
-6.808909915270033056e-18
-6.546928993974994619e-18
-6.295781657162563186e-18
-6.053609229996332103e-18
-5.819544413604039521e-18
-5.594724994918252129e-18
-5.379721314971325241e-18
-5.172285510448646002e-18
-4.973804763237465841e-18
-4.783228140369536136e-18
-4.599599007466439310e-18
-4.422406580499923869e-18
-4.252805603605113840e-18
-4.089197136657944220e-18
-3.932408360270968036e-18
-3.781069049759491199e-18
-3.635898852256434842e-18
-3.495613983451116666e-18
-3.361701920880060154e-18
-3.232026677406500250e-18
-3.107804622121196181e-18
-2.988216225832261034e-18
-2.873530529033927683e-18
-2.762762980002104885e-18
-2.656661763600846855e-18
-2.554503303589322831e-18
-2.456194128558314321e-18
-2.361705493981535108e-18
-2.270987355431925733e-18
-2.183448485566663921e-18
-2.099246255497287883e-18
-2.018463383285052924e-18
-1.940835584724248351e-18
-1.866148413241069790e-18
-1.794503405255708128e-18
-1.725504237857173894e-18
-1.659321413649229580e-18
-1.595200026925343981e-18
-1.533787243117263271e-18
-1.475039118254945570e-18
-1.417920125609051057e-18
-1.363544270669535523e-18
-1.310946750649432429e-18
-1.260681879956728872e-18
-1.212224605697606820e-18
-1.165603258808046212e-18
-1.120633274613871155e-18
-1.077558981588514500e-18
-1.036176479710981924e-18
-9.963708942737051259e-19
-9.580301423036831711e-19
-9.211497777051235865e-19
-8.858298893321452887e-19
-8.517039327758107172e-19
-8.188835774188145308e-19
-7.873263268571868176e-19
-7.569215456839986102e-19
-7.278403568884718163e-19
-6.998771543895987238e-19
-6.728746704734176883e-19
-6.469205345860710464e-19
-6.220480924460023418e-19
-5.981277351909821720e-19
-5.751283401504632295e-19
-5.530472706862430014e-19
-5.317333595413774218e-19
-5.113384460570582560e-19
-4.917073821696435267e-19
-4.727070951980887656e-19
-4.545476890179824417e-19
-4.370958324543386638e-19
-4.202994131285665912e-19
-4.041125742154578155e-19
-3.885258289873621190e-19
-3.735885239376971184e-19
-3.592070325608794678e-19
-3.454111850577493609e-19
-3.321965094831201827e-19
-3.193616132072294133e-19
-3.070666849255767751e-19
-2.953061153196333927e-19
-2.839327954873355387e-19
-2.730239117195920674e-19
-2.625133929649753058e-19
-2.524211949557630957e-19
-2.426888980611938795e-19
-2.333080236799889886e-19
-2.243595321146020506e-19
-2.157354762950948955e-19
-2.074121652517361217e-19
-1.994587848879475471e-19
-1.917330084395817666e-19
-1.844092805430079710e-19
-1.773117348451791439e-19
-1.704976665282116536e-19
-1.639352291385222085e-19
-1.576503883925267311e-19
-1.515792445879054999e-19
-1.457429166796727595e-19
-1.401461738810477608e-19
-1.347465714868488767e-19
-1.295544492547330200e-19
-1.245381546015729662e-19
-1.197643531148616609e-19
-1.151512831609270658e-19
-1.107486660494018606e-19
-1.064775383435299089e-19
-1.023878410727940998e-19
-9.845226435228311226e-20
-9.466591618415551936e-20
-9.102409197867742576e-20
-8.751240008566011589e-20
-8.416059962010989205e-20
-8.092222629605600212e-20
-7.781264757831603284e-20
-7.481330360189582563e-20
-7.193363585800584904e-20
-6.917153762102350708e-20
-6.650916634664208952e-20
-6.395880049707918037e-20
-6.149777015367199820e-20
-5.913536171126615787e-20
-5.686700628944701102e-20
-5.467873229068065416e-20
-5.257938667011228334e-20
-5.055551481809084073e-20
-4.860871616587888003e-20
-4.673433459135652268e-20
-4.494148200595892311e-20
-4.322295935341745577e-20
-4.155687542806787548e-20
-3.996243309858363007e-20
-3.842360250942223685e-20
-3.694155980801716965e-20
-3.552237637081759698e-20
-3.415571890251514157e-20
-3.284202361163595442e-20
-3.158262497315263086e-20
-3.036837553271307080e-20
-2.920417698168150448e-20
-2.807837124329976268e-20
-2.699895870505488170e-20
-2.596575357442646389e-20
-2.496635945133615109e-20
-2.400776536572516282e-20
-2.308441369785290843e-20
-2.219876498692430639e-20
-2.134507582067836841e-20
-2.052781975988884317e-20
-1.973679275621806482e-20
-1.897749588385693777e-20
-1.824661234241958043e-20
-1.754542652367743746e-20
-1.687130663618939776e-20
-1.622226066101937171e-20
-1.559762943861673112e-20
-1.499465516174392126e-20
-1.441871611996967070e-20
-1.386466666827253142e-20
-1.333107862762614233e-20
-1.281767492483704084e-20
-1.232512037401082377e-20
-1.185180181139429932e-20
-1.139588958455833409e-20
-1.095977153128682139e-20
-1.053677850789105243e-20
-1.013124271127056031e-20
-9.741396689100866488e-21
-9.366317941128518270e-21
-9.006662395729876065e-21
-8.659215842302060482e-21
-8.326621381396119866e-21
-8.005853018310273318e-21
-7.699387448120778242e-21
-7.402036212747138451e-21
-7.116832577033237361e-21
-6.843917904853290578e-21
-6.580642229410930711e-21
-6.327140856128621269e-21
-6.083032506442763591e-21
-5.849674677442610960e-21
-5.624281289115765533e-21
-5.407346307228414982e-21
-5.199209005078676759e-21
-4.999536571716968982e-21
-4.807120547967139963e-21
-4.622689159729791805e-21
-4.445082011546006126e-21
-4.273332982309715131e-21
-4.109214775003582510e-21
-3.951497120025149026e-21
-3.799485314906840844e-21
-3.652948734585294794e-21
-3.512651147878058616e-21
-3.377407117725638591e-21
-3.247868129639776923e-21
-3.122671435873035178e-21
-3.002826374487312777e-21
-2.887853116103843608e-21
-2.776308335566886341e-21
-2.669512977306789940e-21
-2.567019725635857881e-21
-2.468175277506822332e-21
-2.373214498899272935e-21
-2.281560221309626546e-21
-2.193959249890525034e-21
-2.109634285282174307e-21
-2.028576845652121429e-21
-1.950582963124712454e-21
-1.875784308051359633e-21
-1.803696608188678649e-21
-1.734298053110361951e-21
-1.667792105821084142e-21
-1.603341084391921894e-21
-1.541880514747594907e-21
-1.482406915329564122e-21
-1.425605900927775223e-21
-1.370622523025811404e-21
-1.318081710921901508e-21
-1.267266446851184812e-21
-1.218643635495356285e-21
-1.171910960111986270e-21
-1.126747827629192948e-21
-1.083279446049852996e-21
-1.041636173060832377e-21
-1.001614242734868883e-21
-9.630221070224003688e-22
-9.259812378810563859e-22
-8.904654829941070479e-22
-8.561767665353491640e-22
-8.231951105550083537e-22
-7.914842653167679011e-22
-7.610167658393516313e-22
-7.317991754454909832e-22
-7.036676130152917230e-22
-6.765649776409903329e-22
-6.505944649507642048e-22
-6.255574082142424791e-22
-6.014816763094848036e-22
-5.783498511877038985e-22
-5.560928160118279196e-22
-5.346535708482892175e-22
-5.140621555203586082e-22
-4.944246939078936641e-22
-4.753573830923990167e-22
-4.571179092217305409e-22
-4.395255284852839984e-22
-4.226088418240390822e-22
-4.063910733030454989e-22
-3.907078874185276074e-22
-3.756993353801547252e-22
-3.612570213886622435e-22
-3.473594126967812496e-22
-3.340024703366770119e-22
-3.211738249693556648e-22
-3.088344248245651476e-22
-2.969669780712630155e-22
-2.855807238483712171e-22
-2.746171980964820127e-22
-2.640331838597637744e-22
-2.538616492131674988e-22
-2.441263483362712009e-22
-2.346912437436913278e-22
-2.256574610925899713e-22
-2.170224760280704243e-22
-2.086465150195020069e-22
-2.006333921620118043e-22
-1.929031485142466149e-22
-1.854640008513952205e-22
-1.783397917054570211e-22
-1.714887808682149625e-22
-1.648932726118431270e-22
-1.585633138688304094e-22
-1.524611781552455200e-22
-1.466129799224948952e-22
-1.409751740486103351e-22
-1.355403767955189710e-22
-1.303601481119860484e-22
-1.253208036752383567e-22
-1.205275459755961700e-22
-1.158884632512703780e-22
-1.114154199702755045e-22
-1.071260739951140166e-22
-1.030064719540943652e-22
-9.904885776679641730e-23
-9.524272380596262894e-23
-9.158933855992859553e-23
-8.805885784292799576e-23
-8.467829225235559707e-23
-8.141287511039649903e-23
-7.828601349783041951e-23
-7.526575539255228664e-23
-7.237608847696806095e-23
-6.960554586895944981e-23
-6.693094136880019724e-23
-6.435946307705867710e-23
-6.187667168372572399e-23
-5.950782335954289383e-23
-5.721382215804743327e-23
-5.501953928585915037e-23
-5.290628505041154891e-23
-5.086838911951790028e-23
-4.891240534957878062e-23
-4.703625430324802736e-23
-4.522882566353650776e-23
-4.349146996031396020e-23
-4.181929941141163529e-23
-4.021049648130390382e-23
-3.866064039347790723e-23
-3.716729199001470215e-23
-3.573264430423080301e-23
-3.436621730953041697e-23
-3.303988653692060452e-23
-3.177107319063226648e-23
-3.055543222479944552e-23
-2.937545092732623518e-23
-2.824470401666967862e-23
-2.716168950166623505e-23
-2.612385147298298838e-23
-2.511801437578093728e-23
-2.415184278261520909e-23
-2.322211498554888121e-23
-2.232912286311688540e-23
-2.147043514600933052e-23
-2.064362214263813583e-23
-1.984743587505124171e-23
-1.908588533436898134e-23
-1.835334909778074977e-23
-1.764970410298533255e-23
-1.697376548090308770e-23
-1.631935329520251382e-23
-1.569419680503296638e-23
-1.508852044605694661e-23
-1.451273402677975098e-23
-1.395537382052670774e-23
-1.341762785182107974e-23
-1.290099495638278690e-23
-1.240262892406579181e-23
-1.192870101373163844e-23
-1.147038229412909323e-23
-1.102984686591294530e-23
-1.060550517435917429e-23
-1.019661095705144113e-23
-9.803904165518843142e-24
-9.427698766401658275e-24
-9.065874301586652453e-24
-8.716881448255971609e-24
-8.381286608539564430e-24
-8.059332751596238987e-24
-7.748766890680684070e-24
-7.449834361534423415e-24
-7.165360863919958685e-24
-6.889467017510677679e-24
-6.624603024278196860e-24
-6.368095434614722219e-24
-6.124445488845444850e-24
-5.889444614041010654e-24
-5.663283714540483117e-24
-5.444880867612351620e-24
-5.235788551518091115e-24
-5.034335169999538278e-24
-4.839310610428084076e-24
-4.654043076962855959e-24
-4.474455736445671737e-24
-4.302622109765904841e-24
-4.137048883229971894e-24
-3.977562901869176885e-24
-3.825343512736825226e-24
-3.678506127130343920e-24
-3.536255573257270187e-24
-3.400168784067140830e-24
-3.268553061272577863e-24
-3.143235012299620538e-24
-3.022261417546941630e-24
-2.905660873222355401e-24
-2.793740246217992825e-24
-2.685820918940137526e-24
-2.582831972319913551e-24
-2.483122517697919627e-24
-2.387538608395005290e-24
-2.296078075043681181e-24
-2.207562162236320804e-24
-2.122461622718114798e-24
-2.040700725842161945e-24
-1.962064309796563215e-24
-1.886247479841450686e-24
-1.813915640150378282e-24
-1.744339686031695483e-24
-1.676972148017178906e-24
-1.612554752572962608e-24
-1.550573063781229337e-24
-1.490709466520014482e-24
-1.433412033783483579e-24
-1.378269078786724412e-24
-1.325164441761443187e-24
-1.274279462108227583e-24
-1.225177110885585161e-24
-1.177925920384656996e-24
-1.132522537946595899e-24
-1.088920223562767524e-24
-1.046945822264475859e-24
-1.006715099389562089e-24
-9.679748305874502673e-25
-9.309281475412348056e-25
-8.949179291168666008e-25
-8.605635297325572998e-25
-8.274277232315881568e-25
-7.956455034363651174e-25
-7.648102618540533264e-25
-7.353619856545398031e-25
-7.069598376229624941e-25
-6.798049772901527573e-25
-6.536252969476159201e-25
-6.285051554084040544e-25
-6.042880130866373656e-25
-5.811109345645980045e-25
-5.587488972690716776e-25
-5.372171360762904657e-25
-5.165206306707185762e-25
-4.966151555378570564e-25
-4.774677264311063526e-25
-4.591334650062187831e-25
-4.413652112808272895e-25
-4.243340987675582551e-25
-4.080506291772124347e-25
-3.923440387757127673e-25
-3.772165215824518988e-25
-3.626490709799946607e-25
-3.487109095127741965e-25
-3.352754989612123984e-25
-3.224252259860982858e-25
-3.099644777348403359e-25
-2.980341644866336521e-25
-2.865254973922675990e-25
-2.754619204117692137e-25
-2.648517165846433167e-25
-2.546603978981897771e-25
-2.448867071053408987e-25
-2.354429820380039966e-25
-2.263943283727630926e-25
-2.176527388148794673e-25
-2.093033856902137021e-25
-2.012167602248414660e-25
-1.935119680894994877e-25
-1.860470389731512734e-25
-1.789032255490345872e-25
-1.720005323909793609e-25
-1.654164281050686267e-25
-1.590255331111788199e-25
-1.529101231365341634e-25
-1.470313591075041663e-25
-1.413498226307310663e-25
-1.359201176719981302e-25
-1.306941730198934526e-25
-1.256741950197613236e-25
-1.208436668963986782e-25
-1.161863800233935534e-25
-1.117105434845409055e-25
-1.074201632141250597e-25
-1.032769301544362209e-25
-9.928233574562332234e-26
-9.546211041174337761e-26
-9.177742124214171798e-26
-8.824373114315583967e-26
-8.486210630960295547e-26
-8.159990145855372397e-26
-7.844896913597140941e-26
-7.544643510820797566e-26
-7.254107888320645530e-26
-6.975454483205384984e-26
-6.705500734760514909e-26
-6.448629751390669552e-26
-6.199765706208817464e-26
-5.961639413801704196e-26
-5.731222387850379706e-26
-5.511294130450583654e-26
-5.298929076979594052e-26
-5.094768793220485178e-26
-4.898575080157735216e-26
-4.710644993225966455e-26
-4.529418066947038581e-26
-4.354539005764811036e-26
-4.186641671742580548e-26
-4.024457416307380356e-26
-3.870347891794215864e-26
-3.721616796280944943e-26
-3.579295195622594743e-26
-3.440733626513270631e-26
-3.308590796722600299e-26
-3.181751823924376863e-26
-3.058849451932480938e-26
-2.941403470584627378e-26
-2.828307317571969053e-26
-2.718925898236044829e-26
-2.614253300576949621e-26
-2.513541801553074529e-26
-2.417192456816038751e-26
-2.324246461402328545e-26
-2.234749421333027001e-26
-2.148704572170440689e-26
-2.066073703464472967e-26
-1.985994152674433904e-26
-1.909129210073170464e-26
-1.835359159855339537e-26
-1.764433631128170782e-26
-1.696325198649256124e-26
-1.630869310964147118e-26
-1.568341453092088915e-26
-1.507525978052184291e-26
-1.449734058950572077e-26
-1.393746813244048478e-26
-1.340264200911601591e-26
-1.288894872988531930e-26
-1.239101803169146559e-26
-1.191231966992226282e-26
-1.145431581059148977e-26
-1.101371773572611080e-26
-1.058714351234378193e-26
-1.018198794105897239e-26
-9.787658407177552379e-27
-9.409929619044772586e-27
-9.048517309400841454e-27
-8.698149822801982243e-27
-8.363102723724734616e-27
-8.039326937054018848e-27
-7.730282203341932169e-27
-7.431070497553908962e-27
-7.146290170025168190e-27
-6.874256417240359901e-27
-6.608492721982498696e-27
-6.354311569410182328e-27
-6.109862526032843539e-27
-5.874771961441271208e-27
-5.646965263899371402e-27
-5.430851657421824260e-27
-5.220637559549924099e-27
-5.018037433120164436e-27
-4.825360853321854445e-27
-4.639515547036285979e-27
-4.460873603928714653e-27
-4.289312920040666316e-27
-4.123881315607635918e-27
-3.965193547467871865e-27
-3.812126798463796398e-27
-3.665089750929608490e-27
-3.524264983024036049e-27
-3.388204965800877630e-27
-3.257596871064290599e-27
-3.132547587926188446e-27
-3.012435233607528533e-27
-2.896306857971828057e-27
-2.784948625622385886e-27
-2.677275852814523130e-27
-2.574173504357685723e-27
-2.474177295715156051e-27
-2.378391555117045753e-27
-2.287511543273278622e-27
-2.199087669887588534e-27
-2.114777775456104020e-27
-2.033491783630301904e-27
-1.954926167850946760e-27
-1.879390617653096054e-27
-1.806564273108014872e-27
-1.737319580480510633e-27
-1.670660256210351819e-27
-1.606291825609041622e-27
-1.544527541182034627e-27
-1.484981350271978410e-27
-1.427808193942898927e-27
-1.372680664104250346e-27
-1.319651916422497755e-27
-1.268545439418238065e-27
-1.219577707617220399e-27
-1.172626328171478951e-27
-1.127197300050278393e-27
-1.083918283822494526e-27
-1.042350841536287595e-27
-1.002451639767908888e-27
-9.636144920673625218e-28
-9.263831847544462332e-28
-8.906332064582553870e-28
-8.564567129266289126e-28
-8.234450218253678383e-28
-7.917450816092289105e-28
-7.609108950513406548e-28
-7.317615601570509627e-28
-7.035516457413847546e-28
-6.764704707178752957e-28
-6.503753236776434919e-28
-6.253573492553074692e-28
-6.014094696583216043e-28
-5.781000839861487178e-28
-5.558849635601280491e-28
-5.343966409468705134e-28
-5.138792277668271931e-28
-4.939646306593770776e-28
-4.750111688906734121e-28
-4.567677493442167108e-28
-4.391398088597375604e-28
-4.222148328049597511e-28
-4.058087985736970824e-28
-3.902790143188819965e-28
-3.752190125257515670e-28
-3.607078526185228900e-28
-3.466930770803357183e-28
-3.333777511497013810e-28
-3.205284039691115353e-28
-3.082707024674374485e-28
-2.964470574269796350e-28
-2.850224409968745519e-28
-2.740480588395185949e-28
-2.635270646651956981e-28
-2.532884358948442748e-28
-2.435231284824503196e-28
-2.342014590327459642e-28
-2.251709661165086540e-28
-2.165502388700640331e-28
-2.081761991753711122e-28
-2.002197372038078014e-28
-1.924726117801372306e-28
-1.850192749324207803e-28
-1.778529016464180281e-28
-1.710359040893892729e-28
-1.644673996434350809e-28
-1.581496272021158020e-28
-1.520458857629287072e-28
-1.461429104833818294e-28
-1.404786782945660542e-28
-1.351227152674737610e-28
-1.298581376162426421e-28
-1.248750948116944798e-28
-1.200469088117372037e-28
-1.154297084371875493e-28
-1.110269964731318709e-28
-1.067324615866399930e-28
-1.026035807494897223e-28
-9.865366093389055924e-29
-9.484221548129283844e-29
-9.118105876819916034e-29
-8.766834310556912845e-29
-8.431111017476190859e-29
-8.106809090818792803e-29
-7.795885756890702205e-29
-7.493952302831146651e-29
-7.206197906134034500e-29
-6.930177839476209205e-29
-6.663299921523147070e-29
-6.404846141517456228e-29
-6.158084561833518772e-29
-5.922264069793023678e-29
-5.694106371518759298e-29
-5.474263875779386810e-29
-5.262515100631301680e-29
-5.059823612899805148e-29
-4.865193044765230629e-29
-4.678737748318026116e-29
-4.499504689162273737e-29
-4.325005806551068233e-29
-4.158964765661260799e-29
-3.998117115237115070e-29
-3.844860938985946967e-29
-3.696616694488492834e-29
-3.553466835620496751e-29
-3.416368308823076125e-29
-3.286030397983562317e-29
-3.158430316930616490e-29
-3.037230040897558685e-29
-2.919842203374726176e-29
-2.806403124090995121e-29
-2.698074379544074072e-29
-2.594542103338338672e-29
-2.494159173981507119e-29
-2.398109135609716130e-29
-2.305292402595342119e-29
-2.216618675910554244e-29
-2.130946541136749257e-29
-2.049381903359180766e-29
-1.969397430915671240e-29
-1.893185223287453307e-29
-1.819945568157775548e-29
-1.749766336080350632e-29
-1.682004898399516222e-29
-1.617806130189244389e-29
-1.555172480985340995e-29
-1.495319994991754293e-29
-1.437409087123352974e-29
-1.381445474984659437e-29
-1.327911543841431922e-29
-1.276419850755639403e-29
-1.227046078755565223e-29
-1.179850864541802198e-29
-1.134508455119850455e-29
-1.091203694625388099e-29
-1.049031471216191581e-29
-1.008387954700352431e-29
-9.695749744113425873e-30
-9.321426451512153429e-30
-8.964011469653108768e-30
-8.616810687346777193e-30
-8.285195643578676229e-30
-7.966843937669773301e-30
-7.656783510634734327e-30
-7.365017913438605042e-30
-7.080458002573468313e-30
-6.807743313182697612e-30
-6.545123957355884846e-30
-6.291800222776278599e-30
-6.049324514303348816e-30
-5.816046625947637136e-30
-5.590580038612461656e-30
-5.373352820320617819e-30
-5.164223535591814688e-30
-4.965436720359286371e-30
-4.776259994622696550e-30
-4.590284375102265983e-30
-4.413906055699236966e-30
-4.242276357315337727e-30
-4.079333656223563259e-30
-3.923389754457036625e-30
-3.771406046138656244e-30
-3.624616330139045190e-30
-3.484461292334571259e-30
-3.349425391368606290e-30
-3.219927667467331415e-30
-3.096160901704281486e-30
-2.975985318202767680e-30
-2.863490508829074765e-30
-2.751803499173266927e-30
-2.645499501327840639e-30
-2.544283795349157737e-30
-2.446936124061516622e-30
-2.352584364696155222e-30
-2.261316350190966978e-30
-2.173815559981294001e-30
-2.090891674575982682e-30
-2.011030657251173916e-30
-1.933977472752513299e-30
-1.859978316616837051e-30
-1.787762150312488048e-30
-1.718819876834501214e-30
-1.652803926013225416e-30
-1.588857221407589107e-30
-1.527282946520556372e-30
-1.468045742482054476e-30
-1.411781880874296507e-30
-1.357599020425686249e-30
-1.305221625260390960e-30
-1.254201596931877182e-30
-1.206289951825129796e-30
-1.159922624176718698e-30
-1.115522980032036044e-30
-1.071775876311381858e-30
-1.030822311405569821e-30
-9.904207586469039314e-31
-9.526760112001925426e-31
-9.156207617198994749e-31
-8.804053959975134515e-31
-8.462825817445556950e-31
-8.139127587070921994e-31
-7.826666612492407778e-31
-7.525756045405073359e-31
-7.236258588068742694e-31
-6.956913640341593962e-31
-6.691161168891873505e-31
-6.432835470750648260e-31
-6.184381103969888256e-31
-5.944220084933049656e-31
-5.716238597963950941e-31
-5.495380136563094959e-31
-5.282492467256294744e-31
-5.077596748941865098e-31
-4.882608097016165691e-31
-4.693428738172230028e-31
-4.511429298823116898e-31
-4.336031435748221734e-31
-4.171235591322262946e-31
-4.010538460598751310e-31
-3.854002579877150572e-31
-3.705860434117031460e-31
-3.561396645279505450e-31
-3.426178119511196731e-31
-3.294496186046771946e-31
-3.165766624193872419e-31
-3.043370155705463048e-31
-2.925323016315096141e-31
-2.811888281658485725e-31
-2.702966740012422400e-31
-2.597419572449829534e-31
-2.497893757149888753e-31
-2.400612665862278212e-31
-2.308988053390824519e-31
-2.219424082516362296e-31
-2.133854206347124041e-31
-2.050714077001035455e-31
-1.971240784732901912e-31
-1.895486168843594676e-31
-1.822729298647754437e-31
-1.752110182478319610e-31
-1.684256534318629297e-31
-1.619612926132164487e-31
-1.556386376385615945e-31
-1.496005463363537995e-31
-1.438234030250850442e-31
-1.382697799646251469e-31
-1.328896951351771439e-31
-1.277177668453727515e-31
-1.228453662711013863e-31
-1.181125438960466594e-31
-1.135406937173935366e-31
-1.091925166038148787e-31
-1.048732096314924161e-31
-1.008166021366917184e-31
-9.690562663701439382e-32
-9.314895828076951095e-32
-8.953890345743093790e-32
-8.602401077926318313e-32
-8.273885083954838212e-32
-7.951175444329244800e-32
-7.638412250153134174e-32
-7.344312379785029007e-32
-7.059545934562452802e-32
-6.784678915015326492e-32
-6.525535895651974510e-32
-6.272691175020328345e-32
-6.031877051322172882e-32
-5.795053143197883674e-32
-5.568285589244879135e-32
-5.355679803483406105e-32
-5.145211654198903404e-32
-4.946934556826778648e-32
-4.753496088076226132e-32
-4.568335156670576460e-32
-4.389696455670464249e-32
-4.222534106017430032e-32
-4.058547060479554519e-32
-3.898479406980908218e-32
-3.746662254457095847e-32
-3.601028496092196414e-32
-3.462143250795367734e-32
-3.328383454741711933e-32
-3.199651248026523055e-32
-3.074646240024203946e-32
-2.955416729641062441e-32
-2.842914867301264593e-32
-2.731458019439347758e-32
-2.626030869849973847e-32
-2.524131966554593032e-32
