1.849411165714264005e+00
1.703391955754695708e+00
1.533076929740416761e+00
1.435710266920236400e+00
1.368003493088942202e+00
1.319584904114405211e+00
1.284072562211599156e+00
1.245753177465536599e+00
1.222348710818168538e+00
1.203022648432315878e+00
1.184248632192611783e+00
1.168099380609316729e+00
1.154804875300480704e+00
1.137851585180331471e+00
1.133223586051891996e+00
1.121835903326670270e+00
1.113699045700904611e+00
1.108717698164475296e+00
1.101501374978285597e+00
1.093418999971487615e+00
1.091994090874989887e+00
1.084974403411914201e+00
1.077458037932713886e+00
1.076185303773635527e+00
1.062642186727279281e+00
1.057580121969565301e+00
1.053629227479298880e+00
1.050955526798199369e+00
1.045038356689306447e+00
1.041866272076582334e+00
1.037207364271848675e+00
1.035267540277578835e+00
1.027755033664214279e+00
1.022174997360278503e+00
1.020995552570391984e+00
1.012283297838308949e+00
1.011662263289476060e+00
1.008138506840436932e+00
1.010249059781050063e+00
1.006555027533800217e+00
1.003421981976582389e+00
9.956462316023997339e-01
9.964754810700049426e-01
9.888843823701907176e-01
9.924294488552288795e-01
9.811164139172969811e-01
9.803214394129239340e-01
9.796475716126270550e-01
9.736827633319756758e-01
9.768648323340293205e-01
9.734158259171705740e-01
9.672273777998410260e-01
9.682560929885277723e-01
9.651450091447585367e-01
9.615652535206232754e-01
9.589750701036208191e-01
9.565061214642647247e-01
9.525796025227277752e-01
9.510779934051709628e-01
9.491861892052185778e-01
9.539659425234183754e-01
9.492570751752609226e-01
9.417131393383710858e-01
9.417526743350884688e-01
9.369914415555122833e-01
9.398904870717953441e-01
9.312338074048359671e-01
9.318219829828311429e-01
9.260191596471346598e-01
9.246646202527559755e-01
9.271207074324290254e-01
9.208697322087410209e-01
9.223504978876847504e-01
9.163374237525157007e-01
9.209545509937482333e-01
9.237484523883232601e-01
9.125293432137905336e-01
9.058814725814721136e-01
9.040340669644184590e-01
9.080863208342820903e-01
9.052021963474078392e-01
9.024350302341657137e-01
8.949511243746830491e-01
8.922427330261621936e-01
9.012149963623438120e-01
8.929168160145098954e-01
8.907572998450352664e-01
8.933259934951097714e-01
8.900178965849754320e-01
8.873758088319729787e-01
8.913621700727022423e-01
8.820729871590932136e-01
8.833909772909604996e-01
8.912141628754444156e-01
8.830341389546028097e-01
8.765560428301493179e-01
8.721907754739125496e-01
8.664635930305871758e-01
8.737490990223029108e-01
8.666900579745953070e-01
8.595845300417680468e-01
8.714036123874859818e-01
8.649566430311936838e-01
8.720361055471957945e-01
8.678272290107531539e-01
8.608138487889216428e-01
8.593444420741154222e-01
8.610007269260210316e-01
8.619016745151617531e-01
8.572512214000408415e-01
8.513323990198281566e-01
8.459290900291540627e-01
8.458872003433032249e-01
8.522765498894911973e-01
8.452487088930912273e-01
8.460890858601300968e-01
8.418901660503484985e-01
8.451156281507932189e-01
8.430523436803084580e-01
8.372279448386950040e-01
8.320811981574083305e-01
8.370812894442142271e-01
8.383761506814223496e-01
8.307878808333323262e-01
8.237777700790992474e-01
8.274175313802866194e-01
8.283049424489339341e-01
8.213469685652317054e-01
8.201275557279587014e-01
8.217378509350311555e-01
8.212378390324421851e-01
8.206284571152466789e-01
8.173077982205610992e-01
8.130304475625356186e-01
8.111671613577084994e-01
8.191550157009026556e-01
8.120362301667530813e-01
8.125902191186562540e-01
8.111320538398546498e-01
8.079135842812367185e-01
8.104645649592081558e-01
7.961877963481804876e-01
8.061643407130852923e-01
7.986661254595487369e-01
8.019985912702022324e-01
7.958876181871462618e-01
7.958872115000700243e-01
8.005821752242553435e-01
7.848052988449732981e-01
7.997172416784824600e-01
7.975715756416320579e-01
7.944845681771254275e-01
7.932868490616480361e-01
7.803639761912517514e-01
7.889241003073178549e-01
7.926146397223838846e-01
7.840900258376047871e-01
7.817848708385076728e-01
7.904980318668560768e-01
7.831065063293163320e-01
7.800948922450725576e-01
7.786563009787828005e-01
7.817308260080141347e-01
7.817472636699676070e-01
7.796837718058855504e-01
7.704938135085961370e-01
7.703820498325886224e-01
7.627108069566580495e-01
7.710402332055262820e-01
7.685181983770468239e-01
7.609343401132485640e-01
7.578133720618027702e-01
7.591466799760475670e-01
7.687128060903304361e-01
7.627814036913407314e-01
7.590789869809762003e-01
7.584852785636216899e-01
7.575160233638225105e-01
7.589603462280370971e-01
7.651837530044408586e-01
7.562219201754301068e-01
7.505470819198167831e-01
7.518400743221624882e-01
7.551901419193316478e-01
7.526116442221861824e-01
7.469337822535099258e-01
7.518186521071653639e-01
7.434651374052732020e-01
7.551566269917365792e-01
7.435557802518208970e-01
7.492973892352520204e-01
7.313537144508117649e-01
7.441899995773266774e-01
7.395256730226370534e-01
7.337320190209608572e-01
7.389585938973304291e-01
7.390145029012973321e-01
7.301343092551597636e-01
7.340709726779889310e-01
7.311609521126135602e-01
7.287664048946820294e-01
7.360759132947677363e-01
7.275823681018291911e-01
7.401330137099975115e-01
7.336882831958624340e-01
7.212895404069851191e-01
7.267230442701242410e-01
7.255717109411190524e-01
7.262492027802345262e-01
7.231916598784617900e-01
7.221245084053430352e-01
7.192368651811893443e-01
7.184299430786035279e-01
7.279746829699247357e-01
7.188416046209824550e-01
7.229199891671156397e-01
7.090918746514197624e-01
7.079777823044703933e-01
7.164240547479727717e-01
7.067571353453856453e-01
7.111053080895007872e-01
7.099661727746328088e-01
7.101460405649282492e-01
7.075530137007053355e-01
7.110007414451011698e-01
7.093419241599547842e-01
7.032853442124831211e-01
7.032143201583470615e-01
7.022855064043631579e-01
7.149662655133467437e-01
7.040306127988374962e-01
6.985627839962641472e-01
7.040348496192541106e-01
7.027734356048779274e-01
7.112013929165326154e-01
7.012173259105437539e-01
6.994277005012218273e-01
7.051780336942428118e-01
7.025690337786307804e-01
6.969380546838809254e-01
6.999867197030630317e-01
7.004601318102616769e-01
6.928233603636423377e-01
6.916782270639371122e-01
6.889835572395569541e-01
6.904275583151059381e-01
6.906227460274330099e-01
6.932877396161739592e-01
6.951708572033123978e-01
6.922948021155137521e-01
6.836169702884478117e-01
6.880516757567723962e-01
6.863266983093359030e-01
6.809435830666468181e-01
6.782671973491326556e-01
6.841625295388392702e-01
6.782045595156840356e-01
6.755918720593818705e-01
6.788864157902888552e-01
6.835773794314800034e-01
6.834709844528100708e-01
6.744766933031570710e-01
6.709677368402481301e-01
6.741436090988990326e-01
6.882449566553801024e-01
6.655835432884020797e-01
6.723152086520806092e-01
6.743128470885447756e-01
6.712474129138848999e-01
6.728337107560573571e-01
6.635835480995667668e-01
6.681866256854472885e-01
6.723971330202542784e-01
6.637463522263061799e-01
6.676787461989964756e-01
6.657244780888924574e-01
6.592675225856976517e-01
6.645109503697126385e-01
6.656928661542060865e-01
6.623284355188027162e-01
6.562151465660486238e-01
6.540589438799100375e-01
6.569560070832570764e-01
6.584387579789527933e-01
6.580592318223073001e-01
6.488905383226198920e-01
6.527527566139514903e-01
6.537903097195503221e-01
6.515816476864692008e-01
6.466870887921406519e-01
6.460859161156874420e-01
6.506944615871478321e-01
6.476467922711983682e-01
6.550918504977837342e-01
6.501104865318689807e-01
6.512896793775069249e-01
6.432725255305949963e-01
6.423335582017898338e-01
6.448103336951671594e-01
6.404767901469499147e-01
6.366822776121970895e-01
6.412706083976305038e-01
6.450351699040486331e-01
6.449574742561731133e-01
6.380495996047288454e-01
6.388424806105784670e-01
6.389016872033094208e-01
6.326588931756141898e-01
6.362705178749866741e-01
6.439331191472518201e-01
6.359033321722959986e-01
6.277055216141236293e-01
6.251992917213684553e-01
6.322414701565718387e-01
6.308407829358027019e-01
6.348996883019423221e-01
6.316992593117248811e-01
6.277813579027469171e-01
6.253981899756652085e-01
6.327241244988563995e-01
6.298749970319943436e-01
6.291249412756699799e-01
6.360018286185387115e-01
6.249168075048006088e-01
6.201466688743004774e-01
6.214212817259323618e-01
6.251133955441988688e-01
6.291246146727831334e-01
6.287701482956226107e-01
6.269106856523416482e-01
6.238995796594863918e-01
6.285112349650798791e-01
6.170813367916987424e-01
6.217026051802513331e-01
6.283271749814350882e-01
6.284569736474600044e-01
6.229560376741947181e-01
6.244329746717062202e-01
6.213983978216465198e-01
6.204323909985713925e-01
6.160079986621171955e-01
6.240885068972905625e-01
6.138312297753798497e-01
6.170556458143087175e-01
6.155514329671859519e-01
6.126563166196529187e-01
6.105469783147176033e-01
6.176268781606967240e-01
6.171391297609377657e-01
6.196884104074575905e-01
6.169574515177653762e-01
6.079410243492859856e-01
6.113996501916494353e-01
6.153423609641882619e-01
6.165781323726360341e-01
6.097940150743875742e-01
6.085111166422183526e-01
6.147449598862574360e-01
6.122675024546109235e-01
6.078356499091173148e-01
5.981042954402092660e-01
6.122543842364580602e-01
6.030200799306233428e-01
6.032696758325283293e-01
6.027384832883492249e-01
5.973238855600356834e-01
5.998290450909198324e-01
5.982083947994769613e-01
6.028134491199101941e-01
5.871497631837160336e-01
5.975259897036430123e-01
6.091037364342273275e-01
5.887117187182108191e-01
5.915106704601874599e-01
5.971792654349253882e-01
5.937907380935473212e-01
5.894794820975034488e-01
5.910242860133830822e-01
5.934671814625079866e-01
5.931680133709540392e-01
5.931422215241651807e-01
5.825693011283874512e-01
5.970361404694043417e-01
5.922441046971541612e-01
5.856124744965479634e-01
5.904963003519253517e-01
5.820420922377170792e-01
5.973864362790034521e-01
5.977765521942041138e-01
5.867354678037839388e-01
5.840923268061417595e-01
5.821191962712850554e-01
5.851689277551113122e-01
5.897335520921609398e-01
5.903864784118456610e-01
5.900589393499570123e-01
5.857383231321970918e-01
5.810150148012699356e-01
5.860930047738246440e-01
5.722290233159676998e-01
5.792607454153207991e-01
5.810393907320805518e-01
5.709282826154660206e-01
5.802870100889450100e-01
5.701047708590825103e-01
5.820796689161887860e-01
5.718284789568338633e-01
5.753410431819084847e-01
5.659726771788718969e-01
5.741186593587581655e-01
5.714304726093243358e-01
5.712418427069981819e-01
5.643041652746689785e-01
5.741720729913466492e-01
5.662458824041561867e-01
5.731183147583251980e-01
5.714029525335018178e-01
5.614071462398920742e-01
5.652873819455122018e-01
5.591994152619288450e-01
5.621326544345953691e-01
5.596691232461196153e-01
5.583074693496410390e-01
5.634358069453484497e-01
5.554338161761943615e-01
5.603224233939096965e-01
5.584532866111168170e-01
5.531107213252629551e-01
5.546749063027210935e-01
5.478716664589368124e-01
5.645588634869991296e-01
5.543372544722678930e-01
5.545556300725692500e-01
5.513294823658771993e-01
5.426247758743090177e-01
5.549198599197925352e-01
5.465747602092914104e-01
5.461464771093466064e-01
5.462823284742159835e-01
5.475526620180178883e-01
5.358044576186400398e-01
5.396473879233384396e-01
5.480368734170228961e-01
5.456618032394311424e-01
5.475845777835601780e-01
5.449340137151571506e-01
5.307663263418735955e-01
5.419743068707294498e-01
5.326099064105596081e-01
5.371048816503622980e-01
5.443177787157205127e-01
5.425300311583739488e-01
5.362116920642363560e-01
5.347771730178442207e-01
5.368082468326275114e-01
5.402271261582007877e-01
5.361758470535278320e-01
5.373151702758592885e-01
5.362955554937705038e-01
5.380323424553259404e-01
5.335912857300195711e-01
5.298883818281002744e-01
5.473691358780249372e-01
5.285278936991324450e-01
5.284861566164554825e-01
5.254625963859068660e-01
5.372577602282548881e-01
5.315279142978863725e-01
5.291568794311620749e-01
5.362843097020417726e-01
5.328825372916001779e-01
5.289518139301202515e-01
5.420041754459723471e-01
5.228285256868753228e-01
5.273429681857426665e-01
5.278068738105969882e-01
5.294077096841274255e-01
5.271624317535987814e-01
5.244031930581117829e-01
5.306344804091330802e-01
5.213324242677443987e-01
5.248468094147168417e-01
5.138894068889129363e-01
5.293351546311989564e-01
5.234932584640307196e-01
5.324798833865386216e-01
5.275001123929634606e-01
5.142926719708320604e-01
5.179572934523607453e-01
5.209842707866277900e-01
5.213180638276613266e-01
5.275824068448482507e-01
5.246265117174540027e-01
5.181779361688173546e-01
5.223828131571793820e-01
5.149744486961609358e-01
5.146142696722959542e-01
5.163684092271022541e-01
5.179828304510850634e-01
5.166590540837019407e-01
5.235146664656125104e-01
5.228221919292058706e-01
5.202176168178900273e-01
5.068221536584389675e-01
5.139320254325866477e-01
5.204441409844619004e-01
5.248401884085093227e-01
5.071960921470936023e-01
5.136415015428493769e-01
5.202296869877057750e-01
5.183749046081151945e-01
5.128462389493599893e-01
5.188794084084339397e-01
5.158444684285383719e-01
5.164110021713452792e-01
5.136795708002188654e-01
5.140387073923380346e-01
5.015074628667953727e-01
5.104806254307429070e-01
5.118463894495597355e-01
5.137710967889198566e-01
5.102348729585990394e-01
5.033990704096280577e-01
5.236724108457565530e-01
5.140037969901011250e-01
5.110049220231863698e-01
5.147104986203022703e-01
5.169641203605211954e-01
5.044124302191611564e-01
5.188304310425734256e-01
5.112797462787384006e-01
5.154581605623930196e-01
5.021144938010435599e-01
5.108645254984880424e-01
5.070503504612506873e-01
5.131234922470190307e-01
5.091087652322573431e-01
5.098323765473488089e-01
5.106595316758522074e-01
5.073908522343024696e-01
5.107434470684100170e-01
5.107174832087296723e-01
5.094315769962775020e-01
5.040706198184917719e-01
5.084110784989136489e-01
5.038806048723367681e-01
5.028628968275510314e-01
5.046292995031063100e-01
5.082590916982063778e-01
4.997347383927076558e-01
4.994365349029883383e-01
4.976066927115122551e-01
4.990741272767384995e-01
5.003316693581068009e-01
4.978025935399226776e-01
5.070880344280830343e-01
5.053845014327611462e-01
5.011169452697802340e-01
4.937993410306099062e-01
5.092263097182297971e-01
4.977746621156350360e-01
4.981338415390406116e-01
5.006997411067669601e-01
4.993640697155243280e-01
4.929882922997841366e-01
4.998873148209009298e-01
4.904493779708177792e-01
4.917861470809349878e-01
4.992303724090258465e-01
4.848346888636931307e-01
4.924489628810149178e-01
4.949882997916295047e-01
4.953611895059927828e-01
4.902555011785947325e-01
4.838592327175996188e-01
4.820557269530418854e-01
4.907262867841964971e-01
4.832167137891818509e-01
4.887313189414831394e-01
4.906082648115280276e-01
4.888749899390416043e-01
4.894449775035564776e-01
4.794368798534075493e-01
4.894193996221591347e-01
4.878783010901548978e-01
4.859132223404371009e-01
4.856167778754845732e-01
4.841222960979510437e-01
4.784786527737592832e-01
4.710322730434246541e-01
4.865678223279806258e-01
4.863815948749199980e-01
4.868619017876111288e-01
4.870182573031156537e-01
4.710543415485284324e-01
4.813907009668839110e-01
4.785302123198142410e-01
4.788861828736769577e-01
4.794164010729545233e-01
4.824611115914124726e-01
4.801107902557422147e-01
4.800177840850292088e-01
4.800543367862701305e-01
4.778279834450819830e-01
4.766911171567745908e-01
4.738621998291749349e-01
4.810223292081783897e-01
4.837347769584411372e-01
4.825952415282909747e-01
4.784549652001796605e-01
4.748291824872676870e-01
4.766704786664400229e-01
4.811089769387856263e-01
4.675772111385296803e-01
4.718999936030461306e-01
4.774462545911470901e-01
4.800873701771100621e-01
4.789599021275838253e-01
4.743262667304430358e-01
4.720555985203155891e-01
4.799036228121855152e-01
4.692790382183514852e-01
4.676103067703736293e-01
4.795866148976179466e-01
4.750148780452899677e-01
4.803322223134530167e-01
4.720090683454122304e-01
4.649572519919811242e-01
4.722663829723993678e-01
4.735090686724736098e-01
4.653140106644386154e-01
4.732645648412215356e-01
4.702147094485087386e-01
4.762490884233743782e-01
4.698663008518708106e-01
4.680686370684550290e-01
4.745918262463349468e-01
4.659334974411206143e-01
4.779446298495317325e-01
4.712432944239714483e-01
4.662938771721644171e-01
4.725493835333066106e-01
4.754562367995580074e-01
4.723935096691816438e-01
4.718317232070824985e-01
4.723512973922949776e-01
4.704225326195741186e-01
4.712355513603259105e-01
4.789197814388153063e-01
4.682076981816536421e-01
4.670428955402129989e-01
4.772936278428787094e-01
4.654735200680218954e-01
4.681893631815910450e-01
4.687888878278242966e-01
4.765511251412904992e-01
4.715332670853688013e-01
4.678182702033947815e-01
4.636290407715699669e-01
4.723169949192267403e-01
4.670467331241338615e-01
4.704577648486846786e-01
4.655030796925226921e-01
4.729807441815351843e-01
4.641296828022369869e-01
4.582652192849379080e-01
4.587454338104297036e-01
4.795460775494575500e-01
4.567738091334318518e-01
4.729313398783023814e-01
4.766675656422590390e-01
4.634003098958577871e-01
4.667366623114316826e-01
4.708315894007683022e-01
4.549930651600544440e-01
4.601871763284389738e-01
4.648593055896270143e-01
4.729660789171854507e-01
4.732394285309008963e-01
4.561566835030531064e-01
4.649441656011801260e-01
4.532037088886285425e-01
4.608259412340628969e-01
4.630490139126777760e-01
4.642236580451329364e-01
4.585410477259220241e-01
4.542404602353389276e-01
4.619445154682184085e-01
4.591182095118058193e-01
4.549944323606980312e-01
4.618601362292583112e-01
4.637591549983391404e-01
4.600802742517911548e-01
4.716411179839036238e-01
4.598396005538793463e-01
4.682288309702506424e-01
4.579456180334091076e-01
4.650118928307142019e-01
4.574859850681745055e-01
4.580760196615488167e-01
4.588606513463533987e-01
4.583314103193772415e-01
4.545175735767070790e-01
4.616238808784729475e-01
4.635116262313647151e-01
4.602354520406478633e-01
4.557775292641077503e-01
4.569995653170805805e-01
4.592691675974772680e-01
4.541139096785814511e-01
4.555061006393187895e-01
4.597316358333978781e-01
4.545896088465666285e-01
4.502903398030843607e-01
4.546464617435748701e-01
4.577339732494109525e-01
4.479872707755137573e-01
4.543768366177876605e-01
4.491389636427928211e-01
4.538616972091870649e-01
4.627260435850192311e-01
4.428883717992366797e-01
4.515841791645074377e-01
4.525162665889813085e-01
4.580483085834062829e-01
4.474625170612946401e-01
4.434503402083347923e-01
4.449462419136976377e-01
4.444611864594312789e-01
4.538308709095685844e-01
4.433330831237328185e-01
4.476062211852807060e-01
4.452205524230614664e-01
4.516329986926836959e-01
4.572357170856916064e-01
4.483293987237489953e-01
4.436316327406810145e-01
4.473659542890695562e-01
4.436607906069511276e-01
4.453245690999886874e-01
4.488306988126192221e-01
4.512883734244566569e-01
4.495207361685923941e-01
4.487965498215112925e-01
4.459015047320952774e-01
4.416699431263483300e-01
4.391450567887379419e-01
4.391428766724390642e-01
4.501671099509948482e-01
4.465637516134824403e-01
4.447550926453027742e-01
4.476403077061359426e-01
4.325172837728109010e-01
4.415021934570410589e-01
4.369129492686344984e-01
4.416237762723213556e-01
4.435920022236995441e-01
4.383246041643313884e-01
4.432253240774839398e-01
4.414147874483695388e-01
4.406679050280497556e-01
4.458374759707695589e-01
4.475229721038769259e-01
4.487667923936476955e-01
4.394475301106771092e-01
4.335478998911686532e-01
4.421853126623691566e-01
4.433040897433574434e-01
4.468537843762299677e-01
4.470469829363700742e-01
4.412807753452888115e-01
4.381599540511766921e-01
4.378269266241636148e-01
4.516212159242385393e-01
4.444005057979852902e-01
4.408523073563209160e-01
4.449014665988775263e-01
4.342824065914520637e-01
4.385768284018223273e-01
4.381945509941149730e-01
4.349557109368152874e-01
4.371824332536795032e-01
4.420370836288500804e-01
4.348801789757533176e-01
4.375648319721222035e-01
4.319890656532385242e-01
4.395533686264967432e-01
4.366076438090740197e-01
4.378707340512520418e-01
4.335479676723480447e-01
4.344824598003656502e-01
4.271730824540823090e-01
4.373087223523702272e-01
4.244643927766726388e-01
4.307853670838551752e-01
4.362759174444736376e-01
4.280849780409763938e-01
4.280737824546985149e-01
4.294962723667805071e-01
4.360944392971503603e-01
4.329105970951226956e-01
4.312908499286725039e-01
4.257048395581734535e-01
4.343509426865821976e-01
4.338471061908281690e-01
4.272026430337856895e-01
4.253667984635401966e-01
4.275550326857811556e-01
4.282296496324050072e-01
4.248239131310047045e-01
4.307891419682747247e-01
4.253995965306575644e-01
4.228361789614726307e-01
4.307326786029033183e-01
4.266302531728377589e-01
4.238913562053289175e-01
4.269880822071662196e-01
4.253830573497674461e-01
4.252408699729503527e-01
4.278863867888083594e-01
4.240454406692431566e-01
4.204826641159180034e-01
4.221328946642386448e-01
4.372667376811687490e-01
4.230540948800551315e-01
4.287676203327301372e-01
4.264824974231231081e-01
4.281836786713355547e-01
4.223416409813440797e-01
4.326983641355465759e-01
4.284806891511648286e-01
4.222643533960366846e-01
4.242699934886052238e-01
4.185722251733144383e-01
4.236275426852397219e-01
4.238903494981619002e-01
4.251285989315081726e-01
4.203126667783810277e-01
4.220231081812809704e-01
4.246681070480591291e-01
4.174067805210749382e-01
4.140941138068834904e-01
4.297184923138374080e-01
4.269085401143783431e-01
4.170707374429091230e-01
4.190414636180950780e-01
4.236093702606665845e-01
4.201534209725184543e-01
4.114344963660607202e-01
4.145955209166575783e-01
4.185667723035201293e-01
4.197030532054412122e-01
4.263825429173616066e-01
4.101720323547338731e-01
4.158069793230447786e-01
4.171224750387362845e-01
4.072793013774431703e-01
4.154363835469270239e-01
4.119568430078335286e-01
4.171041778264901745e-01
4.170418873047217478e-01
4.180739633930035115e-01
4.239448242462598437e-01
4.236175918426269282e-01
4.242664834245657435e-01
4.188554617838982086e-01
4.208283076301599368e-01
4.185579627752303855e-01
4.147241140023256167e-01
4.165691632108810549e-01
4.191971722703713432e-01
4.087983004175699819e-01
4.193627022779904956e-01
4.142210081983835335e-01
4.157196749479342701e-01
4.213451886788392442e-01
4.195168648010645374e-01
4.145282131739151943e-01
4.202894907731276053e-01
4.125006746405210367e-01
4.133534886516057605e-01
4.180314522523146392e-01
4.028309652056449308e-01
4.208358357350031609e-01
4.018668511739144078e-01
4.055608917505313382e-01
4.199032118687263115e-01
4.133026160108737579e-01
4.109076683719952716e-01
4.181600702114594559e-01
4.069919221294232003e-01
4.201287761139563814e-01
4.100731566548347362e-01
4.106545565984188184e-01
4.106231958438188445e-01
4.104600372986915713e-01
4.147350148894847766e-01
4.151578871867595555e-01
4.147912778915502918e-01
4.122397396809015513e-01
4.114806179434825073e-01
4.122404712132918259e-01
4.159565894267497899e-01
4.120280728126183289e-01
4.171710481246312385e-01
4.225965623290111051e-01
4.219097563853630439e-01
4.173144072294235341e-01
4.226890863898473127e-01
4.201154571313124308e-01
4.180344106677251204e-01
4.146156750810451874e-01
4.172768044166075829e-01
4.089234542006101591e-01
4.144081463798498510e-01
4.122930477444942121e-01
4.155962706758425940e-01
4.139058648011623154e-01
4.158329375661336536e-01
4.118846389345633408e-01
4.148165409763653888e-01
4.138386028317304621e-01
4.095870700784218776e-01
4.185250971943904053e-01
4.147559326428633675e-01
4.182898110686204540e-01
4.209616750860825651e-01
4.176696532811873808e-01
4.206366670055267099e-01
4.157224830144490846e-01
4.160410791635513195e-01
4.194357461654222852e-01
4.089983233274557817e-01
4.149341230209057096e-01
4.231784293284783227e-01
4.059660519926975852e-01
4.115925563069490201e-01
4.185913640337112773e-01
4.207340884285095672e-01
4.176463268124140371e-01
4.155532851433142438e-01
4.168475113618068106e-01
4.145625310448499690e-01
4.168180437042163233e-01
4.167785653319114325e-01
4.104150637984275707e-01
4.147492781281471030e-01
4.178351800793256299e-01
4.152939579043632978e-01
4.196559565189557084e-01
4.200909005525784723e-01
4.187098224957784276e-01
4.214026479384838098e-01
4.132438854147226226e-01
4.157345546361727595e-01
4.183898642659187317e-01
4.226989752207047091e-01
4.188119073326770914e-01
4.107491515003717786e-01
4.119720865900700080e-01
4.153237592715483539e-01
4.162391272874979009e-01
4.050830504833123347e-01
4.078625314892866949e-01
4.231320048371950970e-01
4.190091819335252654e-01
4.129767290292641890e-01
4.218022508498949774e-01
4.202347034445175766e-01
4.115060576643699286e-01
4.249290635952582829e-01
4.178759187077864534e-01
4.160732842026612643e-01
4.218250492062324275e-01
4.235592530705989955e-01
4.193610497774222234e-01
4.124486781847782613e-01
4.184998482847824830e-01
4.167327422362107625e-01
4.169141726998182307e-01
4.091693180111738437e-01
4.165789371499648563e-01
4.151482838086592575e-01
4.257019734535461564e-01
4.146858289455755964e-01
4.150271122654279332e-01
4.106166262657214294e-01
4.091001282135645623e-01
4.149425768699401273e-01
4.174544324859594813e-01
4.162797621427438144e-01
4.055187698740225777e-01
4.062367162643334972e-01
4.054977873961130852e-01
4.058984207801329958e-01
4.034522216671552197e-01
4.130428805183141705e-01
3.970343783497810586e-01
4.140270960636627806e-01
4.134283245756075753e-01
4.100104032036585577e-01
3.987763425860649247e-01
4.136299902047866350e-01
4.041527284261507980e-01
3.994555155054116957e-01
4.078798582156499264e-01
4.056688782878410948e-01
3.990937402233099562e-01
4.042833232726806281e-01
4.041887316566247224e-01
4.074686135237033380e-01
4.040298223113402143e-01
4.045126871038705607e-01
4.038303403900219690e-01
4.034503408731558438e-01
4.082574376311057796e-01
4.079691956822688592e-01
3.999698434502650390e-01
3.994361716585281830e-01
4.054662486681571143e-01
3.962168881908441076e-01
4.098880877479528784e-01
4.030437767123564718e-01
4.045533965413387056e-01
3.986017637145825021e-01
3.950814780516502256e-01
4.074968555034735318e-01
4.034863901826051813e-01
3.950075785701091524e-01
4.075331149957118759e-01
3.983822974256980287e-01
4.032890683565384382e-01
3.996084960989462753e-01
3.960983875470283633e-01
4.035542360483071467e-01
4.050305402431732538e-01
3.984422308130142198e-01
4.054724820531331320e-01
4.059655647247265575e-01
4.031059612830479866e-01
3.979870288417889368e-01
4.110557461778323041e-01
3.981934984525044574e-01
4.051406653645711065e-01
4.012937202285497551e-01
4.071879386519774435e-01
4.008568566197003857e-01
4.018388763834268573e-01
4.044254703781543503e-01
3.986544593022419702e-01
4.036433000595141540e-01
4.062255943814913617e-01
4.052595296349281173e-01
3.931164606641500692e-01
3.985662530630063038e-01
4.034525537720093369e-01
4.117380488377351266e-01
4.109084552297225246e-01
4.000198027262321099e-01
4.061787839501331820e-01
3.981087531416844238e-01
4.083578817737408273e-01
4.016375559644821402e-01
4.028240989416073670e-01
3.969164615640273230e-01
4.021407378407624855e-01
4.070391878485679626e-01
4.065570685343864454e-01
4.059287717327093592e-01
3.981261406953517934e-01
3.983636319255217662e-01
4.104218837160330535e-01
4.054712141553560856e-01
4.023017795804219587e-01
3.998593587523851522e-01
4.093570925486393342e-01
4.052003748141802530e-01
4.024164954821268791e-01
4.055666798200363021e-01
4.043816691789871576e-01
4.109949461924723990e-01
3.956414085168105110e-01
4.119784475519107092e-01
4.029377006949522722e-01
4.080822539253112780e-01
4.126355738211900936e-01
3.971030968886155588e-01
4.051223819836591855e-01
3.983052128782639256e-01
4.073162716932786087e-01
4.007073937127223484e-01
4.027080694070229172e-01
4.003273519185873153e-01
4.074546442199976082e-01
4.056597897639641626e-01
4.028652727221831431e-01
3.925270916177676095e-01
4.018434593310722946e-01
4.036351827092659605e-01
4.004060140787026878e-01
3.988877968146251063e-01
3.893567240008941055e-01
4.000770206634814974e-01
4.093075838608619677e-01
4.019084924688706151e-01
3.999101732785885210e-01
3.995898184868005854e-01
4.064323902130126953e-01
3.995629265904426797e-01
3.976107063965919619e-01
4.064926380530382022e-01
3.969034426487408895e-01
3.985888681350610030e-01
4.055741012860566985e-01
3.959919988344877129e-01
4.005526205286001340e-01
4.022316403495959647e-01
4.014122523940526488e-01
4.048583437617008229e-01
4.009656911094983678e-01
3.962285927090889448e-01
3.998701912852434259e-01
4.025881881133103746e-01
3.971784042624326716e-01
3.926147794112180844e-01
3.962006077934533965e-01
3.966718413508855123e-01
3.929685820371676686e-01
3.913731239927120686e-01
3.936002911665500981e-01
4.044152174622584472e-01
3.975860750828033585e-01
4.017746385091390260e-01
4.042524112722812313e-01
4.004848521489363655e-01
3.921864728514964926e-01
3.937909338336724741e-01
4.000648370155921452e-01
3.983867323169341668e-01
4.018902568862988134e-01
3.952504573342127681e-01
4.082935253397012576e-01
3.952517787997539278e-01
3.982195859536146743e-01
3.988390960372411032e-01
3.970386177301407082e-01
3.977824725019626362e-01
4.018284906561557790e-01
3.983961726992558128e-01
3.944806244128789552e-01
3.963864558782332903e-01
4.005161953660157925e-01
3.922208993480755801e-01
3.922435738719426412e-01
3.982251144372500051e-01
3.972891992865464350e-01
3.981035783886909263e-01
3.933229468189752831e-01
3.851249060187584283e-01
3.911724073000443225e-01
3.909858814798868876e-01
3.958789590459603769e-01
3.936972684585131055e-01
3.992410777471004368e-01
3.971388196715942009e-01
3.901996682851742726e-01
3.996408420495498048e-01
3.894442217854353072e-01
3.946427395710578323e-01
3.944293100482378356e-01
3.946264441578816173e-01
3.870624003502038946e-01
3.972824787864318030e-01
3.958493050092306009e-01
3.955630890834025970e-01
3.965604900167538638e-01
3.836748203788047928e-01
3.903235923021267650e-01
3.879896929630866631e-01
3.949033350134507070e-01
3.910749616149144514e-01
3.876134268366373536e-01
3.860448561035669801e-01
3.838703093620446927e-01
3.901252505488884692e-01
3.972664829248037099e-01
3.892056135795055050e-01
3.825732986896466237e-01
3.914474459794851646e-01
3.926618074759458676e-01
3.916407675697253232e-01
3.921998484012408359e-01
3.849210499953000797e-01
3.845849680212827804e-01
3.793594471537150015e-01
3.937096261443235878e-01
3.834983648397983780e-01
3.980391649481577754e-01
3.875203088307991872e-01
3.961042048839422125e-01
