7.016598701477050781e+00
7.534235000610351562e+00
8.138421058654785156e+00
8.755596160888671875e+00
9.313234329223632812e+00
9.777770042419433594e+00
1.020807552337646484e+01
1.069331169128417969e+01
1.110102176666259766e+01
1.159321975708007812e+01
1.203402328491210938e+01
1.248737716674804688e+01
1.289619159698486328e+01
1.336907577514648438e+01
1.377222824096679688e+01
1.416672706604003906e+01
1.454960441589355469e+01
1.491593074798583984e+01
1.523939132690429688e+01
1.555477619171142578e+01
1.587832546234130859e+01
1.611251258850097656e+01
1.634917640686035156e+01
1.655967140197753906e+01
1.676651000976562500e+01
1.695050048828125000e+01
1.718936347961425781e+01
1.734147644042968750e+01
1.750228500366210938e+01
1.764678382873535156e+01
1.776000213623046875e+01
1.782683181762695312e+01
1.798774719238281250e+01
1.806956291198730469e+01
1.817622375488281250e+01
1.815408134460449219e+01
1.819060516357421875e+01
1.817749214172363281e+01
1.816754913330078125e+01
1.818356513977050781e+01
1.812783241271972656e+01
1.808562088012695312e+01
1.811513710021972656e+01
1.810448455810546875e+01
1.802777290344238281e+01
1.793988800048828125e+01
1.784882736206054688e+01
1.779157829284667969e+01
1.780917358398437500e+01
1.778011703491210938e+01
1.768677520751953125e+01
1.760445594787597656e+01
1.761357116699218750e+01
1.746264266967773438e+01
1.733620071411132812e+01
1.724665451049804688e+01
1.715065002441406250e+01
1.712889862060546875e+01
1.702756309509277344e+01
1.701790237426757812e+01
1.697108650207519531e+01
1.687370491027832031e+01
1.677923583984375000e+01
1.671775054931640625e+01
1.669113922119140625e+01
1.661865615844726562e+01
1.653121566772460938e+01
1.655432701110839844e+01
1.642815780639648438e+01
1.636718177795410156e+01
1.637161254882812500e+01
1.625333404541015625e+01
1.629497528076171875e+01
1.628980636596679688e+01
1.624547195434570312e+01
1.613747978210449219e+01
1.609405899047851562e+01
1.603783607482910156e+01
1.608897781372070312e+01
1.599967765808105469e+01
1.595863533020019531e+01
1.592041015625000000e+01
1.592648124694824219e+01
1.584907913208007812e+01
1.585387420654296875e+01
1.582500457763671875e+01
1.583318996429443359e+01
1.586705684661865234e+01
1.590632724761962891e+01
1.590674209594726562e+01
1.587741565704345703e+01
1.582711791992187500e+01
1.572722816467285156e+01
1.567336463928222656e+01
1.568831825256347656e+01
1.574650287628173828e+01
1.578429031372070312e+01
1.570196151733398438e+01
1.576031780242919922e+01
1.566182804107666016e+01
1.574399185180664062e+01
1.575387191772460938e+01
1.577094268798828125e+01
1.564454841613769531e+01
1.573731136322021484e+01
1.582966995239257812e+01
1.583807563781738281e+01
1.572450351715087891e+01
1.567068099975585938e+01
1.565818881988525391e+01
1.570079231262207031e+01
1.560009574890136719e+01
1.558243274688720703e+01
1.556468582153320312e+01
1.559395694732666016e+01
1.562749767303466797e+01
1.570944023132324219e+01
1.568590736389160156e+01
1.567725944519042969e+01
1.559477615356445312e+01
1.566518497467041016e+01
1.559158897399902344e+01
1.557678890228271484e+01
1.555532264709472656e+01
1.557436180114746094e+01
1.557212924957275391e+01
1.555855369567871094e+01
1.563927650451660156e+01
1.567055702209472656e+01
1.572942066192626953e+01
1.572712135314941406e+01
1.576121139526367188e+01
1.574101448059082031e+01
1.576323032379150391e+01
1.583414077758789062e+01
1.588517665863037109e+01
1.587949943542480469e+01
1.583659934997558594e+01
1.588387870788574219e+01
1.582074356079101562e+01
1.589582061767578125e+01
1.583163547515869141e+01
1.593155479431152344e+01
1.599493789672851562e+01
1.598111915588378906e+01
1.588887596130371094e+01
1.594464206695556641e+01
1.602079010009765625e+01
1.596106052398681641e+01
1.604306221008300781e+01
1.607614326477050781e+01
1.607788276672363281e+01
1.620161819458007812e+01
1.617513275146484375e+01
1.615334320068359375e+01
1.617239761352539062e+01
1.608848190307617188e+01
1.620490646362304688e+01
1.615365791320800781e+01
1.620085144042968750e+01
1.617710113525390625e+01
1.623914718627929688e+01
1.626018142700195312e+01
1.627905845642089844e+01
1.613588905334472656e+01
1.628175354003906250e+01
1.636406898498535156e+01
1.631832885742187500e+01
1.631903839111328125e+01
1.629854011535644531e+01
1.634259033203125000e+01
1.638241195678710938e+01
1.635170364379882812e+01
1.643646430969238281e+01
1.643180465698242188e+01
1.630112457275390625e+01
1.642134475708007812e+01
1.649937438964843750e+01
1.649839019775390625e+01
1.650125312805175781e+01
1.649753570556640625e+01
1.645532417297363281e+01
1.648021888732910156e+01
1.658744430541992188e+01
1.662937545776367188e+01
1.661788177490234375e+01
1.673573303222656250e+01
1.675352668762207031e+01
1.672083854675292969e+01
1.674832725524902344e+01
1.682213592529296875e+01
1.683154296875000000e+01
1.682011413574218750e+01
1.678522491455078125e+01
1.689027404785156250e+01
1.690920639038085938e+01
1.703092002868652344e+01
1.710898208618164062e+01
1.709003067016601562e+01
1.705374336242675781e+01
1.688276863098144531e+01
1.701921081542968750e+01
1.704171752929687500e+01
1.708449363708496094e+01
1.705689048767089844e+01
1.705130958557128906e+01
1.706376838684082031e+01
1.703011703491210938e+01
1.698846435546875000e+01
1.697976684570312500e+01
1.699742698669433594e+01
1.703935813903808594e+01
1.703807640075683594e+01
1.710031509399414062e+01
1.708266830444335938e+01
1.702477264404296875e+01
1.695528984069824219e+01
1.699239349365234375e+01
1.703992462158203125e+01
1.708536911010742188e+01
1.716265869140625000e+01
1.722402381896972656e+01
1.720462799072265625e+01
1.715180015563964844e+01
1.712677383422851562e+01
1.727527999877929688e+01
1.722476196289062500e+01
1.717051124572753906e+01
1.718578720092773438e+01
1.719736480712890625e+01
1.720964813232421875e+01
1.733266258239746094e+01
1.736637878417968750e+01
1.743281745910644531e+01
1.750132179260253906e+01
1.747407913208007812e+01
1.734794807434082031e+01
1.742939758300781250e+01
1.737164688110351562e+01
1.738126373291015625e+01
1.741173362731933594e+01
1.744713020324707031e+01
1.742584991455078125e+01
1.756192779541015625e+01
1.755161666870117188e+01
1.758025550842285156e+01
1.749592208862304688e+01
1.763013648986816406e+01
1.760369873046875000e+01
1.766563415527343750e+01
1.771698379516601562e+01
1.759545898437500000e+01
1.765704154968261719e+01
1.753237152099609375e+01
1.753873634338378906e+01
1.758747673034667969e+01
1.766340827941894531e+01
1.755479049682617188e+01
1.758840560913085938e+01
1.770870018005371094e+01
1.767374420166015625e+01
1.773271942138671875e+01
1.769165039062500000e+01
1.769128799438476562e+01
1.772957420349121094e+01
1.772741317749023438e+01
1.773048973083496094e+01
1.771484375000000000e+01
1.763364791870117188e+01
1.779362869262695312e+01
1.779991340637207031e+01
1.779033470153808594e+01
1.778589248657226562e+01
1.795610046386718750e+01
1.792207527160644531e+01
1.796837425231933594e+01
1.789829635620117188e+01
1.798814392089843750e+01
1.802139663696289062e+01
1.809915733337402344e+01
1.803035545349121094e+01
1.795593643188476562e+01
1.794480705261230469e+01
1.790700149536132812e+01
1.778240203857421875e+01
1.791722106933593750e+01
1.790594482421875000e+01
1.790685272216796875e+01
1.792102241516113281e+01
1.784608459472656250e+01
1.782246971130371094e+01
1.800165748596191406e+01
1.802841758728027344e+01
1.810650253295898438e+01
1.800966644287109375e+01
1.808008193969726562e+01
1.809348297119140625e+01
1.817736053466796875e+01
1.818092346191406250e+01
1.805840110778808594e+01
1.797917938232421875e+01
1.802536964416503906e+01
1.810537719726562500e+01
1.815260314941406250e+01
1.803784561157226562e+01
1.809834861755371094e+01
1.817293167114257812e+01
1.805370903015136719e+01
1.817528533935546875e+01
1.826930236816406250e+01
1.819655990600585938e+01
1.823635482788085938e+01
1.826267242431640625e+01
1.827690124511718750e+01
1.837769317626953125e+01
1.830129432678222656e+01
1.832057571411132812e+01
1.829287147521972656e+01
1.842849540710449219e+01
1.842370223999023438e+01
1.839959907531738281e+01
1.848369407653808594e+01
1.846783065795898438e+01
1.840712738037109375e+01
1.847945404052734375e+01
1.849437713623046875e+01
1.838698387145996094e+01
1.842201995849609375e+01
1.842977142333984375e+01
1.837699127197265625e+01
1.833739471435546875e+01
1.828613662719726562e+01
1.842605972290039062e+01
1.851951789855957031e+01
1.854234313964843750e+01
1.847933006286621094e+01
1.865679550170898438e+01
1.862892913818359375e+01
1.856089973449707031e+01
1.860526847839355469e+01
1.864379501342773438e+01
1.859181213378906250e+01
1.858118438720703125e+01
1.857777404785156250e+01
1.842808532714843750e+01
1.854346656799316406e+01
1.852922439575195312e+01
1.855100250244140625e+01
1.863888168334960938e+01
1.855039787292480469e+01
1.847738647460937500e+01
1.845858001708984375e+01
1.847987365722656250e+01
1.863939666748046875e+01
1.855001068115234375e+01
1.865656852722167969e+01
1.869578361511230469e+01
1.861413764953613281e+01
1.861849975585937500e+01
1.869969940185546875e+01
1.858729934692382812e+01
1.862560272216796875e+01
1.870166397094726562e+01
1.874111175537109375e+01
1.870449447631835938e+01
1.881061553955078125e+01
1.877429580688476562e+01
1.871004867553710938e+01
1.867547988891601562e+01
1.877040100097656250e+01
1.882438278198242188e+01
1.872396850585937500e+01
1.869535827636718750e+01
1.875382232666015625e+01
1.881773948669433594e+01
1.871687126159667969e+01
1.883890151977539062e+01
1.879149246215820312e+01
1.879187202453613281e+01
1.878107070922851562e+01
1.869473648071289062e+01
1.874585723876953125e+01
1.874401092529296875e+01
1.868111038208007812e+01
1.889949035644531250e+01
1.891450881958007812e+01
1.880527877807617188e+01
1.883480834960937500e+01
1.889749145507812500e+01
1.897865676879882812e+01
1.901109313964843750e+01
1.901309204101562500e+01
1.908904838562011719e+01
1.902371406555175781e+01
1.905142021179199219e+01
1.894667243957519531e+01
1.897573852539062500e+01
1.886658096313476562e+01
1.875155067443847656e+01
1.879158210754394531e+01
1.884589004516601562e+01
1.888043022155761719e+01
1.889047813415527344e+01
1.896539306640625000e+01
1.888957214355468750e+01
1.894110870361328125e+01
1.903000831604003906e+01
1.907916259765625000e+01
1.905640220642089844e+01
1.914846420288085938e+01
1.911715316772460938e+01
1.916814041137695312e+01
1.914000129699707031e+01
1.919464683532714844e+01
1.910832214355468750e+01
1.908904266357421875e+01
1.914112472534179688e+01
1.917363739013671875e+01
1.911384582519531250e+01
1.909484100341796875e+01
1.907812500000000000e+01
1.907704353332519531e+01
1.918621444702148438e+01
1.921696853637695312e+01
1.917342376708984375e+01
1.908122253417968750e+01
1.904429817199707031e+01
1.905966567993164062e+01
1.886005783081054688e+01
1.915514755249023438e+01
1.918723487854003906e+01
1.914956665039062500e+01
1.914857482910156250e+01
1.931454658508300781e+01
1.932746124267578125e+01
1.945552825927734375e+01
1.942926788330078125e+01
1.940732192993164062e+01
1.951433181762695312e+01
1.947817230224609375e+01
1.947222518920898438e+01
1.959938049316406250e+01
1.954858016967773438e+01
1.951121330261230469e+01
1.947842597961425781e+01
1.963262748718261719e+01
1.938272094726562500e+01
1.923491287231445312e+01
1.925630950927734375e+01
1.938819503784179688e+01
1.943712043762207031e+01
1.943555450439453125e+01
1.952335739135742188e+01
1.956631469726562500e+01
1.937093544006347656e+01
1.951839447021484375e+01
1.927755737304687500e+01
1.925050163269042969e+01
1.931163406372070312e+01
1.936817169189453125e+01
1.931632995605468750e+01
1.926688385009765625e+01
1.929314231872558594e+01
1.935554122924804688e+01
1.923960304260253906e+01
1.946318244934082031e+01
1.938994216918945312e+01
1.936067008972167969e+01
1.948488998413085938e+01
1.928135490417480469e+01
1.940467071533203125e+01
1.940960502624511719e+01
1.948905181884765625e+01
1.947865295410156250e+01
1.944538307189941406e+01
1.961708831787109375e+01
1.956377029418945312e+01
1.957723617553710938e+01
1.956731796264648438e+01
1.941620635986328125e+01
1.949905776977539062e+01
1.956190872192382812e+01
1.952142333984375000e+01
1.960432052612304688e+01
1.963310623168945312e+01
1.962505531311035156e+01
1.970967864990234375e+01
1.959355735778808594e+01
1.947341346740722656e+01
1.959947204589843750e+01
1.944016075134277344e+01
1.965102195739746094e+01
1.966209030151367188e+01
1.978626251220703125e+01
1.977168273925781250e+01
1.982609748840332031e+01
1.988602828979492188e+01
1.972303771972656250e+01
1.970170974731445312e+01
1.979445266723632812e+01
1.991418266296386719e+01
1.997098922729492188e+01
1.987564849853515625e+01
1.996212196350097656e+01
2.007678604125976562e+01
2.007043647766113281e+01
2.001223373413085938e+01
1.999135208129882812e+01
1.992204666137695312e+01
1.985139846801757812e+01
1.999506759643554688e+01
1.999068832397460938e+01
1.996922302246093750e+01
1.990490531921386719e+01
2.006460952758789062e+01
2.003549957275390625e+01
1.979530334472656250e+01
1.997534561157226562e+01
1.991637611389160156e+01
2.001241493225097656e+01
2.002772521972656250e+01
2.012325668334960938e+01
2.018125724792480469e+01
2.025300979614257812e+01
2.021244049072265625e+01
2.015016555786132812e+01
2.019376373291015625e+01
2.022558975219726562e+01
2.016804885864257812e+01
2.023348045349121094e+01
2.024472427368164062e+01
2.020333099365234375e+01
2.015472793579101562e+01
2.008576202392578125e+01
2.021380996704101562e+01
2.011060714721679688e+01
2.001716804504394531e+01
2.000249099731445312e+01
2.005012130737304688e+01
2.012170791625976562e+01
2.027778434753417969e+01
2.025499725341796875e+01
2.021660423278808594e+01
2.030852508544921875e+01
2.042812919616699219e+01
2.053606414794921875e+01
2.050600051879882812e+01
2.045310211181640625e+01
2.039716911315917969e+01
2.023503303527832031e+01
2.031404113769531250e+01
2.021807098388671875e+01
2.029798126220703125e+01
2.021615600585937500e+01
2.025056076049804688e+01
2.029022598266601562e+01
2.019111633300781250e+01
2.024158287048339844e+01
2.035450363159179688e+01
2.022670936584472656e+01
2.036214447021484375e+01
2.030215072631835938e+01
2.029864120483398438e+01
2.018162155151367188e+01
2.015052986145019531e+01
2.027002906799316406e+01
2.017281723022460938e+01
2.016806411743164062e+01
2.019090270996093750e+01
2.021695899963378906e+01
2.028431320190429688e+01
2.022212982177734375e+01
2.011340522766113281e+01
2.015289688110351562e+01
2.018641281127929688e+01
2.025563621520996094e+01
2.028538513183593750e+01
2.021655654907226562e+01
2.002773284912109375e+01
2.020692825317382812e+01
2.010938072204589844e+01
2.007931709289550781e+01
2.002353096008300781e+01
2.011751174926757812e+01
2.034173965454101562e+01
2.017897987365722656e+01
2.019093322753906250e+01
2.023197555541992188e+01
2.037674713134765625e+01
2.050391960144042969e+01
2.056974411010742188e+01
2.046028137207031250e+01
2.036983489990234375e+01
2.040647506713867188e+01
2.041384506225585938e+01
2.038184356689453125e+01
2.053365898132324219e+01
2.051229476928710938e+01
2.052958679199218750e+01
2.060782241821289062e+01
2.054927825927734375e+01
2.055633163452148438e+01
2.060411453247070312e+01
2.064579772949218750e+01
2.054630279541015625e+01
2.058330726623535156e+01
2.075255584716796875e+01
2.079134750366210938e+01
2.067567825317382812e+01
2.049417495727539062e+01
2.063545989990234375e+01
2.050135803222656250e+01
2.041541099548339844e+01
2.036410522460937500e+01
2.041001510620117188e+01
2.034763336181640625e+01
2.039838218688964844e+01
2.047090148925781250e+01
2.047094345092773438e+01
2.049164199829101562e+01
2.056827163696289062e+01
2.062859344482421875e+01
2.061993980407714844e+01
2.066202354431152344e+01
2.058902359008789062e+01
2.056889343261718750e+01
2.078598403930664062e+01
2.046247673034667969e+01
2.055178451538085938e+01
2.051656150817871094e+01
2.053058624267578125e+01
2.046712875366210938e+01
2.053023910522460938e+01
2.046155166625976562e+01
2.038050460815429688e+01
2.035102462768554688e+01
2.032710266113281250e+01
2.044143295288085938e+01
2.050272369384765625e+01
2.049365234375000000e+01
2.040896797180175781e+01
2.039376831054687500e+01
2.049743652343750000e+01
2.038252639770507812e+01
2.032630920410156250e+01
2.036466026306152344e+01
2.033063888549804688e+01
2.042169952392578125e+01
2.050986099243164062e+01
2.049361419677734375e+01
2.046319770812988281e+01
2.060339355468750000e+01
2.044970321655273438e+01
2.052168083190917969e+01
2.052947807312011719e+01
2.052044296264648438e+01
2.062091445922851562e+01
2.065039443969726562e+01
2.082194137573242188e+01
2.076371002197265625e+01
2.090660858154296875e+01
2.078924560546875000e+01
2.082981872558593750e+01
2.081502914428710938e+01
2.079722785949707031e+01
2.084120178222656250e+01
2.078244209289550781e+01
2.078753280639648438e+01
2.091026306152343750e+01
2.108428382873535156e+01
2.097128868103027344e+01
2.084010314941406250e+01
2.083216094970703125e+01
2.080047225952148438e+01
2.094193077087402344e+01
2.090269088745117188e+01
2.078207015991210938e+01
2.095361328125000000e+01
2.089243125915527344e+01
2.076529693603515625e+01
2.073332977294921875e+01
2.073257064819335938e+01
2.081092453002929688e+01
2.078118133544921875e+01
2.072728729248046875e+01
2.073754501342773438e+01
2.071691894531250000e+01
2.072060585021972656e+01
2.079723739624023438e+01
2.073329162597656250e+01
2.054251480102539062e+01
2.062004280090332031e+01
2.073690795898437500e+01
2.080533790588378906e+01
2.077819442749023438e+01
2.080483055114746094e+01
2.079916381835937500e+01
2.090459823608398438e+01
2.088758277893066406e+01
2.088866043090820312e+01
2.085420989990234375e+01
2.070788192749023438e+01
2.064187812805175781e+01
2.081569290161132812e+01
2.080516433715820312e+01
2.086216735839843750e+01
2.087912559509277344e+01
2.088250923156738281e+01
2.095293807983398438e+01
2.100948905944824219e+01
2.106750297546386719e+01
2.106021499633789062e+01
2.098922538757324219e+01
2.092583847045898438e+01
2.089070510864257812e+01
2.095053863525390625e+01
2.088246536254882812e+01
2.096363639831542969e+01
2.097108840942382812e+01
2.094333839416503906e+01
2.075963211059570312e+01
2.084661293029785156e+01
2.079014778137207031e+01
2.080966758728027344e+01
2.088922119140625000e+01
2.093247604370117188e+01
2.091627883911132812e+01
2.092086791992187500e+01
2.099093246459960938e+01
2.104277038574218750e+01
2.110443878173828125e+01
2.104704093933105469e+01
2.119734573364257812e+01
2.106318283081054688e+01
2.089183616638183594e+01
2.096759414672851562e+01
2.109386444091796875e+01
2.102195739746093750e+01
2.102698516845703125e+01
2.095664596557617188e+01
2.112501335144042969e+01
2.096305847167968750e+01
2.099103164672851562e+01
2.108390426635742188e+01
2.108424758911132812e+01
2.112176513671875000e+01
2.112300872802734375e+01
2.121466827392578125e+01
2.117528533935546875e+01
2.125113296508789062e+01
2.115488052368164062e+01
2.110225677490234375e+01
2.112454223632812500e+01
2.105932998657226562e+01
2.095253753662109375e+01
2.104013252258300781e+01
2.105890083312988281e+01
2.111734390258789062e+01
2.118968200683593750e+01
2.101992797851562500e+01
2.106703567504882812e+01
2.096215438842773438e+01
2.099856185913085938e+01
2.100423812866210938e+01
2.098876953125000000e+01
2.091293716430664062e+01
2.089677619934082031e+01
2.093913269042968750e+01
2.093848609924316406e+01
2.095261192321777344e+01
2.094316864013671875e+01
2.084201049804687500e+01
2.087774467468261719e+01
2.108119010925292969e+01
2.106788635253906250e+01
2.100509643554687500e+01
2.098398399353027344e+01
2.105731201171875000e+01
2.102484893798828125e+01
2.116513824462890625e+01
2.110997390747070312e+01
2.124207878112792969e+01
2.123428344726562500e+01
2.112388801574707031e+01
2.114861869812011719e+01
2.094075775146484375e+01
2.089688491821289062e+01
2.080193901062011719e+01
2.084930419921875000e+01
2.093711090087890625e+01
2.074713897705078125e+01
2.097923469543457031e+01
2.088588905334472656e+01
2.105637550354003906e+01
2.089245605468750000e+01
2.090838241577148438e+01
2.110163497924804688e+01
2.112831306457519531e+01
2.106943511962890625e+01
2.114064216613769531e+01
2.109214782714843750e+01
2.126611709594726562e+01
2.120941925048828125e+01
2.119952011108398438e+01
2.127950477600097656e+01
2.117048454284667969e+01
2.108552360534667969e+01
2.122776603698730469e+01
2.117719078063964844e+01
2.104503631591796875e+01
2.133698272705078125e+01
2.128042030334472656e+01
2.126363182067871094e+01
2.123607635498046875e+01
2.137876510620117188e+01
2.149158287048339844e+01
2.152944564819335938e+01
2.148855209350585938e+01
2.143988418579101562e+01
2.137293243408203125e+01
2.126568222045898438e+01
2.128205490112304688e+01
2.124879837036132812e+01
2.137869644165039062e+01
2.129867744445800781e+01
2.126750564575195312e+01
2.122740364074707031e+01
2.120626831054687500e+01
2.130303382873535156e+01
2.123365402221679688e+01
2.127989959716796875e+01
2.125140380859375000e+01
2.116062927246093750e+01
2.116686630249023438e+01
2.134503364562988281e+01
2.127930068969726562e+01
2.115853881835937500e+01
2.127987098693847656e+01
2.128501510620117188e+01
2.133058547973632812e+01
2.126040840148925781e+01
2.125719070434570312e+01
2.118344306945800781e+01
2.114506530761718750e+01
2.114817047119140625e+01
2.126958465576171875e+01
2.112500572204589844e+01
2.112141609191894531e+01
2.112936401367187500e+01
2.090559005737304688e+01
2.106182861328125000e+01
2.109431838989257812e+01
2.111214828491210938e+01
2.117050170898437500e+01
2.129467964172363281e+01
2.124799156188964844e+01
2.121093750000000000e+01
2.111752319335937500e+01
2.113664817810058594e+01
2.101856422424316406e+01
2.111795425415039062e+01
2.113389968872070312e+01
2.102162742614746094e+01
2.092785263061523438e+01
2.090559387207031250e+01
2.108620071411132812e+01
2.114685630798339844e+01
2.100694084167480469e+01
2.106587219238281250e+01
2.107697677612304688e+01
2.114015197753906250e+01
2.106070137023925781e+01
2.109716224670410156e+01
2.105584335327148438e+01
2.109371566772460938e+01
2.101943588256835938e+01
2.097478866577148438e+01
2.099626159667968750e+01
2.093225479125976562e+01
2.098589324951171875e+01
2.095796394348144531e+01
2.090991401672363281e+01
2.104487609863281250e+01
2.102408599853515625e+01
2.091264343261718750e+01
2.105410766601562500e+01
2.109218215942382812e+01
2.120559501647949219e+01
2.123848724365234375e+01
2.138177108764648438e+01
2.133930397033691406e+01
2.127589797973632812e+01
2.134022521972656250e+01
2.144249534606933594e+01
2.148141860961914062e+01
2.133593559265136719e+01
2.138582611083984375e+01
2.143843460083007812e+01
2.152804946899414062e+01
2.133596801757812500e+01
2.135285186767578125e+01
2.123590660095214844e+01
2.130456352233886719e+01
2.133379554748535156e+01
2.112665367126464844e+01
2.115034484863281250e+01
2.123214721679687500e+01
2.131666564941406250e+01
2.126618194580078125e+01
2.128089332580566406e+01
2.142475509643554688e+01
2.141141510009765625e+01
2.128625869750976562e+01
2.134000968933105469e+01
2.136909103393554688e+01
2.147599792480468750e+01
2.134114074707031250e+01
2.147785949707031250e+01
2.142621994018554688e+01
2.139464950561523438e+01
2.129914093017578125e+01
2.125378799438476562e+01
2.137479782104492188e+01
2.148028945922851562e+01
2.123745346069335938e+01
2.137282562255859375e+01
2.143618774414062500e+01
2.153662300109863281e+01
2.146945571899414062e+01
2.154783058166503906e+01
2.153064727783203125e+01
2.148873710632324219e+01
2.146511459350585938e+01
2.142119216918945312e+01
2.154713058471679688e+01
2.149236488342285156e+01
2.148691177368164062e+01
2.165206146240234375e+01
2.163939666748046875e+01
2.156455612182617188e+01
2.156149673461914062e+01
2.160602188110351562e+01
2.160452270507812500e+01
2.156616210937500000e+01
2.155281639099121094e+01
2.155823135375976562e+01
2.149409866333007812e+01
2.142060279846191406e+01
2.151419067382812500e+01
2.155623245239257812e+01
2.153581619262695312e+01
2.158050537109375000e+01
2.158693504333496094e+01
2.156912422180175781e+01
2.151341056823730469e+01
2.143166542053222656e+01
2.142748260498046875e+01
2.161228179931640625e+01
2.159928131103515625e+01
2.151405334472656250e+01
2.149431991577148438e+01
2.143985939025878906e+01
2.137746810913085938e+01
2.130365753173828125e+01
2.125137329101562500e+01
2.137628936767578125e+01
2.135961532592773438e+01
2.146208572387695312e+01
2.162874984741210938e+01
2.163514328002929688e+01
2.143008041381835938e+01
2.144028091430664062e+01
2.146326065063476562e+01
2.162254905700683594e+01
2.152543640136718750e+01
2.145324325561523438e+01
2.144928741455078125e+01
2.150645446777343750e+01
2.148729705810546875e+01
2.140678405761718750e+01
2.145123481750488281e+01
2.150757026672363281e+01
2.160016250610351562e+01
2.143113708496093750e+01
2.129658317565917969e+01
2.145440673828125000e+01
2.137441253662109375e+01
2.143020439147949219e+01
2.148552322387695312e+01
2.147528076171875000e+01
2.163147354125976562e+01
2.164963531494140625e+01
2.171931648254394531e+01
2.158286666870117188e+01
2.149757575988769531e+01
2.148291015625000000e+01
2.158572578430175781e+01
2.156222915649414062e+01
2.154565811157226562e+01
2.164971351623535156e+01
2.166436767578125000e+01
2.175061035156250000e+01
2.179453468322753906e+01
2.169181442260742188e+01
2.170533752441406250e+01
2.154133796691894531e+01
2.156225776672363281e+01
2.170159339904785156e+01
2.165855598449707031e+01
2.161656951904296875e+01
2.167261695861816406e+01
2.171074295043945312e+01
2.156260490417480469e+01
2.175750350952148438e+01
2.158727264404296875e+01
2.156645774841308594e+01
2.170017242431640625e+01
2.158247756958007812e+01
2.164770507812500000e+01
2.174986076354980469e+01
2.167850494384765625e+01
2.171398544311523438e+01
2.164825439453125000e+01
2.170071411132812500e+01
2.155924415588378906e+01
2.168710327148437500e+01
2.172988128662109375e+01
2.163481140136718750e+01
2.172856903076171875e+01
2.172695541381835938e+01
2.164111328125000000e+01
2.185451126098632812e+01
2.185439491271972656e+01
2.175787162780761719e+01
2.173044586181640625e+01
2.188562011718750000e+01
2.175465011596679688e+01
2.187748718261718750e+01
2.172921371459960938e+01
2.165091705322265625e+01
2.180828285217285156e+01
2.167503356933593750e+01
2.180862617492675781e+01
2.182976150512695312e+01
2.190492248535156250e+01
2.188981246948242188e+01
2.190944480895996094e+01
2.176822662353515625e+01
2.185939216613769531e+01
2.170948410034179688e+01
2.170017623901367188e+01
2.164475059509277344e+01
2.153181457519531250e+01
2.167385673522949219e+01
2.180346107482910156e+01
2.182410240173339844e+01
2.179215431213378906e+01
2.169725036621093750e+01
2.176782608032226562e+01
2.181309890747070312e+01
2.180131340026855469e+01
2.179837036132812500e+01
2.194049453735351562e+01
2.189745330810546875e+01
2.199253845214843750e+01
2.190023994445800781e+01
2.180647850036621094e+01
2.190007209777832031e+01
2.182572174072265625e+01
2.186865806579589844e+01
2.174604415893554688e+01
2.176876449584960938e+01
2.176779937744140625e+01
2.169919013977050781e+01
2.190822601318359375e+01
2.183581352233886719e+01
2.189626693725585938e+01
2.208363723754882812e+01
2.200802230834960938e+01
2.200294876098632812e+01
2.205561065673828125e+01
2.188772964477539062e+01
2.182455444335937500e+01
2.185648345947265625e+01
2.178884887695312500e+01
2.186333084106445312e+01
2.176636505126953125e+01
2.176940917968750000e+01
2.193103790283203125e+01
2.191222763061523438e+01
2.192165756225585938e+01
2.192259979248046875e+01
2.205176544189453125e+01
2.196116256713867188e+01
2.184848403930664062e+01
2.183350944519042969e+01
2.168484687805175781e+01
2.168085861206054688e+01
2.160523605346679688e+01
2.158432579040527344e+01
2.164348220825195312e+01
2.184585571289062500e+01
2.180957794189453125e+01
2.183576393127441406e+01
2.174360847473144531e+01
2.178952980041503906e+01
2.161717224121093750e+01
2.175000572204589844e+01
2.181245994567871094e+01
2.189111900329589844e+01
2.189702415466308594e+01
2.190039634704589844e+01
2.206407928466796875e+01
2.201212120056152344e+01
2.189042091369628906e+01
2.190898132324218750e+01
2.181204795837402344e+01
2.202751159667968750e+01
2.212039947509765625e+01
2.207006072998046875e+01
2.215288734436035156e+01
2.219074821472167969e+01
2.224944305419921875e+01
2.224914169311523438e+01
2.219386482238769531e+01
2.213558959960937500e+01
2.219209671020507812e+01
2.212000083923339844e+01
2.204186248779296875e+01
2.204280853271484375e+01
2.199405288696289062e+01
2.196142959594726562e+01
2.204504585266113281e+01
2.205380439758300781e+01
2.209422683715820312e+01
2.181331253051757812e+01
2.178138351440429688e+01
2.182798385620117188e+01
2.176044082641601562e+01
2.184165763854980469e+01
2.185983276367187500e+01
2.193344116210937500e+01
2.181861495971679688e+01
2.166244316101074219e+01
2.165162658691406250e+01
2.177285194396972656e+01
2.170569610595703125e+01
2.159172058105468750e+01
2.154979705810546875e+01
2.150920104980468750e+01
2.142493438720703125e+01
2.146746063232421875e+01
2.158321380615234375e+01
2.156673812866210938e+01
2.175928497314453125e+01
2.167467689514160156e+01
2.181629562377929688e+01
2.174016761779785156e+01
2.186141777038574219e+01
2.206517219543457031e+01
2.193885612487792969e+01
2.198806571960449219e+01
2.198104286193847656e+01
2.204409027099609375e+01
2.197345924377441406e+01
2.197927474975585938e+01
2.187473297119140625e+01
2.207235717773437500e+01
2.216891098022460938e+01
2.204028701782226562e+01
2.189216613769531250e+01
2.193401336669921875e+01
2.179643249511718750e+01
2.175800514221191406e+01
2.174561309814453125e+01
2.176936340332031250e+01
2.177449989318847656e+01
2.185050392150878906e+01
2.191174316406250000e+01
2.184551239013671875e+01
2.167984008789062500e+01
2.184843826293945312e+01
2.182271385192871094e+01
2.191452789306640625e+01
2.187770080566406250e+01
2.199174499511718750e+01
2.201502609252929688e+01
2.200026702880859375e+01
2.205772399902343750e+01
2.205635833740234375e+01
2.200889396667480469e+01
2.200947189331054688e+01
2.207659912109375000e+01
2.205788421630859375e+01
2.199697113037109375e+01
2.206337356567382812e+01
2.197201919555664062e+01
2.175000572204589844e+01
2.175605773925781250e+01
2.190547943115234375e+01
2.189194107055664062e+01
2.190003585815429688e+01
2.188742828369140625e+01
2.190792846679687500e+01
2.195346450805664062e+01
2.205877113342285156e+01
2.200434494018554688e+01
2.197690963745117188e+01
2.218024063110351562e+01
2.226479339599609375e+01
2.222694396972656250e+01
2.202653503417968750e+01
2.207234001159667969e+01
2.218984985351562500e+01
2.219432830810546875e+01
2.201541519165039062e+01
2.195510482788085938e+01
2.207441711425781250e+01
2.175998306274414062e+01
2.191209602355957031e+01
2.196724510192871094e+01
2.187558746337890625e+01
2.197121620178222656e+01
2.194060134887695312e+01
2.187681770324707031e+01
2.192139625549316406e+01
2.195299720764160156e+01
2.195229148864746094e+01
2.203384971618652344e+01
2.201001739501953125e+01
2.193540573120117188e+01
2.189670562744140625e+01
2.182090568542480469e+01
2.186252021789550781e+01
2.193552017211914062e+01
2.199525833129882812e+01
2.191717147827148438e+01
2.191312026977539062e+01
2.191092681884765625e+01
2.175543403625488281e+01
2.164695358276367188e+01
2.148315811157226562e+01
2.152064514160156250e+01
2.155892181396484375e+01
2.165250587463378906e+01
2.170163536071777344e+01
2.186962890625000000e+01
2.168631744384765625e+01
2.174542427062988281e+01
2.179748916625976562e+01
2.179607582092285156e+01
2.173271942138671875e+01
2.191825103759765625e+01
2.183734893798828125e+01
2.186787223815917969e+01
2.187401962280273438e+01
2.193150901794433594e+01
2.177631187438964844e+01
2.195954132080078125e+01
2.182912445068359375e+01
2.182767105102539062e+01
2.196160125732421875e+01
2.186394309997558594e+01
2.181204795837402344e+01
2.181117248535156250e+01
2.186487579345703125e+01
2.199735069274902344e+01
2.190856933593750000e+01
2.188810348510742188e+01
2.180994033813476562e+01
2.182808685302734375e+01
2.186006736755371094e+01
2.180465316772460938e+01
2.172504043579101562e+01
2.176428794860839844e+01
2.175578880310058594e+01
2.177220153808593750e+01
2.162786102294921875e+01
2.173975753784179688e+01
2.184739685058593750e+01
2.189868164062500000e+01
2.199795913696289062e+01
2.183373260498046875e+01
2.186689376831054688e+01
2.178287887573242188e+01
2.184921836853027344e+01
2.199431991577148438e+01
2.190036010742187500e+01
2.186663436889648438e+01
2.184436988830566406e+01
2.190200996398925781e+01
2.191435623168945312e+01
2.191017532348632812e+01
2.195699691772460938e+01
2.165691375732421875e+01
2.163221168518066406e+01
2.174679183959960938e+01
2.191715621948242188e+01
2.184592628479003906e+01
2.180125617980957031e+01
2.173107528686523438e+01
2.162657928466796875e+01
2.147134208679199219e+01
2.152792739868164062e+01
2.150700759887695312e+01
2.154125213623046875e+01
2.153315353393554688e+01
2.144596672058105469e+01
2.147485923767089844e+01
2.166062164306640625e+01
2.154736709594726562e+01
2.166907119750976562e+01
2.165633583068847656e+01
2.156299018859863281e+01
2.152871704101562500e+01
2.141843986511230469e+01
2.137556266784667969e+01
2.141249084472656250e+01
2.153504180908203125e+01
2.158806419372558594e+01
2.170377731323242188e+01
2.185449600219726562e+01
2.202299499511718750e+01
2.194924354553222656e+01
2.200275611877441406e+01
2.207291984558105469e+01
2.191777420043945312e+01
2.191563796997070312e+01
2.184216499328613281e+01
2.196175003051757812e+01
2.192064857482910156e+01
2.204163551330566406e+01
2.204581451416015625e+01
2.201744842529296875e+01
2.189990234375000000e+01
2.181341361999511719e+01
2.179282569885253906e+01
2.185032081604003906e+01
2.163096618652343750e+01
2.164727401733398438e+01
2.179574775695800781e+01
2.163544845581054688e+01
2.158798217773437500e+01
2.166142463684082031e+01
2.169647598266601562e+01
2.173443603515625000e+01
2.186912155151367188e+01
2.167906761169433594e+01
2.165363121032714844e+01
2.172089004516601562e+01
2.170595550537109375e+01
2.184792327880859375e+01
2.180635070800781250e+01
2.172494506835937500e+01
2.168591308593750000e+01
2.182809448242187500e+01
2.181380462646484375e+01
2.201917457580566406e+01
2.178514862060546875e+01
2.202537918090820312e+01
2.192250442504882812e+01
2.195319366455078125e+01
2.187213325500488281e+01
2.195635986328125000e+01
2.194114303588867188e+01
2.184202575683593750e+01
2.180065345764160156e+01
2.168022155761718750e+01
2.175019836425781250e+01
2.175767135620117188e+01
2.176453590393066406e+01
2.173636436462402344e+01
2.173547935485839844e+01
2.168342018127441406e+01
2.173157882690429688e+01
2.165383338928222656e+01
2.165542411804199219e+01
2.171583938598632812e+01
2.168355560302734375e+01
2.195082664489746094e+01
2.179434585571289062e+01
2.174349975585937500e+01
2.186675834655761719e+01
2.182972335815429688e+01
2.178026580810546875e+01
2.185611534118652344e+01
2.189899635314941406e+01
2.190050125122070312e+01
2.182172966003417969e+01
2.181431198120117188e+01
2.184473419189453125e+01
2.193862342834472656e+01
2.202791213989257812e+01
2.202710723876953125e+01
2.202054023742675781e+01
2.197810363769531250e+01
2.216869735717773438e+01
2.216918182373046875e+01
2.212806892395019531e+01
2.207538604736328125e+01
2.206963348388671875e+01
2.206715965270996094e+01
2.205632019042968750e+01
2.197041893005371094e+01
2.206247329711914062e+01
2.209857559204101562e+01
2.210877609252929688e+01
2.210358428955078125e+01
2.205379867553710938e+01
2.219343185424804688e+01
2.197883605957031250e+01
2.207921600341796875e+01
2.209238815307617188e+01
2.202302169799804688e+01
2.202078628540039062e+01
2.199941253662109375e+01
2.187746810913085938e+01
2.201795959472656250e+01
2.189908218383789062e+01
2.188989257812500000e+01
2.200457382202148438e+01
2.196468353271484375e+01
2.184123039245605469e+01
2.199126243591308594e+01
2.207631874084472656e+01
2.214365005493164062e+01
2.216470527648925781e+01
2.208097457885742188e+01
2.207469177246093750e+01
2.196925354003906250e+01
2.190699195861816406e+01
2.200875091552734375e+01
2.197738647460937500e+01
2.207105255126953125e+01
2.214283752441406250e+01
2.212900543212890625e+01
2.204241561889648438e+01
2.196510696411132812e+01
2.197649765014648438e+01
2.198529815673828125e+01
2.193865966796875000e+01
2.198730087280273438e+01
2.189820098876953125e+01
2.187546157836914062e+01
2.179626655578613281e+01
2.181337165832519531e+01
2.191013717651367188e+01
2.179799079895019531e+01
2.175665092468261719e+01
2.186300849914550781e+01
2.186480712890625000e+01
2.187790679931640625e+01
2.172063064575195312e+01
2.184644889831542969e+01
2.195273399353027344e+01
2.192942428588867188e+01
2.186972045898437500e+01
2.184913253784179688e+01
2.203783416748046875e+01
2.189435195922851562e+01
2.185842132568359375e+01
2.177309417724609375e+01
2.180348014831542969e+01
2.187501144409179688e+01
2.179271697998046875e+01
2.187009239196777344e+01
2.186105346679687500e+01
2.180094718933105469e+01
2.163185501098632812e+01
2.178817939758300781e+01
2.159705734252929688e+01
2.170460510253906250e+01
2.184178161621093750e+01
2.183723831176757812e+01
2.187934494018554688e+01
2.184083366394042969e+01
2.194616317749023438e+01
2.184343147277832031e+01
2.192049217224121094e+01
2.195484542846679688e+01
2.173293685913085938e+01
2.183892631530761719e+01
2.194784164428710938e+01
2.189907455444335938e+01
2.188478851318359375e+01
2.187926864624023438e+01
2.175791549682617188e+01
2.178076553344726562e+01
2.189147949218750000e+01
2.188237762451171875e+01
2.186764907836914062e+01
2.180762863159179688e+01
2.203825759887695312e+01
2.195690155029296875e+01
2.189620208740234375e+01
2.175081253051757812e+01
2.190556907653808594e+01
2.186891174316406250e+01
2.206773185729980469e+01
2.197679138183593750e+01
2.197032165527343750e+01
2.210309219360351562e+01
2.226944923400878906e+01
2.216196823120117188e+01
2.228493881225585938e+01
2.219116401672363281e+01
2.218648147583007812e+01
2.205545234680175781e+01
2.191961479187011719e+01
2.192065429687500000e+01
2.207387542724609375e+01
2.197847557067871094e+01
2.201558303833007812e+01
2.191017532348632812e+01
2.190861129760742188e+01
2.176850509643554688e+01
2.187568664550781250e+01
2.165722084045410156e+01
2.173865509033203125e+01
2.176765060424804688e+01
2.185469627380371094e+01
2.180005073547363281e+01
2.188450241088867188e+01
2.187905502319335938e+01
2.189341163635253906e+01
2.178510284423828125e+01
2.177007484436035156e+01
2.169580078125000000e+01
2.170886421203613281e+01
2.170612144470214844e+01
2.168052291870117188e+01
2.171634864807128906e+01
2.199694633483886719e+01
2.194526290893554688e+01
2.192422866821289062e+01
2.181915664672851562e+01
2.195853424072265625e+01
2.199517440795898438e+01
2.190953445434570312e+01
2.190972137451171875e+01
2.175401306152343750e+01
2.165740013122558594e+01
2.179848098754882812e+01
2.185029220581054688e+01
2.186527824401855469e+01
2.195824813842773438e+01
2.203695487976074219e+01
2.193714523315429688e+01
2.194180870056152344e+01
2.187716674804687500e+01
2.196863937377929688e+01
2.195127868652343750e+01
2.192938613891601562e+01
2.188837051391601562e+01
2.196470832824707031e+01
2.191889381408691406e+01
2.216539764404296875e+01
2.224583244323730469e+01
2.223620605468750000e+01
2.231573486328125000e+01
2.231785392761230469e+01
2.214527702331542969e+01
2.212355041503906250e+01
2.216224288940429688e+01
2.218160057067871094e+01
2.225331115722656250e+01
2.225215339660644531e+01
2.216514968872070312e+01
2.221798896789550781e+01
2.231004333496093750e+01
2.228740310668945312e+01
2.219578742980957031e+01
2.214701461791992188e+01
2.207910156250000000e+01
2.224985694885253906e+01
2.220193099975585938e+01
2.221530342102050781e+01
2.213161087036132812e+01
2.220291328430175781e+01
2.216281890869140625e+01
2.226346969604492188e+01
2.243033981323242188e+01
2.220574569702148438e+01
2.222653579711914062e+01
2.216257667541503906e+01
2.208650016784667969e+01
2.231993103027343750e+01
2.225481033325195312e+01
2.225885772705078125e+01
2.235285758972167969e+01
2.231216049194335938e+01
2.217026901245117188e+01
2.225960540771484375e+01
2.243106460571289062e+01
2.245105361938476562e+01
2.239060974121093750e+01
2.228583145141601562e+01
2.214441871643066406e+01
2.223929595947265625e+01
2.199953079223632812e+01
2.186555099487304688e+01
2.186294174194335938e+01
2.199721527099609375e+01
2.209816169738769531e+01
2.207448005676269531e+01
2.199597167968750000e+01
2.204677200317382812e+01
2.186199569702148438e+01
2.187814331054687500e+01
2.197464752197265625e+01
2.183258819580078125e+01
2.199551200866699219e+01
2.193028068542480469e+01
2.193894195556640625e+01
2.184056472778320312e+01
2.184519958496093750e+01
2.206027221679687500e+01
2.198097419738769531e+01
2.213712692260742188e+01
2.211508560180664062e+01
2.211009979248046875e+01
2.207522201538085938e+01
2.216948318481445312e+01
2.196850204467773438e+01
2.197396659851074219e+01
2.205796051025390625e+01
2.200978279113769531e+01
2.205424118041992188e+01
2.193907928466796875e+01
2.201453399658203125e+01
2.206446075439453125e+01
2.214356613159179688e+01
2.209032440185546875e+01
2.217665672302246094e+01
2.227887344360351562e+01
2.212801551818847656e+01
2.205631828308105469e+01
2.194774246215820312e+01
2.199965667724609375e+01
2.191200256347656250e+01
2.197604751586914062e+01
2.197752952575683594e+01
2.196413803100585938e+01
2.202575874328613281e+01
2.200424575805664062e+01
2.225772285461425781e+01
2.223898696899414062e+01
2.221155738830566406e+01
2.242413902282714844e+01
2.227731895446777344e+01
2.222350692749023438e+01
2.211833190917968750e+01
2.219591331481933594e+01
2.227728652954101562e+01
2.233528709411621094e+01
2.219061279296875000e+01
2.229372024536132812e+01
2.234865188598632812e+01
2.235991287231445312e+01
2.226468658447265625e+01
2.223525047302246094e+01
2.247850799560546875e+01
2.236799240112304688e+01
2.235514831542968750e+01
2.232650184631347656e+01
2.241450881958007812e+01
2.234122276306152344e+01
2.241696166992187500e+01
2.245822525024414062e+01
2.255865287780761719e+01
2.257926750183105469e+01
2.249922561645507812e+01
2.247129821777343750e+01
2.253256225585937500e+01
2.258249855041503906e+01
2.262344932556152344e+01
2.257524681091308594e+01
2.264964294433593750e+01
2.264673233032226562e+01
2.259549713134765625e+01
2.270044708251953125e+01
2.279925918579101562e+01
2.279822158813476562e+01
2.276179504394531250e+01
2.257107925415039062e+01
2.261336326599121094e+01
2.247218894958496094e+01
2.251816368103027344e+01
2.250670623779296875e+01
2.249729347229003906e+01
2.247798919677734375e+01
2.228529548645019531e+01
2.235834503173828125e+01
2.222452354431152344e+01
2.241905212402343750e+01
2.238071250915527344e+01
2.234108734130859375e+01
2.239062881469726562e+01
2.233536720275878906e+01
2.232228088378906250e+01
2.246705627441406250e+01
2.239397239685058594e+01
2.246179580688476562e+01
2.243655014038085938e+01
2.242934036254882812e+01
2.226390075683593750e+01
2.235815238952636719e+01
2.234126281738281250e+01
2.232126617431640625e+01
2.231549453735351562e+01
2.238578033447265625e+01
2.244322395324707031e+01
2.236096954345703125e+01
2.236011123657226562e+01
2.244532585144042969e+01
2.228924942016601562e+01
2.229083633422851562e+01
2.231110954284667969e+01
2.229997634887695312e+01
2.239644241333007812e+01
2.224822044372558594e+01
2.239365768432617188e+01
2.229482841491699219e+01
2.232802963256835938e+01
2.239237976074218750e+01
2.231363296508789062e+01
2.235241508483886719e+01
2.241474533081054688e+01
2.239460563659667969e+01
2.237615966796875000e+01
2.230970191955566406e+01
2.234241485595703125e+01
2.240324401855468750e+01
2.229372024536132812e+01
2.228521728515625000e+01
2.221083831787109375e+01
2.210156822204589844e+01
2.228270339965820312e+01
2.235383033752441406e+01
2.233434295654296875e+01
2.227795219421386719e+01
2.223595428466796875e+01
2.221467208862304688e+01
2.214701080322265625e+01
2.215652275085449219e+01
2.228693580627441406e+01
2.241862297058105469e+01
2.218425941467285156e+01
2.222900772094726562e+01
2.222179794311523438e+01
2.229029273986816406e+01
2.232862854003906250e+01
2.224605560302734375e+01
2.226727104187011719e+01
2.250637054443359375e+01
2.240366744995117188e+01
2.242821121215820312e+01
2.257335281372070312e+01
2.253652763366699219e+01
2.245769882202148438e+01
2.241521263122558594e+01
2.249538803100585938e+01
2.245222473144531250e+01
2.222545433044433594e+01
2.225733947753906250e+01
2.241676521301269531e+01
2.264152717590332031e+01
2.256385040283203125e+01
2.259114456176757812e+01
2.254141807556152344e+01
2.260948753356933594e+01
2.255958175659179688e+01
2.273486709594726562e+01
2.268173599243164062e+01
2.253069686889648438e+01
2.252061271667480469e+01
2.248677444458007812e+01
2.251067543029785156e+01
2.250309944152832031e+01
2.258039665222167969e+01
2.249183654785156250e+01
2.246056938171386719e+01
2.255527114868164062e+01
2.238358879089355469e+01
2.252593803405761719e+01
2.234741592407226562e+01
2.238018798828125000e+01
2.223683547973632812e+01
2.218954086303710938e+01
2.221055221557617188e+01
2.223291778564453125e+01
2.214402198791503906e+01
2.224037170410156250e+01
2.208336067199707031e+01
2.225731658935546875e+01
2.231334877014160156e+01
2.223885726928710938e+01
2.226330184936523438e+01
2.210248565673828125e+01
2.222943687438964844e+01
2.218016242980957031e+01
2.235492324829101562e+01
2.225218200683593750e+01
2.205660820007324219e+01
2.207340240478515625e+01
2.197018051147460938e+01
2.203478431701660156e+01
2.217667388916015625e+01
2.197870635986328125e+01
2.199018287658691406e+01
2.209380340576171875e+01
2.196628189086914062e+01
2.202857208251953125e+01
2.207455444335937500e+01
2.221513748168945312e+01
2.223146438598632812e+01
2.216767501831054688e+01
2.200423240661621094e+01
2.215022277832031250e+01
2.209210205078125000e+01
2.202035903930664062e+01
2.210297393798828125e+01
2.210735702514648438e+01
2.203982925415039062e+01
2.207665252685546875e+01
2.223292160034179688e+01
2.227267456054687500e+01
2.225397300720214844e+01
2.237427902221679688e+01
2.234707832336425781e+01
2.235531806945800781e+01
2.227986145019531250e+01
2.222565841674804688e+01
2.232628631591796875e+01
2.231551742553710938e+01
2.220198822021484375e+01
2.218823242187500000e+01
2.225642013549804688e+01
2.226351356506347656e+01
2.224978065490722656e+01
2.230064392089843750e+01
2.245911026000976562e+01
2.257999420166015625e+01
2.243400382995605469e+01
2.229574584960937500e+01
2.219126510620117188e+01
2.218693923950195312e+01
2.229441070556640625e+01
2.242807006835937500e+01
2.239078140258789062e+01
2.225205612182617188e+01
2.229127502441406250e+01
2.216063690185546875e+01
2.223133850097656250e+01
2.216639328002929688e+01
2.222347640991210938e+01
2.202602005004882812e+01
2.210324096679687500e+01
2.210463523864746094e+01
2.218876266479492188e+01
2.215978622436523438e+01
2.207992935180664062e+01
2.205513381958007812e+01
2.214030075073242188e+01
2.219452095031738281e+01
2.237226867675781250e+01
2.232711982727050781e+01
2.225788879394531250e+01
2.231425666809082031e+01
2.229516601562500000e+01
2.213821601867675781e+01
2.222113037109375000e+01
2.223416519165039062e+01
2.204048538208007812e+01
2.202835464477539062e+01
2.218049430847167969e+01
2.215084075927734375e+01
2.210578346252441406e+01
2.212998008728027344e+01
2.232377815246582031e+01
2.223983001708984375e+01
2.220745086669921875e+01
2.211610794067382812e+01
2.227285766601562500e+01
2.223118782043457031e+01
2.210432052612304688e+01
2.209238433837890625e+01
2.203288269042968750e+01
2.203606224060058594e+01
2.194326782226562500e+01
2.198610305786132812e+01
2.197520256042480469e+01
2.205768394470214844e+01
2.217358016967773438e+01
2.218605422973632812e+01
2.216438293457031250e+01
2.220753479003906250e+01
2.219430923461914062e+01
2.214069747924804688e+01
2.211817359924316406e+01
2.220050811767578125e+01
2.227966690063476562e+01
2.234294509887695312e+01
2.235256958007812500e+01
2.228276062011718750e+01
2.234521484375000000e+01
2.224365997314453125e+01
2.212406730651855469e+01
2.207048034667968750e+01
2.216849136352539062e+01
2.211109542846679688e+01
2.215701866149902344e+01
2.213879394531250000e+01
2.213317298889160156e+01
2.204528427124023438e+01
2.213435935974121094e+01
2.214359092712402344e+01
2.220913696289062500e+01
2.217054367065429688e+01
2.214207077026367188e+01
2.215580749511718750e+01
2.215108489990234375e+01
2.212001037597656250e+01
2.224896621704101562e+01
2.212724304199218750e+01
2.220847511291503906e+01
2.228758621215820312e+01
2.241926002502441406e+01
2.237449455261230469e+01
2.229025077819824219e+01
2.225638198852539062e+01
2.230917358398437500e+01
2.241350173950195312e+01
2.237013626098632812e+01
2.244147872924804688e+01
2.243593597412109375e+01
2.245541763305664062e+01
2.239153099060058594e+01
2.235676193237304688e+01
2.242718315124511719e+01
2.260693740844726562e+01
2.274149322509765625e+01
2.262859344482421875e+01
2.262070083618164062e+01
2.257466506958007812e+01
2.239831161499023438e+01
2.240072059631347656e+01
2.239315223693847656e+01
2.239121246337890625e+01
2.249065399169921875e+01
2.256824302673339844e+01
2.258834838867187500e+01
2.250237846374511719e+01
2.240890884399414062e+01
2.227756881713867188e+01
2.222684097290039062e+01
2.237007331848144531e+01
2.229045867919921875e+01
2.224253654479980469e+01
2.220955467224121094e+01
2.230399894714355469e+01
2.221118545532226562e+01
2.235109329223632812e+01
2.247879409790039062e+01
2.257806015014648438e+01
2.239478111267089844e+01
2.250207519531250000e+01
2.248313140869140625e+01
2.247586441040039062e+01
2.234011077880859375e+01
2.225262069702148438e+01
2.230116653442382812e+01
2.226333618164062500e+01
2.231172943115234375e+01
2.217494010925292969e+01
2.225366783142089844e+01
2.230305099487304688e+01
2.222591018676757812e+01
2.222907638549804688e+01
2.232921981811523438e+01
2.229422569274902344e+01
2.223728370666503906e+01
2.212908172607421875e+01
2.218691062927246094e+01
2.218798828125000000e+01
2.216493415832519531e+01
2.215664291381835938e+01
2.228646659851074219e+01
2.225468444824218750e+01
2.216419982910156250e+01
2.236744689941406250e+01
2.229804992675781250e+01
2.240810394287109375e+01
2.237520408630371094e+01
2.236846733093261719e+01
2.239004516601562500e+01
2.240510940551757812e+01
2.243217086791992188e+01
2.249274444580078125e+01
2.238270187377929688e+01
