1.434729791298890778e+00
2.065263700790894497e+00
1.652868492786701005e+00
1.431419770534221980e+00
1.268214962879816721e+00
1.145968195566764214e+00
1.065635760166706136e+00
9.977831378961220521e-01
9.426229998087272133e-01
8.928984881975712273e-01
8.532507445567693027e-01
8.152939828542562495e-01
7.792749537871433985e-01
7.409654258153377526e-01
7.174237138185746154e-01
6.883114164456343165e-01
6.555347296671989454e-01
6.308696176761235952e-01
6.112331275756542892e-01
5.963961746448125378e-01
5.796927731770735726e-01
5.534851685548439759e-01
5.441299812151835225e-01
5.326449754146429516e-01
5.157305770959609292e-01
5.050311910036282548e-01
4.969767651496789229e-01
4.871498073522861350e-01
4.826585520536471607e-01
4.731020481922687537e-01
4.588167197429217081e-01
4.524075083243541129e-01
4.357083102067311753e-01
4.430946413141030327e-01
4.297942882929092767e-01
4.209389822223247868e-01
4.198150715384728060e-01
4.185282234962169889e-01
4.148145408966602554e-01
4.024967269255564917e-01
3.973216235637664906e-01
3.913008024295170917e-01
3.880019174554409367e-01
3.882099726261236672e-01
3.874016550106880175e-01
3.760339505397356508e-01
3.801517603489069086e-01
3.783240228891372459e-01
3.683054671073571207e-01
3.626801285224083293e-01
3.517030230317360062e-01
3.573362871240347016e-01
3.512756823729246136e-01
3.459120455842751851e-01
3.557906819841800683e-01
3.429440922462023145e-01
3.429843769623683314e-01
3.359930836237393637e-01
3.386027600520696290e-01
3.314696607681421048e-01
3.324469785277660017e-01
3.306930707433284877e-01
3.316324384166643990e-01
3.229039976612115281e-01
3.211473458088361377e-01
3.168098056354584080e-01
3.138102346123793351e-01
3.134329317854001040e-01
3.152095680053417226e-01
3.080972096858880516e-01
3.087418891298465140e-01
3.107135165578279734e-01
3.042920938669106956e-01
3.009773120284080505e-01
3.033988324113381374e-01
3.032224190540802611e-01
3.019997130983915201e-01
2.918317683996298206e-01
2.959622169152284488e-01
3.016771540045738442e-01
2.899474675265642509e-01
2.894002324304519314e-01
2.900463901651211263e-01
2.839329788318047387e-01
2.888984892994929665e-01
2.850620150184020041e-01
2.825496686001618962e-01
2.875660602289896728e-01
2.813019673602703552e-01
2.830392121504514691e-01
2.819804494770673520e-01
2.806725979806520832e-01
2.806133606495001542e-01
2.724873243043056115e-01
2.655883790590824467e-01
2.735365794828304997e-01
2.707623195953858253e-01
2.700830858487349162e-01
2.738734029042415030e-01
2.667894047995408302e-01
2.659383692802527177e-01
2.718847444424262183e-01
2.694759046993194240e-01
2.655093727967677841e-01
2.665575436101509932e-01
2.606884311980162128e-01
2.674464299701727610e-01
2.628599150440631971e-01
2.578133713358488066e-01
2.538597931273472441e-01
2.435547179709642296e-01
2.609193533850021618e-01
2.566598586929150216e-01
2.548259241649737938e-01
2.553837212041402682e-01
2.526133530223980683e-01
2.396168111990659710e-01
2.557557780964252458e-01
2.553266219603709808e-01
2.422568556780998472e-01
2.492773507076960215e-01
2.395827157566180476e-01
2.453252288966606687e-01
2.477939486694641646e-01
2.509647238139922631e-01
2.492281558804022856e-01
2.431711735824743925e-01
2.468898687607202769e-01
2.321223347997053987e-01
2.396294306868161916e-01
2.470390767623216743e-01
2.418242915700643536e-01
2.290884918127304437e-01
2.314977689240223235e-01
2.413157063607986041e-01
2.429391593505174640e-01
2.350169662672739745e-01
2.348909690594061794e-01
2.316596790766104752e-01
2.318917813591468147e-01
2.331368293517675216e-01
2.276257670842684322e-01
2.388487005463013346e-01
2.383429836195248841e-01
2.271698487874789230e-01
2.280918723497635248e-01
2.292025161477235784e-01
2.270243791624521612e-01
2.210796588888535030e-01
2.328629385775480565e-01
2.243476058810185136e-01
2.214923594051446676e-01
2.353423710052783557e-01
2.266566373025759584e-01
2.167963513197042891e-01
2.206007340970711772e-01
2.244089215993881337e-01
2.244279696773260058e-01
2.201937875113426091e-01
2.245454485217730223e-01
2.178843555351098471e-01
2.187716333911969013e-01
2.165562729422862709e-01
2.201392696453974840e-01
2.162053159032112648e-01
2.095045213706982490e-01
2.170956422121096963e-01
2.205926608771849873e-01
2.118783667492560863e-01
2.204544059359110353e-01
2.169190521614673683e-01
2.139088881894564143e-01
2.152899742890626855e-01
2.122555214816179148e-01
2.134623449868880696e-01
2.102769232331178073e-01
2.166492307415375240e-01
2.120591826354845943e-01
2.108280992183165781e-01
2.029520987891233752e-01
2.222730934810944192e-01
2.083961114478417032e-01
2.140816651666775650e-01
2.097314824087497531e-01
2.095252217008517215e-01
2.110473211568135443e-01
2.100420521046870714e-01
2.109452106631719281e-01
2.101266407049619256e-01
2.139626628313309187e-01
2.029782242404344628e-01
2.053899389046889012e-01
2.110882198008207089e-01
1.993042832765823669e-01
2.061902066644949738e-01
2.062331954351602492e-01
2.017297306886086106e-01
2.026265173195264391e-01
2.000152003688689950e-01
2.053347355471207558e-01
2.031967391952490265e-01
2.049822575006729486e-01
1.976298713531249585e-01
2.015650176753600309e-01
2.036267976921338207e-01
2.075399344739241592e-01
2.031936511492881958e-01
1.952609657381589592e-01
1.977607009789118520e-01
1.957979074082313309e-01
1.981765652123169963e-01
1.998099634949213332e-01
1.988147200968785056e-01
2.020366579485245173e-01
1.993320202789245488e-01
2.041133259542477485e-01
1.920909090492969873e-01
1.906004687436880229e-01
1.909453100596482933e-01
1.961808124986978707e-01
1.998762204096867501e-01
1.958753641026142189e-01
2.004076656622764407e-01
1.983888298846208098e-01
1.881605811321582500e-01
1.971828035628184206e-01
1.936807156564333554e-01
1.911273787610041908e-01
1.942355803572214656e-01
1.902473093798527359e-01
1.924990926797573443e-01
1.969837752958902843e-01
1.912491272179744073e-01
1.946635101372614918e-01
1.976814451316992460e-01
1.864531481877351460e-01
1.976271759145535045e-01
1.944701887094057446e-01
1.901752169506672197e-01
1.894801078507533376e-01
1.951782747338979551e-01
1.927625312637060162e-01
1.875949979019470581e-01
1.866296447717990525e-01
1.874074176431466399e-01
1.912047116993329521e-01
1.906239116707673376e-01
1.893940603408293955e-01
1.875723017140840942e-01
1.824716951029422829e-01
1.936398633397542479e-01
1.865143795617115741e-01
1.932585076548350156e-01
1.902122162664547922e-01
1.910549046519475214e-01
1.876797552292163440e-01
1.884380455391529152e-01
1.879031482224280958e-01
1.827636640423383474e-01
1.838014871837236885e-01
1.857182999834036119e-01
1.842870282248044722e-01
1.884275561532913201e-01
1.839625130670193009e-01
1.907086063367434137e-01
1.836169542505955155e-01
1.874984866533523920e-01
1.829735495341129892e-01
1.815547268551129523e-01
1.822296612251263492e-01
1.801433665630144954e-01
1.886120433226609883e-01
1.846509028703738620e-01
1.801262313738847265e-01
1.861711503794560019e-01
1.870678639946839750e-01
1.830848003522707879e-01
1.855130879638286767e-01
1.891769193781492053e-01
1.871611079057821925e-01
1.909020027862145252e-01
1.844223989030489563e-01
1.791424446954177074e-01
1.824375277719436639e-01
1.823993189212603505e-01
1.841814807687814359e-01
1.826171430926292472e-01
1.821617978887680178e-01
1.810456344427970876e-01
1.814867743887962348e-01
1.796525541788492331e-01
1.804486514475101000e-01
1.857878629977886553e-01
1.798430961580612664e-01
1.809147740308290897e-01
1.826857182603233987e-01
1.798808475526479655e-01
1.767444477727015684e-01
1.788167801231909937e-01
1.780887969029255335e-01
1.779949810881263084e-01
1.868160501695596276e-01
1.832367191329980494e-01
1.785864869944560340e-01
1.871553117075027695e-01
1.754618737560052211e-01
1.763267533328288506e-01
1.808472128632740983e-01
1.795127710948387911e-01
1.708164873126989669e-01
1.824014028486533046e-01
1.791106188144439282e-01
1.790503326707925669e-01
1.826128995571381086e-01
1.743591893368806600e-01
1.728717521406137048e-01
1.762381927516215863e-01
1.744663972503099625e-01
1.780667344203744062e-01
1.733555668439620556e-01
1.766305615313542299e-01
1.801414169944249577e-01
1.745138414681721983e-01
1.884966578812171389e-01
1.788139698979182013e-01
1.793181251161373446e-01
1.790969365013715675e-01
1.747102506363238938e-01
1.815247693982643962e-01
1.722324675665451998e-01
1.750611996134886494e-01
1.754153578900373989e-01
1.772455731359047770e-01
1.781754431625207358e-01
1.666014418483544590e-01
1.779533991160301143e-01
1.682976728161940105e-01
1.771232161575402864e-01
1.795207155725130621e-01
1.757273957610894499e-01
1.730717107749138173e-01
1.792083778442480624e-01
1.797097218151275932e-01
1.766771549979845590e-01
1.810204051148432969e-01
1.760399583727121353e-01
1.749234792227164215e-01
1.744618006337147476e-01
1.743372788413977137e-01
1.731002376152154798e-01
1.738108707735171732e-01
1.681120435587870887e-01
1.691063098800487940e-01
1.684355775610758832e-01
1.782502473737948845e-01
1.768242679249781846e-01
1.721273753218925950e-01
1.741901633640130231e-01
1.753486799028439458e-01
1.670711708852113953e-01
1.701638435132992455e-01
1.801557681499383334e-01
1.758298041155705038e-01
1.686324069610772858e-01
1.707512710721064975e-01
1.720383802381081351e-01
1.803455531788177857e-01
1.759709560718291932e-01
1.711818371445704701e-01
1.733011933568960605e-01
1.831491704648121888e-01
1.718086815797365552e-01
1.761485165796982943e-01
1.716927575281797236e-01
1.693129321321462932e-01
1.748381075950769248e-01
1.733031481313399846e-01
1.766222069469781941e-01
1.742494011918703789e-01
1.811113208341292857e-01
1.717405778379776649e-01
1.698952861034717376e-01
1.680748559916630802e-01
1.726562472012562743e-01
1.680752713806354104e-01
1.708391965295259773e-01
1.766142307661282829e-01
1.724823449666683384e-01
1.751033045255984966e-01
1.749298106401394604e-01
1.648434021534063987e-01
1.692501932000502474e-01
1.722421936786327490e-01
1.644309052003499749e-01
1.633542686318739945e-01
1.685631175740407162e-01
1.693309648105731369e-01
1.689239798448024521e-01
1.731061968761376801e-01
1.738285196228669116e-01
1.695293186089167348e-01
1.648347505487692544e-01
1.669725610755193046e-01
1.724603032454466167e-01
1.734187019176972322e-01
1.719259946487652901e-01
1.725543052626725971e-01
1.757656636528479865e-01
1.712146910719382353e-01
1.694003172887441344e-01
1.746784637944820695e-01
1.732807690612016560e-01
1.716895639609831992e-01
1.740841833253701509e-01
1.694684911901370161e-01
1.693872916965912523e-01
1.734716501469031336e-01
1.719240906528937407e-01
1.708922386169433594e-01
1.642979564384008107e-01
1.670869614833440653e-01
1.683189137623860299e-01
1.698789081416832991e-01
1.704730411084034447e-01
1.676269860890431396e-01
1.676772735535334291e-01
1.736389397333065743e-01
1.690133107300752224e-01
1.711720839238319580e-01
1.719608749812230053e-01
1.677990183425255299e-01
1.679772805231503907e-01
1.650089583622339484e-01
1.783604298360072782e-01
1.707726884251221655e-01
1.720231134253434602e-01
1.653023148862979297e-01
1.678512967931918565e-01
1.706174222131570106e-01
1.711357485789519184e-01
1.732833073784907640e-01
1.684708331162348693e-01
1.622766845596906593e-01
1.740976657813940176e-01
1.684812664317014985e-01
1.735539317035522111e-01
1.733064873096270553e-01
1.653298634940232881e-01
1.705729131992810843e-01
1.775572871646055872e-01
1.676152998056167076e-01
1.604935740431149838e-01
1.690171267264164445e-01
1.625134815963414914e-01
1.628131327625268465e-01
1.694168534416418681e-01
1.703285159972997842e-01
1.704978015751410780e-01
1.671123595096361825e-01
1.706340216768857665e-01
1.632141526597432613e-01
1.603749604083788693e-01
1.692863778617137438e-01
1.644635371577281291e-01
1.667444541572760397e-01
1.653769106914599607e-01
1.734418280613728158e-01
1.669800752057478965e-01
1.596558183909226603e-01
1.648598847289880209e-01
1.675998326295461416e-01
1.633894896660095519e-01
1.753717186932380323e-01
1.613917661687502558e-01
1.658488805477435768e-01
1.595750082952853977e-01
1.721015271563560434e-01
1.678795658051967510e-01
1.630466734656156602e-01
1.726889084164912880e-01
1.677092959674505168e-01
1.631372287582892600e-01
1.656512336757702819e-01
1.703344917545716042e-01
1.672661723616795659e-01
1.620902398648934595e-01
1.658047863019582457e-01
1.700999787316108403e-01
1.615271592656007116e-01
1.636130889065754712e-01
1.707411634616362861e-01
1.659708289954906768e-01
1.687168482356728727e-01
1.710641952088245987e-01
1.627544923804891408e-01
1.642529642448211369e-01
1.625244363282735416e-01
1.689086478681136316e-01
1.692889570234677732e-01
1.629147348400109829e-01
1.616598559209169450e-01
1.561086543095417389e-01
1.656363871044073399e-01
1.701945641197455117e-01
1.671627104091338578e-01
1.685798508138992846e-01
1.663520843172684727e-01
1.635188557016543920e-01
1.590527790288130405e-01
1.668358664959669058e-01
1.696040011560305538e-01
1.676770954942091996e-01
1.675933607209187381e-01
1.645865460523427970e-01
1.608411172357125107e-01
1.675843033557518902e-01
1.642686469146074357e-01
1.627955250155467271e-01
1.649277588591361587e-01
1.678615960173117927e-01
1.667680464398402507e-01
1.728300331494747044e-01
1.634134901448702215e-01
1.680098164731111399e-01
1.612558819353580586e-01
1.676690742851067728e-01
1.638362233646405153e-01
1.641226884837334032e-01
1.676511272979088196e-01
1.611032896699049477e-01
1.730106112953180009e-01
1.626783043146133312e-01
1.655240515772348764e-01
1.627470598197900409e-01
1.600054615869735963e-01
1.684135501487896980e-01
1.630683974004708825e-01
1.669587009705794101e-01
1.704004254765235371e-01
1.619705783442044744e-01
1.666039838049656330e-01
1.599919899056355121e-01
1.633528282436040868e-01
1.655748960108329171e-01
1.695933652038757733e-01
1.634774168714498987e-01
1.631079951062416322e-01
1.601825907635383017e-01
1.594373287824101815e-01
1.551521899799505888e-01
1.615898438371144719e-01
1.695128787404451554e-01
1.621729958706941421e-01
1.691577714987290149e-01
1.727043538330457206e-01
1.638049795268437803e-01
1.600837132200980673e-01
1.645603144971223841e-01
1.613061729627542074e-01
1.612688957021022329e-01
1.658127944725446279e-01
1.632598657065477132e-01
1.686505637776393174e-01
1.654782110299819475e-01
1.601040038447349434e-01
1.588313828867215505e-01
1.660952120350721595e-01
1.593520135833666751e-01
1.597776589389794943e-01
1.618316408246755489e-01
1.627797414954656186e-01
1.678043478765548768e-01
1.664512933828891927e-01
1.655725644184992962e-01
1.590414928797727889e-01
1.659083006760248835e-01
1.618045014639695467e-01
1.634154032915830501e-01
1.674079206366187456e-01
1.631568967627409217e-01
1.732222071442848510e-01
1.677551233615630633e-01
1.682980771248157315e-01
1.595478828900899759e-01
1.624454888013693032e-01
1.640835434675980975e-01
1.616600004908366195e-01
1.594351172065123501e-01
1.579802005336834736e-01
1.623690437429990419e-01
1.635317533062054518e-01
1.592933673793688887e-01
1.578201816679957459e-01
1.663713973111067002e-01
1.639185062012611382e-01
1.576081556005355655e-01
1.595823807594103638e-01
1.619170216031563525e-01
1.640042554825926480e-01
1.691875521857769127e-01
1.657089480509360557e-01
1.597517086145205378e-01
1.584734195891099040e-01
1.578196273495753588e-01
1.622613006008741254e-01
1.679065006188092957e-01
1.657999521933304909e-01
1.675031061260363885e-01
1.571396838109462568e-01
1.582564378396058569e-01
1.601696751916255601e-01
1.693076009360643397e-01
1.602121178920452305e-01
1.621428250693357775e-01
1.616105891859684340e-01
1.621707505045028863e-01
1.712256340071176830e-01
1.622947617505605400e-01
1.585079992810885241e-01
1.620564064345298705e-01
1.670721752998920451e-01
1.594361195579553359e-01
1.622984188393904736e-01
1.683361484072147252e-01
1.614204484873857370e-01
1.645368275925135071e-01
1.614488236892681894e-01
1.604122851043939535e-01
1.629996849223971367e-01
1.588495248021223605e-01
1.555544989326825556e-01
1.568298704444597846e-01
1.586857112936484460e-01
1.576906114625625244e-01
1.638685093571742302e-01
1.567035211488986557e-01
1.571655312982889185e-01
1.640512790721960490e-01
1.661313936162071292e-01
1.662407853664495949e-01
1.540177448533284477e-01
1.674379743826694966e-01
1.565868467379074869e-01
1.618795093339987223e-01
1.638955752819012401e-01
1.667775355757047107e-01
1.597751831970153635e-01
1.540436348185325321e-01
1.633984297896042825e-01
1.645943747116969114e-01
1.687059004719440869e-01
1.634398974382724468e-01
1.540334892101012654e-01
1.576126680303460426e-01
1.596500705641049622e-01
1.629597563392076731e-01
1.625914289019046721e-01
1.605017377206912343e-01
1.669868740993432632e-01
1.549975312004486794e-01
1.693233214414272547e-01
1.603670923373637924e-01
1.623147234129599936e-01
1.547007220773360670e-01
1.569916073901531095e-01
1.538535140454769246e-01
1.632460442395546607e-01
1.586464648827528301e-01
1.685304913192223197e-01
1.621249771366516657e-01
1.602355366333937103e-01
1.623966843271866800e-01
1.582085911089028962e-01
1.563405164827903204e-01
1.573626261395521531e-01
1.640406307119589568e-01
1.564362670462100813e-01
1.647079268518166772e-01
1.587883857962412715e-01
1.683991352526041096e-01
1.611383373634173444e-01
1.652941467001652065e-01
1.661487966871414423e-01
1.654566168403014126e-01
1.639316913886712246e-01
1.601936715058027150e-01
1.601827647728033543e-01
1.598700159253218234e-01
1.619296239259151449e-01
1.502940593908230482e-01
1.555589430225201020e-01
1.603537888863147964e-01
1.563976947218179703e-01
1.585761173795431078e-01
1.665613269099058269e-01
1.653649142919442483e-01
1.631619806855152677e-01
1.587563087256290972e-01
1.660813442120949446e-01
1.586017878678364634e-01
1.597437971390974765e-01
1.591485300029699679e-01
1.627457947207567035e-01
1.559825678857473252e-01
1.579980018620307514e-01
1.568216038724550843e-01
1.597985633672812100e-01
1.574731048005513778e-01
1.574268751037426473e-01
1.610444527979080498e-01
1.601052063493392519e-01
1.528536579452264010e-01
1.549864333791610427e-01
1.566886732307000152e-01
1.647660085788139883e-01
1.575264366964499174e-01
1.628576910075468787e-01
1.590514784248975577e-01
1.664996292728644078e-01
1.593060839825715669e-01
1.605634262642035015e-01
1.632484415975900827e-01
1.622527719021607806e-01
1.566234836211571335e-01
1.598918387809624975e-01
1.546295091796379695e-01
1.570818261840404573e-01
1.570467782135193113e-01
1.570845429045267527e-01
1.556246299583178283e-01
1.617411523961868047e-01
1.575580790734443792e-01
1.542508767869992248e-01
1.545472229138398768e-01
1.628663999721025879e-01
1.612412230708660243e-01
1.589708313536949691e-01
1.698660210061531672e-01
1.605125523817080846e-01
1.603806588894281515e-01
1.599511884057369104e-01
1.651387430345400698e-01
1.563778013373032516e-01
1.597175980130067230e-01
1.688871909888126910e-01
1.555123857103097029e-01
1.533292736571568726e-01
1.597767429283032115e-01
1.630385353970222051e-01
1.561508333740325993e-01
1.619655405481656429e-01
1.581774249672889820e-01
1.629852219556386650e-01
1.580143207445358633e-01
1.600053189752193572e-01
1.615314665035559594e-01
1.567823733656834306e-01
1.596158011697041690e-01
1.580198412808852260e-01
1.629601336346986895e-01
1.619290489798937138e-01
1.598194335515682463e-01
1.635260802622024723e-01
1.597231064182825511e-01
1.558205040601583491e-01
1.594017472309179895e-01
1.557548999499816234e-01
1.558421351588689385e-01
1.599307335817660991e-01
1.580077397040067499e-01
1.604460512120754190e-01
1.534697737305974474e-01
1.579062992372574081e-01
1.664238502199833214e-01
1.608339490703283303e-01
1.597560638132003719e-01
1.554399428936915628e-01
1.537898918088430045e-01
1.505517319991038494e-01
1.583712172145262664e-01
1.571313168423680295e-01
1.584398991690996461e-01
1.528047342904103045e-01
1.635606907690182743e-01
1.586783281025978265e-01
1.626307858966099806e-01
1.591204869345976824e-01
1.595026215108541479e-01
1.615697443867341043e-01
1.570047806375301780e-01
1.460998193623545827e-01
1.574091793443912202e-01
1.590907279497537907e-01
1.544510040909816140e-01
1.605291114785732387e-01
1.610014354475797771e-01
1.691926274257592733e-01
1.551982835317269327e-01
1.670651943064652978e-01
1.575552375748371370e-01
1.590136882681877084e-01
1.649170035544114121e-01
1.566827438198603040e-01
1.644834606024699331e-01
1.597549521483671853e-01
1.582858567914137427e-01
1.545872270678862459e-01
1.570246655016373227e-01
1.603713350227246037e-01
1.622727120820528501e-01
1.619782402251775388e-01
1.584330935890858050e-01
1.635218827197184865e-01
1.574189792172266955e-01
1.644435132208925121e-01
1.533067910239482579e-01
1.509676556652173041e-01
1.581017918025071911e-01
1.606762882799674386e-01
1.612961017741606773e-01
1.603353563314064978e-01
1.597694926345959721e-01
1.589885324144210688e-01
1.567369437179504388e-01
1.592431028588459918e-01
1.596796264060032777e-01
1.557528480123250847e-01
1.597477663499422551e-01
1.531731137576011481e-01
1.635753371108036869e-01
1.581397749292544896e-01
1.591136230967747922e-01
1.661589894825831470e-01
1.608695876235381184e-01
1.610019975652297319e-01
1.610368740004606836e-01
1.551635317886486953e-01
1.598236187241780515e-01
1.584189804796224954e-01
1.586388082267382316e-01
1.612250849318045964e-01
1.580867913575508543e-01
1.591819431346196412e-01
1.518299072789840165e-01
1.525898338701480450e-01
1.595072181274493628e-01
1.577089867339684370e-01
1.586884471563956567e-01
1.667453875526403728e-01
1.540564895535890821e-01
1.582023376646714274e-01
1.591578508130250813e-01
1.622002514700094933e-01
1.613160932293304928e-01
1.564364559041001856e-01
1.578360490978528430e-01
1.581055288609021781e-01
1.577502170911966317e-01
1.566127905765405115e-01
1.582510622361531505e-01
1.622924860184773443e-01
1.509724651057368638e-01
1.599831017689445078e-01
1.585593975984897486e-01
1.623468521313789492e-01
1.573155348499616080e-01
1.590929719404532428e-01
1.656321053417065259e-01
1.556177823302837548e-01
1.613919361470601554e-01
1.558160468553885514e-01
1.591274429208193175e-01
1.528745370606581500e-01
1.668424137127705043e-01
1.617160115868617465e-01
1.654186123361190142e-01
1.578210805280086393e-01
1.587249739334369303e-01
1.563050414698246293e-01
1.548285519656462661e-01
1.578227346524214147e-01
1.563469904307753511e-01
1.629811406804201057e-01
1.605294265330602099e-01
1.555438451946545841e-01
1.508245002191800355e-01
1.543370720954277686e-01
1.556039654673674055e-01
1.618791323919326897e-01
1.565703553840135931e-01
1.492849462785017789e-01
1.492152891288965055e-01
1.578028107587343687e-01
1.596709318267993394e-01
1.645995255464162699e-01
1.550484970211982727e-01
1.634102744551805264e-01
1.588903891639067700e-01
1.589524283909644897e-01
1.624719997820181783e-01
1.608205182239031139e-01
1.594291792943691721e-01
1.596867626962753528e-01
1.532572570519569466e-01
1.584064750812756717e-01
1.569795736804222575e-01
1.572061447474436824e-01
1.632019826712516608e-01
1.525210485435449237e-01
1.565341709611507426e-01
1.501672680370318702e-01
1.560882684512016061e-01
1.601216265501884395e-01
1.543045317419828588e-01
1.555229902649536977e-01
1.594912403955673630e-01
1.582607027907401986e-01
1.611838420614218059e-01
1.605647868261887434e-01
1.597928409775098146e-01
1.518741740630223103e-01
1.566537340195515160e-01
1.547139888772597616e-01
1.608424710444150696e-01
1.607254450328839124e-01
1.620309030684905227e-01
1.582823680666012589e-01
1.529333929507396272e-01
1.495827497771153036e-01
1.622498582188899585e-01
1.485543495569473793e-01
1.564659259353692600e-01
1.556162403371089409e-01
1.633553592918010888e-01
1.544547621256265879e-01
1.545910117144768114e-01
1.628236772253727205e-01
1.571501597762107738e-01
1.531395164628823469e-01
1.563966070803312070e-01
1.613781999892149321e-01
1.592123520297882011e-01
1.530309518560385162e-01
1.528008130116340346e-01
1.570520637222589666e-01
1.630702789108722517e-01
1.558434816602713158e-01
1.592501963369357398e-01
1.505018980361712277e-01
1.545472637774088498e-01
1.484722917469648296e-01
1.609712365728158123e-01
1.565069150943786680e-01
1.583126647732196746e-01
1.632947688779005646e-01
1.608159339867341331e-01
1.543672995403027048e-01
1.544520280682123714e-01
1.533794259413694683e-01
1.558127566885489645e-01
1.570827207599694852e-01
1.551931462322290178e-01
1.635536437472089877e-01
1.534150892916398279e-01
1.549540532896152012e-01
1.562278695691090291e-01
1.562543147649520514e-01
1.565123581351378079e-01
1.613027749439844838e-01
1.522813184091295902e-01
1.518187566158863133e-01
1.571289432545502907e-01
1.615638988808943688e-01
1.524317574138060460e-01
1.592141506286003649e-01
1.586319411221223108e-01
1.554109642425408611e-01
1.566603195972931795e-01
1.638625274866055137e-01
1.558086075557348071e-01
1.543869373890069951e-01
1.561655876059562797e-01
1.572112459498338222e-01
1.592175265535330231e-01
1.595885393711236888e-01
1.524643145215052731e-01
1.494757534028627877e-01
1.560614413175827331e-01
1.486859441949771043e-01
1.484569841565994142e-01
1.640845164752159357e-01
1.545318715560894673e-01
1.612426685790220859e-01
1.487577939167236685e-01
1.622093072495399413e-01
1.546165931683320394e-01
1.497574609919236355e-01
1.561808333756067868e-01
1.544422060919877771e-01
1.629524003093441309e-01
1.584570809339101438e-01
1.608077215938231996e-01
1.629702654977639442e-01
1.540610750993857136e-01
1.559418200109249641e-01
1.647648273943326525e-01
1.588910601937618128e-01
1.536623485290851410e-01
1.579315429696669937e-01
1.534084510249205113e-01
1.605755167225232372e-01
1.544635636493181530e-01
1.521711364866067118e-01
1.584640666651420116e-01
1.547232627677611883e-01
1.520818282873966643e-01
1.598127284588722052e-01
1.560241271479007596e-01
1.582163767936902166e-01
1.551420780042043202e-01
1.581537586374160698e-01
1.520290631609849397e-01
1.513595914993530744e-01
1.515428534493996615e-01
1.617827606315796196e-01
1.596960263565564697e-01
1.574576329153317689e-01
1.598563312624509403e-01
1.544906405875315913e-01
1.555783744901418630e-01
1.552513820429642921e-01
1.611196270737892677e-01
1.524564268115239374e-01
1.561177958758213635e-01
1.526118512432544649e-01
1.569370378955052547e-01
1.592427465778130657e-01
1.532465641410687140e-01
1.583057233729423530e-01
1.577151551078527503e-01
1.588038376413094810e-01
1.590991283456484606e-01
1.523527993796727487e-01
1.475934549401967943e-01
1.612157056251397602e-01
1.477529059426906655e-01
1.519747561369186872e-01
1.568433300042763601e-01
1.643553954477493528e-01
1.557899984793785220e-01
1.591399350896095521e-01
1.512910064118794806e-01
1.593538922186081286e-01
1.579875282179086515e-01
1.589089852304030603e-01
1.524117183895447314e-01
1.580527901840515503e-01
1.563409715604323624e-01
1.539035989401432158e-01
1.574720554053783417e-01
1.510887317454967793e-01
1.517819894334444530e-01
1.546212613678131231e-01
1.554737645559585990e-01
1.546529445510644307e-01
1.596536254558043599e-01
1.601997434424284050e-01
1.544091295355405624e-01
1.567925465317108746e-01
1.558323313601505944e-01
1.496865962178279275e-01
1.542098976385135045e-01
1.510788207443860831e-01
1.531306533477245213e-01
1.550827930275446298e-01
1.561367004870986286e-01
1.567196142406035719e-01
1.484736798187861195e-01
1.570360448306951651e-01
1.563912155345464350e-01
1.590062596763555935e-01
1.639721496747090224e-01
1.520561413552898589e-01
1.587339319479771083e-01
1.632686081987160809e-01
1.595013836446480815e-01
1.482360534799786744e-01
1.580550242597476007e-01
1.572617425368382504e-01
1.602478696176639072e-01
1.571720601083376467e-01
1.508342818571971056e-01
1.563574971965490112e-01
1.611159349099183791e-01
1.519943888370807461e-01
1.487866388012965557e-01
1.528455426868720046e-01
1.522089738685351024e-01
1.522530943728410413e-01
1.574840293289759274e-01
1.560898830302250573e-01
1.576077410616935903e-01
1.526284082100177464e-01
1.541525400124299228e-01
1.516268788621975838e-01
1.533353910423242150e-01
1.634423948442324526e-01
1.563615598405400930e-01
1.502945475375805084e-01
1.518941482958885425e-01
1.517657537108812460e-01
1.585977974705971294e-01
1.567617659098826943e-01
1.555596417914598406e-01
1.512622604385400471e-01
1.551779625029900134e-01
1.537280283963833039e-01
1.558823418445312026e-01
1.545314355825002373e-01
1.548682004786454680e-01
1.589031955561576726e-01
1.503488370814384523e-01
1.511817476019645390e-01
1.472341585331238267e-01
1.505079902708530426e-01
1.532604496639508596e-01
1.580941501622780687e-01
1.477828527108216994e-01
1.566672176982347731e-01
1.500543172447345308e-01
1.456715049078831370e-01
1.565700253997093505e-01
1.566147784105478280e-01
1.603801467193242958e-01
1.479875690614183836e-01
1.591468408226202613e-01
1.490089987333004240e-01
1.580440545979982792e-01
1.570451754599045402e-01
1.519009989805710503e-01
1.580200610157006802e-01
1.565402522874184132e-01
1.508927436497731200e-01
1.571870000412066704e-01
1.525297573266121143e-01
1.567735537600058737e-01
1.587006901128169833e-01
1.528411296936564023e-01
1.576892452362256281e-01
1.524893802805588894e-01
1.546903276863770549e-01
1.522166020308549639e-01
1.564140999164336798e-01
1.527297360297197037e-01
1.487392281301510577e-01
1.553187285764859316e-01
1.565795958997347470e-01
1.547705632562820788e-01
1.540966139963040049e-01
1.461177814656343110e-01
1.585953019941464537e-01
1.521223717775100348e-01
1.554796139733531646e-01
1.536205680324481126e-01
1.526093358030685965e-01
1.443011911872487674e-01
1.553324512850779715e-01
1.524152145744898379e-01
1.494879963879401918e-01
1.509745876471965675e-01
1.564693355980592004e-01
1.503087949294310277e-01
1.550524650475917643e-01
1.553155870296251961e-01
1.536137379132784253e-01
1.548567496813260669e-01
1.469793853851465160e-01
1.578082818824511346e-01
1.593231580196282915e-01
1.550946634835921878e-01
1.520621138409926354e-01
1.516283054477893522e-01
1.508292919454666259e-01
1.582616896774524384e-01
1.543431320585883504e-01
1.580796832171006139e-01
1.556203232839321604e-01
1.517636125477460629e-01
1.536717199075680607e-01
1.507866151057756787e-01
1.557008332835558007e-01
1.551090565056373050e-01
1.509678295025458639e-01
1.554136477983914799e-01
1.566842252293076387e-01
1.573829805573973839e-01
1.467871396014323593e-01
1.566385073730578725e-01
1.625884821399664337e-01
1.559336148775540831e-01
