1.506732039726697447e+00
1.857178148550864938e+00
1.297294375376823572e+00
1.046859249090537070e+00
9.129566009228046175e-01
8.233243841391343354e-01
7.340916448678725947e-01
6.786371931051596862e-01
6.357619971801072856e-01
5.936498288924877409e-01
5.669485821173740892e-01
5.305101863084695779e-01
5.140646423284823685e-01
4.943632592757543076e-01
4.779280152076330057e-01
4.652752358943987865e-01
4.432840102376082170e-01
4.313127796237285483e-01
4.160057035012122983e-01
4.003039678319906813e-01
3.970634729052201495e-01
3.810807963594411985e-01
3.783478592832883458e-01
3.645480901767045867e-01
3.527539677726916900e-01
3.450940540585762384e-01
3.372327986053931248e-01
3.350163470858182890e-01
3.195914963499093542e-01
3.215064392640040736e-01
3.134676231405673641e-01
3.050465212036401752e-01
3.067636653398856383e-01
2.906415526301432961e-01
2.906043806137182939e-01
2.818290782280457596e-01
2.849755186683092245e-01
2.851565208572607868e-01
2.828546481445813887e-01
2.740517144592908849e-01
2.679572449853787064e-01
2.729187591335712204e-01
2.597082345722577235e-01
2.642830749734854101e-01
2.633346507373528489e-01
2.503397274857912524e-01
2.475254091505821041e-01
2.448400041995904275e-01
2.443297910575683296e-01
2.387432810587760690e-01
2.415390109404539354e-01
2.338442122898040654e-01
2.426569484938413679e-01
2.316623387428430325e-01
2.219234476868922890e-01
2.251534769168266892e-01
2.156002358939403118e-01
2.196390422108845941e-01
2.149300796863360397e-01
2.176507678360511122e-01
2.115643884509037786e-01
2.187605916689603636e-01
2.153966616361569220e-01
2.123143214063766548e-01
2.094096517333617624e-01
2.055833790928889571e-01
2.075046283312332873e-01
2.032280457707551780e-01
2.073954429955054690e-01
1.976158510798063095e-01
2.039225768679991668e-01
1.948182786504427666e-01
1.981040290341927468e-01
1.967918914862168134e-01
1.924031789486224941e-01
1.890768921241546274e-01
1.880170482091414741e-01
1.874864484637211448e-01
1.887426769122099168e-01
1.888526932169229677e-01
1.878086266227257661e-01
1.822649341363173359e-01
1.820895060037191204e-01
1.826859056185453356e-01
1.839514352572269862e-01
1.822824570613029715e-01
1.837774111769902297e-01
1.810854279460051008e-01
1.798324334124724033e-01
1.801416005748204818e-01
1.742079866763490970e-01
1.769264075045402229e-01
1.769577036110254464e-01
1.797211547883657279e-01
1.765244929931866769e-01
1.762711200958643198e-01
1.711728704567903048e-01
1.752589940451658723e-01
1.776024497758883769e-01
1.708614861162809362e-01
1.701444468723657677e-01
1.634324230922338250e-01
1.663920381512397351e-01
1.680010253515763219e-01
1.688084155416641474e-01
1.723816228218567614e-01
1.597315868888145862e-01
1.618161719961044021e-01
1.632867869371787128e-01
1.666227598793995623e-01
1.636227692931126187e-01
1.637704578538735634e-01
1.603771488922528798e-01
1.644287814219028421e-01
1.552516560237377219e-01
1.604691891238475554e-01
1.566362751409029475e-01
1.548204068381052734e-01
1.505423055340846250e-01
1.612568987772250717e-01
1.571717751522858919e-01
1.589644673065497282e-01
1.605754933200585488e-01
1.555279726592393996e-01
1.565500097492566467e-01
1.604986375818650002e-01
1.562178352035773210e-01
1.550501571442836346e-01
1.565819845272180266e-01
1.531980585880004520e-01
1.534891648456836455e-01
1.526943711420664374e-01
1.568448188404242272e-01
1.492514916241933220e-01
1.583877921868593330e-01
1.500181557753911266e-01
1.530798716709399765e-01
1.584070967271541952e-01
1.523484687488048384e-01
1.519853354121248057e-01
1.550972506117362371e-01
1.500113426492764301e-01
1.481876302414979751e-01
1.584099306510045047e-01
1.609671008319426833e-01
1.507788746211773390e-01
1.444295237079644689e-01
1.453974891262940772e-01
1.503107408586984994e-01
1.563121062440749887e-01
1.494451403808899348e-01
1.506631115117134101e-01
1.473684382839844653e-01
1.554303109263762417e-01
1.556554732509912720e-01
1.538588387748369701e-01
1.495033671840643175e-01
1.469740740668315226e-01
1.460043735897693928e-01
1.418035014508626512e-01
1.490091948364025420e-01
1.496766160027338810e-01
1.446217774628446584e-01
1.398144019146760342e-01
1.419820158814008304e-01
1.390284879276385555e-01
1.480348420926393682e-01
1.410027430416681826e-01
1.405081090445702008e-01
1.423207319269959858e-01
1.412188122574335458e-01
1.535515843007044801e-01
1.418699532460707957e-01
1.415429914513459675e-01
1.491922102104394909e-01
1.396831746189257928e-01
1.287115472249495685e-01
1.381838617512048950e-01
1.415979663913066455e-01
1.386578084423373824e-01
1.436232732561154302e-01
1.364770396015582976e-01
1.419471561049039654e-01
1.479584067964400951e-01
1.436357985465572529e-01
1.442305666322891422e-01
1.420539976312563957e-01
1.420073808720096475e-01
1.389973225406347102e-01
1.346871222536533408e-01
1.401967686338302377e-01
1.393285129028253022e-01
1.409794566436455843e-01
1.364392213236827189e-01
1.374021076668913433e-01
1.435995238140607422e-01
1.425074069068217875e-01
1.361468811256763278e-01
1.346540612288010530e-01
1.337582643549793671e-01
1.409103358116669535e-01
1.398952356993387880e-01
1.368513116565270304e-01
1.397551742071906633e-01
1.311142463332567454e-01
1.378714281635788907e-01
1.357284833462192586e-01
1.388017323966591887e-01
1.367062743991995510e-01
1.374390568679723923e-01
1.414696916603507271e-01
1.366701823205520028e-01
1.371795283869290949e-01
1.389284190936730390e-01
1.287673215357920953e-01
1.414573643117761070e-01
1.355072207366808945e-01
1.294795292740066883e-01
1.330900436219496497e-01
1.364902118555246235e-01
1.363506744878414390e-01
1.304192775908188939e-01
1.305010111429370234e-01
1.371210141489521139e-01
1.334433636365410514e-01
1.388941268651531225e-01
1.354622250661635940e-01
1.303634029072828771e-01
1.305768723480212334e-01
1.339235175114411591e-01
1.393460555336414330e-01
1.309086491759770821e-01
1.378483211382841578e-01
1.330811576058085199e-01
1.249097579373763117e-01
1.313231090513559407e-01
1.289582833647728022e-01
1.303821119169394083e-01
1.357446463921895274e-01
1.321109787059517870e-01
1.274936433356159693e-01
1.320384678263694933e-01
1.287907008368235351e-01
1.310227563318151767e-01
1.364532107726121601e-01
1.289319268403909258e-01
1.302093268109437707e-01
1.309073486198217562e-01
1.319591016771319569e-01
1.292104324755760369e-01
1.368103697896003723e-01
1.339887187792322687e-01
1.305501533576693407e-01
1.288782758160661457e-01
1.277221033349633106e-01
1.350779362882559009e-01
1.248186021088025510e-01
1.328428474517586999e-01
1.292778646143583066e-01
1.286376636618604963e-01
1.346894626242992332e-01
1.331345932032817481e-01
1.339746899855060458e-01
1.295337774384862362e-01
1.313249204068993869e-01
1.314685223958431126e-01
1.263411223936157235e-01
1.351837405887169608e-01
1.273776964594920402e-01
1.304433140187309381e-01
1.297222881840589814e-01
1.296334710115423505e-01
1.316787230662810615e-01
1.330940127277221441e-01
1.248767599606743217e-01
1.250926519147096405e-01
1.293770696776799789e-01
1.278916419937442539e-01
1.272959635616877083e-01
1.330623389150087654e-01
1.285904220520303898e-01
1.304189085052945563e-01
1.317421821447519181e-01
1.261954059490026647e-01
1.275380674606332310e-01
1.367313731557283640e-01
1.369832827781255480e-01
1.239764644883764033e-01
1.358408257174186229e-01
1.222232974301546010e-01
1.257627784823759920e-01
1.297376061383730406e-01
1.339660302616464682e-01
1.326258517801761627e-01
1.299727034874451348e-01
1.241909924512490243e-01
1.262009175542073425e-01
1.310362662785710397e-01
1.257628652099997690e-01
1.291230949549338758e-01
1.330889804049944225e-01
1.234484801355462819e-01
1.265707079703227156e-01
1.303775191354827889e-01
1.275216451726662870e-01
1.279167934153706554e-01
1.245846906342567562e-01
1.301579099076871637e-01
1.317355695586555908e-01
1.318277535052635729e-01
1.241490201117136510e-01
1.274776555502261932e-01
1.284033675081072690e-01
1.251463364785871391e-01
1.259114505770878856e-01
1.281106316508391074e-01
1.236059747540797921e-01
1.273331273872500835e-01
1.269860317118657045e-01
1.318608033351409137e-01
1.327086696066917537e-01
1.294759159668897874e-01
1.178332831519536550e-01
1.248308525635645899e-01
1.263969585442772381e-01
1.265828094039207763e-01
1.303277293650003665e-01
1.266641620021217995e-01
1.280329149216413442e-01
1.315469611436128616e-01
1.347642848936793092e-01
1.252371713232535710e-01
1.300609120908073901e-01
1.267297556719336749e-01
1.328169666326198817e-01
1.157831302055945810e-01
1.266851155851513866e-01
1.221756675925392416e-01
1.323384146086680480e-01
1.262670483296880475e-01
1.282087919230644468e-01
1.242000092250796495e-01
1.332691014720461253e-01
1.290303014027766593e-01
1.242368190525433985e-01
1.224407739411944029e-01
1.212729669199922172e-01
1.203050424464238016e-01
1.184510794110023024e-01
1.286901889607692251e-01
1.300154497894721040e-01
1.240899877766003939e-01
1.257580880457774275e-01
1.257308752108843020e-01
1.231019453933605845e-01
1.236358856830077346e-01
1.230665516776916352e-01
1.313492294162129648e-01
1.268986912205433137e-01
1.308286677234065942e-01
1.225760962909612922e-01
1.181535466263691631e-01
1.225614355924802001e-01
1.278109926348313385e-01
1.216410039518124042e-01
1.265997803889405970e-01
1.266027898694842280e-01
1.319951133611492744e-01
1.290841005933590357e-01
1.266955650913027531e-01
1.322933678682415848e-01
1.231205793766257106e-01
1.276099045402728505e-01
1.274607828077979621e-01
1.204728540224142552e-01
1.201147983232751931e-01
1.283478538052011675e-01
1.271709874940988305e-01
1.258611914582359603e-01
1.252256787549226591e-01
1.299756836337156718e-01
1.290367930888747516e-01
1.311260277548661479e-01
1.340432132856968217e-01
1.308752652878562572e-01
1.214507322758436175e-01
1.224010447326761009e-01
1.218480848969939467e-01
1.284322912971942732e-01
1.261710389015766320e-01
1.260327438322397242e-01
1.288925968444882275e-01
1.191598592564845766e-01
1.247289645796020863e-01
1.212431222009353188e-01
1.213008548395756031e-01
1.241066861229065121e-01
1.254907638933031866e-01
1.242192313218346000e-01
1.268897302592029985e-01
1.193048936243240599e-01
1.309586605009360194e-01
1.250149315652938908e-01
1.240062817262533451e-01
1.213911477094277297e-01
1.226846994259036538e-01
1.254819058932555020e-01
1.272998233254139244e-01
1.234631550999788080e-01
1.256231590771140216e-01
1.252713858078305653e-01
1.244335177999276315e-01
1.206261479176389817e-01
1.203434565223944486e-01
1.209124719819579391e-01
1.239802909680666060e-01
1.233702975349166425e-01
1.271618814494174243e-01
1.171535875170658797e-01
1.218850469025663796e-01
1.285739002797083863e-01
1.191659554409292970e-01
1.262058830987184410e-01
1.285411915049338993e-01
1.215645391541795850e-01
1.187659102420394186e-01
1.204721812493144001e-01
1.317421134370259650e-01
1.231913999630472600e-01
1.298380799687061660e-01
1.222207970248583020e-01
1.191141831999023709e-01
1.231787949800491333e-01
1.267770948557135346e-01
1.183122235851792187e-01
1.228731636578837966e-01
1.170150037425068679e-01
1.258408392516848495e-01
1.264137215148180005e-01
1.249580310371059683e-01
1.247917600262623550e-01
1.156055127055599097e-01
1.339906465453215012e-01
1.213983317025196795e-01
1.223986656715472521e-01
1.219518933301934893e-01
1.258766912974608188e-01
1.228034259751439039e-01
1.231941605989749638e-01
1.255270316193883295e-01
1.239300772547721891e-01
1.247507309254545366e-01
1.208786182965223555e-01
1.197069696556681273e-01
1.277313721628907384e-01
1.239094390032383086e-01
1.195889372760668840e-01
1.182539106083986130e-01
1.257519404332225199e-01
1.231184038261954605e-01
1.250438337094890717e-01
1.191353936894581911e-01
1.197938290448525012e-01
1.232504951887023747e-01
1.219660077196283166e-01
1.184958526530326961e-01
1.262436360884935382e-01
1.302099109937747412e-01
1.254177490917917914e-01
1.207070255317749113e-01
1.198657249936308650e-01
1.220806189932120145e-01
1.260496508712187769e-01
1.172804454771372018e-01
1.238973108956064884e-01
1.196981984572723923e-01
1.181803199868553672e-01
1.229729401114850462e-01
1.254083778422612483e-01
1.220746587579831094e-01
1.236568175447292778e-01
1.213553491549996255e-01
1.167183906222001161e-01
1.160399914934084897e-01
1.238237706180184278e-01
1.163927192871387212e-01
1.160962970879597517e-01
1.207430607806413564e-01
1.213543618336701962e-01
1.233034861059142950e-01
1.199900316456571636e-01
1.203565576806282372e-01
1.200372323011740655e-01
1.220447627779765037e-01
1.235978054503599766e-01
1.155735106947712448e-01
1.192940969402209311e-01
1.234811560274698822e-01
1.148012401727147580e-01
1.202673959665191417e-01
1.206923548036660937e-01
1.210414488011827827e-01
1.219408184576492998e-01
1.238448235851067752e-01
1.218712963068332433e-01
1.253039626452403243e-01
1.154357941057055359e-01
1.191069342148227544e-01
1.201060671454820816e-01
1.173794564814903824e-01
1.243597998307683500e-01
1.243593663932421323e-01
1.257497985107012273e-01
1.167602549665249373e-01
1.247441786699570176e-01
1.193372563291818650e-01
1.208031443592447463e-01
1.212370062008118060e-01
1.219802624760912002e-01
1.148781890765978725e-01
1.177400476609667124e-01
1.204097382915325642e-01
1.218901126573865290e-01
1.172827659031519532e-01
1.186325243459298018e-01
1.276081607844203047e-01
1.141383779259064202e-01
1.198686874925326135e-01
1.201420278789905455e-01
1.189522627788858478e-01
1.236805016867434381e-01
1.186296163031305972e-01
1.256449624609488613e-01
1.223842189432336747e-01
1.248090737188855825e-01
1.214146144258288207e-01
1.161332093943387989e-01
1.213410455876818006e-01
1.210674221651294319e-01
1.227142122072669150e-01
1.203097755949084635e-01
1.200347514966359497e-01
1.202490592518678098e-01
1.257809360869801829e-01
1.289704946466745383e-01
1.233235124737406402e-01
1.181532737798988847e-01
1.188462488974134090e-01
1.253961447339791424e-01
1.225575841724490522e-01
1.266108764956394850e-01
1.188225289233602044e-01
1.165145956505185543e-01
1.185470211247985212e-01
1.181479279047403519e-01
1.218363138393331740e-01
1.143537472169368630e-01
1.253130832209418954e-01
1.193981717412288396e-01
1.175473839713212787e-01
1.243723525379139688e-01
1.217578704301745529e-01
1.158756882382126902e-01
1.186855958631405500e-01
1.276037999357168551e-01
1.187274149117561461e-01
1.230924841828453242e-01
1.179757919687873247e-01
1.178453651806100760e-01
1.173084481213337305e-01
1.230101819365070348e-01
1.224016074950878413e-01
1.175336748552628097e-01
1.180420086599695412e-01
1.174076345964119999e-01
1.177486544045118211e-01
1.248635202550735235e-01
1.162394904650938809e-01
1.192609609415133803e-01
1.127575752182075619e-01
1.145270336992465499e-01
1.211995112017179160e-01
1.244714178431492596e-01
1.245202547034774121e-01
1.250441866186566831e-01
1.191370920588572802e-01
1.272112028816571594e-01
1.181409119795530233e-01
1.131018848994221476e-01
1.175188481568908011e-01
1.158292514200394002e-01
1.232376572890923616e-01
1.191810364333482919e-01
1.145046109285874220e-01
1.237267676072243000e-01
1.215316446975637649e-01
1.222512704582932735e-01
1.147705174266145794e-01
1.203920637902159002e-01
1.170598038973716531e-01
1.172185826330230801e-01
1.282577682955142739e-01
1.189692864719873872e-01
1.112321653236181263e-01
1.155162823601410954e-01
1.176155976855602081e-01
1.161440692842006656e-01
1.258331889668718451e-01
1.183470247313380269e-01
1.161889786951434966e-01
1.174477660407622637e-01
1.188627379253888727e-01
1.175840946583029539e-01
1.179142000249181060e-01
1.148597924373088719e-01
1.181317458884456190e-01
1.228540684120395243e-01
1.226400694881494280e-01
1.144190725894310562e-01
1.166562741001447023e-01
1.156386830533544241e-01
1.182258381341130260e-01
1.165127021714280758e-01
1.145463564839118570e-01
1.240188846173576886e-01
1.218972943341120746e-01
1.188045916362450716e-01
1.187412948849109473e-01
1.213487007058201700e-01
1.182806407173092600e-01
1.210861188741639699e-01
1.211316590460065068e-01
1.137830561361251741e-01
1.188076504076329559e-01
1.171902014659001318e-01
1.131819141455567834e-01
1.142147712552776667e-01
1.225304398064812061e-01
1.179419982653015647e-01
1.225472181844405595e-01
1.147789557345020445e-01
1.202923313833964142e-01
1.114885951225192129e-01
1.163054002830997552e-01
1.214718929133736108e-01
1.213299321153989141e-01
1.177194430230137645e-01
1.195731058000372021e-01
1.136227591345325555e-01
1.181381251257008491e-01
1.219850189362963050e-01
1.159195104136298837e-01
1.248526623711372074e-01
1.219340259686876593e-01
1.179967770018638673e-01
1.129808056908540304e-01
1.151386342417353298e-01
1.224422564204686731e-01
1.227056241761415450e-01
1.232683724222274901e-01
1.197950290086177705e-01
1.203722771113881762e-01
1.124445665030716357e-01
1.163012478428964436e-01
1.197889827144069524e-01
1.204022047993464350e-01
1.270715169990674076e-01
1.101977112870185793e-01
1.131626251941690031e-01
1.215093658425104861e-01
1.206353822961831745e-01
1.186460842020236467e-01
1.117275883372013390e-01
1.151924626471904634e-01
1.219482264266564253e-01
1.153776059643580321e-01
1.191833988405190947e-01
1.147409141159210499e-01
1.184238816778629272e-01
1.168812752916262715e-01
1.158184291412815009e-01
1.124679919380025955e-01
1.119511636451650943e-01
1.189849331688422468e-01
1.188752179678815996e-01
1.172456636045796780e-01
1.186312212871435401e-01
1.143175178661178376e-01
1.226821653926983835e-01
1.161144418976245846e-01
1.195494091042723361e-01
1.150330793112516459e-01
1.186177343130111750e-01
1.157612637545053780e-01
1.191904998551576583e-01
1.132002359017347665e-01
1.187393470022540809e-01
1.196725193458871989e-01
1.162723213577499803e-01
1.137560106288546119e-01
1.102614321196690589e-01
1.143673201258748051e-01
1.160774737835312542e-01
1.178643517387218953e-01
1.170127094651643995e-01
1.249142610300809919e-01
1.214848083467819778e-01
1.193463091810162274e-01
1.127982702918159663e-01
1.147684367373585645e-01
1.161521377567297370e-01
1.153778005200318812e-01
1.183299866337806788e-01
1.172666350761667337e-01
1.183244794272841488e-01
1.199941214174032184e-01
1.171936147344800200e-01
1.142996679370602009e-01
1.145548537755623902e-01
1.148296386767656413e-01
1.181489441042336136e-01
1.177248585443848167e-01
1.151502352828780856e-01
1.151278518283596342e-01
1.166417126376659424e-01
1.186519113488686411e-01
1.246468155716474180e-01
1.180619519848663118e-01
1.126041490489091690e-01
1.176205143428001587e-01
1.167825714852183255e-01
1.216884787218310837e-01
1.098060676804146762e-01
1.161748308210800856e-01
1.107664918861328007e-01
1.136821532574219529e-01
1.114393275852004622e-01
1.150259180997426633e-01
1.112303000707656891e-01
1.171006996232347580e-01
1.190097703001437995e-01
1.193799535194650652e-01
1.226296660466453942e-01
1.173160085478463233e-01
1.172783449865304473e-01
1.180757005675098781e-01
1.209456914844803388e-01
1.150543202240115609e-01
1.220913521181314354e-01
1.115503165823144849e-01
1.159538426699164571e-01
1.101309591665481924e-01
1.138953701330301105e-01
1.171652064730341614e-01
1.189518412097524402e-01
1.160770694605815084e-01
1.163178112071294040e-01
1.159575046350558580e-01
1.207978286422215913e-01
1.130910168043696012e-01
1.147832812502598138e-01
1.143299963898383592e-01
1.147713500194442598e-01
1.145013917094239858e-01
1.098640071514707384e-01
1.176073118518942417e-01
1.150836465928034846e-01
1.132261731255895104e-01
1.123622076776929352e-01
1.253127700243240883e-01
1.088282798154231873e-01
1.163222154172567219e-01
1.123170310201553196e-01
1.174845812651209298e-01
1.089253442075390071e-01
1.182537509988133700e-01
1.182985328663236080e-01
1.186624236381015746e-01
1.201320879304638295e-01
1.166651789958660368e-01
1.105283491217937258e-01
1.105841209300053446e-01
1.084610835004311408e-01
1.149941675030650284e-01
1.212154991256120945e-01
1.169914571043008389e-01
1.145647796396261631e-01
1.203145960107063622e-01
1.161673731433275486e-01
1.137182974614776160e-01
1.171621147734232399e-01
1.078307153704838872e-01
1.145065040399248779e-01
1.158709443819064405e-01
1.117727751151109394e-01
1.211678117895737677e-01
1.134284303165399160e-01
1.168914828067406653e-01
1.170185342431068476e-01
1.147242799114722434e-01
1.147804978303611223e-01
1.180903050523155751e-01
1.142849997736704593e-01
1.172904088233525932e-01
1.181209712981795695e-01
1.142342491218676925e-01
1.198435461196379753e-01
1.169054508639069678e-01
1.141729817200356628e-01
1.154207373611055854e-01
1.176674412921644153e-01
1.135782387871772797e-01
1.203649454750120584e-01
1.146614024582772728e-01
1.156913150245180433e-01
1.214456428296099844e-01
1.148244920210578501e-01
1.113025519805840996e-01
1.121057131542609331e-01
1.083230708415309634e-01
1.173101678920479979e-01
1.135554161304846849e-01
1.131430735190709497e-01
1.148704032055460483e-01
1.079856289598422198e-01
1.139621878568178592e-01
1.121377011856589528e-01
1.200211904942989349e-01
1.117209559640823247e-01
1.201638366644963291e-01
1.152080346280947715e-01
1.104610130190849249e-01
1.143726360530425284e-01
1.138121848782667755e-01
1.119859819897474351e-01
1.192538361280010284e-01
1.171377028505771606e-01
1.090770843271643697e-01
1.169268517540051344e-01
1.172255071405416821e-01
1.173631050217992244e-01
1.095916271352997129e-01
1.179925334377166513e-01
1.167221036668007195e-01
1.146553285372180764e-01
1.196051113976117908e-01
1.147144238392894117e-01
1.131882161666185466e-01
1.147811604472689095e-01
1.109557876649957392e-01
1.129910720368990512e-01
1.084698843220487652e-01
1.124462814141924533e-01
1.145908495984398340e-01
1.168788607494953419e-01
1.113517058487886041e-01
1.143399135042459519e-01
1.165507917937177867e-01
1.150687414579666529e-01
1.131224046389643911e-01
1.158876721054697689e-01
1.166531465517786775e-01
1.123540686109127107e-01
1.111887295658771785e-01
1.171443673805930702e-01
1.135878927671374466e-01
1.153770509343116646e-01
1.108001898783139705e-01
1.153121589277035092e-01
1.116554056318142529e-01
1.174310538870019793e-01
1.137492917358684241e-01
1.039855527118421497e-01
1.172522768760338868e-01
1.164822918195755064e-01
1.125072337734775718e-01
1.159861475133742992e-01
1.109406466285387666e-01
1.130062353391295821e-01
1.122263347204679046e-01
1.121170280381846157e-01
1.187805250525856698e-01
1.095935315753404915e-01
1.181302950836909116e-01
1.150724278428615632e-01
1.115248346892304954e-01
1.105305463457718906e-01
1.143728826338281934e-01
1.088095488408819256e-01
1.136182623652693541e-01
1.134825161873148081e-01
1.171553152207380627e-01
1.114685379303036600e-01
1.167948352005810375e-01
1.086687235830303966e-01
1.105807279069454252e-01
1.135990617987819168e-01
1.150922549840731474e-01
1.140137060378224459e-01
1.150681281080230683e-01
1.104460872829151480e-01
1.103813411954503859e-01
1.154655293251077297e-01
1.144030354773769020e-01
1.161340772341459271e-01
1.128673880599821294e-01
1.157198415161707489e-01
1.115747250043428868e-01
1.111201034572261992e-01
1.130881768102065116e-01
1.100756408837743339e-01
1.127128127389229323e-01
1.165915259900383444e-01
1.170360782016546253e-01
1.073910752693429949e-01
1.186384928961976976e-01
1.198191477893254669e-01
1.112943914504005427e-01
1.130465412034820233e-01
1.157491881973468362e-01
1.152039352995462840e-01
1.117907725799924257e-01
1.094172414344472821e-01
1.117658147636132332e-01
1.106785780535294444e-01
1.161040665390781906e-01
1.149355019275576650e-01
1.131688918249729309e-01
1.158132948602239309e-01
1.114511480077337024e-01
1.128652376863054779e-01
1.138284396236905749e-01
1.108084938130699665e-01
1.174227907728308262e-01
1.182404844806744515e-01
1.136801058713060170e-01
1.145804512911500067e-01
1.161405881245931027e-01
1.091201232364162471e-01
1.112031014397358297e-01
1.072892963551940054e-01
1.127994087453071947e-01
1.158841118407555049e-01
1.123715095604077424e-01
1.138585214431469261e-01
1.127985232342512134e-01
1.086457321611352389e-01
1.164531297742938398e-01
1.116254839664086312e-01
1.127308502936592433e-01
1.131370023895914706e-01
1.145203353455051393e-01
1.186808495758435722e-01
1.144799633047137444e-01
1.180720830766054247e-01
1.090559850136438996e-01
1.135445490670509844e-01
1.150620467292192695e-01
1.170167026993555875e-01
1.102009851389970513e-01
1.120124240907338919e-01
1.174152465967031600e-01
1.170122195799381259e-01
1.089111077933548333e-01
1.238436361679281922e-01
1.191020658239722307e-01
1.098474005905863554e-01
1.103230439269771990e-01
1.133234960050919088e-01
1.116325096298868835e-01
1.104480100652346225e-01
1.078320836122983600e-01
1.148789129482629956e-01
1.167349876358340921e-01
1.129348484417184856e-01
1.090680285524099347e-01
1.171277613641742016e-01
1.109107859767018284e-01
1.170641883539083744e-01
1.161113758404285490e-01
1.159427909753643487e-01
1.148318420474727930e-01
1.096116653524148166e-01
1.157595817095194157e-01
1.100702084744205889e-01
1.154473481174462940e-01
1.156588162558200988e-01
1.167023109463162928e-01
1.124151396493499044e-01
1.119049152598167035e-01
1.122542487696195218e-01
1.139116403002005395e-01
1.078881492933783798e-01
1.158963567839983166e-01
1.122720211601028056e-01
1.090222952696375397e-01
1.203983307457887203e-01
1.143651139898559932e-01
1.152792336132663908e-01
1.151531468312709805e-01
1.103095967656908954e-01
1.133238110452508274e-01
1.132534121616910611e-01
1.047115541230409508e-01
1.183855930582071031e-01
1.215547052904581427e-01
1.092726125501287254e-01
1.109561458612099705e-01
1.141510042051474272e-01
1.174956918455278276e-01
1.105216318836960976e-01
1.137339091835877780e-01
1.150715143109361377e-01
1.140859739138529866e-01
1.108621327397532885e-01
1.119019504636526163e-01
1.155126860269751338e-01
1.120793673138205798e-01
1.145488238296447636e-01
1.084558532549402682e-01
1.118940570487234887e-01
1.160779829590748574e-01
1.165695474889033856e-01
1.129598251615579335e-01
1.160860455380036266e-01
1.064024991690157296e-01
1.136240570734326633e-01
1.091587070184640434e-01
1.208450964246040732e-01
1.088422057911371532e-01
1.157507010281850074e-01
1.089271493112811684e-01
1.092584841430951359e-01
1.131381187587976456e-01
1.174804230172855762e-01
1.206137253974492729e-01
1.104146756709386140e-01
1.071136421929949345e-01
1.124421855076574300e-01
1.161916397559719233e-01
1.172177487888779457e-01
1.124947808587398318e-01
1.185371792373748900e-01
1.126986161065407221e-01
1.124296527355909403e-01
1.141000759525176850e-01
1.095720906526996552e-01
1.107741036858314182e-01
1.154676891958866386e-01
1.167065500401151534e-01
1.113170038240078180e-01
1.080264332202764688e-01
1.158505330960720031e-01
1.110478030947538580e-01
1.152216075656887773e-01
1.110558455189069177e-01
1.154388800597725834e-01
1.101060268397514585e-01
1.182650192139240442e-01
1.135501326037905157e-01
1.121763249620413155e-01
1.117632408936818506e-01
1.124108207865785330e-01
1.151360463971893011e-01
1.097619866952300044e-01
1.129942531195970712e-01
1.061092342990331144e-01
1.157638795960408001e-01
1.190010758260121732e-01
1.133847528208906802e-01
1.146872416568490149e-01
1.146657958435706587e-01
1.091172149930244861e-01
1.123421325754278693e-01
1.103687329743153062e-01
1.166119768833502740e-01
1.149968649427860201e-01
1.176560974178405966e-01
1.136769186132229326e-01
1.185295738566380236e-01
1.118814352302788112e-01
1.114104886181079418e-01
1.165524171617550730e-01
1.139051961688659076e-01
1.125063470111061364e-01
1.200317922310951413e-01
1.118968979861491714e-01
1.147169376508547778e-01
1.086374252461470152e-01
1.130668650261866803e-01
1.047306815353341580e-01
1.162167054577133568e-01
1.161974348892004100e-01
1.093142800749494492e-01
1.172154760131469131e-01
1.110842955322601799e-01
1.140465738633886367e-01
1.070047421810718657e-01
1.143675748784190593e-01
1.077474159928850650e-01
1.118289120734120012e-01
1.190575389669109585e-01
1.118886825891259457e-01
1.078627004789618343e-01
1.142653486810815688e-01
1.103081172762008788e-01
1.153286145379145977e-01
1.084497980439128040e-01
1.160942622579825279e-01
1.124641270639422652e-01
1.091629802010571360e-01
1.195306964935018423e-01
1.137047871851768199e-01
1.133315629540727620e-01
1.180213393452457932e-01
1.144149619178512212e-01
1.160593715615761551e-01
1.105806590034029424e-01
1.076483107721194210e-01
1.131693144973654058e-01
1.122540624668964954e-01
1.136079151469927551e-01
1.049432114984553549e-01
1.126315871301369759e-01
1.122516366629264239e-01
1.142827521484249681e-01
1.114643108529540239e-01
1.098322641820861784e-01
1.111778427201968039e-01
1.176795972558932479e-01
1.147740957542107698e-01
1.118878616688725319e-01
1.185333341885453640e-01
1.124821570725777209e-01
1.109735429191436584e-01
1.123990582039531977e-01
1.078294924770792362e-01
1.177996246621776794e-01
1.099744218664291534e-01
1.124413343433004198e-01
1.136298890583790216e-01
1.167444608914546544e-01
1.145250903299221690e-01
1.186951178245437416e-01
1.164736322867564733e-01
1.147977209052978426e-01
1.133548654568118930e-01
1.114925908879974004e-01
1.126964539432754875e-01
1.075271000608037653e-01
1.141585738517535004e-01
1.081134697852226406e-01
1.163838927419139774e-01
1.177344810026578481e-01
1.114305583091500518e-01
1.118861557151644703e-01
1.124412342165716228e-01
1.107219115663797410e-01
1.137314374534747485e-01
1.091028202277345566e-01
1.139753905960764618e-01
1.164730965661314871e-01
1.105451218162973731e-01
1.147080591903665153e-01
1.120828330707855647e-01
1.122826198068184733e-01
1.136445115057703736e-01
1.139334408446955327e-01
1.097997436729761245e-01
1.093782428652048111e-01
1.089792081799644680e-01
1.164770714365519072e-01
1.107737495014682744e-01
1.133125632141645106e-01
1.083582935759272309e-01
1.207347962479942832e-01
1.094012769965980320e-01
1.224051156343940044e-01
1.092658076960689034e-01
1.134827773922529037e-01
1.153680750765861546e-01
1.114891411832127782e-01
1.121121893827922850e-01
1.193979483957474108e-01
1.115397201325648846e-01
1.117934786117611851e-01
1.159932040633299410e-01
1.210108580402074752e-01
1.142622171399685083e-01
1.158430534773148002e-01
1.117552575344840649e-01
1.107087197880714385e-01
1.112659778780279995e-01
1.163652577843421604e-01
1.194894113506262123e-01
1.138473161806662914e-01
1.125048872035665365e-01
1.145699661941482483e-01
1.081849953446250706e-01
1.169727425162608858e-01
