8.353117942810058594e+00
1.101023292541503906e+01
1.304430961608886719e+01
1.450002574920654297e+01
1.556430053710937500e+01
1.651462173461914062e+01
1.730587387084960938e+01
1.807460403442382812e+01
1.891285705566406250e+01
1.956922149658203125e+01
2.018900108337402344e+01
2.089065361022949219e+01
2.155888938903808594e+01
2.219405364990234375e+01
2.278604888916015625e+01
2.342481231689453125e+01
2.406571578979492188e+01
2.465360260009765625e+01
2.519004058837890625e+01
2.564152717590332031e+01
2.615844154357910156e+01
2.672159194946289062e+01
2.718206787109375000e+01
2.755267715454101562e+01
2.800743103027343750e+01
2.842882537841796875e+01
2.876017761230468750e+01
2.912168312072753906e+01
2.949041366577148438e+01
2.980547332763671875e+01
3.011282920837402344e+01
3.033500480651855469e+01
3.063420486450195312e+01
3.085943794250488281e+01
3.103905487060546875e+01
3.128206062316894531e+01
3.145096206665039062e+01
3.162314605712890625e+01
3.176704788208007812e+01
3.189454650878906250e+01
3.203451538085937500e+01
3.217842483520507812e+01
3.231061553955078125e+01
3.241886901855468750e+01
3.244589233398437500e+01
3.244182586669921875e+01
3.239660644531250000e+01
3.251045989990234375e+01
3.242880630493164062e+01
3.251937103271484375e+01
3.248024749755859375e+01
3.257820892333984375e+01
3.255027008056640625e+01
3.251433563232421875e+01
3.268934249877929688e+01
3.271607971191406250e+01
3.256308364868164062e+01
3.252336120605468750e+01
3.245069885253906250e+01
3.225052642822265625e+01
3.236822509765625000e+01
3.243651580810546875e+01
3.240771102905273438e+01
3.235548400878906250e+01
3.221328353881835938e+01
3.220877075195312500e+01
3.210931396484375000e+01
3.212567901611328125e+01
3.195228004455566406e+01
3.196361351013183594e+01
3.188148880004882812e+01
3.187462615966796875e+01
3.181846237182617188e+01
3.178989410400390625e+01
3.179442977905273438e+01
3.184062194824218750e+01
3.175367927551269531e+01
3.166846847534179688e+01
3.164179039001464844e+01
3.163641548156738281e+01
3.160983848571777344e+01
3.174268913269042969e+01
3.153984832763671875e+01
3.155263137817382812e+01
3.158744239807128906e+01
3.157353973388671875e+01
3.161563301086425781e+01
3.176143455505371094e+01
3.170028877258300781e+01
3.165546607971191406e+01
3.153983879089355469e+01
3.154931640625000000e+01
3.160205459594726562e+01
3.148064231872558594e+01
3.142999839782714844e+01
3.142131805419921875e+01
3.133480644226074219e+01
3.134446525573730469e+01
3.139451026916503906e+01
3.152257919311523438e+01
3.146266174316406250e+01
3.146676445007324219e+01
3.150989723205566406e+01
3.149836921691894531e+01
3.148252105712890625e+01
3.144559097290039062e+01
3.146993255615234375e+01
3.142274475097656250e+01
3.140520668029785156e+01
3.131606483459472656e+01
3.133000946044921875e+01
3.141067314147949219e+01
3.137158012390136719e+01
3.140472984313964844e+01
3.153916358947753906e+01
3.152200508117675781e+01
3.154311370849609375e+01
3.158805847167968750e+01
3.135760116577148438e+01
3.136213302612304688e+01
3.142421340942382812e+01
3.138393783569335938e+01
3.140759658813476562e+01
3.140622520446777344e+01
3.142701721191406250e+01
3.141373443603515625e+01
3.127419281005859375e+01
3.142138290405273438e+01
3.128831481933593750e+01
3.134540367126464844e+01
3.131342697143554688e+01
3.144609260559082031e+01
3.138099098205566406e+01
3.136005210876464844e+01
3.126295852661132812e+01
3.138032913208007812e+01
3.135787963867187500e+01
3.146133613586425781e+01
3.136743927001953125e+01
3.124585723876953125e+01
3.128812026977539062e+01
3.140940093994140625e+01
3.142547607421875000e+01
3.158886718750000000e+01
3.142606353759765625e+01
3.137669372558593750e+01
3.143154525756835938e+01
3.139744949340820312e+01
3.134319686889648438e+01
3.132718086242675781e+01
3.129861450195312500e+01
3.139725112915039062e+01
3.144850158691406250e+01
3.147357940673828125e+01
3.155762481689453125e+01
3.153810501098632812e+01
3.156220245361328125e+01
3.155403709411621094e+01
3.143845939636230469e+01
3.150447845458984375e+01
3.145144081115722656e+01
3.141846656799316406e+01
3.142259216308593750e+01
3.153525924682617188e+01
3.160478973388671875e+01
3.162191009521484375e+01
3.158896064758300781e+01
3.174565505981445312e+01
3.179520606994628906e+01
3.171041297912597656e+01
3.157308197021484375e+01
3.157373619079589844e+01
3.166679000854492188e+01
3.187007522583007812e+01
3.173656845092773438e+01
3.180698394775390625e+01
3.178754806518554688e+01
3.166794013977050781e+01
3.175256347656250000e+01
3.172305679321289062e+01
3.170648574829101562e+01
3.151767921447753906e+01
3.163923263549804688e+01
3.175424957275390625e+01
3.168126869201660156e+01
3.169953727722167969e+01
3.169966888427734375e+01
3.166907119750976562e+01
3.174610137939453125e+01
3.174569129943847656e+01
3.166544342041015625e+01
3.176786422729492188e+01
3.169254493713378906e+01
3.192048645019531250e+01
3.189712524414062500e+01
3.193235969543457031e+01
3.194282913208007812e+01
3.184417724609375000e+01
3.175018119812011719e+01
3.174291610717773438e+01
3.186098480224609375e+01
3.174422645568847656e+01
3.169625091552734375e+01
3.176288414001464844e+01
3.179836463928222656e+01
3.174011993408203125e+01
3.199474525451660156e+01
3.191454315185546875e+01
3.194669723510742188e+01
3.180946731567382812e+01
3.176272392272949219e+01
3.178406524658203125e+01
3.192008590698242188e+01
3.184014892578125000e+01
3.191901779174804688e+01
3.187785530090332031e+01
3.200483703613281250e+01
3.210010910034179688e+01
3.200385665893554688e+01
3.198568916320800781e+01
3.191764831542968750e+01
3.174807739257812500e+01
3.177212905883789062e+01
3.177949905395507812e+01
3.167716598510742188e+01
3.173756408691406250e+01
3.165998840332031250e+01
3.175846672058105469e+01
3.190329742431640625e+01
3.198675918579101562e+01
3.204429244995117188e+01
3.192292785644531250e+01
3.193936157226562500e+01
3.197200012207031250e+01
3.197750091552734375e+01
3.190648078918457031e+01
3.192390441894531250e+01
3.186329650878906250e+01
3.196439361572265625e+01
3.201979827880859375e+01
3.194997787475585938e+01
3.192366790771484375e+01
3.189440536499023438e+01
3.193879318237304688e+01
3.212721252441406250e+01
3.196401596069335938e+01
3.184079360961914062e+01
3.193677902221679688e+01
3.192629051208496094e+01
3.203450775146484375e+01
3.198546028137207031e+01
3.196706962585449219e+01
3.181362152099609375e+01
3.178160858154296875e+01
3.186528396606445312e+01
3.197287178039550781e+01
3.209735107421875000e+01
3.208562088012695312e+01
3.206039047241210938e+01
3.196409988403320312e+01
3.202274322509765625e+01
3.213269042968750000e+01
3.217951202392578125e+01
3.210184478759765625e+01
3.216323089599609375e+01
3.215057373046875000e+01
3.222974395751953125e+01
3.211316680908203125e+01
3.206963348388671875e+01
3.205439758300781250e+01
3.196542358398437500e+01
3.188762283325195312e+01
3.214279556274414062e+01
3.202966308593750000e+01
3.202941131591796875e+01
3.211272048950195312e+01
3.219768142700195312e+01
3.218129348754882812e+01
3.219646453857421875e+01
3.215517425537109375e+01
3.205324172973632812e+01
3.216571807861328125e+01
3.218446350097656250e+01
3.209126281738281250e+01
3.199973487854003906e+01
3.203214645385742188e+01
3.209276962280273438e+01
3.213643264770507812e+01
3.230616760253906250e+01
3.210730743408203125e+01
3.226876068115234375e+01
3.232427215576171875e+01
3.240095901489257812e+01
3.232704544067382812e+01
3.223211669921875000e+01
3.221994400024414062e+01
3.220701217651367188e+01
3.220530319213867188e+01
3.225478744506835938e+01
3.218192291259765625e+01
3.236460876464843750e+01
3.241323089599609375e+01
3.252849197387695312e+01
3.227642440795898438e+01
3.229588317871093750e+01
3.232066726684570312e+01
3.232715606689453125e+01
3.237919616699218750e+01
3.240826416015625000e+01
3.235011291503906250e+01
3.249619293212890625e+01
3.220039367675781250e+01
3.212498092651367188e+01
3.207914733886718750e+01
3.211195755004882812e+01
3.212912750244140625e+01
3.214891815185546875e+01
3.226248168945312500e+01
3.216286849975585938e+01
3.209081268310546875e+01
3.217744064331054688e+01
3.222093963623046875e+01
3.215999221801757812e+01
3.222086334228515625e+01
3.235430908203125000e+01
3.236471939086914062e+01
3.231432342529296875e+01
3.231641006469726562e+01
3.232204055786132812e+01
3.230091857910156250e+01
3.243663024902343750e+01
3.235082244873046875e+01
3.221002960205078125e+01
3.220151901245117188e+01
3.233311843872070312e+01
3.228594589233398438e+01
3.232020187377929688e+01
3.222388458251953125e+01
3.224408721923828125e+01
3.223580551147460938e+01
3.226864242553710938e+01
3.213880920410156250e+01
3.213100051879882812e+01
3.218929290771484375e+01
3.226403045654296875e+01
3.203427124023437500e+01
3.219433593750000000e+01
3.221799850463867188e+01
3.223254013061523438e+01
3.214453887939453125e+01
3.215530014038085938e+01
3.217854309082031250e+01
3.219882202148437500e+01
3.221469497680664062e+01
3.219250869750976562e+01
3.217718124389648438e+01
3.223947906494140625e+01
3.232427215576171875e+01
3.220937347412109375e+01
3.211318969726562500e+01
3.221690750122070312e+01
3.211364364624023438e+01
3.224459838867187500e+01
3.219881439208984375e+01
3.217752456665039062e+01
3.227275848388671875e+01
3.223996734619140625e+01
3.228767395019531250e+01
3.229597091674804688e+01
3.235183334350585938e+01
3.229695892333984375e+01
3.242460632324218750e+01
3.236578750610351562e+01
3.242898178100585938e+01
3.249285888671875000e+01
3.255888366699218750e+01
3.260085296630859375e+01
3.247598266601562500e+01
3.240944671630859375e+01
3.241236495971679688e+01
3.246427536010742188e+01
3.249047851562500000e+01
3.262837219238281250e+01
3.262927246093750000e+01
3.250159072875976562e+01
3.260536193847656250e+01
3.251599121093750000e+01
3.262060546875000000e+01
3.266145706176757812e+01
3.260192871093750000e+01
3.243621826171875000e+01
3.233423233032226562e+01
3.250203704833984375e+01
3.249058151245117188e+01
3.261001968383789062e+01
3.240012359619140625e+01
3.249193572998046875e+01
3.245993423461914062e+01
3.250863647460937500e+01
3.251425170898437500e+01
3.254392242431640625e+01
3.248329544067382812e+01
3.243507003784179688e+01
3.249706268310546875e+01
3.251702117919921875e+01
3.262883377075195312e+01
3.268884277343750000e+01
3.258388137817382812e+01
3.258424377441406250e+01
3.266831970214843750e+01
3.247068786621093750e+01
3.256661224365234375e+01
3.249595642089843750e+01
3.234354782104492188e+01
3.246866607666015625e+01
3.234972763061523438e+01
3.254979705810546875e+01
3.239532089233398438e+01
3.245034027099609375e+01
3.244218063354492188e+01
3.237474060058593750e+01
3.259378814697265625e+01
3.256922149658203125e+01
3.257803344726562500e+01
3.236778259277343750e+01
3.240625000000000000e+01
3.243961715698242188e+01
3.254821777343750000e+01
3.244912338256835938e+01
3.238724136352539062e+01
3.235155487060546875e+01
3.259953308105468750e+01
3.257532882690429688e+01
3.248649597167968750e+01
3.245915985107421875e+01
3.253219223022460938e+01
3.263262939453125000e+01
3.262934112548828125e+01
3.267007827758789062e+01
3.280331039428710938e+01
3.279410171508789062e+01
3.279444885253906250e+01
3.284078216552734375e+01
3.275555419921875000e+01
3.286114120483398438e+01
3.285911941528320312e+01
3.285735321044921875e+01
3.295704269409179688e+01
3.259070205688476562e+01
3.274185943603515625e+01
3.272944641113281250e+01
3.244925689697265625e+01
3.255729293823242188e+01
3.250608062744140625e+01
3.255049514770507812e+01
3.275178146362304688e+01
3.270521163940429688e+01
3.259886169433593750e+01
3.253262710571289062e+01
3.271237182617187500e+01
3.252175903320312500e+01
3.257490539550781250e+01
3.263715744018554688e+01
3.260255432128906250e+01
3.275180816650390625e+01
3.268302154541015625e+01
3.262537002563476562e+01
3.264116287231445312e+01
3.274534988403320312e+01
3.278332519531250000e+01
3.271826934814453125e+01
3.264055633544921875e+01
3.256199645996093750e+01
3.271401977539062500e+01
3.255354309082031250e+01
3.264466857910156250e+01
3.269709777832031250e+01
3.258222198486328125e+01
3.273542022705078125e+01
3.253277587890625000e+01
3.255999374389648438e+01
3.268183517456054688e+01
3.276828002929687500e+01
3.295166397094726562e+01
3.294377136230468750e+01
3.273153305053710938e+01
3.256840515136718750e+01
3.253057098388671875e+01
3.262628173828125000e+01
3.265027236938476562e+01
3.273998260498046875e+01
3.285045623779296875e+01
3.279495620727539062e+01
3.283616638183593750e+01
3.253098678588867188e+01
3.256843566894531250e+01
3.248166275024414062e+01
3.249018478393554688e+01
3.261497497558593750e+01
3.245236206054687500e+01
3.262395095825195312e+01
3.255622100830078125e+01
3.257994842529296875e+01
3.270950317382812500e+01
3.284915924072265625e+01
3.287853240966796875e+01
3.289157104492187500e+01
3.294015121459960938e+01
3.302978134155273438e+01
3.323012924194335938e+01
3.316582489013671875e+01
3.309827423095703125e+01
3.301419067382812500e+01
3.317852783203125000e+01
3.319663619995117188e+01
3.311444473266601562e+01
3.329315185546875000e+01
3.310947036743164062e+01
3.307793045043945312e+01
3.310739517211914062e+01
3.286454010009765625e+01
3.293974685668945312e+01
3.297791290283203125e+01
3.287240219116210938e+01
3.295334625244140625e+01
3.290995025634765625e+01
3.294593811035156250e+01
3.302719497680664062e+01
3.299414443969726562e+01
3.301942443847656250e+01
3.298696899414062500e+01
3.303733444213867188e+01
3.307970809936523438e+01
3.303513336181640625e+01
3.316915893554687500e+01
3.304898071289062500e+01
3.298960494995117188e+01
3.310774230957031250e+01
3.304583358764648438e+01
3.307311248779296875e+01
3.286126708984375000e+01
3.304901504516601562e+01
3.298036193847656250e+01
3.299290466308593750e+01
3.290541076660156250e+01
3.287432098388671875e+01
3.301188278198242188e+01
3.301649475097656250e+01
3.298277282714843750e+01
3.281732177734375000e+01
3.290037918090820312e+01
3.269793701171875000e+01
3.289220809936523438e+01
3.278925704956054688e+01
3.273188400268554688e+01
3.267757415771484375e+01
3.277250289916992188e+01
3.282217407226562500e+01
3.272282791137695312e+01
3.273201751708984375e+01
3.271482849121093750e+01
3.274530410766601562e+01
3.275901031494140625e+01
3.283940124511718750e+01
3.292702102661132812e+01
3.286105346679687500e+01
3.277707290649414062e+01
3.272607803344726562e+01
3.278441619873046875e+01
3.278651428222656250e+01
3.295223236083984375e+01
3.306188583374023438e+01
3.301379013061523438e+01
3.308452606201171875e+01
3.305630111694335938e+01
3.295534133911132812e+01
3.296141815185546875e+01
3.288312530517578125e+01
3.294237899780273438e+01
3.317903137207031250e+01
3.308264160156250000e+01
3.297963714599609375e+01
3.291409301757812500e+01
3.297816085815429688e+01
3.274023437500000000e+01
3.290410614013671875e+01
3.280060195922851562e+01
3.281169891357421875e+01
3.276921081542968750e+01
3.287653350830078125e+01
3.281341552734375000e+01
3.270902252197265625e+01
3.268462371826171875e+01
3.266427612304687500e+01
3.243595886230468750e+01
3.266577911376953125e+01
3.263079833984375000e+01
3.272300720214843750e+01
3.283179855346679688e+01
3.295195770263671875e+01
3.293831634521484375e+01
3.296031951904296875e+01
3.307007598876953125e+01
3.307535552978515625e+01
3.304751586914062500e+01
3.321066665649414062e+01
3.325654983520507812e+01
3.318630981445312500e+01
3.327426147460937500e+01
3.306002807617187500e+01
3.292118072509765625e+01
3.284856414794921875e+01
3.287853240966796875e+01
3.295440673828125000e+01
3.306217193603515625e+01
3.309808349609375000e+01
3.315879058837890625e+01
3.294112777709960938e+01
3.314308166503906250e+01
3.325044250488281250e+01
3.305605697631835938e+01
3.310848236083984375e+01
3.302134323120117188e+01
3.304249572753906250e+01
3.300776672363281250e+01
3.308883285522460938e+01
3.313097381591796875e+01
3.315723419189453125e+01
3.314056396484375000e+01
3.311612701416015625e+01
3.314268875122070312e+01
3.313183593750000000e+01
3.312224578857421875e+01
3.319800949096679688e+01
3.296525955200195312e+01
3.295782852172851562e+01
3.291906356811523438e+01
3.303365707397460938e+01
3.318164825439453125e+01
3.305353927612304688e+01
3.312092590332031250e+01
3.322075653076171875e+01
3.319635772705078125e+01
3.313461303710937500e+01
3.321439743041992188e+01
3.322019958496093750e+01
3.303830718994140625e+01
3.304999542236328125e+01
3.309984207153320312e+01
3.300539779663085938e+01
3.321717071533203125e+01
3.311820220947265625e+01
3.315032958984375000e+01
3.317110061645507812e+01
3.317169570922851562e+01
3.321811676025390625e+01
3.332288360595703125e+01
3.326988983154296875e+01
3.336292266845703125e+01
3.336026000976562500e+01
3.325004577636718750e+01
3.311099243164062500e+01
3.313063812255859375e+01
3.305590820312500000e+01
3.311395263671875000e+01
3.306465530395507812e+01
3.297109222412109375e+01
3.294505691528320312e+01
3.296939849853515625e+01
3.295322418212890625e+01
3.292146682739257812e+01
3.288537979125976562e+01
3.303025817871093750e+01
3.300474548339843750e+01
3.305007171630859375e+01
3.319682693481445312e+01
3.315357971191406250e+01
3.299507141113281250e+01
3.314813232421875000e+01
3.314343643188476562e+01
3.305768966674804688e+01
3.323233032226562500e+01
3.321434783935546875e+01
3.317309570312500000e+01
3.322083282470703125e+01
3.329605865478515625e+01
3.332324600219726562e+01
3.315170288085937500e+01
3.329111862182617188e+01
3.325222015380859375e+01
3.313190460205078125e+01
3.310958480834960938e+01
3.301400756835937500e+01
3.296232986450195312e+01
3.308988189697265625e+01
3.302749633789062500e+01
3.310042953491210938e+01
3.319600677490234375e+01
3.308354949951171875e+01
3.315221023559570312e+01
3.306907653808593750e+01
3.306473541259765625e+01
3.305103302001953125e+01
3.294224929809570312e+01
3.288345336914062500e+01
3.290836334228515625e+01
3.294723510742187500e+01
3.290105438232421875e+01
3.280826187133789062e+01
3.290080261230468750e+01
3.304974365234375000e+01
3.300238800048828125e+01
3.297911071777343750e+01
3.317136764526367188e+01
3.319729232788085938e+01
3.324282073974609375e+01
3.322843170166015625e+01
3.322501373291015625e+01
3.295328521728515625e+01
3.299902343750000000e+01
3.321954345703125000e+01
3.308349227905273438e+01
3.297613525390625000e+01
3.312594604492187500e+01
3.305113220214843750e+01
3.315467834472656250e+01
3.313451385498046875e+01
3.309687805175781250e+01
3.313766098022460938e+01
3.331032943725585938e+01
3.330860900878906250e+01
3.316117477416992188e+01
3.315440750122070312e+01
3.310402679443359375e+01
3.297930908203125000e+01
3.324917984008789062e+01
3.311626434326171875e+01
3.324151611328125000e+01
3.320196914672851562e+01
3.314379882812500000e+01
3.289957427978515625e+01
3.283972167968750000e+01
3.280123138427734375e+01
3.304673767089843750e+01
3.302422332763671875e+01
3.310366058349609375e+01
3.306235122680664062e+01
3.319386291503906250e+01
3.309468841552734375e+01
3.292023468017578125e+01
3.316094589233398438e+01
3.322266006469726562e+01
3.313432693481445312e+01
3.307047653198242188e+01
3.310088729858398438e+01
3.305972290039062500e+01
3.312494659423828125e+01
3.307513809204101562e+01
3.306020355224609375e+01
3.310694122314453125e+01
3.300602340698242188e+01
3.308789062500000000e+01
3.299538040161132812e+01
3.289116287231445312e+01
3.284707641601562500e+01
3.289134979248046875e+01
3.273741149902343750e+01
3.279550933837890625e+01
3.299501037597656250e+01
3.280999374389648438e+01
3.282067489624023438e+01
3.290446853637695312e+01
3.277193450927734375e+01
3.294028854370117188e+01
3.308609390258789062e+01
3.290940856933593750e+01
3.276323699951171875e+01
3.291326522827148438e+01
3.291345977783203125e+01
3.283891296386718750e+01
3.291413879394531250e+01
3.298431396484375000e+01
3.299930572509765625e+01
3.295876312255859375e+01
3.299768066406250000e+01
3.313268661499023438e+01
3.321930694580078125e+01
3.305204010009765625e+01
3.309799575805664062e+01
3.306644439697265625e+01
3.295845031738281250e+01
3.314345932006835938e+01
3.297658920288085938e+01
3.297695922851562500e+01
3.314955139160156250e+01
3.313973617553710938e+01
3.310747528076171875e+01
3.309951019287109375e+01
3.322114944458007812e+01
3.298262786865234375e+01
3.301598739624023438e+01
3.296085357666015625e+01
3.284870529174804688e+01
3.294125366210937500e+01
3.310582351684570312e+01
3.304477691650390625e+01
3.298895263671875000e+01
3.294291305541992188e+01
3.297248077392578125e+01
3.292163085937500000e+01
3.289038848876953125e+01
3.276573181152343750e+01
3.277231216430664062e+01
3.285010528564453125e+01
3.293158721923828125e+01
3.269080734252929688e+01
3.272021484375000000e+01
3.268178558349609375e+01
3.259331130981445312e+01
3.276842117309570312e+01
3.268150711059570312e+01
3.273938751220703125e+01
3.269833755493164062e+01
3.277658843994140625e+01
3.273934173583984375e+01
3.271084594726562500e+01
3.261286544799804688e+01
3.280518341064453125e+01
3.294537353515625000e+01
3.301544189453125000e+01
3.286607742309570312e+01
3.288782501220703125e+01
3.271020889282226562e+01
3.286114501953125000e+01
3.303822326660156250e+01
3.297536468505859375e+01
3.299320983886718750e+01
3.315641784667968750e+01
3.314605331420898438e+01
3.319663238525390625e+01
3.320980834960937500e+01
3.314142608642578125e+01
3.311640548706054688e+01
3.312133407592773438e+01
3.318854522705078125e+01
3.304163360595703125e+01
3.298743820190429688e+01
3.297040176391601562e+01
3.308869552612304688e+01
3.308545684814453125e+01
3.318522644042968750e+01
3.338153076171875000e+01
3.329493713378906250e+01
3.326474761962890625e+01
3.325653076171875000e+01
3.311178588867187500e+01
3.314645385742187500e+01
3.315801239013671875e+01
3.325956726074218750e+01
3.321832275390625000e+01
3.317243194580078125e+01
3.310747528076171875e+01
3.320624542236328125e+01
3.321655273437500000e+01
3.298313903808593750e+01
3.317761611938476562e+01
3.308143615722656250e+01
3.311234283447265625e+01
3.288743591308593750e+01
3.292663192749023438e+01
3.277846908569335938e+01
3.273945236206054688e+01
3.263168716430664062e+01
3.285711669921875000e+01
3.288561630249023438e+01
3.286812973022460938e+01
3.266493988037109375e+01
3.282487106323242188e+01
3.283523559570312500e+01
3.295900344848632812e+01
3.289601516723632812e+01
3.291947174072265625e+01
3.290208816528320312e+01
3.297757339477539062e+01
3.318757247924804688e+01
3.294871139526367188e+01
3.307235336303710938e+01
3.296091842651367188e+01
3.304425430297851562e+01
3.308038330078125000e+01
3.288609695434570312e+01
3.295085144042968750e+01
3.275186157226562500e+01
3.284540557861328125e+01
3.282377624511718750e+01
3.271973419189453125e+01
3.287277984619140625e+01
3.285804748535156250e+01
3.269622421264648438e+01
3.286837005615234375e+01
3.304604721069335938e+01
3.272934722900390625e+01
3.296823883056640625e+01
3.293304443359375000e+01
3.314335632324218750e+01
3.290011978149414062e+01
3.278370285034179688e+01
3.282218170166015625e+01
3.266672897338867188e+01
3.270779418945312500e+01
3.272505950927734375e+01
3.267798995971679688e+01
3.283238601684570312e+01
3.279771804809570312e+01
3.300826263427734375e+01
3.305291748046875000e+01
3.293624114990234375e+01
3.278091812133789062e+01
3.284527206420898438e+01
3.286838912963867188e+01
3.287674331665039062e+01
3.295488357543945312e+01
3.288545227050781250e+01
3.292383956909179688e+01
3.282134246826171875e+01
3.278824996948242188e+01
3.289218521118164062e+01
3.279837417602539062e+01
3.301095199584960938e+01
3.299624633789062500e+01
3.290151977539062500e+01
3.301496887207031250e+01
3.283498764038085938e+01
3.284226226806640625e+01
3.299462127685546875e+01
3.290639114379882812e+01
3.291902160644531250e+01
3.275883483886718750e+01
3.295029449462890625e+01
3.289289855957031250e+01
3.296247863769531250e+01
3.296200561523437500e+01
3.304138946533203125e+01
3.298899078369140625e+01
3.283599853515625000e+01
3.293819427490234375e+01
3.301799774169921875e+01
3.304606246948242188e+01
3.304549789428710938e+01
3.310559082031250000e+01
3.299606323242187500e+01
3.292251205444335938e+01
3.296279907226562500e+01
3.297485351562500000e+01
3.298828125000000000e+01
3.307193756103515625e+01
3.291206741333007812e+01
3.303149795532226562e+01
3.302949523925781250e+01
3.291256332397460938e+01
3.297512054443359375e+01
3.299148178100585938e+01
3.293758773803710938e+01
3.292581939697265625e+01
3.284738922119140625e+01
3.290606307983398438e+01
3.280634307861328125e+01
3.294314575195312500e+01
3.282909393310546875e+01
3.287790679931640625e+01
3.308568954467773438e+01
3.300194931030273438e+01
3.306809997558593750e+01
3.312652206420898438e+01
3.301171875000000000e+01
3.286983489990234375e+01
3.282817077636718750e+01
3.305231094360351562e+01
3.289452743530273438e+01
3.286660766601562500e+01
3.290887832641601562e+01
3.318928527832031250e+01
3.311988067626953125e+01
3.306548309326171875e+01
3.313349914550781250e+01
3.293980789184570312e+01
3.315422439575195312e+01
3.301617813110351562e+01
3.286261367797851562e+01
3.286079406738281250e+01
3.296424102783203125e+01
3.304718780517578125e+01
3.307149505615234375e+01
3.309551620483398438e+01
3.314640808105468750e+01
3.309001922607421875e+01
3.323202133178710938e+01
3.302172470092773438e+01
3.305796051025390625e+01
3.292779541015625000e+01
3.288877868652343750e+01
3.287464523315429688e+01
3.287519073486328125e+01
3.305012512207031250e+01
3.305186462402343750e+01
3.309674835205078125e+01
3.292857360839843750e+01
3.295851135253906250e+01
3.292815017700195312e+01
3.286435699462890625e+01
3.281664657592773438e+01
3.292474746704101562e+01
3.269040298461914062e+01
3.259818267822265625e+01
3.264929199218750000e+01
3.277931213378906250e+01
3.295202636718750000e+01
3.303841018676757812e+01
3.303074264526367188e+01
3.293885803222656250e+01
3.303541564941406250e+01
3.281484603881835938e+01
3.279565811157226562e+01
3.271067047119140625e+01
3.268625259399414062e+01
3.261499023437500000e+01
3.266122817993164062e+01
3.268654251098632812e+01
3.265498352050781250e+01
3.274979782104492188e+01
3.277087402343750000e+01
3.280313110351562500e+01
3.258878326416015625e+01
3.257716369628906250e+01
3.254609680175781250e+01
3.269820022583007812e+01
3.264243316650390625e+01
3.269945144653320312e+01
3.277331924438476562e+01
3.270997238159179688e+01
3.268231582641601562e+01
3.269522857666015625e+01
3.272203445434570312e+01
3.287941741943359375e+01
3.284222412109375000e+01
3.278165435791015625e+01
3.288690948486328125e+01
3.285003280639648438e+01
3.277842712402343750e+01
3.292164611816406250e+01
3.299563598632812500e+01
3.273918151855468750e+01
3.281392669677734375e+01
3.288472747802734375e+01
3.274632644653320312e+01
3.283660888671875000e+01
3.286953353881835938e+01
3.309234619140625000e+01
3.284744262695312500e+01
3.308811187744140625e+01
3.293277740478515625e+01
3.288887405395507812e+01
3.290276336669921875e+01
3.286637878417968750e+01
3.297021484375000000e+01
3.276803588867187500e+01
3.289776611328125000e+01
3.290380096435546875e+01
3.279361724853515625e+01
3.291179275512695312e+01
3.292835235595703125e+01
3.293502426147460938e+01
3.283496093750000000e+01
3.264151763916015625e+01
3.265367126464843750e+01
3.262592315673828125e+01
3.258099365234375000e+01
3.252187728881835938e+01
3.246464538574218750e+01
3.254495239257812500e+01
3.235734558105468750e+01
3.242549896240234375e+01
3.255654144287109375e+01
3.235132598876953125e+01
3.237655639648437500e+01
3.240592193603515625e+01
3.268501281738281250e+01
3.269956588745117188e+01
3.279661560058593750e+01
3.291746520996093750e+01
3.277551651000976562e+01
3.283953475952148438e+01
3.288877105712890625e+01
3.293880081176757812e+01
3.292958068847656250e+01
3.314463806152343750e+01
3.281037902832031250e+01
3.293374252319335938e+01
3.291416549682617188e+01
3.296166992187500000e+01
3.307830047607421875e+01
3.320458221435546875e+01
3.323400497436523438e+01
3.312868881225585938e+01
3.305187225341796875e+01
3.293647003173828125e+01
3.289166259765625000e+01
3.290739822387695312e+01
3.311111068725585938e+01
3.286684417724609375e+01
3.300211334228515625e+01
3.290213775634765625e+01
3.292999267578125000e+01
3.298360443115234375e+01
3.305977249145507812e+01
3.299237823486328125e+01
3.298950958251953125e+01
3.300154876708984375e+01
3.278699493408203125e+01
3.274157333374023438e+01
3.278623962402343750e+01
3.257062530517578125e+01
3.270946884155273438e+01
3.284768676757812500e+01
3.282570648193359375e+01
3.259801483154296875e+01
3.252272415161132812e+01
3.251607513427734375e+01
3.262569427490234375e+01
3.267691421508789062e+01
3.268585205078125000e+01
3.271329498291015625e+01
3.280948638916015625e+01
3.281075668334960938e+01
3.289475250244140625e+01
3.296219253540039062e+01
3.281444931030273438e+01
3.269080352783203125e+01
3.279734802246093750e+01
3.277635955810546875e+01
3.268881225585937500e+01
3.268212509155273438e+01
3.279342269897460938e+01
3.279252243041992188e+01
3.281033706665039062e+01
3.302044677734375000e+01
3.266281127929687500e+01
3.276891708374023438e+01
3.265701293945312500e+01
3.260061264038085938e+01
3.272502899169921875e+01
3.275215911865234375e+01
3.262534332275390625e+01
3.273694229125976562e+01
3.259888076782226562e+01
3.259124374389648438e+01
3.259548950195312500e+01
3.258182525634765625e+01
3.273242187500000000e+01
3.258074188232421875e+01
3.274487686157226562e+01
3.276525115966796875e+01
3.272314453125000000e+01
3.258972167968750000e+01
3.259116363525390625e+01
3.281040191650390625e+01
3.270289993286132812e+01
3.273573303222656250e+01
3.297698593139648438e+01
3.272451019287109375e+01
3.263189315795898438e+01
3.260707473754882812e+01
3.289667510986328125e+01
3.288106155395507812e+01
3.292328643798828125e+01
3.288266754150390625e+01
3.295889282226562500e+01
3.296167755126953125e+01
3.296511840820312500e+01
3.299063873291015625e+01
3.300400161743164062e+01
3.299317550659179688e+01
3.287998962402343750e+01
3.289802169799804688e+01
3.268513870239257812e+01
3.269110870361328125e+01
3.267704010009765625e+01
3.265811920166015625e+01
3.249473953247070312e+01
3.278690338134765625e+01
3.284933471679687500e+01
3.262343597412109375e+01
3.270177078247070312e+01
3.253165435791015625e+01
3.256369781494140625e+01
3.271586608886718750e+01
3.266273880004882812e+01
3.266138458251953125e+01
3.275842285156250000e+01
3.268746185302734375e+01
3.268781280517578125e+01
3.264377593994140625e+01
3.266904449462890625e+01
3.251501464843750000e+01
3.262895202636718750e+01
3.260519027709960938e+01
3.257500457763671875e+01
3.255332565307617188e+01
3.253902435302734375e+01
3.263892364501953125e+01
3.252398300170898438e+01
3.273907470703125000e+01
3.274414062500000000e+01
3.266562271118164062e+01
3.270952987670898438e+01
3.274014663696289062e+01
3.263209533691406250e+01
3.275028228759765625e+01
3.258444213867187500e+01
3.255300140380859375e+01
3.248398208618164062e+01
3.239347076416015625e+01
3.257184600830078125e+01
3.257243347167968750e+01
3.257708358764648438e+01
3.264654159545898438e+01
3.268195343017578125e+01
3.270365905761718750e+01
3.265302276611328125e+01
3.256836700439453125e+01
3.255081939697265625e+01
3.235637664794921875e+01
3.241316986083984375e+01
3.233629608154296875e+01
3.227443313598632812e+01
3.227857589721679688e+01
3.244289398193359375e+01
3.232410430908203125e+01
3.254738616943359375e+01
3.255279159545898438e+01
3.257544326782226562e+01
3.259317016601562500e+01
3.253392410278320312e+01
3.241471481323242188e+01
3.258456039428710938e+01
3.250577926635742188e+01
3.253435516357421875e+01
3.260260009765625000e+01
3.261351776123046875e+01
3.281460952758789062e+01
3.264759445190429688e+01
3.256408691406250000e+01
3.264741897583007812e+01
3.247563171386718750e+01
3.260094070434570312e+01
3.274697494506835938e+01
3.265670013427734375e+01
3.268638229370117188e+01
3.272056198120117188e+01
3.267829895019531250e+01
3.275455856323242188e+01
3.286409759521484375e+01
3.283038330078125000e+01
3.281217575073242188e+01
3.278820037841796875e+01
3.282283782958984375e+01
3.275722885131835938e+01
3.263747406005859375e+01
3.267710494995117188e+01
3.270748138427734375e+01
3.266737747192382812e+01
3.278410720825195312e+01
3.283418273925781250e+01
3.277109527587890625e+01
3.273825836181640625e+01
3.279999542236328125e+01
3.257249450683593750e+01
3.258187484741210938e+01
3.253196716308593750e+01
3.268737411499023438e+01
3.263824462890625000e+01
3.261791992187500000e+01
3.257218551635742188e+01
3.249910736083984375e+01
3.255425262451171875e+01
3.235778808593750000e+01
3.233497238159179688e+01
3.249956512451171875e+01
3.240908813476562500e+01
3.246124649047851562e+01
3.252030181884765625e+01
3.220909881591796875e+01
3.238217926025390625e+01
3.233054351806640625e+01
3.254913330078125000e+01
3.246583557128906250e+01
3.258202362060546875e+01
3.260416412353515625e+01
3.255800628662109375e+01
3.260512924194335938e+01
3.249089813232421875e+01
3.263528442382812500e+01
3.258132934570312500e+01
3.271929931640625000e+01
3.255066680908203125e+01
3.247467803955078125e+01
3.254369735717773438e+01
3.257448196411132812e+01
3.246644973754882812e+01
3.257726669311523438e+01
3.259310531616210938e+01
3.245685958862304688e+01
3.251555633544921875e+01
3.253270721435546875e+01
3.261284637451171875e+01
3.265263366699218750e+01
3.249209213256835938e+01
3.247217941284179688e+01
3.245049285888671875e+01
3.243796539306640625e+01
3.233142471313476562e+01
3.254785919189453125e+01
3.236118316650390625e+01
3.244015121459960938e+01
3.257709884643554688e+01
3.248290634155273438e+01
3.246299362182617188e+01
3.249104309082031250e+01
3.254431915283203125e+01
3.269402313232421875e+01
3.255467987060546875e+01
3.255767822265625000e+01
3.260052490234375000e+01
3.244806289672851562e+01
3.254078674316406250e+01
3.234714889526367188e+01
3.244624328613281250e+01
3.251373291015625000e+01
3.247820281982421875e+01
3.222050476074218750e+01
3.240079116821289062e+01
3.230997085571289062e+01
3.238578796386718750e+01
3.218555450439453125e+01
3.233006286621093750e+01
3.257450103759765625e+01
3.256260299682617188e+01
3.256800842285156250e+01
3.250689697265625000e+01
3.247481155395507812e+01
3.268246459960937500e+01
3.262774658203125000e+01
3.270799255371093750e+01
3.243104553222656250e+01
3.244736862182617188e+01
3.269713592529296875e+01
3.269797515869140625e+01
3.250882339477539062e+01
3.250370788574218750e+01
3.244274139404296875e+01
3.245911026000976562e+01
3.240270996093750000e+01
3.252304840087890625e+01
3.254476165771484375e+01
3.273751831054687500e+01
3.265003967285156250e+01
3.258832931518554688e+01
3.261445617675781250e+01
3.249301910400390625e+01
3.240698242187500000e+01
3.260659790039062500e+01
3.246231079101562500e+01
3.246442413330078125e+01
3.263608551025390625e+01
3.252066802978515625e+01
3.244792938232421875e+01
3.265518951416015625e+01
3.255792999267578125e+01
3.246175003051757812e+01
3.264974212646484375e+01
3.252699661254882812e+01
3.254837417602539062e+01
3.264717483520507812e+01
3.280659866333007812e+01
3.252322387695312500e+01
3.258481597900390625e+01
3.234078216552734375e+01
3.257544326782226562e+01
3.250607299804687500e+01
3.232458496093750000e+01
3.239889526367187500e+01
3.230647277832031250e+01
3.256291961669921875e+01
3.250018310546875000e+01
3.239156341552734375e+01
3.240428543090820312e+01
3.223698425292968750e+01
3.257124328613281250e+01
3.251019287109375000e+01
3.248705291748046875e+01
3.249960327148437500e+01
3.234166717529296875e+01
3.225438308715820312e+01
3.235255813598632812e+01
3.240108489990234375e+01
3.237405776977539062e+01
3.245369338989257812e+01
3.238848114013671875e+01
3.251978302001953125e+01
3.239552307128906250e+01
3.230855941772460938e+01
3.234422302246093750e+01
3.250429534912109375e+01
3.252664566040039062e+01
3.234676361083984375e+01
3.231496429443359375e+01
3.216449737548828125e+01
3.232389068603515625e+01
3.237961578369140625e+01
3.217639923095703125e+01
3.235011291503906250e+01
3.238775634765625000e+01
3.247849273681640625e+01
3.234862899780273438e+01
3.234883499145507812e+01
3.253450012207031250e+01
3.237282562255859375e+01
3.248896408081054688e+01
3.255725479125976562e+01
3.244272613525390625e+01
3.260839843750000000e+01
3.265654754638671875e+01
3.260469818115234375e+01
3.266000366210937500e+01
3.260320663452148438e+01
3.264139556884765625e+01
3.244667816162109375e+01
3.239121627807617188e+01
3.233443450927734375e+01
3.221422576904296875e+01
3.215631866455078125e+01
3.216101455688476562e+01
3.208972167968750000e+01
3.205693435668945312e+01
3.214337539672851562e+01
3.223029327392578125e+01
3.207786178588867188e+01
3.224494171142578125e+01
3.225817108154296875e+01
3.213464355468750000e+01
3.219517898559570312e+01
3.200854492187500000e+01
3.211753463745117188e+01
3.213288497924804688e+01
3.227151870727539062e+01
3.217259979248046875e+01
3.229793167114257812e+01
3.215528869628906250e+01
3.222456741333007812e+01
3.220312118530273438e+01
3.222275543212890625e+01
3.214637374877929688e+01
3.205804443359375000e+01
3.207521438598632812e+01
3.215676116943359375e+01
3.211539077758789062e+01
3.217983245849609375e+01
3.225501632690429688e+01
3.216227722167968750e+01
3.220066070556640625e+01
3.228645324707031250e+01
3.238546752929687500e+01
3.236112976074218750e+01
3.241297912597656250e+01
3.241304779052734375e+01
3.222048568725585938e+01
3.216255187988281250e+01
3.228607559204101562e+01
3.239543533325195312e+01
3.233381271362304688e+01
3.247980117797851562e+01
3.242446517944335938e+01
3.259984588623046875e+01
3.246065521240234375e+01
3.241462707519531250e+01
3.243062591552734375e+01
3.248162841796875000e+01
3.245832824707031250e+01
3.253364181518554688e+01
3.250195312500000000e+01
3.241632080078125000e+01
3.249188613891601562e+01
3.232490921020507812e+01
3.238685607910156250e+01
3.240333175659179688e+01
3.225730133056640625e+01
3.236077117919921875e+01
3.240681838989257812e+01
3.234876251220703125e+01
3.246135711669921875e+01
3.238536453247070312e+01
3.240171813964843750e+01
3.237435531616210938e+01
3.255430984497070312e+01
3.247367477416992188e+01
3.241419982910156250e+01
3.233554458618164062e+01
3.224243927001953125e+01
3.228303527832031250e+01
3.218931579589843750e+01
3.230133819580078125e+01
3.224086761474609375e+01
3.199777221679687500e+01
3.212196350097656250e+01
3.217405700683593750e+01
3.222956848144531250e+01
3.212128829956054688e+01
3.228144073486328125e+01
3.209138107299804688e+01
3.208660888671875000e+01
3.204312896728515625e+01
3.221944808959960938e+01
3.229626464843750000e+01
3.219973754882812500e+01
3.210966491699218750e+01
3.223615646362304688e+01
3.223923492431640625e+01
3.214477157592773438e+01
3.217774963378906250e+01
3.199909591674804688e+01
3.192913055419921875e+01
3.202492141723632812e+01
3.211821365356445312e+01
3.208228302001953125e+01
3.213476943969726562e+01
3.205716323852539062e+01
3.210865020751953125e+01
3.224515914916992188e+01
3.218925476074218750e+01
3.224197006225585938e+01
3.224017333984375000e+01
3.220796203613281250e+01
3.220800018310546875e+01
3.230955505371093750e+01
3.238777923583984375e+01
3.231515502929687500e+01
3.223873138427734375e+01
3.215603637695312500e+01
3.216828536987304688e+01
3.212376785278320312e+01
3.198210906982421875e+01
3.196172332763671875e+01
3.201039123535156250e+01
3.197899436950683594e+01
3.201503753662109375e+01
3.207626342773437500e+01
3.231531143188476562e+01
3.209999847412109375e+01
3.196608734130859375e+01
3.213991165161132812e+01
3.224346542358398438e+01
3.224575805664062500e+01
3.220192718505859375e+01
3.222713088989257812e+01
3.226632690429687500e+01
3.221636962890625000e+01
3.222769927978515625e+01
3.222347259521484375e+01
3.223789596557617188e+01
3.215216827392578125e+01
3.203667449951171875e+01
3.222097778320312500e+01
3.211448669433593750e+01
3.215369796752929688e+01
3.206697082519531250e+01
3.202113342285156250e+01
3.204776763916015625e+01
3.199898529052734375e+01
3.206849288940429688e+01
3.198380661010742188e+01
3.208640670776367188e+01
3.216108322143554688e+01
3.216859817504882812e+01
3.214449691772460938e+01
3.214690780639648438e+01
3.221593093872070312e+01
3.216857528686523438e+01
3.205750274658203125e+01
3.224461746215820312e+01
3.217123413085937500e+01
3.223213958740234375e+01
3.206958007812500000e+01
3.202194213867187500e+01
3.221192932128906250e+01
3.210572052001953125e+01
3.236938858032226562e+01
3.218858337402343750e+01
3.231863403320312500e+01
3.226422882080078125e+01
3.227264404296875000e+01
3.231801223754882812e+01
3.241697311401367188e+01
3.226184082031250000e+01
3.233992767333984375e+01
3.221981048583984375e+01
3.210396957397460938e+01
3.187825012207031250e+01
3.195539474487304688e+01
3.190716171264648438e+01
3.196402168273925781e+01
3.211183547973632812e+01
3.230956268310546875e+01
3.230591583251953125e+01
3.215909957885742188e+01
3.210339355468750000e+01
3.211931991577148438e+01
3.203911590576171875e+01
3.214433670043945312e+01
3.221120071411132812e+01
3.211880493164062500e+01
3.219867706298828125e+01
3.217032241821289062e+01
3.215349197387695312e+01
3.222960281372070312e+01
3.211111831665039062e+01
3.213975906372070312e+01
3.192417144775390625e+01
3.199142074584960938e+01
3.199139976501464844e+01
3.194001770019531250e+01
3.196651268005371094e+01
3.195079994201660156e+01
3.192459487915039062e+01
3.192380523681640625e+01
3.192525291442871094e+01
3.199268341064453125e+01
3.198551750183105469e+01
3.199411010742187500e+01
3.194974899291992188e+01
3.198923492431640625e+01
3.201775360107421875e+01
3.215214157104492188e+01
3.233259582519531250e+01
3.233120727539062500e+01
3.245722198486328125e+01
3.219727325439453125e+01
3.221686172485351562e+01
3.227860641479492188e+01
3.211984252929687500e+01
3.210929107666015625e+01
3.217571640014648438e+01
3.215707397460937500e+01
3.222885894775390625e+01
3.219160461425781250e+01
3.230227279663085938e+01
3.225814819335937500e+01
3.217503356933593750e+01
3.224888610839843750e+01
3.215171432495117188e+01
3.234574890136718750e+01
3.240330886840820312e+01
3.225847625732421875e+01
3.226862716674804688e+01
3.206782531738281250e+01
3.199118804931640625e+01
3.204111480712890625e+01
3.202867126464843750e+01
3.200167846679687500e+01
3.201428604125976562e+01
3.197395324707031250e+01
3.188548660278320312e+01
3.184877014160156250e+01
3.190983581542968750e+01
3.193652725219726562e+01
3.213513183593750000e+01
3.202983856201171875e+01
3.209896850585937500e+01
3.217356109619140625e+01
3.203926849365234375e+01
3.197084617614746094e+01
3.223045730590820312e+01
3.234954833984375000e+01
3.209177017211914062e+01
3.206507110595703125e+01
3.208774185180664062e+01
3.204061889648437500e+01
3.211272430419921875e+01
3.216164398193359375e+01
3.203294372558593750e+01
3.209534072875976562e+01
3.215264129638671875e+01
3.182774543762207031e+01
3.203877258300781250e+01
3.196488189697265625e+01
3.205081176757812500e+01
3.211432266235351562e+01
3.217339706420898438e+01
3.203525543212890625e+01
3.193109512329101562e+01
3.194954299926757812e+01
3.187514495849609375e+01
3.197209930419921875e+01
3.192258453369140625e+01
3.187795829772949219e+01
3.200719451904296875e+01
3.199035644531250000e+01
3.199290084838867188e+01
3.207856750488281250e+01
3.213678741455078125e+01
3.203874206542968750e+01
3.215676116943359375e+01
3.216020202636718750e+01
3.207555770874023438e+01
3.196543312072753906e+01
3.181940078735351562e+01
3.186211395263671875e+01
3.189781188964843750e+01
3.187199020385742188e+01
3.188805007934570312e+01
3.185060501098632812e+01
3.196636199951171875e+01
3.169429397583007812e+01
3.196071243286132812e+01
3.204401016235351562e+01
3.211597442626953125e+01
3.204301452636718750e+01
3.200013732910156250e+01
3.196171188354492188e+01
3.195496749877929688e+01
3.180419921875000000e+01
3.178437232971191406e+01
3.188506126403808594e+01
3.202939605712890625e+01
3.185554504394531250e+01
3.168656539916992188e+01
3.181271743774414062e+01
3.164194297790527344e+01
3.171070861816406250e+01
3.175192642211914062e+01
3.176045608520507812e+01
3.163195610046386719e+01
3.183160018920898438e+01
3.191232490539550781e+01
3.201952362060546875e+01
3.210485839843750000e+01
3.208833312988281250e+01
3.221053314208984375e+01
3.237297439575195312e+01
3.225982284545898438e+01
3.217401123046875000e+01
3.224976730346679688e+01
3.217658233642578125e+01
3.211994934082031250e+01
3.215224075317382812e+01
3.194053649902343750e+01
3.193211746215820312e+01
3.198074340820312500e+01
3.202854156494140625e+01
3.193510246276855469e+01
3.196904373168945312e+01
3.197282791137695312e+01
3.205251693725585938e+01
3.226327133178710938e+01
3.206612777709960938e+01
3.223592376708984375e+01
3.223820495605468750e+01
3.213011932373046875e+01
3.218868637084960938e+01
3.213779449462890625e+01
3.213407897949218750e+01
3.207258605957031250e+01
3.176996994018554688e+01
3.182250213623046875e+01
3.191073226928710938e+01
3.192403793334960938e+01
3.198170471191406250e+01
3.191278266906738281e+01
3.192280960083007812e+01
3.200207901000976562e+01
3.193093872070312500e+01
3.183682060241699219e+01
3.171207427978515625e+01
3.186361503601074219e+01
3.198080825805664062e+01
3.191418457031250000e+01
3.192069053649902344e+01
3.179068946838378906e+01
3.174544525146484375e+01
3.162073898315429688e+01
3.176198196411132812e+01
3.179179000854492188e+01
3.181052398681640625e+01
3.183082199096679688e+01
3.163161468505859375e+01
3.159054946899414062e+01
3.158358573913574219e+01
3.167223930358886719e+01
3.158293342590332031e+01
3.171438026428222656e+01
3.162138748168945312e+01
3.159637451171875000e+01
3.162947845458984375e+01
3.155305099487304688e+01
3.175979232788085938e+01
3.173361396789550781e+01
3.196255874633789062e+01
3.197031211853027344e+01
3.176959609985351562e+01
3.178288269042968750e+01
3.178522109985351562e+01
3.191867828369140625e+01
3.198691558837890625e+01
3.194839477539062500e+01
3.194458770751953125e+01
3.197209167480468750e+01
3.201398468017578125e+01
3.193874359130859375e+01
3.192446899414062500e+01
3.187813758850097656e+01
3.188245964050292969e+01
3.201375579833984375e+01
3.207075500488281250e+01
3.192757606506347656e+01
3.186525154113769531e+01
3.190341377258300781e+01
3.193255233764648438e+01
3.193565177917480469e+01
3.191651725769042969e+01
3.187077331542968750e+01
3.192981338500976562e+01
3.173230934143066406e+01
3.170714950561523438e+01
3.191291236877441406e+01
3.184593582153320312e+01
3.208765792846679688e+01
3.189747619628906250e+01
3.191452980041503906e+01
3.197114181518554688e+01
3.187163162231445312e+01
3.194905090332031250e+01
3.198922348022460938e+01
3.183259201049804688e+01
3.193150711059570312e+01
3.193679046630859375e+01
3.195257949829101562e+01
3.200479507446289062e+01
3.202515411376953125e+01
3.199634552001953125e+01
3.193228721618652344e+01
3.183926773071289062e+01
3.175125122070312500e+01
3.185898971557617188e+01
3.181111526489257812e+01
3.186922073364257812e+01
3.203049468994140625e+01
3.193037414550781250e+01
3.212753295898437500e+01
3.202901458740234375e+01
3.233924484252929688e+01
3.222937011718750000e+01
3.221055984497070312e+01
3.210670471191406250e+01
3.197715759277343750e+01
3.194569206237792969e+01
3.179410362243652344e+01
3.201449203491210938e+01
3.210385894775390625e+01
3.197659683227539062e+01
3.182612991333007812e+01
3.184511184692382812e+01
3.193225669860839844e+01
3.188876152038574219e+01
3.190609931945800781e+01
3.190387916564941406e+01
3.174393463134765625e+01
3.170164108276367188e+01
3.172204589843750000e+01
3.187733650207519531e+01
3.192728424072265625e+01
3.189681243896484375e+01
3.201435470581054688e+01
3.186223602294921875e+01
3.181405639648437500e+01
3.169649314880371094e+01
3.176625442504882812e+01
3.184448623657226562e+01
3.176051902770996094e+01
3.175365066528320312e+01
3.189996910095214844e+01
3.184306144714355469e+01
3.167048263549804688e+01
3.165755081176757812e+01
3.169210243225097656e+01
3.164151382446289062e+01
3.164354515075683594e+01
3.160562515258789062e+01
3.161973571777343750e+01
3.161939811706542969e+01
3.167759704589843750e+01
3.161211585998535156e+01
