1.986405068788772876e+00
1.823544136071816535e+00
1.670154620439578297e+00
1.588482570342528488e+00
1.523607847935114057e+00
1.478598326291793441e+00
1.445434843271206526e+00
1.414426941749377109e+00
1.397440907588371806e+00
1.379849905845446534e+00
1.366399499086233371e+00
1.352517762550940805e+00
1.343678715595832296e+00
1.329837566766983503e+00
1.324543985953697822e+00
1.315305925026918121e+00
1.308347756434709686e+00
1.303739076088636262e+00
1.294926980214241130e+00
1.292249808250329535e+00
1.286377638272750090e+00
1.284454886118570949e+00
1.280489975366836841e+00
1.270179941715338323e+00
1.263040117269907281e+00
1.257597729181632040e+00
1.258370697803986360e+00
1.254742114819013210e+00
1.247527317511729628e+00
1.244950286700175379e+00
1.240137894948323494e+00
1.240691027732995888e+00
1.234717993858533092e+00
1.227742742116634700e+00
1.227744691952680878e+00
1.222701348402561283e+00
1.215687038348271187e+00
1.214032597572375582e+00
1.207720628151526920e+00
1.206384097154323820e+00
1.201990688611299651e+00
1.201960240266261914e+00
1.197983496158550931e+00
1.190659184639270451e+00
1.192538801217690514e+00
1.184249604970980974e+00
1.182263738222611327e+00
1.180392997539960520e+00
1.177219696839650442e+00
1.174334221161328795e+00
1.169690166834073120e+00
1.174829620734239244e+00
1.162409118352792259e+00
1.154239734013875252e+00
1.157736666233111666e+00
1.158997305539938072e+00
1.151142915089925056e+00
1.148796878869716931e+00
1.152622164976902397e+00
1.145713824797899294e+00
1.146434123240984482e+00
1.142593996952741664e+00
1.138081134129793170e+00
1.133427321146696087e+00
1.132865449251272638e+00
1.134013006778863852e+00
1.129733041769418911e+00
1.126360544180258660e+00
1.120541081673059658e+00
1.117239905779178422e+00
1.119528197019528104e+00
1.115992885216688491e+00
1.112541925754302552e+00
1.115233778495055006e+00
1.106885049740473415e+00
1.107524043474441999e+00
1.102143710393171938e+00
1.101182223283327488e+00
1.104280217794271657e+00
1.093373548067533063e+00
1.098004932586963411e+00
1.094722181711441422e+00
1.089443491666744812e+00
1.088127678632736295e+00
1.098499078169847154e+00
1.089759511825365790e+00
1.081819660694171237e+00
1.082401466980958515e+00
1.077739221468949848e+00
1.076783292874311737e+00
1.079403299857408571e+00
1.075040128139349127e+00
1.068522029350965408e+00
1.063914625766949840e+00
1.064619466280325888e+00
1.063723751214834312e+00
1.058871023165874004e+00
1.065284160467294461e+00
1.064190870829117674e+00
1.052304111382900143e+00
1.053576968724911023e+00
1.054831795661877347e+00
1.058637779339765883e+00
1.052612071006725936e+00
1.049998586300091796e+00
1.040130459039639188e+00
1.042589287268809839e+00
1.045964887661811726e+00
1.036421879285421177e+00
1.040664533774058098e+00
1.042914637388327126e+00
1.036818490120080760e+00
1.034163654461885073e+00
1.036848641817386341e+00
1.028873875507941626e+00
1.033755714312577956e+00
1.029388142854739563e+00
1.023865319368166826e+00
1.024044439120170402e+00
1.020793701135195297e+00
1.017105510601630680e+00
1.015659039142804199e+00
1.019688714161897325e+00
1.013076134064258671e+00
1.017602014694458434e+00
1.011283388963112539e+00
1.006453539010806031e+00
1.005992943812639373e+00
1.008450358036236949e+00
1.009318596124649137e+00
1.015285440438832953e+00
1.004245852812742479e+00
1.001500772818540996e+00
1.000811122319637203e+00
9.958525532331221619e-01
1.000455499612368016e+00
1.000615460903216736e+00
9.978705879969475001e-01
9.929720432330400026e-01
9.871120653091333130e-01
9.966396064330369509e-01
9.928768173242226158e-01
9.807987083227206471e-01
9.832599649062523373e-01
9.832325015312586292e-01
9.802510874393658424e-01
9.834411903833731872e-01
9.869742806141192926e-01
9.778252224127451653e-01
9.788234339310573073e-01
9.682799793206728900e-01
9.793730453038826944e-01
9.755611479282378928e-01
9.682457593771127691e-01
9.749285453405135415e-01
9.689071928843473458e-01
9.634456727749262095e-01
9.621499226643488445e-01
9.726657282083462919e-01
9.609267343313265819e-01
9.645013029758746637e-01
9.589653522540361186e-01
9.570027605081216082e-01
9.669605157314202781e-01
9.549283094895191226e-01
9.563605206134991876e-01
9.521453548700381520e-01
9.427044960168692311e-01
9.528348743915557861e-01
9.413535066140004126e-01
9.431021785124754642e-01
9.462666618518340567e-01
9.449627694411155687e-01
9.460662844853523490e-01
9.384923750009291910e-01
9.501452661477602923e-01
9.432016007411174741e-01
9.358769166163909414e-01
9.371647362525646896e-01
9.404820316877120501e-01
9.383074861306410774e-01
9.352077073011643149e-01
9.328586401083530655e-01
9.276959827313056017e-01
9.283102842477651828e-01
9.281186744188650861e-01
9.314505291290772204e-01
9.219665359228085277e-01
9.246481939768179670e-01
9.201345069286150924e-01
9.288123809374295714e-01
9.252901496031344930e-01
9.238142164853903049e-01
9.196058941193115954e-01
9.148283941623491788e-01
9.143161169993572202e-01
9.175639146413558933e-01
9.085137601082141634e-01
9.046860800339625586e-01
9.094297549663445945e-01
9.142177294462154880e-01
9.008444816638261354e-01
9.018959745382650883e-01
9.029520733234209784e-01
9.056080793723081390e-01
9.051230369470057990e-01
9.017588940950540533e-01
9.043555997885190934e-01
9.006324427250104181e-01
9.000979052140162251e-01
8.950736191028203503e-01
9.014867664911807577e-01
8.916361313599806548e-01
8.971583931874006490e-01
8.887011135235810544e-01
8.918837102559896701e-01
8.924223624742948502e-01
8.877407026596558781e-01
8.835267303845821818e-01
8.841200571793775831e-01
8.901756087938944573e-01
8.874004266200921087e-01
8.931981367942614103e-01
8.848854089394594391e-01
8.803875507452548765e-01
8.853274608269715573e-01
8.832582623530657040e-01
8.756289164225260491e-01
8.863588322431613653e-01
8.730702409377464335e-01
8.816565894163571615e-01
8.749475384369874709e-01
8.729540432110810544e-01
8.743772434882628453e-01
8.670961294418726428e-01
8.736936929898384552e-01
8.690326478236760632e-01
8.707784203382639143e-01
8.693680002139164698e-01
8.767884138302924901e-01
8.658378746265019688e-01
8.650333988360869863e-01
8.650699629233433718e-01
8.663725778078421591e-01
8.646141726237076552e-01
8.627572946059398618e-01
8.634569603663224679e-01
8.636992232921796298e-01
8.646453345433259274e-01
8.584335817740513797e-01
8.581187103039179531e-01
8.636265692038413988e-01
8.555981636047362837e-01
8.506980885297824591e-01
8.578725515267787705e-01
8.590086677135565507e-01
8.689133393458831067e-01
8.615612297486036075e-01
8.570380275066081799e-01
8.595232055737421772e-01
8.522030637814448362e-01
8.498052245531326765e-01
8.503317933816175733e-01
8.543149743324670586e-01
8.548991733636611690e-01
8.449153273533551722e-01
8.460887403060228795e-01
8.492428622184655662e-01
8.477825424610040406e-01
8.356968115537594111e-01
8.403835915602170248e-01
8.427302982562627776e-01
8.333181508076497046e-01
8.343426528649452445e-01
8.363323332407535116e-01
8.408432694581838840e-01
8.357176186182559974e-01
8.272523329043999230e-01
8.318303533089466129e-01
8.319978386927873171e-01
8.335659153950519817e-01
8.252722863203439951e-01
8.252505699793497573e-01
8.318994940855564124e-01
8.268867949644724824e-01
8.199012941274888000e-01
8.247915468154809471e-01
8.320009661026489534e-01
8.154681840768227552e-01
8.190290019298210877e-01
8.158115831705240462e-01
8.227037050785162009e-01
8.193508643370408517e-01
8.190144162911635606e-01
8.176074292415227429e-01
8.097137726270235980e-01
8.190840785319988271e-01
8.140911670831533220e-01
8.206007567735819075e-01
8.111382183356162789e-01
8.088561155857183493e-01
8.107436674527632725e-01
8.083869801117823384e-01
8.162832195942218982e-01
8.046630868544945026e-01
8.028797028920588996e-01
8.063435509418830360e-01
8.068076552488865349e-01
8.060985828057313229e-01
7.962334956878270864e-01
7.954905389211116562e-01
8.042856346338222995e-01
7.994129055585617039e-01
8.066608583315825198e-01
7.988688410092622538e-01
8.017559474859482505e-01
7.959076105019985414e-01
8.016599286061066865e-01
7.916806114025605190e-01
7.962303644571548933e-01
7.932023763656615989e-01
7.997530047710125212e-01
7.930805333913900634e-01
7.979503911275129813e-01
7.964652095849696911e-01
7.859367471474867362e-01
7.986574294475409230e-01
7.906189336990698813e-01
7.922939480115205324e-01
7.827838494991644636e-01
7.798954544923244470e-01
7.832990780854836022e-01
7.874013162576235514e-01
7.848486943122667814e-01
7.842718092294839183e-01
7.829444183753087039e-01
7.847392979340676034e-01
7.816724985073774112e-01
7.760202847230128764e-01
7.750858381008490783e-01
7.812899256363893263e-01
7.842140661600308649e-01
7.721998805418992529e-01
7.773796852582540717e-01
7.789900077459139816e-01
7.765232021992023448e-01
7.756653126997825609e-01
7.766689653580005626e-01
7.818323894953116415e-01
7.737259573661363632e-01
7.697488773327607614e-01
7.675277627431429384e-01
7.694620838532081342e-01
7.770981711454880703e-01
7.743588195397304030e-01
7.708534787862728610e-01
7.693467964728673003e-01
7.659609116040743126e-01
7.662205148965884893e-01
7.707962247041555415e-01
7.732000558040080795e-01
7.782205661137898689e-01
7.610058243458087679e-01
7.659946153561274507e-01
7.708961999569183821e-01
7.673278603034141554e-01
7.684748470783233643e-01
7.629578452843885916e-01
7.609964037552857663e-01
7.648767605806008341e-01
7.587072078234110561e-01
7.661350514644231779e-01
7.560897663617744957e-01
7.612757785962178669e-01
7.581678344653203228e-01
7.607039454655769584e-01
7.605696468017040246e-01
7.485220432281494141e-01
7.657914593433722272e-01
7.625442713499068770e-01
7.561477620632220953e-01
7.515714355768301491e-01
7.569836720442160161e-01
7.625806029026325206e-01
7.594417849412331556e-01
7.560517178131983540e-01
7.527137109102346457e-01
7.516876317751712833e-01
7.524330104772861683e-01
7.516646443269191513e-01
7.594484615784424797e-01
7.508780160775551105e-01
7.493949318543459137e-01
7.566935237401570813e-01
7.536090757602300627e-01
7.485994441386980558e-01
7.479656305832740326e-01
7.498650997877120972e-01
7.465560550873096002e-01
7.455161573795171526e-01
7.396558462809293966e-01
7.484197702163305488e-01
7.432528279530696835e-01
7.500489832499088738e-01
7.453776771441483762e-01
7.531589834353862312e-01
7.565869762347294802e-01
7.477742130939777354e-01
7.415878294370112922e-01
7.373345353664495505e-01
7.387812385192283893e-01
7.345936228067446727e-01
7.398084522821963827e-01
7.306693769418276529e-01
7.411870996157328140e-01
7.372703416225238060e-01
7.383068265059055113e-01
7.429387797911961577e-01
7.303352415561675803e-01
7.398928941824497452e-01
7.381288885306089842e-01
7.370819500623605469e-01
7.350140482951432741e-01
7.370775881486061332e-01
7.354686325177167694e-01
7.248641312886506816e-01
7.248527369438073631e-01
7.252115927445582644e-01
7.226766449518692292e-01
7.197932517681366882e-01
7.205194064439871537e-01
7.269102006386487513e-01
7.299510319263506908e-01
7.274325146889075722e-01
7.234629693703773512e-01
7.292330033504046405e-01
7.253305293810673460e-01
7.366653855794514927e-01
7.195873421736252995e-01
7.160652638245851298e-01
7.149558771879245267e-01
7.273475066209450501e-01
7.181496603366656073e-01
7.185002410259002659e-01
7.257342470762057074e-01
7.197571808711076269e-01
7.303766853534258141e-01
7.276587136280842083e-01
7.180586632245625767e-01
7.234139388188337572e-01
7.265644848346710649e-01
7.176765357072536489e-01
7.271354605754216660e-01
7.205382000941497056e-01
7.216570849602038651e-01
7.228822138064946445e-01
7.226817686588336009e-01
7.229875225287217821e-01
7.079158714948556863e-01
7.192219361280783874e-01
7.156519720187554112e-01
7.162729879220326445e-01
7.187644192041494628e-01
7.143140435218811035e-01
7.160929307723656878e-01
7.152908795919173945e-01
7.080170224110285959e-01
7.203326926017419307e-01
7.176338690977830392e-01
7.178576075877898255e-01
7.198575131404094662e-01
7.087431562252534123e-01
7.023963008935635299e-01
7.008949585450001685e-01
7.074424939277844659e-01
7.129973844839976316e-01
7.099801283616286041e-01
7.155677530245903029e-01
7.061445459341391118e-01
7.115691419595326916e-01
7.104321650205513983e-01
7.070050708758525149e-01
7.054456295111239950e-01
7.114903082450231286e-01
7.031580822590070001e-01
7.034136377848111410e-01
7.020445595184962029e-01
7.025454847476421127e-01
7.066521836396975065e-01
7.074744553902210242e-01
7.144106764823962008e-01
7.019768714140622867e-01
7.087180275183457834e-01
7.132619255628340760e-01
7.008574329889737387e-01
7.034000750535573943e-01
7.110853104255138168e-01
7.021341608120844624e-01
6.990331479372122736e-01
6.958683538131225088e-01
7.041736046473184851e-01
7.023132565693978036e-01
7.043052629782603491e-01
7.052622900559352148e-01
7.009316591116098172e-01
7.008894331180132165e-01
7.032592473121789256e-01
7.053914550023201446e-01
7.011695670775878186e-01
6.913834786567932822e-01
6.963634848594665305e-01
6.848521220378386287e-01
6.985066309189185141e-01
6.932318853262143810e-01
6.844766577084858694e-01
6.974861921408237464e-01
7.053007718844291896e-01
6.970364532409569769e-01
6.901030334142538303e-01
6.863976276837862045e-01
6.876188963651657104e-01
6.951511799524991986e-01
6.880836328634849508e-01
6.808332120760892670e-01
6.883926863853747635e-01
6.871232910033984176e-01
6.878890999616720237e-01
6.847069564538124098e-01
6.792502230558640219e-01
6.799280543357898443e-01
6.766770346042437767e-01
6.863769454833789085e-01
6.848392857190890304e-01
6.861191729704538833e-01
6.795345797752723183e-01
6.812853522789783511e-01
6.808192048317346368e-01
6.765136785232104266e-01
6.798170824845631843e-01
6.820723393024542558e-01
6.841453185448279628e-01
6.865526931408124645e-01
6.742389848599067426e-01
6.877863695224125662e-01
6.788626996370462630e-01
6.805247247219086137e-01
6.735510213252825507e-01
6.709431396845059181e-01
6.694354583819707161e-01
6.779313753812741261e-01
6.760288570935909513e-01
6.778264834330631761e-01
6.767348803770847354e-01
6.732310496079616513e-01
6.817751811100886128e-01
6.707605420014797204e-01
6.780560125143100247e-01
6.719235879488479890e-01
6.714391605976300914e-01
6.866734393132039038e-01
6.807483898523526422e-01
6.725559592247009055e-01
6.660877983539532643e-01
6.712754019559957763e-01
6.659338222100184002e-01
6.725314814310807687e-01
6.661048366473271143e-01
6.682649004917878832e-01
6.591827478164281606e-01
6.684997077935781462e-01
6.697531277552629669e-01
6.604120604502848879e-01
6.643148192992577306e-01
6.627005736033121375e-01
6.660892071632238398e-01
6.661692455793037926e-01
6.635045994550753390e-01
6.593499626868810637e-01
6.566994554721392596e-01
6.656651250062844971e-01
6.562830116504277944e-01
6.672395554108497828e-01
6.506061559304212594e-01
6.554261773060530150e-01
6.654240888662826814e-01
6.565852982875628463e-01
6.612539746822454489e-01
6.604621121516593973e-01
6.631933715863105316e-01
6.563573196148261291e-01
6.576191111252858157e-01
6.460999868619136111e-01
6.619255495377075471e-01
6.582044622072806828e-01
6.589100452569814914e-01
6.591192624507806741e-01
6.566025173816925076e-01
6.610463798810274350e-01
6.515377357220037968e-01
6.535744676223167460e-01
6.534299232256718382e-01
6.442056211141439226e-01
6.447523627525720835e-01
6.507350836044702991e-01
6.465691479352804194e-01
6.523140825522251163e-01
6.513846305700449202e-01
6.532297364412209539e-01
6.421952556341122831e-01
6.488579581945370656e-01
6.526036278559611548e-01
6.430572814666307702e-01
6.485888933524107669e-01
6.482270107055321251e-01
6.532776659115766549e-01
6.428243741011008261e-01
6.424391835927962813e-01
6.362709661324819077e-01
6.497693429390589692e-01
6.465410636021540203e-01
6.479070898814078827e-01
6.401354536796227679e-01
6.374566225669322517e-01
6.394117201750094681e-01
6.482418800011658933e-01
6.468510601765070644e-01
6.595324340539100438e-01
6.366676289301652636e-01
6.475542775331399881e-01
6.429591731383250686e-01
6.532351214152115615e-01
6.494475836173082550e-01
6.416920310411697859e-01
6.425755593257073128e-01
6.355304999993397486e-01
6.366584015198243351e-01
6.379812448452680806e-01
6.407264762199842423e-01
6.468086616351054197e-01
6.411256386683537034e-01
6.368417854492480767e-01
6.471519774351364163e-01
6.459802707036336189e-01
6.348696725490765580e-01
6.429302540345069872e-01
6.392214915691277755e-01
6.286031761994728129e-01
6.441235536184066746e-01
6.412892155922376158e-01
6.313782550585576026e-01
6.381832855634200774e-01
6.416837364435196145e-01
6.480537190651282087e-01
6.439911710146145607e-01
6.441980086075953515e-01
6.408201249746175998e-01
6.431897035011878705e-01
6.337667251244569755e-01
6.340857184086090559e-01
6.384348523922455110e-01
6.305088091355103286e-01
6.404104987016090433e-01
6.356826396324695150e-01
6.291216381849387140e-01
6.398085691225834370e-01
6.412392235719240885e-01
6.360990528876965255e-01
6.320908691638554844e-01
6.294870065572933937e-01
6.334640600742438288e-01
6.303924545263632773e-01
6.279902354264870201e-01
6.378854196805220367e-01
6.222667658940339575e-01
6.316813961053505677e-01
6.370084437040182124e-01
6.377348280869997721e-01
6.339522938697765841e-01
6.261468927065531043e-01
6.421604568377519140e-01
6.350456560269380768e-01
6.350422090444809431e-01
6.309629932428018062e-01
6.272194193723874545e-01
6.277985690495906379e-01
6.320394146136748548e-01
6.274553904166588758e-01
6.309340227108735100e-01
6.165837686031292453e-01
6.240105570890964737e-01
6.283238692161364769e-01
6.291376719872157075e-01
6.279186248015135030e-01
6.232666067588024106e-01
6.292016523006634943e-01
6.266921265767171345e-01
6.216621126884068760e-01
6.268604253347103139e-01
6.302261743790064097e-01
6.151972986184633951e-01
6.297397588308041305e-01
6.213017180944100382e-01
6.283947580135785804e-01
6.244970671641520976e-01
6.133904517461091777e-01
6.281838546960781811e-01
6.232412420022181987e-01
6.238660865869277705e-01
6.189878324667612564e-01
6.216152926286061531e-01
6.184110525326851349e-01
6.172704448302587243e-01
6.189881907823758800e-01
6.181711250390762302e-01
6.061635827406858246e-01
6.192781064754877551e-01
6.175531871807881101e-01
6.141538665080681358e-01
6.049166628183462180e-01
6.190894702306160013e-01
6.100877645688179696e-01
6.093050955197749641e-01
6.119008187300120083e-01
6.062721843138719757e-01
6.223105596426206088e-01
6.114140956065593491e-01
6.194281581884775179e-01
6.145814946828744851e-01
6.193261590523597704e-01
6.145168545918586744e-01
6.077342280210592529e-01
6.207161066623834156e-01
6.169094100976602046e-01
6.139598292418014802e-01
6.126460010424638059e-01
6.218985849466078797e-01
6.108793345781472484e-01
6.074688434600830078e-01
6.124629807013731719e-01
6.085450216745719176e-01
6.139478479440395597e-01
6.105269492436677936e-01
6.055147946645051960e-01
5.954759804866253114e-01
6.087127757378113513e-01
6.043616913067988428e-01
6.054764182139665829e-01
6.125222773124010534e-01
6.118478610729559675e-01
6.097878945179474597e-01
6.021761330274435498e-01
6.119124017464808718e-01
6.166514190343710400e-01
6.025820693908593428e-01
6.082331693325286892e-01
6.065281860339335473e-01
6.095612072027646322e-01
6.075265143162165149e-01
6.081067168559783909e-01
6.084732876374171484e-01
6.068969262716097379e-01
5.992909981654240825e-01
6.069258870986792287e-01
6.004849708997286317e-01
6.041850377351809520e-01
6.032198260992001071e-01
6.003461150022653126e-01
5.976956304067220227e-01
6.098488596769479075e-01
6.099589735269546065e-01
6.025061870996768487e-01
6.044678561962567587e-01
6.071726008867606161e-01
6.037161805690862693e-01
6.050567626188962933e-01
6.019570322372974625e-01
6.019674305732433117e-01
5.953341842461854494e-01
6.047766306461431762e-01
6.044694807284917148e-01
6.068767970189069549e-01
5.997669745714236944e-01
6.069267684832597709e-01
5.943457512519298991e-01
5.969681108609223852e-01
5.967352929787758109e-01
6.105568298926720150e-01
6.066558931882565231e-01
5.973160290565245889e-01
5.987695621374325983e-01
5.975015063316394537e-01
5.961243460575739173e-01
6.019286024264800528e-01
5.962053847618592473e-01
6.007518035479081364e-01
6.014981631285104546e-01
5.920033739927487160e-01
6.087210072156710172e-01
5.970267671805161713e-01
6.006100255709427849e-01
5.983024035508816008e-01
5.991423103289726937e-01
5.999293426672617224e-01
5.946002542208402852e-01
5.998147472357138188e-01
5.981624503166247386e-01
5.993051036046102009e-01
5.960684850429877057e-01
5.944958894680707484e-01
5.944189158005591667e-01
5.955515860747068180e-01
6.049842491363868202e-01
5.874802510707806125e-01
5.905790228110093798e-01
5.964157058642460818e-01
5.911869501456236131e-01
5.973559427719850046e-01
6.002359785330600994e-01
5.921449710925420495e-01
6.038378479389043818e-01
5.928843217782485686e-01
5.984084162192466749e-01
5.957240875714864270e-01
5.916538795599570744e-01
5.966481661949402104e-01
5.992837251761020667e-01
5.880960423976947515e-01
5.883307732832737669e-01
5.931429166824390142e-01
6.049763152232536800e-01
5.945783819907750622e-01
6.046738981436460270e-01
5.869966111886195659e-01
5.932435882397186777e-01
5.976729762095671639e-01
5.906856834124296629e-01
5.950084317953158175e-01
5.956680533977655179e-01
5.924249467941430369e-01
5.909670080129917347e-01
5.975087550970223926e-01
5.888203620910644753e-01
5.995837357563850167e-01
5.891318490107854133e-01
5.879932767305618979e-01
5.941280201459542276e-01
5.941790357614175067e-01
5.969139614548438777e-01
5.883598230588130695e-01
5.886766562859216956e-01
5.932459471317438338e-01
5.982844514724535712e-01
5.930499183825957976e-01
5.907146919232147964e-01
6.016295958023805124e-01
5.921442272571416643e-01
5.874316826844826478e-01
5.848021287948657054e-01
5.907990458684090340e-01
5.938426363926667673e-01
5.888664812613756405e-01
5.952930126434717861e-01
5.919364825273171205e-01
5.862284674094273562e-01
5.863345612318088262e-01
5.859258801509172887e-01
5.888651919670594426e-01
5.862363842817452930e-01
5.802418447457826645e-01
5.897121098561164398e-01
5.933747791326963172e-01
5.922175137660442568e-01
5.992681427643848924e-01
5.911264859713041275e-01
5.835319635195609367e-01
5.824261406293281818e-01
5.858148040679784785e-01
5.896901624324993874e-01
5.878624105300658265e-01
5.850887897687080397e-01
5.872145870557198277e-01
5.926274193403048285e-01
5.893869621631426803e-01
5.817766949152335387e-01
5.852117367279835447e-01
5.792349129151075360e-01
5.815810113381116864e-01
5.853814773070507016e-01
5.819322587587894002e-01
5.866209372495994057e-01
5.876463754054827016e-01
5.898675343929192794e-01
5.857462799701935730e-01
5.920767672550983907e-01
5.821462466930731328e-01
5.898612337234693248e-01
5.872702679572960882e-01
5.881401152182847980e-01
5.868701480902158707e-01
5.929820685050426476e-01
5.892297533842233426e-01
5.858075766991346356e-01
5.834129963165674004e-01
5.941889183643537242e-01
5.869410080023300669e-01
5.830181769835642847e-01
5.782289436994454412e-01
5.814225014203634467e-01
5.883733169390604756e-01
5.806234216842895979e-01
5.869982393124164588e-01
5.769569739317282897e-01
5.736542395292184571e-01
5.790447216767531380e-01
5.798877849028660769e-01
5.821121207414529097e-01
5.796002540068748710e-01
5.796218754389347305e-01
5.841405522364836456e-01
5.837184679813873789e-01
5.784182745676774706e-01
5.820124117991862800e-01
5.753113705378312126e-01
5.866343698440453780e-01
5.816525178077893710e-01
5.762810770517740044e-01
5.796824141954763920e-01
5.833424244171533379e-01
5.909746518501868273e-01
5.817150507217798694e-01
5.760636852337763791e-01
5.844853758047788839e-01
5.808959032480532914e-01
5.713752170403798569e-01
5.819831094680688599e-01
5.862608204285303382e-01
5.806520736370330837e-01
5.767605606562051790e-01
5.836649138958026617e-01
5.732976171450737679e-01
5.654376371548726077e-01
5.787348884038435726e-01
5.723020995274568090e-01
5.738638647855855979e-01
5.751425876067235432e-01
5.827773982133620523e-01
5.683639472875839926e-01
5.806262397613281001e-01
5.786617063559018614e-01
5.862926338727657560e-01
5.652095403426732334e-01
5.834286755476242314e-01
5.727798045445711139e-01
5.716578705188555265e-01
5.706464389195808895e-01
5.799620960767452038e-01
5.869780611533385040e-01
5.695054598343678443e-01
5.831434636543958439e-01
5.716810809496121193e-01
5.815534289066608409e-01
5.731414562616592434e-01
5.746953968054209216e-01
5.763411847444680491e-01
5.761992596662961486e-01
5.838603667723827328e-01
5.770954859562409389e-01
5.828456819057464822e-01
5.745517498407608503e-01
5.781570849510339061e-01
5.785984873771667925e-01
5.763625091467148298e-01
5.695424646139144453e-01
5.571204151862706455e-01
5.740117731002660761e-01
5.711597812481415959e-01
5.653900698973581829e-01
5.736438944553717834e-01
5.675103928798284070e-01
5.622596985254532109e-01
5.640028589811080240e-01
5.615913423972251906e-01
5.671798542523995845e-01
5.683406025171280351e-01
5.763938436905543528e-01
5.663126763625022653e-01
5.714832420532519608e-01
5.633614287162438394e-01
5.796113316829387685e-01
5.672753163637258567e-01
5.762257439967913841e-01
5.639237773724091740e-01
5.734973646127260460e-01
5.745556629621065836e-01
5.678793378365345479e-01
5.715969807062393215e-01
5.575557594880079515e-01
5.632086273187245640e-01
5.611874656035349407e-01
5.625116809820517316e-01
5.723376377270772419e-01
5.596078749650563733e-01
5.692320634921391731e-01
5.602158666421205302e-01
5.661021748414406529e-01
5.644034871688256016e-01
5.592215706140567510e-01
5.549021591742833159e-01
5.662898829350104801e-01
5.676176253037574782e-01
5.635398713441995833e-01
5.589823040442588598e-01
5.613692101759788500e-01
5.680094774716939465e-01
5.526500146358440668e-01
5.679749938922050712e-01
5.631097507782470979e-01
5.676185358029145478e-01
5.673455512676484069e-01
5.551955748827029913e-01
5.628987285571220855e-01
5.651292176582873861e-01
5.650601098170646708e-01
5.579543804511045701e-01
5.570298160497958451e-01
5.625391041621183863e-01
5.626240711945753592e-01
5.658635417620341279e-01
5.717992078799467581e-01
5.665400257477393176e-01
5.667166912402862300e-01
5.614747286607058019e-01
5.665066044300030024e-01
5.621541354136588842e-01
5.619093036804443386e-01
5.577254678194339954e-01
5.580593178669611687e-01
5.582654630526517892e-01
5.665736581270511829e-01
5.649521299661733886e-01
5.682946674334696802e-01
5.602253271219057584e-01
5.598700984930380375e-01
5.624503552913665549e-01
5.633602591661306391e-01
5.684709394589448905e-01
5.602774893626188968e-01
5.560984491537779295e-01
5.476525549705212326e-01
5.588328711879558819e-01
5.600075668249374639e-01
5.584985108711780777e-01
5.634600789119035280e-01
5.500675290822982788e-01
5.560351364123515827e-01
5.501286580012394456e-01
5.604145364883618141e-01
5.595870306858650167e-01
5.589513709911932970e-01
5.530296046764422435e-01
5.502372181568390141e-01
5.685530865803742895e-01
5.735034572772490513e-01
5.617226756536043419e-01
5.609569263763917180e-01
5.595616793785339604e-01
5.531376200608718596e-01
5.577888489533693317e-01
5.641255467365949849e-01
5.624175657828648367e-01
5.597643287518085931e-01
5.513490231373371353e-01
5.583990819179094345e-01
5.590130160252253511e-01
5.680162847042083962e-01
5.544989306957294195e-01
5.547362789129599570e-01
5.458853498483315914e-01
5.465419111343530201e-01
5.500349301558274950e-01
5.530081313389998421e-01
5.535049977975013968e-01
5.576151103545458065e-01
5.622701430167906800e-01
5.620523955577458874e-01
5.609439850617677914e-01
5.592975297799477330e-01
5.496971484178151401e-01
5.483813326328228488e-01
5.519330990620148203e-01
5.525003514992885556e-01
5.521932942745012562e-01
5.515071954482640981e-01
5.608642087532923481e-01
5.628527378424620364e-01
5.609017589153387773e-01
5.450175779752242100e-01
5.550081442563962186e-01
5.561351789877965190e-01
5.593629361727299187e-01
5.636169027059506620e-01
5.530063882088049887e-01
5.447725778206801150e-01
5.546759755183489071e-01
5.541847338279087820e-01
5.525531462369821512e-01
5.586829990912706156e-01
5.428717218912564313e-01
5.472871065903932575e-01
5.537230617724931969e-01
5.550420506642415042e-01
5.592530894737977043e-01
5.442601103813220487e-01
5.528799030261162262e-01
5.631869067748387359e-01
5.457617660363515144e-01
5.452578819715059311e-01
5.470157897625214094e-01
5.543413698673248513e-01
5.588415744212957836e-01
5.465901899032103994e-01
5.455700202630116014e-01
5.515057665415299404e-01
5.521794169377057804e-01
5.478071130239046127e-01
5.511199996257439837e-01
5.469666444338284750e-01
5.530779291421938915e-01
5.488614787658055993e-01
5.447436813360605479e-01
5.509790997474621754e-01
5.407557181440867389e-01
5.486051086431894541e-01
5.462438829434224097e-01
5.454288611809412490e-01
5.474322236501253380e-01
5.535809344970262780e-01
5.490352380734223603e-01
5.500400621921588407e-01
5.431031579390550590e-01
5.416082557195271985e-01
5.487837209151341655e-01
5.476208588251700871e-01
5.563918071679579969e-01
5.498712830054454104e-01
5.492793352175981969e-01
5.482786884674659689e-01
5.612963520563565289e-01
5.529299561793987738e-01
5.517737461970402268e-01
5.510072567524053611e-01
5.557088215381671414e-01
5.494480132292478558e-01
5.498667493080481306e-01
5.552226430330521323e-01
5.529084508235637685e-01
5.465167969465255515e-01
5.413138572222147005e-01
5.420246445979827188e-01
5.466217957245997905e-01
5.499277658951587933e-01
5.472618702894601617e-01
5.425130589650227764e-01
5.507137652391042026e-01
5.406532513789641392e-01
5.535645860892075554e-01
5.456422862334129320e-01
5.554829566142498454e-01
5.462983441658508799e-01
5.510552371923740367e-01
5.442097656237773196e-01
5.445614303533847789e-01
5.442759580337084291e-01
5.457994825564898012e-01
5.432872403890658397e-01
5.361492386995218018e-01
5.526401920196337691e-01
5.450192868709564653e-01
5.448305110900829584e-01
5.529387256273856632e-01
5.429571293867551107e-01
5.417237213024725939e-01
5.491854941233610399e-01
5.418509325155844714e-01
5.492256429715034471e-01
5.457682209137159068e-01
5.461446887407547246e-01
5.460203483318670781e-01
5.484299898147583230e-01
5.303002025072390824e-01
5.402830225534928088e-01
5.425118472331609265e-01
5.459937311899967227e-01
5.418244405434682331e-01
5.547341388005476714e-01
5.494934853070821967e-01
5.547183334827423540e-01
5.449181244923517742e-01
5.399392531468317769e-01
5.441738305947719789e-01
5.402013696921177388e-01
5.385766224219248333e-01
5.405491548470962027e-01
5.427849363822203621e-01
5.399017257568163863e-01
5.500124585934174082e-01
5.458865616566095369e-01
5.422534782917071139e-01
5.363295908157642566e-01
5.481360647922907114e-01
5.458081617569312538e-01
5.483505989496524347e-01
5.455957387502377021e-01
5.483069508503645162e-01
5.461418830431424842e-01
5.363012143434622292e-01
5.541220961472926865e-01
5.467048241541936360e-01
5.426899640988080975e-01
5.448718216174688322e-01
5.511389991411795863e-01
5.518038299221258436e-01
5.474137345185646764e-01
5.431010357080361395e-01
5.451640969667679304e-01
5.507680227359136316e-01
5.483202128838270406e-01
5.487672703388409845e-01
5.402612276566334248e-01
5.467196776316716189e-01
5.480961663600726341e-01
5.473411610493292834e-01
5.470914293558170050e-01
5.465597006754997489e-01
5.459300851210570071e-01
5.532336829564510339e-01
5.420503413830047856e-01
5.360720936304483875e-01
5.417548084106200701e-01
5.456938778742765894e-01
5.456894594125258902e-01
5.443377413046666113e-01
5.415979964610857511e-01
5.374791873571199696e-01
5.390382875234652760e-01
5.468501463150367004e-01
5.509342691073051412e-01
5.367912831978920440e-01
5.506912148151642539e-01
5.420933436888915047e-01
5.545905204155505697e-01
5.474648186793693583e-01
5.452548624613345885e-01
5.390922219325334774e-01
5.375610716831989988e-01
5.513397535452475573e-01
5.447157180462127712e-01
5.335539620656233328e-01
5.428561436060147516e-01
5.470859636098910350e-01
5.449035054598099226e-01
5.415841240913440435e-01
5.480747283269197245e-01
5.498074932740284471e-01
5.475090591571269982e-01
5.423478335142135620e-01
5.494860792007201233e-01
5.409981256876236211e-01
5.524475089250466819e-01
5.387641180784273898e-01
5.450272872661933166e-01
5.400673211385041972e-01
5.503892733500553858e-01
5.428129034164624889e-01
5.463623273831147431e-01
5.447824874749550572e-01
5.457821237735259734e-01
5.478136363701943123e-01
5.448857407539319242e-01
5.408601297782017481e-01
5.480553339689205883e-01
5.411165974843196169e-01
5.361620585887859614e-01
5.409359085254180632e-01
5.517798156310350643e-01
5.529285571514032105e-01
5.422020568297459819e-01
5.382893022054281440e-01
5.353572960083301524e-01
5.346721597206898213e-01
5.366559011813921698e-01
5.467172504999698868e-01
5.361703736659807484e-01
5.375549930792588027e-01
5.368335344852545044e-01
5.350881196749516233e-01
5.472229577791996036e-01
5.339500074967359344e-01
5.347152246114534879e-01
5.514222065607706780e-01
5.428110100519962788e-01
5.393017228597249968e-01
5.392551296796553872e-01
5.297858611895487346e-01
5.378430099823535704e-01
5.369806175812696925e-01
5.308822945906566115e-01
5.375731799847039971e-01
5.473570793867110762e-01
5.360652188460032219e-01
5.381280207863220477e-01
5.285595973332722908e-01
5.289772891845458958e-01
5.314342346711036225e-01
5.335236209325301404e-01
5.386538745501102676e-01
5.310825289059908361e-01
5.363509365381338156e-01
5.318302512933046344e-01
5.360522297712472239e-01
5.361163901977049617e-01
5.306379079054563963e-01
5.430897272550142540e-01
5.386037276341364421e-01
5.343581817853144678e-01
5.333787940251522031e-01
5.403251941387470225e-01
5.250784270274333476e-01
5.400844454765320046e-01
5.319957907383258133e-01
5.352565194551761607e-01
5.380400843345202189e-01
5.348114618124105712e-01
5.383810316140834606e-01
5.453343399824239768e-01
5.371163344536071804e-01
5.422839491031108405e-01
5.306406656136879452e-01
5.382538946775289324e-01
5.305979616366900409e-01
5.401120372307606221e-01
5.368770746848522402e-01
5.356087755698424324e-01
5.361522939724799874e-01
5.332573916667546765e-01
5.297705066509735827e-01
5.329092921354832146e-01
5.396526942268395910e-01
5.408862622884603732e-01
5.365037573453707020e-01
5.342493215432533304e-01
5.312024821073580982e-01
5.332046972635464677e-01
5.341174272390512012e-01
5.415911449071688644e-01
5.313411459708825557e-01
5.397084821493197682e-01
5.273688633472491949e-01
5.262283426828873178e-01
5.236481556525597325e-01
5.269760304536574846e-01
5.347638466419317727e-01
5.356246743446740899e-01
5.295144676398008121e-01
5.307859039459472683e-01
5.385688986533727629e-01
5.390030053945688016e-01
5.335422380612446780e-01
5.416673812346580741e-01
5.284186419004048840e-01
5.293850667201556170e-01
5.256345662551048514e-01
5.295555880436531027e-01
5.267599268601490525e-01
5.344333151976267127e-01
5.302038152248431668e-01
5.275634845097859627e-01
5.362288264892040024e-01
5.284085507576282703e-01
5.418336151502071152e-01
5.316897720098495705e-01
5.302789620099923606e-01
5.289449972984118231e-01
5.338846435913673361e-01
5.288786944670554879e-01
5.280760910266485419e-01
5.293154986240924398e-01
5.325974999329983195e-01
5.367966645803207149e-01
5.358946733749829772e-01
5.341207521848189144e-01
5.351954045204015964e-01
5.328436158406428813e-01
5.319378985044284081e-01
5.316579271967594167e-01
5.257147724047684934e-01
5.382611513901979228e-01
5.327941338221232614e-01
5.352165151865054815e-01
5.281343209437835418e-01
5.366840571165084617e-01
5.244082198693201802e-01
5.295128637017347817e-01
5.425355520385962693e-01
5.321581877959080664e-01
5.365504177717062007e-01
5.296153534681369290e-01
5.315122217704087992e-01
5.339005873753474019e-01
5.272416591644286665e-01
5.362171507034546591e-01
5.308691173027723087e-01
5.313733923129546621e-01
5.257293483767754294e-01
5.319375625787636785e-01
5.366709535702680611e-01
5.345115432372460340e-01
5.317775609401556025e-01
5.323852604780441311e-01
5.365945726633072344e-01
5.334633393929555378e-01
5.291198077110144116e-01
5.310513394001202814e-01
5.316411126882601978e-01
5.315567854887399690e-01
5.301848300756552002e-01
5.277963516039726466e-01
5.311566339089319744e-01
5.295330746815755107e-01
5.361416156475360406e-01
5.319812237452238302e-01
5.294161789692365394e-01
5.320074730194531698e-01
5.449746808944604393e-01
5.345200174894088052e-01
5.431781476888901672e-01
5.349467256894477885e-01
5.222376960974473015e-01
5.533514723563806026e-01
5.308927996800496540e-01
5.335795522500307309e-01
5.362826948746656219e-01
5.301685957572399577e-01
5.232287819568927079e-01
5.285390270061981477e-01
5.302022392933185557e-01
5.250103514928083914e-01
5.354492253982103822e-01
5.319292156360088120e-01
5.314745200750154996e-01
5.294428198765486204e-01
5.336021580757238647e-01
5.222794054410396791e-01
5.243329407312931068e-01
5.254098186126121561e-01
5.319984404704509728e-01
5.232601761817932129e-01
5.268761945076477771e-01
5.241389205822577502e-01
5.311092222348238190e-01
5.341053508031062824e-01
5.335573103183355315e-01
5.285822239059668748e-01
5.322186256830508944e-01
5.349278858074775211e-01
5.293553819259008142e-01
5.394425302743911521e-01
5.304109725432518685e-01
5.263168802628150900e-01
5.327601513037314440e-01
5.372638624448042854e-01
5.295872196937219112e-01
5.167194672119923560e-01
5.259511214800369761e-01
5.267448816543970347e-01
5.196272983764991249e-01
5.295407617703462577e-01
5.251171503311548028e-01
5.310873932563341393e-01
5.186401950243192394e-01
5.293439552570000650e-01
5.215096614299676858e-01
5.283388224931863109e-01
5.232370127470065135e-01
5.332925297510929807e-01
5.252206392013110126e-01
5.262654623924157837e-01
5.215382445317048310e-01
5.329083787325100685e-01
5.298126211533179530e-01
5.213648757109274889e-01
5.289419255195519920e-01
5.237502163037275338e-01
5.280902540836578396e-01
5.291948172526481642e-01
5.279202814667652843e-01
5.250000184927231528e-01
5.166279202852493979e-01
5.317351045516821584e-01
5.271701064629432665e-01
5.303375127223821650e-01
5.317279927241496118e-01
5.223769476780524279e-01
5.295462647691751013e-01
5.295121030165599318e-01
5.324435280683713634e-01
5.263831527569354796e-01
5.217390278211007093e-01
5.210569862371835503e-01
5.220030189324648129e-01
5.276533938371218424e-01
5.300081921693605702e-01
5.236695019862590561e-01
5.272639559629636041e-01
5.191900201332875220e-01
5.318184504906336985e-01
5.215539842079847110e-01
5.310690372418134242e-01
5.307823120019374841e-01
5.266362023659241220e-01
5.229818689517485852e-01
5.275361341543686189e-01
5.230331232150395859e-01
5.270314335823058638e-01
5.225312953576063402e-01
5.288457728731326135e-01
5.249917083825820230e-01
5.213936907358658335e-01
5.133137958172040438e-01
5.231168335064863006e-01
5.257615773341595133e-01
5.276572959927412487e-01
5.219750748230860271e-01
5.248402250118744394e-01
5.301316489775975693e-01
5.198633052599735960e-01
5.206699884854830707e-01
5.229660582848084660e-01
5.278241943854552476e-01
5.214699945388696634e-01
5.153455434701381677e-01
5.134565346516095641e-01
5.223015947983815632e-01
5.206696539353101727e-01
5.166774323353400256e-01
5.189116166952328912e-01
5.275716744172267436e-01
5.169939741492270979e-01
5.209531924663446389e-01
5.143726192223719851e-01
5.294852361465112178e-01
5.143739705666517947e-01
5.194681908839787754e-01
5.271409190618074891e-01
5.303173953141921970e-01
5.217416984912676137e-01
5.228696080736624507e-01
5.186497018123283897e-01
5.195550678632198105e-01
5.111367648610701808e-01
5.183389295370151029e-01
5.207683115433423549e-01
5.254493672114152192e-01
5.168286850055058279e-01
5.162409787758802659e-01
5.186460075470117337e-01
5.170490824259244000e-01
5.146777328772422777e-01
5.220728289622527107e-01
5.117712520636045204e-01
5.112126633906975970e-01
5.195034984594736338e-01
5.113328754901885764e-01
5.204165164858867154e-01
5.189060156926130762e-01
5.184728468839938653e-01
5.175150020764424097e-01
5.207215717969796431e-01
5.155813331023241242e-01
5.163215718972377077e-01
5.203027575443952557e-01
5.275646256330686068e-01
5.164807339509328576e-01
5.091006447871525564e-01
5.216018261817785273e-01
5.151028846318904675e-01
5.151374087883875408e-01
5.128588995872399581e-01
5.207157581280439373e-01
5.152873009443282859e-01
5.201249537559655689e-01
5.232307912447513587e-01
5.221081667985671970e-01
5.188135894445272678e-01
5.127117772897084036e-01
5.162360240251590016e-01
5.055728344581066347e-01
5.059611318203118824e-01
5.141130215082413413e-01
5.123935904258336560e-01
5.152391817325200352e-01
5.205763223843696830e-01
5.169944956134526759e-01
5.102189338360076931e-01
5.073599660243743870e-01
5.147020741150929446e-01
5.154128186213664531e-01
5.159403460148053178e-01
5.119850451365495214e-01
5.163202926516532454e-01
5.094537768608484729e-01
5.031576591424452571e-01
5.023663584238443613e-01
5.111116514756128826e-01
5.205879001281200624e-01
5.094097846593612644e-01
5.138512139901136866e-01
5.068090206537491094e-01
5.164473347174816098e-01
5.101451658667661704e-01
5.104564134891216298e-01
5.134070844986500237e-01
5.087183852990467825e-01
5.106555177615239582e-01
5.183131111738009666e-01
4.948283046483993308e-01
5.064732837371337393e-01
5.048092685448817285e-01
5.105807245541841288e-01
5.102313011120527264e-01
5.151415525338588486e-01
5.153536152381162916e-01
5.129137926376783341e-01
5.140085265804559267e-01
5.117298490726031046e-01
5.110022867337251640e-01
5.181600601245195392e-01
5.098817419929382311e-01
5.122365995477407008e-01
5.159418832033108027e-01
5.116032421970978517e-01
5.027091094316580300e-01
5.092053213944801593e-01
5.166340150130100950e-01
5.041752392664934357e-01
5.188466487786709269e-01
5.170462934634624252e-01
5.106292758996670011e-01
5.178410815122800326e-01
5.090364191012505257e-01
5.078319181998570686e-01
5.068505621109253845e-01
5.218347807725270959e-01
5.097455264666141961e-01
5.096426751369085295e-01
5.083542402738180366e-01
5.099638147231859708e-01
5.087942250263997046e-01
5.097332322444670938e-01
5.145133764697955581e-01
5.122692267482097384e-01
5.106716729891606077e-01
5.102048183862979425e-01
5.114195634157229220e-01
5.167164098757963675e-01
5.099828310501881568e-01
5.109220099372741020e-01
5.165199666451185667e-01
5.087792171117586637e-01
5.081341048081715606e-01
5.144941662366573354e-01
5.059285090137750629e-01
5.094641803166805039e-01
5.092971189663960674e-01
5.091089850052809007e-01
5.081348418425291058e-01
5.072769859662422665e-01
5.091226565532195325e-01
5.100842132782325011e-01
5.129729306850677739e-01
5.129295560411918364e-01
5.106872835984597181e-01
5.129370589286853521e-01
5.141990903096321786e-01
5.067032626041999555e-01
5.127569153904915078e-01
5.090298895652477507e-01
5.037844812258696070e-01
5.052175038135968688e-01
5.163646743847774001e-01
5.040410190820694414e-01
5.034605243267157304e-01
5.085330534439820305e-01
5.056165143847465293e-01
5.059039575167191272e-01
5.142865414038683136e-01
5.205604926897928753e-01
5.046048836066172605e-01
5.111940729312407505e-01
5.013449919147369149e-01
5.014240574378233672e-01
5.109346353090726822e-01
4.999674292711110968e-01
5.028925634347475304e-01
5.007162630558014138e-01
5.084349936399704672e-01
5.130583625191297292e-01
5.116129309703142392e-01
5.140405116172936939e-01
4.961392742318984639e-01
5.052087923655143031e-01
5.077689383274469614e-01
5.108094200109823957e-01
5.075285760255959788e-01
5.087443184394102591e-01
5.071225076913833396e-01
5.062013858403915378e-01
5.027544610011271953e-01
5.060443867475558077e-01
5.032739523129585724e-01
5.023255114371959484e-01
5.126951491221403145e-01
5.039995920199614732e-01
5.049618970125149264e-01
5.049441906122060786e-01
5.021715179467812762e-01
5.072381121990008346e-01
5.010582275879689185e-01
5.041843522817660572e-01
4.997750018651668791e-01
5.066371735089864048e-01
5.002272515724867086e-01
5.066030560395656801e-01
5.013833050544445058e-01
5.104890484840441944e-01
5.060748113271517079e-01
5.015011491683812883e-01
5.043178786834080496e-01
4.977228905145938409e-01
5.113607813914616829e-01
5.095521885615128532e-01
5.076344104913564914e-01
5.097686209357701337e-01
5.143351501379257451e-01
5.065526357063880880e-01
5.070547100443106858e-01
4.999747925843948115e-01
5.012787669897079690e-01
5.041355245388471351e-01
5.050036429976805241e-01
5.057643530842584889e-01
5.089478819034038981e-01
5.092455631647354597e-01
5.167037156147834542e-01
5.192927660850378269e-01
5.104581365218529010e-01
5.060174218355081299e-01
5.010181464445896404e-01
4.981830946527994741e-01
5.054986069599787246e-01
5.030806785974747397e-01
5.002857605616252146e-01
5.007264143763444642e-01
4.961254876775619271e-01
5.159092344534702557e-01
4.983460477529427779e-01
5.058810769747464908e-01
4.986259917418162102e-01
4.989441907558685441e-01
4.924331925618342654e-01
4.977437979135757584e-01
4.988272075851758469e-01
5.042470008899003764e-01
5.069712502834123891e-01
4.994780933245634436e-01
5.055070712016178636e-01
4.961870302756627438e-01
4.922916824236894251e-01
4.963587695971513614e-01
5.043696926190303076e-01
4.954243567509528656e-01
5.011650095383326509e-01
5.010809325254880209e-01
4.997552643983791953e-01
4.966777367851673008e-01
4.962349216143290276e-01
4.948423508650217073e-01
4.988675262683477385e-01
4.904395092756320129e-01
4.996928711732228634e-01
4.957685582912885192e-01
4.943485098007397993e-01
5.003686617582272511e-01
5.024067608973918908e-01
5.015856412740854475e-01
4.934542057605890153e-01
5.118900457253823255e-01
4.910006047823490261e-01
4.999467416451527368e-01
5.028386800717085103e-01
4.983357409636179347e-01
5.002577822177838307e-01
4.938154524717575655e-01
4.984762791639719137e-01
4.989061480531325476e-01
5.024176343893393959e-01
4.997768360070692917e-01
4.938354766903779169e-01
5.040340409829066060e-01
4.900037780786171693e-01
5.009785386232229465e-01
4.970999211072921753e-01
4.921351504631531482e-01
5.070650234436377968e-01
4.902520089577405704e-01
4.975790808216119521e-01
5.080683291340485352e-01
5.011834428860590940e-01
5.002443067156351342e-01
5.003355856889333264e-01
4.966464853439575555e-01
4.972909552164566649e-01
4.916512419780095233e-01
4.990497747292885200e-01
4.995657952168048865e-01
5.037438957354961611e-01
4.935991155031400068e-01
5.019027969776055365e-01
4.932698116088524709e-01
4.971912940725302099e-01
5.069107518746303054e-01
5.005534104047677513e-01
4.942790921681966543e-01
5.085052562065613957e-01
4.963329243736389618e-01
4.986531418103438140e-01
4.972409448562524203e-01
5.038648736400481720e-01
5.011730287319574595e-01
4.942520593221371161e-01
5.122882485389709251e-01
5.034952937792509520e-01
5.003673912622990105e-01
4.946164085314824210e-01
4.942882143534146899e-01
4.995645001148566466e-01
4.991472479242544669e-01
4.998550784893525112e-01
4.976262579361597771e-01
5.005119121227509238e-01
4.998621690731782086e-01
4.955878526736528511e-01
4.941555671584911824e-01
4.970659401172246583e-01
5.043816736875436080e-01
4.980299983269129149e-01
4.994724766184122089e-01
4.897186006491001109e-01
4.927467215519685251e-01
4.945502025958819492e-01
5.071058406279637110e-01
4.937538597446221589e-01
4.911869513682829980e-01
4.937948785149134379e-01
4.942727004106228228e-01
4.896809584819353800e-01
4.928826053937276352e-01
4.994078112718386420e-01
4.957809047439159511e-01
4.899486776727896564e-01
4.975743150863892184e-01
4.983669321888532511e-01
4.942079032842929820e-01
4.932707565717208142e-01
4.901733770584448813e-01
4.956266906781074399e-01
4.880818607333378689e-01
4.948745832611353146e-01
4.860966784831804999e-01
4.884482653095171822e-01
4.832966268826753842e-01
4.912118650017640586e-01
4.880403424684818248e-01
4.876640622050334439e-01
4.921102866148337474e-01
4.921215798610296122e-01
4.798056844717417113e-01
4.869995887462909567e-01
4.956975024480085867e-01
4.965122288236251125e-01
4.870043239914453870e-01
4.923062616433852567e-01
4.941240813869696158e-01
4.816503249681912679e-01
4.845212357548566717e-01
4.928588546239413004e-01
4.909492106009752388e-01
4.907036756093685614e-01
4.940578220746456029e-01
4.976861156714268430e-01
4.987373406306291335e-01
4.977968659156408182e-01
5.082102923821180118e-01
4.938776438816999681e-01
4.931094573858456620e-01
4.913069050281475558e-01
4.886353850364685281e-01
4.913902206298632613e-01
4.951531476699388978e-01
4.964672876474184871e-01
4.933754029946449404e-01
4.838110166482436081e-01
4.930796828025426626e-01
4.855243643889060601e-01
4.874131729205449237e-01
4.915141399090106611e-01
4.971662561862896790e-01
4.914668275759770388e-01
4.862371323582453386e-01
4.901873016968751329e-01
4.891731904485286941e-01
4.947512635435813433e-01
4.948359421430489902e-01
4.861932729299252021e-01
4.915298850872577563e-01
4.873944401358946688e-01
4.915812532107035060e-01
4.760180393090615025e-01
4.956523937292587889e-01
4.828256034316160683e-01
4.910360286251092554e-01
4.914045893993133074e-01
4.827314360783650504e-01
4.782951439802463067e-01
4.856919174010936868e-01
4.856382218691018826e-01
4.872659720671482786e-01
4.869369501868883732e-01
4.847441249932998297e-01
4.772662503214982754e-01
4.850138934758993492e-01
5.009679572704510697e-01
4.831513822460785645e-01
4.907789822572317107e-01
4.863244993564410090e-01
4.823987468312948002e-01
4.827229732886338942e-01
4.893248854157252192e-01
4.919373890528311866e-01
4.840007131298383336e-01
4.866421141685583485e-01
4.884583433469136815e-01
4.928076547689926867e-01
4.982637706475380179e-01
4.814700010495308047e-01
4.796705557367740291e-01
4.909136043909268499e-01
4.776955031431638354e-01
4.922169065628296258e-01
4.957095114848552586e-01
4.870194375132902986e-01
4.903562015447860967e-01
4.833026114182594757e-01
4.865894295848333106e-01
4.914047868205950742e-01
4.886697470377653341e-01
4.888773224674738405e-01
4.802905962253228300e-01
4.892059884774379031e-01
4.813274472951888927e-01
4.884490097944553244e-01
4.854267286184506536e-01
4.808707247941921836e-01
4.813148909654372809e-01
4.790741141789998658e-01
4.887706768054228545e-01
4.833701372146606556e-01
4.872548754016558514e-01
4.929905686240929619e-01
4.883954386680554038e-01
4.836575952860025507e-01
4.845804910629223361e-01
4.954222670732400524e-01
4.883049189280240787e-01
4.819676160048215752e-01
4.779279009653971677e-01
4.859779169162114498e-01
4.871327292460661540e-01
4.764685947161454438e-01
4.752376664907504433e-01
4.740587655550394519e-01
4.836626171301572907e-01
4.778821634940612073e-01
4.899583006898561854e-01
4.881441127795439483e-01
4.858386221604469313e-01
4.947129910190899982e-01
4.848757799619283215e-01
4.768296972299233549e-01
4.850143233935038101e-01
