7.787641525268554688e+00
9.689042091369628906e+00
1.103459167480468750e+01
1.218057823181152344e+01
1.314395713806152344e+01
1.396228599548339844e+01
1.472939682006835938e+01
1.538427162170410156e+01
1.605315208435058594e+01
1.660722923278808594e+01
1.723026466369628906e+01
1.775727272033691406e+01
1.826387214660644531e+01
1.875786972045898438e+01
1.932898521423339844e+01
1.986741828918457031e+01
2.041678619384765625e+01
2.087119674682617188e+01
2.135388946533203125e+01
2.182519721984863281e+01
2.229935455322265625e+01
2.282877349853515625e+01
2.333435058593750000e+01
2.365565109252929688e+01
2.404779815673828125e+01
2.436619377136230469e+01
2.478078269958496094e+01
2.514562797546386719e+01
2.544184494018554688e+01
2.572095870971679688e+01
2.597200012207031250e+01
2.622119712829589844e+01
2.649747085571289062e+01
2.672249794006347656e+01
2.693925857543945312e+01
2.712650299072265625e+01
2.720664596557617188e+01
2.740276145935058594e+01
2.745365715026855469e+01
2.756916046142578125e+01
2.767848396301269531e+01
2.781055641174316406e+01
2.792063713073730469e+01
2.793717193603515625e+01
2.797427177429199219e+01
2.799327278137207031e+01
2.794406127929687500e+01
2.798551750183105469e+01
2.793216896057128906e+01
2.795118522644042969e+01
2.801052093505859375e+01
2.795792770385742188e+01
2.795920181274414062e+01
2.788907432556152344e+01
2.790869522094726562e+01
2.786616897583007812e+01
2.788694763183593750e+01
2.798550415039062500e+01
2.800205039978027344e+01
2.784878349304199219e+01
2.791060066223144531e+01
2.793614196777343750e+01
2.789119720458984375e+01
2.780864906311035156e+01
2.789427185058593750e+01
2.790534210205078125e+01
2.782661819458007812e+01
2.776646041870117188e+01
2.773447418212890625e+01
2.766488647460937500e+01
2.773323440551757812e+01
2.767955780029296875e+01
2.755449295043945312e+01
2.766957283020019531e+01
2.755599594116210938e+01
2.755385780334472656e+01
2.756458282470703125e+01
2.762078857421875000e+01
2.754301452636718750e+01
2.748749542236328125e+01
2.748290634155273438e+01
2.745493507385253906e+01
2.749014663696289062e+01
2.756756401062011719e+01
2.769684600830078125e+01
2.783028030395507812e+01
2.776227569580078125e+01
2.783337020874023438e+01
2.790805053710937500e+01
2.787743377685546875e+01
2.785459899902343750e+01
2.791467285156250000e+01
2.791001892089843750e+01
2.787500762939453125e+01
2.790956497192382812e+01
2.787944412231445312e+01
2.792924308776855469e+01
2.795527458190917969e+01
2.799589538574218750e+01
2.801124000549316406e+01
2.797025489807128906e+01
2.786395645141601562e+01
2.802382278442382812e+01
2.808915710449218750e+01
2.804008674621582031e+01
2.806708335876464844e+01
2.792753982543945312e+01
2.794664192199707031e+01
2.800261688232421875e+01
2.796956253051757812e+01
2.802752304077148438e+01
2.799891281127929688e+01
2.812008666992187500e+01
2.810240173339843750e+01
2.824296569824218750e+01
2.829299354553222656e+01
2.813958358764648438e+01
2.818034172058105469e+01
2.837968063354492188e+01
2.828982162475585938e+01
2.830845260620117188e+01
2.829619789123535156e+01
2.825997924804687500e+01
2.836416053771972656e+01
2.835105133056640625e+01
2.835878181457519531e+01
2.838529968261718750e+01
2.850843238830566406e+01
2.856920623779296875e+01
2.856390380859375000e+01
2.846750640869140625e+01
2.860422134399414062e+01
2.863299179077148438e+01
2.866739273071289062e+01
2.857513427734375000e+01
2.859048461914062500e+01
2.865748596191406250e+01
2.860385894775390625e+01
2.874116134643554688e+01
2.883718109130859375e+01
2.878127288818359375e+01
2.886037826538085938e+01
2.898884201049804688e+01
2.894464874267578125e+01
2.877252388000488281e+01
2.871307373046875000e+01
2.870588302612304688e+01
2.870020294189453125e+01
2.878860473632812500e+01
2.886365509033203125e+01
2.873091506958007812e+01
2.875006294250488281e+01
2.885099792480468750e+01
2.889215087890625000e+01
2.889193153381347656e+01
2.882197952270507812e+01
2.886599922180175781e+01
2.883189773559570312e+01
2.877555847167968750e+01
2.891087341308593750e+01
2.887873077392578125e+01
2.888362503051757812e+01
2.885527038574218750e+01
2.875467872619628906e+01
2.898031806945800781e+01
2.895415115356445312e+01
2.901703262329101562e+01
2.899260711669921875e+01
2.897780418395996094e+01
2.897650527954101562e+01
2.884810256958007812e+01
2.893565750122070312e+01
2.896287727355957031e+01
2.908925437927246094e+01
2.913610267639160156e+01
2.919281387329101562e+01
2.921066856384277344e+01
2.907727050781250000e+01
2.926346969604492188e+01
2.917228317260742188e+01
2.935981750488281250e+01
2.950447273254394531e+01
2.953124237060546875e+01
2.949993133544921875e+01
2.954159355163574219e+01
2.948995971679687500e+01
2.952858734130859375e+01
2.957757186889648438e+01
2.970643997192382812e+01
2.971523666381835938e+01
2.976232528686523438e+01
2.968006134033203125e+01
2.978691482543945312e+01
2.966003990173339844e+01
2.969889259338378906e+01
2.972400665283203125e+01
2.975220298767089844e+01
2.964604187011718750e+01
2.962299346923828125e+01
2.981491088867187500e+01
2.982095336914062500e+01
2.981349754333496094e+01
2.985324478149414062e+01
2.978877067565917969e+01
2.981981277465820312e+01
2.999237823486328125e+01
2.985693740844726562e+01
3.006173706054687500e+01
2.999163436889648438e+01
2.998257064819335938e+01
3.001307296752929688e+01
2.996018028259277344e+01
3.010837554931640625e+01
3.005744934082031250e+01
3.006533241271972656e+01
3.020798301696777344e+01
3.027865028381347656e+01
3.040709686279296875e+01
3.028413581848144531e+01
3.021145629882812500e+01
3.027980422973632812e+01
3.019419097900390625e+01
3.034371185302734375e+01
3.034072113037109375e+01
3.022466468811035156e+01
3.015074157714843750e+01
3.034372329711914062e+01
3.023904991149902344e+01
3.034047698974609375e+01
3.029067611694335938e+01
3.039601516723632812e+01
3.037902832031250000e+01
3.030095672607421875e+01
3.041096496582031250e+01
3.026524353027343750e+01
3.041137695312500000e+01
3.051754379272460938e+01
3.052444076538085938e+01
3.049559020996093750e+01
3.047178459167480469e+01
3.057370567321777344e+01
3.050856399536132812e+01
3.066061210632324219e+01
3.053885459899902344e+01
3.052774429321289062e+01
3.041947937011718750e+01
3.058153533935546875e+01
3.053147697448730469e+01
3.080332946777343750e+01
3.076976776123046875e+01
3.072831153869628906e+01
3.064935302734375000e+01
3.085544204711914062e+01
3.074193954467773438e+01
3.071102523803710938e+01
3.069853210449218750e+01
3.086833953857421875e+01
3.084413146972656250e+01
3.092668914794921875e+01
3.090608596801757812e+01
3.082291984558105469e+01
3.076702308654785156e+01
3.076082229614257812e+01
3.081172943115234375e+01
3.070369720458984375e+01
3.078543472290039062e+01
3.062812042236328125e+01
3.054761123657226562e+01
3.066545867919921875e+01
3.068727874755859375e+01
3.060044670104980469e+01
3.083526611328125000e+01
3.081024932861328125e+01
3.082231330871582031e+01
3.084154701232910156e+01
3.090507698059082031e+01
3.075812149047851562e+01
3.086101913452148438e+01
3.105583572387695312e+01
3.097368621826171875e+01
3.124402618408203125e+01
3.114172363281250000e+01
3.121586990356445312e+01
3.122268295288085938e+01
3.116920852661132812e+01
3.123391914367675781e+01
3.138498687744140625e+01
3.144119453430175781e+01
3.129520797729492188e+01
3.146112251281738281e+01
3.136750793457031250e+01
3.143545532226562500e+01
3.142398834228515625e+01
3.129230880737304688e+01
3.140657424926757812e+01
3.145679092407226562e+01
3.136211013793945312e+01
3.152305603027343750e+01
3.147717094421386719e+01
3.141202545166015625e+01
3.149036407470703125e+01
3.160029792785644531e+01
3.155476951599121094e+01
3.153517913818359375e+01
3.156027984619140625e+01
3.150826263427734375e+01
3.155606460571289062e+01
3.155113220214843750e+01
3.165023994445800781e+01
3.161800765991210938e+01
3.161503601074218750e+01
3.170568275451660156e+01
3.158794784545898438e+01
3.157481384277343750e+01
3.176905822753906250e+01
3.185655212402343750e+01
3.186355972290039062e+01
3.199389266967773438e+01
3.178879928588867188e+01
3.178102684020996094e+01
3.203887557983398438e+01
3.202795028686523438e+01
3.207686233520507812e+01
3.214060974121093750e+01
3.204444885253906250e+01
3.205146026611328125e+01
3.220238113403320312e+01
3.216571426391601562e+01
3.213141632080078125e+01
3.208988571166992188e+01
3.208280944824218750e+01
3.201519393920898438e+01
3.211448287963867188e+01
3.195628356933593750e+01
3.201514816284179688e+01
3.209243774414062500e+01
3.215994262695312500e+01
3.207782745361328125e+01
3.201305389404296875e+01
3.194578552246093750e+01
3.212630462646484375e+01
3.206496810913085938e+01
3.197731018066406250e+01
3.193356132507324219e+01
3.212782287597656250e+01
3.201939010620117188e+01
3.219277191162109375e+01
3.205142974853515625e+01
3.226305007934570312e+01
3.205147933959960938e+01
3.209143066406250000e+01
3.207067108154296875e+01
3.226863098144531250e+01
3.219108581542968750e+01
3.210255432128906250e+01
3.216790771484375000e+01
3.212990951538085938e+01
3.222935867309570312e+01
3.228330230712890625e+01
3.244959259033203125e+01
3.265409851074218750e+01
3.267610931396484375e+01
3.253559112548828125e+01
3.274623870849609375e+01
3.280267333984375000e+01
3.284357070922851562e+01
3.291104888916015625e+01
3.291752624511718750e+01
3.314962005615234375e+01
3.312471389770507812e+01
3.297244262695312500e+01
3.295922088623046875e+01
3.299444198608398438e+01
3.304102325439453125e+01
3.300237655639648438e+01
3.314733886718750000e+01
3.329585647583007812e+01
3.316400146484375000e+01
3.314062881469726562e+01
3.329652023315429688e+01
3.331481170654296875e+01
3.319775390625000000e+01
3.286698150634765625e+01
3.311870574951171875e+01
3.296006011962890625e+01
3.309941482543945312e+01
3.313309097290039062e+01
3.291703033447265625e+01
3.278387451171875000e+01
3.265055465698242188e+01
3.277270507812500000e+01
3.284905242919921875e+01
3.307711410522460938e+01
3.322399139404296875e+01
3.317739105224609375e+01
3.306362152099609375e+01
3.308589172363281250e+01
3.315431213378906250e+01
3.310828781127929688e+01
3.297731018066406250e+01
3.297962951660156250e+01
3.295298004150390625e+01
3.306866073608398438e+01
3.306310272216796875e+01
3.306238174438476562e+01
3.309652709960937500e+01
3.299711608886718750e+01
3.283365249633789062e+01
3.291567611694335938e+01
3.296888351440429688e+01
3.296906280517578125e+01
3.282580184936523438e+01
3.274433517456054688e+01
3.290611267089843750e+01
3.295785140991210938e+01
3.297293853759765625e+01
3.306536865234375000e+01
3.294149017333984375e+01
3.300787353515625000e+01
3.285364913940429688e+01
3.285743331909179688e+01
3.284163665771484375e+01
3.290640640258789062e+01
3.295199203491210938e+01
3.280843353271484375e+01
3.283776473999023438e+01
3.272373580932617188e+01
3.280183410644531250e+01
3.280847930908203125e+01
3.276260757446289062e+01
3.263809204101562500e+01
3.274212646484375000e+01
3.273651885986328125e+01
3.278007507324218750e+01
3.267650604248046875e+01
3.268275451660156250e+01
3.282571792602539062e+01
3.287085342407226562e+01
3.294592285156250000e+01
3.288488006591796875e+01
3.271349334716796875e+01
3.270432281494140625e+01
3.268687438964843750e+01
3.267451858520507812e+01
3.274870300292968750e+01
3.275727081298828125e+01
3.276942443847656250e+01
3.283032226562500000e+01
3.277720260620117188e+01
3.276757812500000000e+01
3.278092575073242188e+01
3.291328430175781250e+01
3.290984725952148438e+01
3.291188049316406250e+01
3.282878112792968750e+01
3.270867156982421875e+01
3.276210403442382812e+01
3.269613647460937500e+01
3.278721618652343750e+01
3.260908508300781250e+01
3.273970031738281250e+01
3.288586044311523438e+01
3.294899749755859375e+01
3.301867675781250000e+01
3.285027313232421875e+01
3.273957824707031250e+01
3.271693420410156250e+01
3.274320983886718750e+01
3.284880828857421875e+01
3.274527359008789062e+01
3.276390838623046875e+01
3.263062667846679688e+01
3.256608581542968750e+01
3.260070800781250000e+01
3.260505294799804688e+01
3.260647583007812500e+01
3.267926406860351562e+01
3.272239303588867188e+01
3.275421142578125000e+01
3.281563568115234375e+01
3.273059082031250000e+01
3.267203521728515625e+01
3.274621200561523438e+01
3.273412704467773438e+01
3.277610778808593750e+01
3.255995941162109375e+01
3.263834381103515625e+01
3.258469390869140625e+01
3.270223617553710938e+01
3.259169769287109375e+01
3.254308319091796875e+01
3.268896865844726562e+01
3.285767364501953125e+01
3.270006179809570312e+01
3.262817764282226562e+01
3.261862945556640625e+01
3.242050170898437500e+01
3.246563339233398438e+01
3.248959732055664062e+01
3.254114913940429688e+01
3.242110824584960938e+01
3.239499664306640625e+01
3.239874267578125000e+01
3.243885803222656250e+01
3.256853103637695312e+01
3.259555053710937500e+01
3.251512145996093750e+01
3.252062225341796875e+01
3.259054565429687500e+01
3.240192794799804688e+01
3.267251205444335938e+01
3.250051879882812500e+01
3.248527908325195312e+01
3.262053298950195312e+01
3.260009002685546875e+01
3.242526626586914062e+01
3.251160430908203125e+01
3.245433044433593750e+01
3.264593124389648438e+01
3.275317764282226562e+01
3.266969299316406250e+01
3.264749526977539062e+01
3.273094177246093750e+01
3.265391921997070312e+01
3.261771392822265625e+01
3.273458099365234375e+01
3.280759048461914062e+01
3.263706207275390625e+01
3.271243667602539062e+01
3.283040237426757812e+01
3.284992218017578125e+01
3.258125305175781250e+01
3.252763748168945312e+01
3.262145614624023438e+01
3.246611022949218750e+01
3.258757400512695312e+01
3.275434112548828125e+01
3.280693054199218750e+01
3.289186096191406250e+01
3.296570968627929688e+01
3.288839340209960938e+01
3.273061370849609375e+01
3.282168579101562500e+01
3.285404205322265625e+01
3.299909973144531250e+01
3.296281814575195312e+01
3.284408569335937500e+01
3.288666152954101562e+01
3.280994415283203125e+01
3.295195007324218750e+01
3.298845672607421875e+01
3.295592880249023438e+01
3.289012908935546875e+01
3.314533233642578125e+01
3.311900711059570312e+01
3.290528869628906250e+01
3.308121109008789062e+01
3.311765670776367188e+01
3.301084899902343750e+01
3.295256805419921875e+01
3.309312820434570312e+01
3.304090881347656250e+01
3.299877166748046875e+01
3.306274032592773438e+01
3.296170806884765625e+01
3.321164321899414062e+01
3.316993713378906250e+01
3.302930068969726562e+01
3.308194351196289062e+01
3.314211654663085938e+01
3.324140548706054688e+01
3.303516387939453125e+01
3.302663421630859375e+01
3.312614440917968750e+01
3.310965347290039062e+01
3.311505508422851562e+01
3.311688995361328125e+01
3.307011795043945312e+01
3.290974044799804688e+01
3.299605941772460938e+01
3.314990997314453125e+01
3.324775695800781250e+01
3.340747833251953125e+01
3.335417175292968750e+01
3.330414581298828125e+01
3.323411560058593750e+01
3.322254180908203125e+01
3.320851135253906250e+01
3.327872467041015625e+01
3.316079711914062500e+01
3.301310729980468750e+01
3.278386688232421875e+01
3.295839691162109375e+01
3.283177185058593750e+01
3.291308212280273438e+01
3.298487854003906250e+01
3.311077880859375000e+01
3.308576202392578125e+01
3.293664932250976562e+01
3.306316757202148438e+01
3.288955688476562500e+01
3.281970596313476562e+01
3.269680404663085938e+01
3.285116195678710938e+01
3.278505325317382812e+01
3.277994537353515625e+01
3.276700592041015625e+01
3.290810012817382812e+01
3.271992111206054688e+01
3.259011459350585938e+01
3.271588516235351562e+01
3.248092651367187500e+01
3.247889328002929688e+01
3.242781829833984375e+01
3.263005828857421875e+01
3.251081848144531250e+01
3.245534896850585938e+01
3.253082656860351562e+01
3.244048309326171875e+01
3.251432037353515625e+01
3.249724578857421875e+01
3.240864181518554688e+01
3.239088821411132812e+01
3.243496322631835938e+01
3.248585510253906250e+01
3.242086791992187500e+01
3.257875823974609375e+01
3.258341217041015625e+01
3.279981231689453125e+01
3.273192977905273438e+01
3.274187469482421875e+01
3.275270843505859375e+01
3.275925827026367188e+01
3.275008773803710938e+01
3.261194610595703125e+01
3.267818069458007812e+01
3.270500183105468750e+01
3.263756942749023438e+01
3.274460220336914062e+01
3.274678802490234375e+01
3.274541473388671875e+01
3.277978897094726562e+01
3.279490280151367188e+01
3.276242446899414062e+01
3.274945068359375000e+01
3.261853790283203125e+01
3.276937484741210938e+01
3.248398208618164062e+01
3.259980010986328125e+01
3.272438049316406250e+01
3.271207427978515625e+01
3.276982116699218750e+01
3.280337905883789062e+01
3.281361389160156250e+01
3.292988204956054688e+01
3.275085830688476562e+01
3.261842727661132812e+01
3.258502960205078125e+01
3.251146316528320312e+01
3.256709671020507812e+01
3.248025894165039062e+01
3.253980636596679688e+01
3.239825057983398438e+01
3.242649841308593750e+01
3.245788955688476562e+01
3.252263641357421875e+01
3.253883743286132812e+01
3.259261322021484375e+01
3.269622421264648438e+01
3.272146606445312500e+01
3.263877868652343750e+01
3.267430114746093750e+01
3.281325149536132812e+01
3.277865600585937500e+01
3.279175186157226562e+01
3.289213562011718750e+01
3.296678543090820312e+01
3.306231307983398438e+01
3.291519165039062500e+01
3.286518859863281250e+01
3.287519073486328125e+01
3.279343414306640625e+01
3.281641387939453125e+01
3.275738525390625000e+01
3.267141342163085938e+01
3.287247848510742188e+01
3.279901504516601562e+01
3.295348739624023438e+01
3.304108810424804688e+01
3.301209259033203125e+01
3.302008819580078125e+01
3.304412078857421875e+01
3.306093597412109375e+01
3.296869659423828125e+01
3.296286010742187500e+01
3.292193222045898438e+01
3.280377197265625000e+01
3.291596221923828125e+01
3.293446731567382812e+01
3.295111083984375000e+01
3.292142486572265625e+01
3.311173629760742188e+01
3.303786468505859375e+01
3.299344253540039062e+01
3.301952362060546875e+01
3.317376708984375000e+01
3.310079956054687500e+01
3.304095458984375000e+01
3.302773284912109375e+01
3.292322158813476562e+01
3.289362335205078125e+01
3.285663986206054688e+01
3.292940902709960938e+01
3.293176651000976562e+01
3.281698608398437500e+01
3.288883209228515625e+01
3.281416320800781250e+01
3.277318572998046875e+01
3.277863311767578125e+01
3.276551055908203125e+01
3.274605178833007812e+01
3.294716262817382812e+01
3.278577423095703125e+01
3.267140579223632812e+01
3.280991363525390625e+01
3.285276794433593750e+01
3.277666473388671875e+01
3.293015670776367188e+01
3.278432464599609375e+01
3.286593627929687500e+01
3.283406448364257812e+01
3.290278625488281250e+01
3.300893402099609375e+01
3.280513381958007812e+01
3.287849426269531250e+01
3.291487503051757812e+01
3.300850677490234375e+01
3.300373458862304688e+01
3.292354965209960938e+01
3.294626617431640625e+01
3.305296325683593750e+01
3.292041015625000000e+01
3.284300994873046875e+01
3.278971099853515625e+01
3.277774047851562500e+01
3.280897140502929688e+01
3.308507919311523438e+01
3.303998184204101562e+01
3.295148086547851562e+01
3.288505554199218750e+01
3.283836364746093750e+01
3.285253143310546875e+01
3.276040649414062500e+01
3.309373474121093750e+01
3.316709899902343750e+01
3.315849304199218750e+01
3.290445709228515625e+01
3.295281219482421875e+01
3.302932357788085938e+01
3.326396179199218750e+01
3.312282943725585938e+01
3.322420501708984375e+01
3.332596588134765625e+01
3.342414093017578125e+01
3.341207122802734375e+01
3.332916641235351562e+01
3.334533691406250000e+01
3.344851684570312500e+01
3.344625473022460938e+01
3.339775848388671875e+01
3.340672683715820312e+01
3.343511199951171875e+01
3.359686279296875000e+01
3.351234436035156250e+01
3.352983093261718750e+01
3.360886001586914062e+01
3.366704940795898438e+01
3.361005783081054688e+01
3.375003433227539062e+01
3.385037994384765625e+01
3.387032699584960938e+01
3.388918304443359375e+01
3.378116989135742188e+01
3.367163085937500000e+01
3.384185791015625000e+01
3.377349090576171875e+01
3.369624328613281250e+01
3.374217224121093750e+01
3.377121734619140625e+01
3.376382064819335938e+01
3.383150100708007812e+01
3.397383880615234375e+01
3.393946075439453125e+01
3.394395065307617188e+01
3.392930603027343750e+01
3.388599395751953125e+01
3.392496871948242188e+01
3.407244873046875000e+01
3.410744476318359375e+01
3.400379180908203125e+01
3.398426818847656250e+01
3.400100708007812500e+01
3.398588562011718750e+01
3.389727783203125000e+01
3.397474288940429688e+01
3.403036880493164062e+01
3.392468643188476562e+01
3.395702743530273438e+01
3.382677841186523438e+01
3.395457077026367188e+01
3.395502471923828125e+01
3.384986114501953125e+01
3.385648345947265625e+01
3.358309936523437500e+01
3.369744110107421875e+01
3.371358871459960938e+01
3.371854782104492188e+01
3.390076446533203125e+01
3.379858398437500000e+01
3.386775207519531250e+01
3.398100280761718750e+01
3.402488708496093750e+01
3.407659149169921875e+01
3.418614196777343750e+01
3.422767257690429688e+01
3.419157409667968750e+01
3.425885009765625000e+01
3.429496002197265625e+01
3.406969451904296875e+01
3.411819458007812500e+01
3.420092391967773438e+01
3.430303573608398438e+01
3.424164199829101562e+01
3.410900878906250000e+01
3.430678558349609375e+01
3.416291046142578125e+01
3.422729873657226562e+01
3.411500549316406250e+01
3.417193603515625000e+01
3.412432098388671875e+01
3.419512939453125000e+01
3.421316146850585938e+01
3.433522033691406250e+01
3.411611557006835938e+01
3.421577072143554688e+01
3.400601959228515625e+01
3.402725982666015625e+01
3.406908798217773438e+01
3.400329589843750000e+01
3.382436752319335938e+01
3.381117630004882812e+01
3.369437789916992188e+01
3.387748718261718750e+01
3.372668457031250000e+01
3.376034164428710938e+01
3.389950180053710938e+01
3.372858428955078125e+01
3.376034545898437500e+01
3.368255996704101562e+01
3.379304504394531250e+01
3.374486923217773438e+01
3.363698577880859375e+01
3.358852767944335938e+01
3.354910278320312500e+01
3.359236145019531250e+01
3.361211776733398438e+01
3.361401748657226562e+01
3.360877609252929688e+01
3.367419433593750000e+01
3.349141311645507812e+01
3.342202377319335938e+01
3.373061370849609375e+01
3.389179992675781250e+01
3.398161697387695312e+01
3.383010864257812500e+01
3.373702239990234375e+01
3.375209426879882812e+01
3.385223388671875000e+01
3.376907348632812500e+01
3.367784881591796875e+01
3.375219726562500000e+01
3.359993743896484375e+01
3.358644104003906250e+01
3.365818023681640625e+01
3.379380035400390625e+01
3.358061981201171875e+01
3.359663009643554688e+01
3.365645980834960938e+01
3.365412521362304688e+01
3.353748321533203125e+01
3.361348342895507812e+01
3.359050750732421875e+01
3.347424316406250000e+01
3.341567993164062500e+01
3.339424896240234375e+01
3.334173202514648438e+01
3.328329086303710938e+01
3.324576568603515625e+01
3.311511611938476562e+01
3.312258148193359375e+01
3.318921279907226562e+01
3.333752441406250000e+01
3.310615921020507812e+01
3.329830932617187500e+01
3.320225524902343750e+01
3.323086929321289062e+01
3.303450775146484375e+01
3.319184112548828125e+01
3.332313156127929688e+01
3.342275619506835938e+01
3.338830184936523438e+01
3.333184814453125000e+01
3.318023681640625000e+01
3.309272766113281250e+01
3.330876159667968750e+01
3.339405441284179688e+01
3.340715789794921875e+01
3.316384887695312500e+01
3.315368652343750000e+01
3.314921951293945312e+01
3.295809936523437500e+01
3.306404876708984375e+01
3.299712371826171875e+01
3.320011138916015625e+01
3.318181610107421875e+01
3.327438354492187500e+01
3.314196014404296875e+01
3.320959472656250000e+01
3.316656875610351562e+01
3.316543960571289062e+01
3.313442993164062500e+01
3.307196807861328125e+01
3.321565628051757812e+01
3.306298828125000000e+01
3.301314544677734375e+01
3.299370193481445312e+01
3.323415756225585938e+01
3.323899841308593750e+01
3.305123901367187500e+01
3.310243225097656250e+01
3.308853912353515625e+01
3.308201980590820312e+01
3.325444030761718750e+01
3.314688491821289062e+01
3.303406524658203125e+01
3.299472427368164062e+01
3.282752227783203125e+01
3.293492889404296875e+01
3.300453567504882812e+01
3.294499969482421875e+01
3.291181945800781250e+01
3.292230224609375000e+01
3.285586547851562500e+01
3.274835205078125000e+01
3.283924102783203125e+01
3.275518798828125000e+01
3.291164016723632812e+01
3.283267974853515625e+01
3.276014709472656250e+01
3.276978683471679688e+01
3.269505691528320312e+01
3.259754180908203125e+01
3.258218383789062500e+01
3.274031829833984375e+01
3.300538253784179688e+01
3.310435867309570312e+01
3.304573822021484375e+01
3.317589187622070312e+01
3.332184600830078125e+01
3.314075469970703125e+01
3.338840484619140625e+01
3.329212951660156250e+01
3.322940826416015625e+01
3.292555999755859375e+01
3.305928421020507812e+01
3.286203765869140625e+01
3.301279449462890625e+01
3.289221191406250000e+01
3.296971893310546875e+01
3.299536895751953125e+01
3.302542495727539062e+01
3.308760452270507812e+01
3.286076736450195312e+01
3.291077423095703125e+01
3.293680953979492188e+01
3.292001724243164062e+01
3.303327941894531250e+01
3.302220916748046875e+01
3.301675415039062500e+01
3.317015838623046875e+01
3.319255065917968750e+01
3.303442764282226562e+01
3.302524566650390625e+01
3.308442687988281250e+01
3.310536956787109375e+01
3.279570770263671875e+01
3.276279830932617188e+01
3.278787994384765625e+01
3.288855743408203125e+01
3.276770782470703125e+01
3.264062881469726562e+01
3.245018005371093750e+01
3.250659561157226562e+01
3.247433471679687500e+01
3.262810134887695312e+01
3.268296051025390625e+01
3.250379943847656250e+01
3.262260055541992188e+01
3.245596313476562500e+01
3.261973953247070312e+01
3.265965270996093750e+01
3.254848480224609375e+01
3.249950408935546875e+01
3.251301956176757812e+01
3.238009643554687500e+01
3.258230209350585938e+01
3.241344451904296875e+01
3.242725372314453125e+01
3.247772216796875000e+01
3.249506759643554688e+01
3.226493835449218750e+01
3.234881591796875000e+01
3.253689575195312500e+01
3.252772903442382812e+01
3.246327590942382812e+01
3.248159790039062500e+01
3.247763061523437500e+01
3.260218429565429688e+01
3.259127807617187500e+01
3.267871093750000000e+01
3.270630264282226562e+01
3.281414794921875000e+01
3.274976348876953125e+01
3.279809570312500000e+01
3.289447402954101562e+01
3.277167510986328125e+01
3.288448333740234375e+01
3.291265869140625000e+01
3.280595397949218750e+01
3.282503509521484375e+01
3.281782531738281250e+01
3.297162246704101562e+01
3.281551742553710938e+01
3.290677642822265625e+01
3.278386688232421875e+01
3.284310913085937500e+01
3.291388320922851562e+01
3.275313568115234375e+01
3.267584609985351562e+01
3.244953918457031250e+01
3.260882568359375000e+01
3.278456878662109375e+01
3.301761627197265625e+01
3.290832901000976562e+01
3.311495208740234375e+01
3.323233032226562500e+01
3.311338806152343750e+01
3.304728317260742188e+01
3.306409454345703125e+01
3.281914520263671875e+01
3.285128021240234375e+01
3.283522796630859375e+01
3.292231750488281250e+01
3.282190704345703125e+01
3.268316268920898438e+01
3.274094772338867188e+01
3.263159179687500000e+01
3.253860473632812500e+01
3.274372863769531250e+01
3.285425186157226562e+01
3.283970642089843750e+01
3.274793243408203125e+01
3.291035461425781250e+01
3.258264160156250000e+01
3.281292724609375000e+01
3.282941818237304688e+01
3.280658721923828125e+01
3.262322235107421875e+01
3.263957977294921875e+01
3.264773941040039062e+01
3.258451461791992188e+01
3.269944000244140625e+01
3.263958740234375000e+01
3.262178802490234375e+01
3.266347122192382812e+01
3.280043411254882812e+01
3.256881713867187500e+01
3.246538925170898438e+01
3.230077362060546875e+01
3.244869232177734375e+01
3.248665237426757812e+01
3.237950897216796875e+01
3.245411682128906250e+01
3.245802307128906250e+01
3.252468872070312500e+01
3.237469482421875000e+01
3.235145568847656250e+01
3.239929580688476562e+01
3.232065200805664062e+01
3.241896438598632812e+01
3.232746124267578125e+01
3.222662734985351562e+01
3.248466491699218750e+01
3.242458343505859375e+01
3.255995178222656250e+01
3.272894668579101562e+01
3.270627593994140625e+01
3.244637680053710938e+01
3.251647949218750000e+01
3.253868865966796875e+01
3.257434082031250000e+01
3.243318176269531250e+01
3.244203948974609375e+01
3.243340301513671875e+01
3.260676574707031250e+01
3.237731170654296875e+01
3.235327148437500000e+01
3.240533065795898438e+01
3.242926025390625000e+01
3.256184387207031250e+01
3.247278976440429688e+01
3.255803298950195312e+01
3.250690460205078125e+01
3.225130844116210938e+01
3.226718521118164062e+01
3.244137573242187500e+01
3.256391525268554688e+01
3.240530014038085938e+01
3.237488174438476562e+01
3.240666580200195312e+01
3.241451644897460938e+01
3.243371582031250000e+01
3.249039459228515625e+01
3.240304183959960938e+01
3.238972091674804688e+01
3.241430664062500000e+01
3.256150817871093750e+01
3.244843292236328125e+01
3.252357101440429688e+01
3.242699432373046875e+01
3.247360992431640625e+01
3.244231796264648438e+01
3.235781860351562500e+01
3.240233230590820312e+01
3.236126327514648438e+01
3.237856292724609375e+01
3.247605133056640625e+01
3.253504943847656250e+01
3.239550018310546875e+01
3.240642929077148438e+01
3.242686462402343750e+01
3.249829864501953125e+01
3.257765197753906250e+01
3.250669479370117188e+01
3.222888183593750000e+01
3.233539199829101562e+01
3.236345672607421875e+01
3.242753601074218750e+01
3.233569335937500000e+01
3.230947875976562500e+01
3.253267669677734375e+01
3.246400833129882812e+01
3.218173599243164062e+01
3.224080276489257812e+01
3.243967437744140625e+01
3.231835174560546875e+01
3.230797195434570312e+01
3.222367095947265625e+01
3.248711776733398438e+01
3.227630996704101562e+01
3.224044036865234375e+01
3.235787963867187500e+01
3.231004714965820312e+01
3.239258575439453125e+01
3.237343215942382812e+01
3.250732421875000000e+01
3.247287750244140625e+01
3.235099792480468750e+01
3.248130798339843750e+01
3.244800949096679688e+01
3.263535308837890625e+01
3.264048767089843750e+01
3.268360137939453125e+01
3.262761688232421875e+01
3.254256439208984375e+01
3.250115966796875000e+01
3.252895355224609375e+01
3.258419799804687500e+01
3.274640274047851562e+01
3.265870666503906250e+01
3.262247467041015625e+01
3.269721221923828125e+01
3.256767654418945312e+01
3.248365402221679688e+01
3.253516769409179688e+01
3.243891525268554688e+01
3.257862091064453125e+01
3.251558685302734375e+01
3.259561920166015625e+01
3.267067337036132812e+01
3.258699798583984375e+01
3.250699234008789062e+01
3.248748779296875000e+01
3.277233505249023438e+01
3.268749237060546875e+01
3.274433898925781250e+01
3.280630111694335938e+01
3.269489669799804688e+01
3.276856231689453125e+01
3.257647705078125000e+01
3.256302642822265625e+01
3.255377197265625000e+01
3.254806137084960938e+01
3.266742324829101562e+01
3.241782379150390625e+01
3.256352996826171875e+01
3.252119445800781250e+01
3.241506195068359375e+01
3.269736480712890625e+01
3.266023254394531250e+01
3.264784240722656250e+01
3.259142303466796875e+01
3.279833221435546875e+01
3.273031616210937500e+01
3.283003234863281250e+01
3.287322998046875000e+01
3.269776153564453125e+01
3.251292419433593750e+01
3.252068710327148438e+01
3.251592254638671875e+01
3.252058029174804688e+01
3.256849670410156250e+01
3.266661453247070312e+01
3.280109405517578125e+01
3.281710052490234375e+01
3.291030120849609375e+01
3.295053863525390625e+01
3.277154541015625000e+01
3.263025665283203125e+01
3.270417785644531250e+01
3.276510620117187500e+01
3.269237518310546875e+01
3.250620269775390625e+01
3.242618942260742188e+01
3.253151702880859375e+01
3.261055374145507812e+01
3.262475585937500000e+01
3.264281463623046875e+01
3.244014739990234375e+01
3.254862594604492188e+01
3.260163497924804688e+01
3.266190338134765625e+01
3.255028152465820312e+01
3.257833099365234375e+01
3.249803161621093750e+01
3.270198059082031250e+01
3.264748764038085938e+01
3.257273864746093750e+01
3.259575271606445312e+01
3.246604919433593750e+01
3.246141815185546875e+01
3.216368865966796875e+01
3.223177337646484375e+01
3.209130096435546875e+01
3.223645782470703125e+01
3.229156494140625000e+01
3.250025939941406250e+01
3.265961837768554688e+01
3.246142196655273438e+01
3.263003921508789062e+01
3.251817321777343750e+01
3.241066741943359375e+01
3.251070022583007812e+01
3.261969375610351562e+01
3.263520812988281250e+01
3.233740234375000000e+01
3.265506744384765625e+01
3.268677520751953125e+01
3.260168457031250000e+01
3.239107513427734375e+01
3.250282287597656250e+01
3.244224548339843750e+01
3.231470489501953125e+01
3.242007064819335938e+01
3.253006362915039062e+01
3.256607818603515625e+01
3.248294067382812500e+01
3.227251052856445312e+01
3.240210342407226562e+01
3.252664566040039062e+01
3.254697799682617188e+01
3.290237426757812500e+01
3.282224273681640625e+01
3.296134185791015625e+01
3.299087524414062500e+01
3.291271972656250000e+01
3.291342163085937500e+01
3.297770309448242188e+01
3.296006774902343750e+01
3.285853958129882812e+01
3.277688980102539062e+01
3.274372100830078125e+01
3.266558837890625000e+01
3.270880508422851562e+01
3.260075378417968750e+01
3.230126953125000000e+01
3.229549026489257812e+01
3.258422851562500000e+01
3.250461959838867188e+01
3.254365921020507812e+01
3.236521148681640625e+01
3.243019485473632812e+01
3.241251373291015625e+01
3.242210006713867188e+01
3.252931976318359375e+01
3.234960174560546875e+01
3.232891845703125000e+01
3.231523895263671875e+01
3.219118499755859375e+01
3.216399383544921875e+01
3.226536941528320312e+01
3.207485580444335938e+01
3.223438644409179688e+01
3.243254089355468750e+01
3.234049224853515625e+01
3.250783157348632812e+01
3.246604156494140625e+01
3.259754180908203125e+01
3.253873443603515625e+01
3.255929946899414062e+01
3.259708786010742188e+01
3.262377929687500000e+01
3.275480651855468750e+01
3.277383422851562500e+01
3.268644714355468750e+01
3.279932403564453125e+01
3.286958694458007812e+01
3.260160064697265625e+01
3.268979263305664062e+01
3.270737838745117188e+01
3.289200592041015625e+01
3.279499053955078125e+01
3.296774673461914062e+01
3.277402496337890625e+01
3.280782318115234375e+01
3.280535125732421875e+01
3.276035308837890625e+01
3.259849166870117188e+01
3.270030212402343750e+01
3.282544326782226562e+01
3.257766723632812500e+01
3.263880920410156250e+01
3.258563613891601562e+01
3.253123474121093750e+01
3.265151977539062500e+01
3.270063018798828125e+01
3.244692993164062500e+01
3.248197937011718750e+01
3.244261169433593750e+01
3.247933959960937500e+01
3.247656250000000000e+01
3.245922851562500000e+01
3.249348068237304688e+01
3.241753387451171875e+01
3.247744369506835938e+01
3.258809280395507812e+01
3.236022949218750000e+01
3.242237472534179688e+01
3.247305679321289062e+01
3.240465927124023438e+01
3.229115295410156250e+01
3.231451416015625000e+01
3.233079147338867188e+01
3.239838409423828125e+01
3.238750839233398438e+01
3.248191833496093750e+01
3.244199371337890625e+01
3.247641372680664062e+01
3.236495971679687500e+01
3.239710998535156250e+01
3.250621032714843750e+01
3.247711181640625000e+01
3.252263641357421875e+01
3.235289764404296875e+01
3.233901977539062500e+01
3.233504486083984375e+01
3.240853118896484375e+01
3.259307479858398438e+01
3.255215454101562500e+01
3.241875076293945312e+01
3.236377716064453125e+01
3.237321090698242188e+01
3.231271362304687500e+01
3.244464111328125000e+01
3.234531784057617188e+01
3.237874603271484375e+01
3.259880447387695312e+01
3.250026321411132812e+01
3.246750640869140625e+01
3.252966690063476562e+01
3.241896057128906250e+01
3.256966400146484375e+01
3.263410568237304688e+01
3.279276275634765625e+01
3.267810440063476562e+01
3.259294891357421875e+01
3.253969573974609375e+01
3.255958938598632812e+01
3.252917098999023438e+01
3.270838928222656250e+01
3.285249710083007812e+01
3.293957519531250000e+01
3.278528594970703125e+01
3.276131820678710938e+01
3.256213760375976562e+01
3.263392257690429688e+01
3.261223983764648438e+01
3.282813262939453125e+01
3.270482635498046875e+01
3.276248168945312500e+01
3.263285064697265625e+01
3.258875274658203125e+01
3.245341491699218750e+01
3.250350952148437500e+01
3.231988525390625000e+01
3.240136718750000000e+01
3.234661865234375000e+01
3.243148422241210938e+01
3.241828918457031250e+01
3.215508651733398438e+01
3.225346755981445312e+01
3.232943344116210938e+01
3.226208496093750000e+01
3.232557678222656250e+01
3.233487701416015625e+01
3.232596206665039062e+01
3.229553222656250000e+01
3.224504089355468750e+01
3.261262512207031250e+01
3.247146224975585938e+01
3.236573028564453125e+01
3.248239135742187500e+01
3.260454559326171875e+01
3.257789230346679688e+01
3.230121612548828125e+01
3.226104736328125000e+01
3.244386291503906250e+01
3.256995391845703125e+01
3.269562530517578125e+01
3.274520492553710938e+01
3.255734252929687500e+01
3.259990310668945312e+01
3.264565658569335938e+01
3.252455139160156250e+01
3.270624160766601562e+01
3.259445571899414062e+01
3.262523269653320312e+01
3.254808044433593750e+01
3.255959320068359375e+01
3.261408996582031250e+01
3.248873901367187500e+01
3.231007003784179688e+01
3.229463958740234375e+01
3.230980682373046875e+01
3.233405685424804688e+01
3.230533599853515625e+01
3.248048019409179688e+01
3.222037124633789062e+01
3.237840652465820312e+01
3.219900512695312500e+01
3.231115722656250000e+01
3.238027954101562500e+01
3.225365447998046875e+01
3.209944152832031250e+01
3.206021118164062500e+01
3.192396163940429688e+01
3.186500930786132812e+01
3.184218215942382812e+01
3.200120925903320312e+01
3.187446212768554688e+01
3.181328964233398438e+01
3.165560531616210938e+01
3.172071838378906250e+01
3.158889198303222656e+01
3.181296920776367188e+01
3.179664802551269531e+01
3.183140945434570312e+01
3.154608917236328125e+01
3.174654388427734375e+01
3.167629623413085938e+01
3.191744613647460938e+01
3.186112976074218750e+01
3.201667404174804688e+01
3.203796005249023438e+01
3.211203002929687500e+01
3.212158966064453125e+01
3.197454452514648438e+01
3.182886886596679688e+01
3.197865676879882812e+01
3.196386718750000000e+01
3.197101593017578125e+01
3.201576232910156250e+01
3.189702987670898438e+01
3.203742218017578125e+01
3.214677047729492188e+01
3.232917022705078125e+01
3.220417785644531250e+01
3.231428527832031250e+01
3.212943649291992188e+01
3.196717262268066406e+01
3.193119812011718750e+01
3.207489013671875000e+01
3.206291198730468750e+01
3.205244064331054688e+01
3.197264099121093750e+01
3.198828887939453125e+01
3.217497634887695312e+01
3.235762786865234375e+01
3.212242889404296875e+01
3.209713745117187500e+01
3.206837081909179688e+01
3.211494827270507812e+01
3.201922988891601562e+01
3.216732025146484375e+01
3.203404235839843750e+01
3.195476913452148438e+01
3.189982604980468750e+01
3.198759841918945312e+01
3.189083099365234375e+01
3.191514205932617188e+01
3.204447555541992188e+01
3.216603469848632812e+01
3.232509613037109375e+01
3.226796722412109375e+01
3.226985931396484375e+01
3.222635650634765625e+01
3.200532913208007812e+01
3.215815734863281250e+01
3.194017791748046875e+01
3.200823974609375000e+01
3.164462089538574219e+01
3.173289299011230469e+01
3.171206474304199219e+01
3.169463348388671875e+01
3.163700103759765625e+01
3.152667236328125000e+01
3.157445907592773438e+01
3.161159706115722656e+01
3.159022903442382812e+01
3.146332550048828125e+01
3.158564949035644531e+01
3.156068801879882812e+01
3.166229248046875000e+01
3.142637634277343750e+01
3.173787689208984375e+01
3.190801620483398438e+01
3.177240180969238281e+01
3.163240432739257812e+01
3.153932762145996094e+01
3.168822860717773438e+01
3.185951995849609375e+01
3.196088409423828125e+01
3.173461914062500000e+01
3.172605323791503906e+01
3.200168609619140625e+01
3.190294265747070312e+01
3.213600158691406250e+01
3.211811065673828125e+01
3.203615570068359375e+01
3.181936645507812500e+01
3.201344299316406250e+01
3.193885803222656250e+01
3.210782241821289062e+01
3.200806045532226562e+01
3.222505187988281250e+01
3.220726776123046875e+01
3.235530853271484375e+01
3.235251998901367188e+01
3.228085708618164062e+01
3.249431610107421875e+01
3.249087905883789062e+01
3.231907272338867188e+01
3.228964996337890625e+01
3.233308029174804688e+01
3.227560424804687500e+01
3.233283996582031250e+01
3.225750732421875000e+01
3.230328369140625000e+01
3.217568588256835938e+01
3.248082733154296875e+01
3.238668823242187500e+01
3.242640686035156250e+01
3.238697433471679688e+01
3.237795257568359375e+01
3.241181564331054688e+01
3.242666244506835938e+01
3.227597045898437500e+01
3.243791198730468750e+01
3.233580780029296875e+01
3.232423782348632812e+01
3.229780578613281250e+01
3.231836700439453125e+01
3.230326461791992188e+01
3.230649566650390625e+01
3.231938171386718750e+01
3.213599395751953125e+01
3.208048629760742188e+01
3.201666259765625000e+01
3.214564895629882812e+01
3.231446838378906250e+01
3.210659027099609375e+01
3.212736129760742188e+01
3.201399230957031250e+01
3.218600082397460938e+01
3.213887023925781250e+01
3.213314437866210938e+01
3.218900680541992188e+01
3.211180114746093750e+01
3.206874847412109375e+01
3.214347076416015625e+01
3.219587326049804688e+01
3.220293807983398438e+01
3.209471893310546875e+01
3.203882598876953125e+01
3.209439086914062500e+01
3.195486450195312500e+01
3.198116493225097656e+01
3.202751159667968750e+01
3.218030929565429688e+01
3.201722717285156250e+01
3.210606384277343750e+01
3.205121231079101562e+01
3.224417877197265625e+01
3.215404510498046875e+01
3.223426437377929688e+01
3.217145538330078125e+01
3.223814773559570312e+01
3.236962890625000000e+01
3.235186004638671875e+01
3.224893951416015625e+01
3.219001770019531250e+01
3.219960784912109375e+01
3.214920806884765625e+01
3.219910430908203125e+01
3.207710266113281250e+01
3.207402038574218750e+01
3.223054504394531250e+01
3.224154663085937500e+01
3.213258361816406250e+01
3.214595031738281250e+01
3.205218887329101562e+01
3.199481391906738281e+01
3.204467773437500000e+01
3.205911636352539062e+01
3.215564346313476562e+01
3.218804550170898438e+01
3.218240737915039062e+01
3.218315887451171875e+01
3.230530548095703125e+01
3.232375335693359375e+01
3.208341598510742188e+01
3.226787948608398438e+01
3.238485336303710938e+01
3.221184921264648438e+01
3.218642425537109375e+01
3.212150192260742188e+01
3.223645782470703125e+01
3.219451141357421875e+01
3.213745117187500000e+01
3.215997695922851562e+01
3.211569213867187500e+01
3.201326751708984375e+01
3.204491043090820312e+01
3.205079650878906250e+01
3.194210433959960938e+01
3.205272674560546875e+01
3.204196548461914062e+01
3.205678939819335938e+01
3.202427291870117188e+01
3.193788528442382812e+01
3.219502258300781250e+01
3.188458251953125000e+01
3.203953552246093750e+01
3.216963958740234375e+01
3.211463165283203125e+01
3.202125549316406250e+01
3.195323181152343750e+01
3.197275924682617188e+01
3.212106704711914062e+01
3.204844284057617188e+01
3.193368911743164062e+01
3.192816162109375000e+01
3.169256019592285156e+01
3.167220306396484375e+01
3.188573646545410156e+01
3.171685028076171875e+01
3.181927108764648438e+01
3.175770378112792969e+01
3.183472442626953125e+01
3.169025802612304688e+01
3.180318832397460938e+01
3.168034553527832031e+01
3.175246429443359375e+01
3.182567787170410156e+01
3.179215240478515625e+01
3.181571388244628906e+01
3.178406906127929688e+01
3.191370582580566406e+01
3.224330520629882812e+01
3.191828155517578125e+01
3.205742263793945312e+01
3.202615356445312500e+01
3.185906600952148438e+01
3.194740295410156250e+01
3.206375885009765625e+01
3.211163330078125000e+01
3.211434555053710938e+01
3.208955001831054688e+01
3.188610839843750000e+01
3.196095657348632812e+01
3.208270645141601562e+01
3.226622772216796875e+01
3.229402542114257812e+01
3.225836563110351562e+01
3.209260940551757812e+01
3.205217361450195312e+01
3.211530303955078125e+01
3.187565231323242188e+01
3.188966751098632812e+01
3.194910430908203125e+01
3.190929031372070312e+01
3.208677291870117188e+01
3.208294677734375000e+01
3.208107757568359375e+01
3.216437149047851562e+01
3.205490875244140625e+01
3.211040115356445312e+01
3.199872398376464844e+01
3.219494628906250000e+01
3.200511550903320312e+01
3.208280181884765625e+01
3.228079986572265625e+01
3.209905624389648438e+01
3.213702392578125000e+01
3.216526794433593750e+01
3.200315475463867188e+01
3.203298187255859375e+01
3.190889167785644531e+01
3.200480651855468750e+01
3.200370025634765625e+01
3.198361968994140625e+01
3.185278129577636719e+01
3.204257965087890625e+01
3.204845809936523438e+01
3.224575042724609375e+01
3.234632492065429688e+01
3.237476348876953125e+01
3.238334655761718750e+01
3.215147399902343750e+01
3.227088928222656250e+01
3.235436248779296875e+01
3.230022430419921875e+01
3.249813842773437500e+01
3.232761383056640625e+01
3.228109741210937500e+01
3.211636734008789062e+01
3.227510070800781250e+01
3.228856658935546875e+01
3.233911895751953125e+01
3.228118896484375000e+01
3.210289764404296875e+01
3.194168853759765625e+01
3.203276062011718750e+01
3.201770782470703125e+01
3.222642517089843750e+01
3.219055175781250000e+01
3.220708465576171875e+01
3.229939651489257812e+01
3.216983413696289062e+01
3.208306503295898438e+01
3.205280685424804688e+01
3.203413009643554688e+01
3.213899993896484375e+01
3.200040054321289062e+01
3.183417129516601562e+01
3.196279716491699219e+01
3.180989074707031250e+01
3.173582458496093750e+01
3.172160720825195312e+01
3.193125534057617188e+01
3.194344329833984375e+01
3.202883911132812500e+01
3.212693786621093750e+01
3.210898208618164062e+01
3.204793167114257812e+01
3.172071456909179688e+01
3.198755645751953125e+01
3.198402786254882812e+01
3.195744705200195312e+01
3.216558074951171875e+01
3.193534660339355469e+01
3.199778747558593750e+01
3.192932891845703125e+01
3.197942543029785156e+01
3.212141418457031250e+01
3.225035476684570312e+01
3.213639068603515625e+01
3.222695159912109375e+01
3.224354553222656250e+01
3.214702987670898438e+01
3.215961456298828125e+01
3.218231582641601562e+01
3.210193252563476562e+01
3.213380813598632812e+01
3.199171829223632812e+01
3.204632568359375000e+01
3.230599212646484375e+01
3.218785858154296875e+01
3.227812957763671875e+01
3.222364807128906250e+01
3.218592834472656250e+01
3.233913421630859375e+01
3.226836395263671875e+01
3.229745101928710938e+01
3.218077087402343750e+01
3.207762145996093750e+01
3.223593902587890625e+01
3.218495941162109375e+01
3.223545074462890625e+01
3.245093154907226562e+01
3.227981185913085938e+01
3.233055496215820312e+01
3.229359436035156250e+01
3.237747955322265625e+01
3.237357711791992188e+01
3.223107147216796875e+01
3.232385253906250000e+01
3.249751663208007812e+01
3.245649337768554688e+01
3.243918609619140625e+01
3.236402511596679688e+01
3.238064193725585938e+01
3.241513061523437500e+01
3.228566360473632812e+01
3.215618133544921875e+01
3.217791366577148438e+01
3.232964706420898438e+01
3.243136978149414062e+01
3.235005187988281250e+01
3.223190689086914062e+01
3.224189758300781250e+01
3.231983947753906250e+01
3.207205200195312500e+01
3.224265670776367188e+01
3.213318252563476562e+01
3.202005386352539062e+01
3.206045532226562500e+01
3.200338363647460938e+01
3.188846588134765625e+01
3.189666748046875000e+01
3.204101562500000000e+01
3.186439514160156250e+01
3.188404846191406250e+01
3.183292388916015625e+01
3.189559173583984375e+01
3.195251274108886719e+01
3.205771636962890625e+01
3.200778961181640625e+01
3.187709045410156250e+01
3.200786209106445312e+01
3.189600563049316406e+01
3.176026725769042969e+01
3.187886810302734375e+01
3.181422615051269531e+01
3.194774246215820312e+01
3.189302062988281250e+01
3.181884956359863281e+01
3.171669578552246094e+01
3.182110977172851562e+01
3.173443603515625000e+01
3.186767768859863281e+01
3.180650329589843750e+01
3.163699913024902344e+01
3.165730476379394531e+01
3.148682403564453125e+01
3.145713043212890625e+01
3.152812004089355469e+01
3.176682090759277344e+01
3.157117462158203125e+01
3.151009750366210938e+01
3.169005203247070312e+01
3.177398300170898438e+01
3.174740791320800781e+01
3.162449645996093750e+01
3.175016784667968750e+01
3.196645736694335938e+01
3.198508834838867188e+01
3.198416137695312500e+01
3.204296875000000000e+01
3.223003387451171875e+01
3.201185607910156250e+01
3.226801681518554688e+01
3.228940582275390625e+01
3.223794555664062500e+01
3.215107727050781250e+01
3.216819000244140625e+01
3.220627593994140625e+01
3.208311462402343750e+01
3.210960388183593750e+01
3.210285568237304688e+01
3.200284576416015625e+01
3.200972747802734375e+01
3.205217742919921875e+01
3.186368370056152344e+01
3.190965652465820312e+01
3.184932136535644531e+01
3.183652114868164062e+01
3.178509902954101562e+01
3.168118476867675781e+01
3.182423782348632812e+01
3.188418579101562500e+01
3.184282684326171875e+01
3.189511489868164062e+01
3.191736984252929688e+01
3.201327514648437500e+01
3.179691696166992188e+01
3.176131439208984375e+01
3.166754341125488281e+01
3.181293869018554688e+01
3.190042495727539062e+01
3.197334671020507812e+01
3.213726043701171875e+01
3.205781555175781250e+01
3.198409652709960938e+01
3.174499511718750000e+01
3.193930816650390625e+01
3.206441879272460938e+01
3.199977302551269531e+01
3.201040649414062500e+01
3.212381744384765625e+01
3.206395721435546875e+01
3.205157470703125000e+01
3.208498382568359375e+01
3.230768585205078125e+01
3.229384613037109375e+01
3.223777008056640625e+01
3.218535232543945312e+01
3.209764480590820312e+01
3.220774078369140625e+01
3.209901809692382812e+01
3.199399185180664062e+01
3.229008865356445312e+01
3.232359695434570312e+01
3.224685287475585938e+01
3.236769104003906250e+01
3.223402023315429688e+01
3.226541137695312500e+01
3.236865997314453125e+01
3.235225677490234375e+01
3.217958450317382812e+01
3.218088531494140625e+01
3.227944183349609375e+01
3.209505844116210938e+01
3.196401977539062500e+01
3.216196441650390625e+01
3.206367874145507812e+01
3.189354133605957031e+01
3.197622108459472656e+01
3.192262649536132812e+01
3.201638031005859375e+01
3.196458053588867188e+01
3.211491012573242188e+01
3.193545913696289062e+01
3.198113250732421875e+01
3.216675567626953125e+01
3.225862884521484375e+01
3.209222030639648438e+01
3.215340423583984375e+01
3.223831558227539062e+01
3.226807403564453125e+01
3.228965759277343750e+01
3.235971069335937500e+01
3.228436660766601562e+01
3.195688629150390625e+01
3.195429229736328125e+01
3.178077697753906250e+01
3.178625869750976562e+01
3.166107559204101562e+01
3.164985084533691406e+01
3.173511123657226562e+01
3.179948616027832031e+01
3.162244033813476562e+01
3.171246337890625000e+01
3.186157226562500000e+01
3.206282424926757812e+01
3.202555084228515625e+01
3.197388076782226562e+01
3.171272087097167969e+01
3.180091285705566406e+01
3.184830474853515625e+01
