1.905930267541836365e+00
1.729291849258618452e+00
1.554367757454896637e+00
1.459495339332482766e+00
1.390426367368453597e+00
1.338506665596595147e+00
1.300859941733189196e+00
1.268684967511739536e+00
1.253393765443410635e+00
1.230378515139604279e+00
1.213973194666397859e+00
1.199400100952539683e+00
1.186509199325854969e+00
1.172846554487179560e+00
1.163181518132869963e+00
1.154646056126325648e+00
1.145120203036528395e+00
1.138950548722193812e+00
1.132465697099001023e+00
1.122680197923611400e+00
1.115205403474661017e+00
1.114303258596322399e+00
1.105147092464642711e+00
1.100565623778563262e+00
1.095128036768008517e+00
1.091961204241483685e+00
1.088323692175058310e+00
1.080337256651658251e+00
1.075172326503655906e+00
1.070379873422475869e+00
1.068220288631243520e+00
1.069854954267159597e+00
1.063613636065751988e+00
1.054714183318309351e+00
1.051744728669142148e+00
1.046644983077660518e+00
1.042155554355719049e+00
1.041616385410993439e+00
1.041891291661140251e+00
1.038614668295933630e+00
1.031763795400277184e+00
1.027543753538376237e+00
1.021697009068269102e+00
1.020364983570881456e+00
1.021177844512156874e+00
1.017926451793083720e+00
1.012042703842505498e+00
1.006332398989261634e+00
1.002197998303633542e+00
1.001384451144780918e+00
9.985541832752716784e-01
9.925125131240257748e-01
9.909500070107288838e-01
9.897349056525107658e-01
9.902452047054584039e-01
9.867197800905276317e-01
9.798965211098010775e-01
9.791641689263856918e-01
9.745856564014385715e-01
9.776795838123713001e-01
9.707474951560680632e-01
9.668209904279464473e-01
9.637168899560586421e-01
9.632589503740652814e-01
9.587132058082482589e-01
9.577672859032948516e-01
9.527855067681043622e-01
9.543125653114074014e-01
9.496068650331253025e-01
9.531027728166335811e-01
9.454375210480812086e-01
9.404218436815799942e-01
9.356101240867223945e-01
9.389748055965472240e-01
9.360856788280682572e-01
9.275978983976902459e-01
9.352440212017451016e-01
9.319177361635061496e-01
9.302742618780869277e-01
9.262004630687908913e-01
9.196005378014001641e-01
9.233223276260571488e-01
9.252940231408828264e-01
9.139849033875343531e-01
9.153981603873081463e-01
9.165380204335237257e-01
9.070337908390241344e-01
9.127268664347819582e-01
9.109714132088880811e-01
9.094363026129893557e-01
9.117570114441406748e-01
9.102331641392830130e-01
9.085828557992592369e-01
8.975682829435055465e-01
8.961144948617005834e-01
9.008732613844748771e-01
8.936498881914676229e-01
8.947324092571552479e-01
8.966425528893103847e-01
8.919951824041513211e-01
8.902691778464194572e-01
8.838149838722668683e-01
8.869554980443073999e-01
8.870895331486677859e-01
8.880850319678966764e-01
8.859280583950189802e-01
8.789210186554835547e-01
8.766476572324067851e-01
8.782634723644989760e-01
8.746093849341074478e-01
8.740151373239664068e-01
8.790627837945252931e-01
8.732655836221498991e-01
8.743281081700936541e-01
8.639741960244301522e-01
8.623219733054821035e-01
8.626194880558893940e-01
8.574445455502240909e-01
8.539097307584224694e-01
8.553218709352689020e-01
8.619823669011775769e-01
8.561276056063480411e-01
8.563530688866590745e-01
8.563590471561138839e-01
8.450015602203515552e-01
8.574580811537229064e-01
8.465409510410748517e-01
8.473697292499052791e-01
8.445580906592882187e-01
8.421833986655259396e-01
8.482449790606132467e-01
8.427157531946133373e-01
8.390966617908233172e-01
8.444354333938696167e-01
8.415124123677228951e-01
8.402800738811493364e-01
8.375876849278425240e-01
8.372565408547719690e-01
8.276452755316709986e-01
8.302415941006098254e-01
8.235730689305525987e-01
8.288084706434837301e-01
8.287129376179133144e-01
8.280734425935989407e-01
8.280787213490559129e-01
8.251880252972627616e-01
8.238239014760041501e-01
8.206242002737828001e-01
8.214677382738162503e-01
8.131881813972424711e-01
8.215924733724349061e-01
8.151021352945230225e-01
8.141771712364294089e-01
8.115289156253521208e-01
8.190237872111492123e-01
8.108261861862280373e-01
8.091434262501887575e-01
8.081246619805311227e-01
8.076927297390423810e-01
8.057749822353705849e-01
8.058199064853863725e-01
8.069910821242209931e-01
8.080249921633646526e-01
8.014462995987672311e-01
8.034735471010208130e-01
8.020711683309995621e-01
7.991189994108982564e-01
7.976816397446852003e-01
7.977697034676869414e-01
7.981526559744125393e-01
7.960336186182804807e-01
7.979250236963614240e-01
7.982342512179643190e-01
7.935997743637134283e-01
7.941393863696318833e-01
7.917354620420016253e-01
7.941741991501588549e-01
7.872106672097475277e-01
7.885827686542119519e-01
7.832062174112368602e-01
7.840296078950931280e-01
7.826313768441860441e-01
7.809151281913121467e-01
7.880376736323039255e-01
7.831166345339555246e-01
7.806507564507998431e-01
7.829267463622948675e-01
7.746903929954920276e-01
7.791233329436717536e-01
7.822160415160350766e-01
7.819290837416281725e-01
7.707591231816853794e-01
7.715524454911549812e-01
7.747690893900700537e-01
7.733845115472108844e-01
7.737262323880806925e-01
7.713736411088552014e-01
7.656024887775763066e-01
7.698280412417192187e-01
7.697261897417214671e-01
7.656349264658414144e-01
7.659281258399669445e-01
7.641842760336704510e-01
7.684031933546066062e-01
7.665293678259238463e-01
7.642686506112416067e-01
7.681919316450754875e-01
7.646868984668683256e-01
7.638141852922928354e-01
7.611161608726549899e-01
7.616660096706487915e-01
7.561933573239888462e-01
7.576217912710629943e-01
7.582148075103759544e-01
7.537180678202555217e-01
7.528490465420942801e-01
7.590064382705933310e-01
7.531320450397638311e-01
7.492662254816446765e-01
7.551364155151905067e-01
7.516019358848914367e-01
7.554120205915890729e-01
7.485868936165784859e-01
7.602718417461101774e-01
7.511220941176781629e-01
7.447288024884003432e-01
7.452941363438582156e-01
7.496060897906621223e-01
7.464355364059790388e-01
7.441089872366343227e-01
7.420316773347365169e-01
7.490573212886467713e-01
7.445751965810091244e-01
7.403947082849648975e-01
7.423869388989913221e-01
7.357775674416469069e-01
7.388299685258131744e-01
7.380160957574843916e-01
7.331523910546914324e-01
7.353122007388335213e-01
7.362903562875894314e-01
7.343076391097826949e-01
7.281950849753159316e-01
7.350167467043949854e-01
7.279815405607223955e-01
7.324717072340157786e-01
7.354344338178634422e-01
7.340755360248761852e-01
7.300905263576752402e-01
7.322802435893278616e-01
7.298641126889449104e-01
7.297418995545460474e-01
7.266561702275887713e-01
7.250487850262568035e-01
7.245239276152390939e-01
7.215871768120007967e-01
7.233263788314966414e-01
7.209240738397989512e-01
7.230454336374233515e-01
7.241205471448409758e-01
7.297032687144401342e-01
7.181963197695903078e-01
7.265646844338148336e-01
7.170613630459858889e-01
7.208390755531115524e-01
7.159787806180807346e-01
7.133926516159986297e-01
7.106528865221218849e-01
7.147218776054871103e-01
7.072302323885453212e-01
7.194246708582608951e-01
7.167464962372412929e-01
7.168942299408790353e-01
7.103111092860882048e-01
7.151228502010688048e-01
7.138052610250619212e-01
7.087393885239576807e-01
7.064089755217234368e-01
7.028846171421881950e-01
7.086183698513568441e-01
7.034483398382480601e-01
7.017086590711887339e-01
7.154946252321585654e-01
6.993670694338969263e-01
7.080836267043382204e-01
7.015178633041870837e-01
6.989172933193353865e-01
6.915837612671730250e-01
7.041124107745977412e-01
6.984583796598972105e-01
7.043347835540771928e-01
7.056418197277264381e-01
7.010007317249591363e-01
6.955540003684851369e-01
6.923268735408782959e-01
6.892779202797474358e-01
6.939727086287278413e-01
7.047803071828988575e-01
6.841444937082437061e-01
6.955365940546378578e-01
6.886768481670282327e-01
6.854515945300078128e-01
6.921212087839078153e-01
6.941786212034714021e-01
6.950525112641163794e-01
6.883231465633098400e-01
6.954871338911545742e-01
6.887318567587779050e-01
6.851672631043653761e-01
6.855592842285449517e-01
6.791160917434937438e-01
6.879307717084884866e-01
6.810214923742490267e-01
6.784485855163672197e-01
6.816785327899150815e-01
6.914805481067070048e-01
6.905161965351838127e-01
6.783335739221327820e-01
6.769994193162673923e-01
6.870035103498360884e-01
6.749589659464665381e-01
6.782158559713608037e-01
6.808811244292136688e-01
6.798684295171346648e-01
6.779190194912445566e-01
6.742338898854377538e-01
6.747066528369218830e-01
6.743708518835214161e-01
6.830265930065742008e-01
6.640542565247951057e-01
6.708300674572968969e-01
6.777446244771664352e-01
6.748370666534472262e-01
6.739773398790603887e-01
6.751697372167538846e-01
6.703367860653461907e-01
6.679338882366816499e-01
6.674057200168952431e-01
6.620807053951116572e-01
6.692105069374426618e-01
6.687016209730735072e-01
6.731594307300371449e-01
6.637688246292945404e-01
6.684840332239102567e-01
6.675476431846618652e-01
6.610660968682704475e-01
6.632028920528215687e-01
6.609737159349979851e-01
6.714174918639354006e-01
6.637532186049681648e-01
6.591802116387929233e-01
6.617363604215474870e-01
6.575847651713934150e-01
6.712329323475177967e-01
6.572493203175373555e-01
6.535798950837208299e-01
6.601225875127010312e-01
6.572011762704604854e-01
6.653951879495229038e-01
6.556429463319289885e-01
6.541689298855952739e-01
6.553217225349866615e-01
6.494352313188406223e-01
6.574682464202245002e-01
6.557264888897920141e-01
6.596992941238941643e-01
6.465539603661267787e-01
6.536612603144767997e-01
6.576554199823966274e-01
6.501244308856817256e-01
6.519662764592047965e-01
6.519144717699442149e-01
6.411058263136790725e-01
6.488569666941960135e-01
6.369500819689187798e-01
6.490664113790560741e-01
6.439992442345008339e-01
6.406588410719846749e-01
6.434500148663153674e-01
6.449338745612364088e-01
6.467222573665472041e-01
6.382715040292494812e-01
6.445086522744252200e-01
6.360874930253395121e-01
6.458904083722677436e-01
6.386692678317045235e-01
6.310638177853363784e-01
6.449724649771665375e-01
6.322747322229238520e-01
6.354939675483948225e-01
6.335699536861517656e-01
6.393895253921166866e-01
6.412243878230070582e-01
6.297110050916672197e-01
6.289444749936079493e-01
6.402761029891478328e-01
6.372277884911268231e-01
6.301829591011389731e-01
6.300252993137408497e-01
6.326568349813803671e-01
6.338880153038563003e-01
6.317694336175918579e-01
6.258910342668875249e-01
6.293487961475665582e-01
6.285593670912278386e-01
6.306722874824817193e-01
6.360484028473878393e-01
6.328059387512695588e-01
6.308975925812354557e-01
6.207605160963840518e-01
6.211360563834508186e-01
6.278302893424645426e-01
6.355164145812010057e-01
6.312315776562079650e-01
6.307172398536633473e-01
6.309990582557825078e-01
6.189433829906659801e-01
6.170166333516439172e-01
6.208638942394500981e-01
6.221095052285071647e-01
6.268770170517456997e-01
6.033381430766521225e-01
6.293903113175660646e-01
6.184025155428128917e-01
6.220145384470622263e-01
6.198451400567324132e-01
6.224068810542424668e-01
6.096301433367606881e-01
6.252296229203542222e-01
6.229704502301338653e-01
6.182323615520428639e-01
6.246536710323431496e-01
6.121663923446948319e-01
6.234290951337569942e-01
6.144491227009357681e-01
6.162527137841933289e-01
6.124432243597812686e-01
6.195612497054613366e-01
6.163970027214441538e-01
6.077804633440115900e-01
6.159238194043820114e-01
6.146037655763136875e-01
6.129345388748707046e-01
6.163408280183106935e-01
6.121633609900107853e-01
6.159991868031330364e-01
6.109154306925259625e-01
6.038439565744155857e-01
6.182245978178122492e-01
6.164012572704217208e-01
5.959656377633412161e-01
6.110632485304123840e-01
6.096749505171409345e-01
5.987791368594536090e-01
6.028217732142179264e-01
5.983498117098441371e-01
6.015657030619108170e-01
6.057284061725323188e-01
6.012569082088959904e-01
6.065131220297935721e-01
6.040634084206361054e-01
6.062900778574821237e-01
5.989465734897515548e-01
6.061696722721442443e-01
5.989866780164914140e-01
6.003255491837476976e-01
6.051968945906712749e-01
6.000884728553967928e-01
5.952594829675478261e-01
5.951632581460170046e-01
5.896950046221415276e-01
5.937996016098903151e-01
5.993931614435635824e-01
5.994177553898248911e-01
6.009203113806553809e-01
5.904076317946116426e-01
5.991768316580698972e-01
5.948261964779634203e-01
6.010477177607707056e-01
5.923566520978242878e-01
5.899428441738471252e-01
5.965702359492962570e-01
5.983381071915992999e-01
5.922276094937936053e-01
5.887043841374226538e-01
6.013292162846296529e-01
5.966636255001410705e-01
5.858344504466423963e-01
5.994071137446623787e-01
6.020532869375668783e-01
6.080940843392641515e-01
5.918280377601965458e-01
5.883719500058736118e-01
5.901391172256225115e-01
5.896527964335221972e-01
5.850857934126487692e-01
5.943563890762818547e-01
5.924557608671677800e-01
5.881109241491708772e-01
5.862091098840419567e-01
5.921052325230378166e-01
5.903425343525715574e-01
5.878679893719844785e-01
5.784796546667050343e-01
5.943016519913306706e-01
5.880948489293074122e-01
5.877500784702790471e-01
5.875879251039944906e-01
5.841606373206162939e-01
5.835346711751742133e-01
5.830121984848609662e-01
5.854079087575276841e-01
5.832301732821342233e-01
5.794033978229914394e-01
5.870552767545749173e-01
5.844222800089762249e-01
5.798761243239427543e-01
5.804592630037894718e-01
5.796699394782384163e-01
5.768924678747470169e-01
5.830683620312274718e-01
5.852773419557473211e-01
5.694129464335930813e-01
5.772085282282951590e-01
5.822078989102290603e-01
5.831161412673119271e-01
5.734304244701678988e-01
5.812316745519637839e-01
5.807077466677397215e-01
5.801149491316233142e-01
5.816625786897463568e-01
5.657545159260431999e-01
5.787342633192356089e-01
5.759730504109309424e-01
5.816786037041590252e-01
5.724714992138055791e-01
5.759061124080266936e-01
5.757379881082437256e-01
5.725891127036167871e-01
5.727211223962979103e-01
5.819792078091547971e-01
5.764274219671885469e-01
5.803751809474749779e-01
5.732662044274501323e-01
5.695502184140376345e-01
5.673430204391479714e-01
5.715266258288652645e-01
5.709857210134848815e-01
5.680526817456269528e-01
5.778783366466180293e-01
5.756687103555753193e-01
5.780682163360791881e-01
5.629548653578146933e-01
5.715154961897777053e-01
5.593807021012673353e-01
5.628639132548600710e-01
5.651448609737249607e-01
5.621115401005133405e-01
5.683914155532152623e-01
5.705765178570381124e-01
5.562841980885236959e-01
5.666040091178355942e-01
5.652632695360061410e-01
5.718850279465700348e-01
5.755922224277104648e-01
5.649491435442215437e-01
5.644803301646159621e-01
5.632734590615982029e-01
5.623790257252179181e-01
5.650124319852927179e-01
5.633377073666988588e-01
5.617980355635667777e-01
5.655573625595141651e-01
5.698655496805141718e-01
5.687889107526876709e-01
5.707282449190432816e-01
5.640457763885839970e-01
5.623895895022612557e-01
5.578825729779708364e-01
5.591096454705947183e-01
5.708706058752842649e-01
5.696890070652350646e-01
5.677747912131823060e-01
5.557578645455532040e-01
5.624675137874407538e-01
5.608868592060529679e-01
5.510755120179592348e-01
5.581407970342880942e-01
5.660447744222787403e-01
5.641526880936744703e-01
5.623762666414945377e-01
5.560946101561571320e-01
5.493540011919462174e-01
5.578068071450942300e-01
5.574959028225678903e-01
5.532934213295961356e-01
5.499906951036208635e-01
5.598150986127364837e-01
5.529037930262394873e-01
5.583533629392966047e-01
5.580583184193341761e-01
5.547048210333554996e-01
5.518649903627542708e-01
5.525071159387245912e-01
5.580774426460266557e-01
5.600253072304602897e-01
5.558022550283334695e-01
5.581458483368922918e-01
5.428517849781574478e-01
5.536537448565165276e-01
5.523301226206315251e-01
5.415446625688137283e-01
5.564377048840889461e-01
5.558860353934459431e-01
5.484463344781826954e-01
5.639547194425876819e-01
5.438219476204652070e-01
5.504689234953660248e-01
5.504436928492325576e-01
5.401175647974014726e-01
5.498417791647788322e-01
5.470574226134862217e-01
5.417100775700348647e-01
5.523366030974266039e-01
5.489014362677550052e-01
5.464409786921281542e-01
5.505389892902129434e-01
5.403215255492772595e-01
5.500903345071352923e-01
5.483573938791568292e-01
5.446463822936400412e-01
5.391863156587649586e-01
5.410082561083329189e-01
5.542908223011554503e-01
5.450145582740123507e-01
5.445987540941972238e-01
5.437268432898398896e-01
5.340259888233283014e-01
5.448035266919013520e-01
5.432445497849048843e-01
5.402103771001864896e-01
5.468353152275085005e-01
5.427116096783907162e-01
5.402498691509931561e-01
5.397148090295302847e-01
5.410728504260381433e-01
5.399086530391986605e-01
5.463418876513456146e-01
5.346279784654959233e-01
5.428426737204575803e-01
5.426463124843744490e-01
5.369893551636965023e-01
5.353557496498793089e-01
5.375061971254837534e-01
5.256176600853602610e-01
5.295169759255189401e-01
5.259913315757727137e-01
5.424451970137083023e-01
5.363372103526041768e-01
5.362570550961371918e-01
5.407816920524988191e-01
5.307989967557099620e-01
5.323431071562644279e-01
5.445837521400207493e-01
5.345295711969717534e-01
5.342817851366140625e-01
5.406290463912181155e-01
5.377921018080833448e-01
5.392856339613596450e-01
5.426170101532569179e-01
5.379607465786812037e-01
5.353753413145359019e-01
5.399098405471214335e-01
5.420481708569404589e-01
5.342698817833876346e-01
5.320915050995655982e-01
5.258660948429352278e-01
5.287684290072857118e-01
5.247793994652919514e-01
5.324136830293215716e-01
5.317515162321236888e-01
5.283993500165450330e-01
5.285738759698012101e-01
5.289390394320854227e-01
5.314254773732943748e-01
5.331789864943577983e-01
5.327732403690997876e-01
5.237663493706630202e-01
5.351046848755616203e-01
5.312417586644490042e-01
5.312741400339664466e-01
5.259207570782074015e-01
5.266725631860585954e-01
5.254926790793736924e-01
5.282416146535139356e-01
5.241519095805975414e-01
5.262500055707417523e-01
5.217492490624769941e-01
5.346053152512281192e-01
5.239170820285112828e-01
5.247462115990809695e-01
5.246033285672847546e-01
5.302949653222011062e-01
5.269262787623283373e-01
5.325655227288221827e-01
5.306945909292269947e-01
5.316967226755924258e-01
5.230746817894470491e-01
5.227704874215981512e-01
5.286771117112575302e-01
5.236156059381289474e-01
5.333564081253149292e-01
5.161539242053643228e-01
5.232049989012571567e-01
5.238799335100712273e-01
5.271545067429542764e-01
5.214034401453457868e-01
5.190871368998136726e-01
5.233649399800178736e-01
5.219167264608236545e-01
5.267819451980101375e-01
5.168486029291764483e-01
5.186711694949712737e-01
5.218138053631171669e-01
5.195450555819731697e-01
5.240906577843885694e-01
5.279048553644082320e-01
5.200927402728643401e-01
5.243170053530962216e-01
5.193442291938341615e-01
5.273032920482830788e-01
5.218200011131091109e-01
5.141498256952334867e-01
5.208237019868997564e-01
5.162832142450870521e-01
5.165442001361113533e-01
5.220379606271401407e-01
5.104673181206752508e-01
5.171000482180179159e-01
5.135348550020120140e-01
5.196852813164393181e-01
5.179961008903307684e-01
5.174890964841231122e-01
5.122437100379895192e-01
5.089491869012514602e-01
5.139021771840560637e-01
5.073855649202297924e-01
5.089498378527470557e-01
5.149808543614852185e-01
5.175658207673292655e-01
5.171497242190898902e-01
5.137032004503103710e-01
5.092375573057394966e-01
5.245945211404409170e-01
5.156364485239370854e-01
5.184942865218871155e-01
5.190526510660464776e-01
5.109313421142407385e-01
5.120183668075464212e-01
5.090038626621931073e-01
5.108432455704762232e-01
5.196443346066352831e-01
5.029697858370267838e-01
5.131686680592023597e-01
5.073591169638511644e-01
5.104770566408450838e-01
4.984527126336709135e-01
5.110267438185520650e-01
5.005026425306613458e-01
5.018492256983732025e-01
5.077453024112261737e-01
4.977667072644600399e-01
5.065859759847323174e-01
5.087585564607228772e-01
5.180056499365048861e-01
5.138609282481364504e-01
5.113414669648195243e-01
5.025992518434158063e-01
5.035854752247149735e-01
4.960976880330305594e-01
5.112816941279630933e-01
5.035790645159208268e-01
5.158228463087326521e-01
5.099778483311335764e-01
5.054374320384783514e-01
5.038547846751335602e-01
5.048765839674533851e-01
5.025361837102816365e-01
5.078055232763289961e-01
5.051307453558995242e-01
5.031536861872061284e-01
5.096373286002721104e-01
5.069271838053678314e-01
5.013468540631808024e-01
5.133068433938882125e-01
5.146114686360725443e-01
5.144525542855262756e-01
5.069208009120745873e-01
5.040982142090797424e-01
5.051378737657498119e-01
5.075900897001608403e-01
5.002385379412235267e-01
5.071952988704045984e-01
4.955357564565462947e-01
5.078939625850090733e-01
4.985353320837020985e-01
4.996032537558139919e-01
5.024615794420241865e-01
5.056260495231701402e-01
4.977363104621569390e-01
5.029168829703942745e-01
5.017131295341711317e-01
5.065290476267154673e-01
4.931460441687168239e-01
4.994783001068310857e-01
5.051998128493626616e-01
4.955985664939269175e-01
4.956431297155526883e-01
4.978530429494686382e-01
5.000659462733146876e-01
5.064711452294619054e-01
5.060754895974428624e-01
4.967202814725729110e-01
4.987771233687033900e-01
4.979923326235551340e-01
4.965132389695216530e-01
4.930668175984651569e-01
4.935913735475295772e-01
4.982592221636038543e-01
4.970527590849460609e-01
4.942031666254386169e-01
5.002394753006788042e-01
5.007905077093687263e-01
5.014321366945903025e-01
4.921664003378305452e-01
4.907048374796524892e-01
4.925454479761612880e-01
4.880063372544753419e-01
4.969703879111852518e-01
4.934359480173159951e-01
4.857473510580185283e-01
4.915849215709245934e-01
5.061206453503706015e-01
4.948291567655709877e-01
4.907273887823789815e-01
5.066064834594726785e-01
5.013323673835167194e-01
4.950321618563089388e-01
4.929258516965768222e-01
4.950403717847970952e-01
5.015949074274453912e-01
5.058682230038520355e-01
4.957857554921736853e-01
4.964438391801638262e-01
4.951071723913534894e-01
4.967617358152682794e-01
4.983980283523217203e-01
4.927680383125940811e-01
4.861024624644181835e-01
5.007835074112965135e-01
4.921500672132541054e-01
4.926203563427313803e-01
4.821204448739687676e-01
4.883817061781883240e-01
4.888796026890094293e-01
4.931791265041400307e-01
4.956425787164615016e-01
4.890269083854479892e-01
4.891620357831319432e-01
4.878017047276863583e-01
4.948692096731601708e-01
4.880640010803173889e-01
4.835206124262931837e-01
4.945995058768835051e-01
4.861374932986039510e-01
4.847836173497713785e-01
4.980387486708469647e-01
4.970599408715199452e-01
4.869824715913870228e-01
4.899087772919581418e-01
4.859703941987110754e-01
4.896938606332509880e-01
4.804401120314231166e-01
4.903626398398325814e-01
4.881943227388920170e-01
4.800322001943221339e-01
4.849276543809817319e-01
4.889672105128948232e-01
4.887876006655204053e-01
4.934548917489174347e-01
4.833520180139785904e-01
4.945179738677464854e-01
4.800986814957398652e-01
4.779837724490043627e-01
4.814978320629168529e-01
4.807338550304754987e-01
4.876486293780498138e-01
4.852194740986212618e-01
4.764725270943763746e-01
4.905826794031338811e-01
4.874195775160422572e-01
4.865432798480376353e-01
4.853985397097391741e-01
4.882708408511601816e-01
4.781941918608469955e-01
4.864221326433695314e-01
4.867015284223434324e-01
4.882318783646975024e-01
4.806655498651357661e-01
4.800128768651913402e-01
4.760489408786480192e-01
4.793730010588964086e-01
4.734356788870615618e-01
4.776446141493626008e-01
4.725384238820809490e-01
4.825791260752922418e-01
4.847102015828474997e-01
4.779656351376802559e-01
4.779680845064994688e-01
4.730134955201393265e-01
4.843840708335240830e-01
4.793830057367300390e-01
4.792415651755455031e-01
4.760784428471174223e-01
4.759742561441201447e-01
4.795416894631507887e-01
4.900546691738641991e-01
4.902596765603774442e-01
4.760644758358980044e-01
4.755382025471100449e-01
4.827097835449071783e-01
4.835004215439160924e-01
4.874681320327978740e-01
4.865727272553321825e-01
4.775233540397423870e-01
4.814243876781219011e-01
4.743066449960072761e-01
4.852034100355246404e-01
4.798727346536440508e-01
4.772762171733073711e-01
4.731519144314986214e-01
4.766668700254880209e-01
4.711387330140823226e-01
4.681371077895164490e-01
4.829042378144386416e-01
4.658005266235424879e-01
4.801331417300762072e-01
4.733645600386154895e-01
4.791202208170524113e-01
4.685223778853049859e-01
4.713457079652028092e-01
4.786470045263950812e-01
4.765230816908371803e-01
4.755675795750740065e-01
4.787504816666627305e-01
4.720404849984706774e-01
4.806063132026256457e-01
4.776057596390064219e-01
4.728048123992406593e-01
4.765855401754379161e-01
4.782150541742642980e-01
4.723877305403733629e-01
4.788836619792840588e-01
4.702263891314849009e-01
4.691688152459951300e-01
4.723034895383394494e-01
4.671209994799051524e-01
4.633337077039938467e-01
4.747590370667286175e-01
4.719558940101892253e-01
4.670705142693641898e-01
4.670417361916640031e-01
4.704427644610404968e-01
4.747709703751099575e-01
4.670845017601282234e-01
4.738496862160853640e-01
4.646158103759472358e-01
4.730084802477787509e-01
4.799926519776002154e-01
4.778707817196846119e-01
4.747267898076619752e-01
4.668117784536801596e-01
4.714456566251241099e-01
4.756097513513687369e-01
4.662949132231565819e-01
4.675302990354024413e-01
4.674496908218432889e-01
4.733499264105772153e-01
4.642066549032162204e-01
4.647773235272138481e-01
4.633130502624389635e-01
4.699786521685428986e-01
4.699289826628489375e-01
4.662915467069699282e-01
4.767180430201383712e-01
4.653039179551295978e-01
4.674384280275075687e-01
4.652260759702095405e-01
4.656615837262226831e-01
4.609753077610945216e-01
4.710650291580420479e-01
4.615568467057667990e-01
4.669487312436103599e-01
4.683504985693173750e-01
4.705076272288958306e-01
4.635856605493105520e-01
4.668678703980568279e-01
4.613613265065046321e-01
4.608443660995898972e-01
4.674631788562505497e-01
4.648693257035353410e-01
4.670992702245712058e-01
4.624584965980970130e-01
4.716898632355225329e-01
4.566692488697858821e-01
4.552791464787263043e-01
4.611538056761790294e-01
4.603121218773034706e-01
4.591630323193012231e-01
4.639328579872082359e-01
4.579896843586212518e-01
4.654760613655432588e-01
4.535678795132881413e-01
4.638316123149333614e-01
4.581009574043445332e-01
4.617107204901866324e-01
4.661383876051658492e-01
4.610347174681149740e-01
4.696153819178923716e-01
4.608502266498712419e-01
4.585983855219987748e-01
4.725181863858149423e-01
4.711024150634423036e-01
4.720679892179293624e-01
4.549423221976329201e-01
4.564105369341678875e-01
4.631763551861811656e-01
4.641824223674260730e-01
4.647977672708339947e-01
4.621779390252553354e-01
4.576315729281841271e-01
4.525209819659208876e-01
4.562834929961424590e-01
4.682781153764480342e-01
4.574500863750775581e-01
4.552268683146207806e-01
4.622790157412871581e-01
4.686459265458278178e-01
4.584482641556323901e-01
4.546375059164487475e-01
4.620223210790218582e-01
4.595364898825303190e-01
4.609750167681620492e-01
4.593212701189212099e-01
4.636399289354299902e-01
4.533117947670129433e-01
4.587016055981318341e-01
4.588447417968358755e-01
4.612886523589109777e-01
4.576452421454282882e-01
4.570918485904351125e-01
4.533294866864497896e-01
4.594675970001098619e-01
4.518115758895874245e-01
4.578958828097734468e-01
4.576444963232064733e-01
4.480871414908996209e-01
4.631284948724966877e-01
4.522211279624547831e-01
4.521210840879342219e-01
4.560383897561293143e-01
4.593365318500078898e-01
4.518099275154945360e-01
4.590621872972219242e-01
4.467898725699155915e-01
4.590363261027213815e-01
4.587589467183137426e-01
4.575045109559328083e-01
4.589881003285065653e-01
4.566987248567434543e-01
4.511712554173591960e-01
4.489988701847883457e-01
4.481041146394533770e-01
4.491683834638350858e-01
4.572650700425490156e-01
4.586588276884494553e-01
4.531898191724068048e-01
4.616404294203489411e-01
4.482847250806979433e-01
4.549337916267223725e-01
4.408307612706453549e-01
4.442277003557253967e-01
4.487291867534319301e-01
4.490717725876050004e-01
4.571995292336512584e-01
4.441285281991347311e-01
4.539595744166618485e-01
4.500409563000385416e-01
4.478744778877649657e-01
4.527388056883445144e-01
4.541160224339900742e-01
4.580483234845674767e-01
4.576215103650704275e-01
4.551243633796007160e-01
4.468674463339341041e-01
4.488747391563195355e-01
4.526868341824947239e-01
4.475331470752373919e-01
4.430309009857666958e-01
4.461850775740085484e-01
4.497527412114999401e-01
4.503414896818307978e-01
4.563796000220836646e-01
4.583378611466823460e-01
4.539328868954609630e-01
4.492816301874625329e-01
4.456743810039300313e-01
4.487629962655214078e-01
4.423223533691504339e-01
4.461529321777514823e-01
4.488213998767046076e-01
4.414194909807963030e-01
4.508504854945036278e-01
4.546041442797734144e-01
4.537324653222010729e-01
4.493405255751732330e-01
4.473938754735848899e-01
4.510738179851800922e-01
4.558699470682021637e-01
4.501965456284009459e-01
4.575022613390898329e-01
4.409400163552699703e-01
4.583028182387351990e-01
4.443376108239858735e-01
4.467155800415919531e-01
4.442870542789116861e-01
4.447597715717095390e-01
4.427340947664700765e-01
4.402493983889237406e-01
4.438856346102861283e-01
4.489506088006190998e-01
4.436134186692726744e-01
4.527020907172790154e-01
4.469484523320809144e-01
4.425672695422783742e-01
4.422635596532087932e-01
4.489309241756414548e-01
4.468114458597623462e-01
4.506502572160500653e-01
4.458699173270127547e-01
4.493039740201754673e-01
4.503837055884875040e-01
4.507523903479943028e-01
4.476537868762627825e-01
4.421137515551004649e-01
4.412794089852234980e-01
4.465863599227025138e-01
4.518488300152314063e-01
4.479106681851240390e-01
4.425840764855727416e-01
4.477158257212394132e-01
4.431260256813122633e-01
4.355046482040331735e-01
4.495678351857723132e-01
4.420337220033009884e-01
4.439987265910858016e-01
4.403567186150795232e-01
4.397978779215079292e-01
4.436906223495801216e-01
4.401272321740786198e-01
4.413705254976565961e-01
4.333540106048950902e-01
4.419574661896779055e-01
4.432474694190881026e-01
4.361296790914657717e-01
4.447071917164019950e-01
4.411488603322933910e-01
4.443121511202592355e-01
4.496091309648293510e-01
4.458614041407902850e-01
4.443839580202714190e-01
4.477502551598426805e-01
4.518165690012467262e-01
4.494564020862946152e-01
4.460930402462299216e-01
4.400129231886986125e-01
4.440178841734543913e-01
4.504929639972173328e-01
4.524394905720001692e-01
4.491366747480172172e-01
4.349498958159715434e-01
4.379165069032938118e-01
4.344639374277530774e-01
4.464417040730134234e-01
4.390695640291923385e-01
4.497740274820572481e-01
4.376153234487925037e-01
4.436489653510924946e-01
4.444091289853438487e-01
4.450076853617643824e-01
