-1.744008436799049377e-02
-1.134299952536821365e-02
-9.513188153505325317e-03
-1.568083837628364563e-02
-1.305218692868947983e-02
-1.153496932238340378e-02
-5.295546259731054306e-03
-3.598052309826016426e-03
2.206525678047910333e-04
2.640126738697290421e-03
4.976203199476003647e-03
5.969820544123649597e-03
6.354541517794132233e-03
9.834046475589275360e-03
1.276719849556684494e-02
1.333872228860855103e-02
1.567301899194717407e-02
1.322739291936159134e-02
1.223652716726064682e-02
1.255871355533599854e-02
1.230636518448591232e-02
1.344160549342632294e-02
1.284077018499374390e-02
1.446186192333698273e-02
1.009558979421854019e-02
1.501423493027687073e-02
1.245568413287401199e-02
1.206627395004034042e-02
1.220484357327222824e-02
1.234129257500171661e-02
1.028640009462833405e-02
9.766197763383388519e-03
1.326602231711149216e-02
1.135400403290987015e-02
1.298629213124513626e-02
1.264762878417968750e-02
1.394350733608007431e-02
1.437881495803594589e-02
1.504698675125837326e-02
1.429233327507972717e-02
1.393562089651823044e-02
1.308108586817979813e-02
1.316968910396099091e-02
1.251465361565351486e-02
1.309688109904527664e-02
1.331371814012527466e-02
1.432008668780326843e-02
1.632547564804553986e-02
1.571425981819629669e-02
1.688895747065544128e-02
1.667386479675769806e-02
1.794600114226341248e-02
1.731259562075138092e-02
1.852018572390079498e-02
1.786878146231174469e-02
1.605987362563610077e-02
1.767220161855220795e-02
1.675537042319774628e-02
1.732455007731914520e-02
1.767325587570667267e-02
1.650779508054256439e-02
1.653174683451652527e-02
1.748149842023849487e-02
1.762798801064491272e-02
1.766211912035942078e-02
1.764919050037860870e-02
1.799752563238143921e-02
1.723502948880195618e-02
1.760711520910263062e-02
1.714251935482025146e-02
1.688508130609989166e-02
1.703838445246219635e-02
1.684870757162570953e-02
1.582205481827259064e-02
1.687852106988430023e-02
1.669451966881752014e-02
1.646489836275577545e-02
1.590796932578086853e-02
1.574495993554592133e-02
1.531669124960899353e-02
1.459024287760257721e-02
1.525284815579652786e-02
1.516660023480653763e-02
1.454400178045034409e-02
1.453337445855140686e-02
1.448140852153301239e-02
1.460975967347621918e-02
1.364378165453672409e-02
1.364393625408411026e-02
1.406520325690507889e-02
1.336125470697879791e-02
1.329923607409000397e-02
1.284209359437227249e-02
1.286027021706104279e-02
1.237333938479423523e-02
1.213919464498758316e-02
1.180913858115673065e-02
1.169995870441198349e-02
1.113220490515232086e-02
1.113609317690134048e-02
1.064809132367372513e-02
1.051134895533323288e-02
1.030872482806444168e-02
9.942490607500076294e-03
9.767867624759674072e-03
9.482615627348423004e-03
9.207325987517833710e-03
8.963418193161487579e-03
8.795418776571750641e-03
8.515446446835994720e-03
8.232738822698593140e-03
8.085140027105808258e-03
7.831885479390621185e-03
7.684805896133184433e-03
7.445922587066888809e-03
7.150890771299600601e-03
6.953023374080657959e-03
6.793114822357892990e-03
6.613260135054588318e-03
6.397785618901252747e-03
6.228731013834476471e-03
5.954456981271505356e-03
5.805369000881910324e-03
5.603834055364131927e-03
5.477184429764747620e-03
5.293297115713357925e-03
5.096556153148412704e-03
4.956621211022138596e-03
4.737639334052801132e-03
4.626087844371795654e-03
4.463360179215669632e-03
4.312936682254076004e-03
4.156422801315784454e-03
4.003131762146949768e-03
3.873905399814248085e-03
3.731348086148500443e-03
3.609325503930449486e-03
3.478114958852529526e-03
3.357936395332217216e-03
3.242074744775891304e-03
3.129301825538277626e-03
3.004536963999271393e-03
2.905369969084858894e-03
2.813305705785751343e-03
2.708716085180640221e-03
2.617341931909322739e-03
2.540720161050558090e-03
2.453642198815941811e-03
2.356447745114564896e-03
2.270397031679749489e-03
2.189664635807275772e-03
2.108919667080044746e-03
2.034694654867053032e-03
1.959086861461400986e-03
1.887068036012351513e-03
1.820748439058661461e-03
1.757006393745541573e-03
1.688307384029030800e-03
1.632119063287973404e-03
1.570456428453326225e-03
1.516932505182921886e-03
1.460252446122467518e-03
1.406826893799006939e-03
1.355138956569135189e-03
1.307658385485410690e-03
1.259617507457733154e-03
1.212883158586919308e-03
1.165084075182676315e-03
1.123147434554994106e-03
1.081682159565389156e-03
1.042889547534286976e-03
1.003797398880124092e-03
9.635164751671254635e-04
9.265109547413885593e-04
8.935868390835821629e-04
8.598648710176348686e-04
8.287341916002333164e-04
7.969561847858130932e-04
7.685841410420835018e-04
7.403370691463351250e-04
7.122647948563098907e-04
6.856307736597955227e-04
6.593134603463113308e-04
6.342839915305376053e-04
6.102292682044208050e-04
5.873393965885043144e-04
5.649877130053937435e-04
5.435987841337919235e-04
5.228323861956596375e-04
5.031431792303919792e-04
4.838969034608453512e-04
4.660666745621711016e-04
4.479731724131852388e-04
4.312778182793408632e-04
4.150776076130568981e-04
3.989370889030396938e-04
3.838460543192923069e-04
3.692464961204677820e-04
3.551325644366443157e-04
3.414844104554504156e-04
3.286212740931659937e-04
3.161858476232737303e-04
3.042733587790280581e-04
2.925813023466616869e-04
2.813698083627969027e-04
2.706283412408083677e-04
2.603418834041804075e-04
2.504611329641193151e-04
2.408175641903653741e-04
2.315860328963026404e-04
2.227500372100621462e-04
2.142749726772308350e-04
2.060492988675832748e-04
1.981191599043086171e-04
1.905722019728273153e-04
1.833150890888646245e-04
1.762616739142686129e-04
1.695127866696566343e-04
1.630213955650106072e-04
1.567853905726224184e-04
1.507796987425535917e-04
1.450043055228888988e-04
1.394394930684939027e-04
1.340645976597443223e-04
1.289427891606464982e-04
1.240003184648230672e-04
1.192513518617488444e-04
1.146660870290361345e-04
1.102636815630830824e-04
1.060356080415658653e-04
1.019654446281492710e-04
9.805146692087873816e-05
9.428756311535835266e-05
9.066934580914676189e-05
8.718996105017140508e-05
8.384259854210540652e-05
8.062071719905361533e-05
7.752270903438329697e-05
7.454139995388686657e-05
7.168416050262749195e-05
6.893109821248799562e-05
6.628475239267572761e-05
6.374164513545110822e-05
6.128424865892156959e-05
5.893237539567053318e-05
5.666417200700379908e-05
5.450036405818536878e-05
5.238988160272128880e-05
5.038134258938953280e-05
4.844597424380481243e-05
4.658438774640671909e-05
4.477953552850522101e-05
4.307369454181753099e-05
4.141666067880578339e-05
3.982131966040469706e-05
3.829140041489154100e-05
3.682740134536288679e-05
3.540506440913304687e-05
3.404172821319662035e-05
3.273414768045768142e-05
3.146949529764242470e-05
3.026146441698074341e-05
2.909065733547322452e-05
2.797553497657645494e-05
2.689588473003823310e-05
2.586132359283510596e-05
2.487317215127404779e-05
2.392072201473638415e-05
2.299710104125551879e-05
2.212095023423898965e-05
2.126668732671532780e-05
2.044304346782155335e-05
1.965940464287996292e-05
1.890358362288679928e-05
1.818487726268358529e-05
1.748830254655331373e-05
1.681461253610905260e-05
1.616946065041702241e-05
1.554978553031105548e-05
1.495251126470975578e-05
1.437137325410731137e-05
1.381924630550201982e-05
1.328589860349893570e-05
1.277955288969678804e-05
1.228443943546153605e-05
1.181231618829770014e-05
1.135282946052029729e-05
1.091912236006464809e-05
1.050045921147102490e-05
1.009346942737465724e-05
9.703906471258960664e-06
9.337721166957635432e-06
8.979173799161799252e-06
8.635515769128687680e-06
8.307680218422319740e-06
7.986190212250221521e-06
7.678600013605318964e-06
7.383979209407698363e-06
7.101503342710202560e-06
6.833357929281191900e-06
6.566558568010805175e-06
6.313135600066743791e-06
6.064945864636683837e-06
5.831573162140557542e-06
5.613792382064275444e-06
5.394469098973786458e-06
5.184700967220123857e-06
4.985383839084533975e-06
4.790097136719850823e-06
4.613301371136913076e-06
4.432082278071902692e-06
4.261499270796775818e-06
4.098163117305375636e-06
3.938057488994672894e-06
3.790907612710725516e-06
3.644786602308158763e-06
3.502041408864897676e-06
3.368605803188984282e-06
3.239784064135164954e-06
3.114845640084240586e-06
2.994508122355910018e-06
2.882522267100284807e-06
2.770373384919366799e-06
2.663023678906029090e-06
2.559664153523044661e-06
2.462827524141175672e-06
2.366607759540784173e-06
2.276723989780293778e-06
2.188413418480195105e-06
2.103799261021777056e-06
2.022760099862352945e-06
1.945707026607124135e-06
1.870210098786628805e-06
1.798976313693856355e-06
1.729300947772571817e-06
1.661464807511947583e-06
1.598260269020101987e-06
1.537159050712944008e-06
1.477795194659847766e-06
1.420236230842419900e-06
1.366555807180702686e-06
1.313164716520986985e-06
1.262680825675488450e-06
1.213565042235131841e-06
1.167531195278570522e-06
1.123267907132685650e-06
1.079987100638390984e-06
1.038591108226682991e-06
9.977876516131800599e-07
9.597506505087949336e-07
9.218006766786857042e-07
8.859254876369959675e-07
8.530909099135897122e-07
8.196346357181027997e-07
7.883750186010729522e-07
7.581896284136746544e-07
7.294775627997296397e-07
7.013994718363392167e-07
6.740099820490286220e-07
6.480151455434679519e-07
6.225187121344788466e-07
5.990034424030454829e-07
5.758530505772796459e-07
5.542535177482932340e-07
5.321879257280670572e-07
5.116693273521377705e-07
4.922118250760831870e-07
4.733376499643782154e-07
4.550977905637410004e-07
4.376408355710736942e-07
4.204872254831570899e-07
4.044252364110434428e-07
3.888935111717728432e-07
3.741717762295593275e-07
3.598579496610909700e-07
3.459872743860614719e-07
3.324643955693318276e-07
3.195042950210336130e-07
3.073627112826216035e-07
2.955586637654050719e-07
2.842455444351799088e-07
2.732610369093890768e-07
2.625758099839003989e-07
2.524177773466362851e-07
2.427829031148576178e-07
2.334727327024666010e-07
2.244047720978414873e-07
2.158274980956775835e-07
2.073803244684313540e-07
1.995228160467377165e-07
1.917947827223542845e-07
1.845174466552634840e-07
1.773141917738030315e-07
1.705255101569491671e-07
1.640165692151640542e-07
1.577021180310111959e-07
1.515384013828224852e-07
1.456019447232392849e-07
1.399951230496299104e-07
1.345263598295787233e-07
1.291984403906099033e-07
1.244369940422984655e-07
1.196028875938281999e-07
1.151295663248674828e-07
1.106625191482635273e-07
1.065200549987821432e-07
1.023295297386539460e-07
9.844232096156702028e-08
9.470134187949952320e-08
9.101112397047472768e-08
8.749012181397120003e-08
8.413319108058203710e-08
8.086718850108809420e-08
7.773159893531556008e-08
7.474782393046552897e-08
7.186693551375356037e-08
6.918370587527533644e-08
6.651345785257944954e-08
6.393580065378046129e-08
6.144318120959724183e-08
5.906553823820104299e-08
5.682853299049384077e-08
5.467826014182719518e-08
5.255956025962404965e-08
5.055482432680946658e-08
4.857067636976353242e-08
4.668845932087606343e-08
4.487053928414752590e-08
4.314521362402956584e-08
4.146634680068927992e-08
3.989492114442327875e-08
3.835523898487736005e-08
3.689309480137126229e-08
3.548509397433008417e-08
3.412005256109296170e-08
3.277803273249446647e-08
3.153381911147334904e-08
3.033551720932337048e-08
2.918068631174719485e-08
2.805838583697095601e-08
2.696860335049677815e-08
2.593002967898883071e-08
2.493310802265114035e-08
2.395080400674487464e-08
2.303007384796273982e-08
2.212322769423735735e-08
2.128016518554431968e-08
2.046576419445500505e-08
1.969178242688940372e-08
1.892896861477311177e-08
1.821127071366390737e-08
1.750912481668365217e-08
1.683265793417376699e-08
1.619343592551558686e-08
1.556873741037634318e-08
1.497462420729789301e-08
1.439079344578431119e-08
1.385613490612058740e-08
1.331694310380271418e-08
1.281136441377839219e-08
1.232371449333413693e-08
1.184478914950659600e-08
1.138413452395070635e-08
1.094578561122716565e-08
1.052194154027574768e-08
1.012152761603601903e-08
9.727705752027304698e-09
9.350787699702323152e-09
8.988543243049207376e-09
8.641098503403554787e-09
8.311159760410191666e-09
7.995134332361431007e-09
7.688537806416206877e-09
7.393034628933037311e-09
7.110621869088618041e-09
6.832939991596731488e-09
6.571482913386716973e-09
6.327027346486602255e-09
6.082685022334999303e-09
5.845316675134881734e-09
5.615183873430851236e-09
5.397795543871097834e-09
5.193557583993424487e-09
4.996090652298335044e-09
4.801631092732350226e-09
4.614503890110199791e-09
4.436534695173577347e-09
4.265903186251307488e-09
4.104206308142011039e-09
3.947173254914559948e-09
3.793886538261403985e-09
3.647135260465006468e-09
3.507278467651531173e-09
3.371518175754317781e-09
3.244416069136946135e-09
3.118801883417177123e-09
2.992349035224606268e-09
2.879109839426519102e-09
2.768735685165779614e-09
2.663511633471671303e-09
2.561783007948292834e-09
2.460946113558293291e-09
2.365246665192444198e-09
2.273395915963760672e-09
2.185488678918545702e-09
2.102030105533003734e-09
2.022337630691595223e-09
1.945206218323392022e-09
1.868113219671840852e-09
1.797632043221142339e-09
1.728134524370261715e-09
1.660373505352197299e-09
1.596681564741686543e-09
1.535902405258582348e-09
1.475226829583675681e-09
1.420096928939074132e-09
1.364856117014312531e-09
1.312347008841641127e-09
1.262277171676373655e-09
1.213580458347962576e-09
1.166539087549267606e-09
1.121367221301738937e-09
1.078052536129803229e-09
1.036044805502456256e-09
9.965752667540073162e-10
9.583913662680743073e-10
9.210585627528189434e-10
8.852881205889673311e-10
8.517665461837964358e-10
8.188424938104787998e-10
7.875429197667926928e-10
7.572905635910842648e-10
7.278365687923837868e-10
6.998707169358908686e-10
6.734750535031253094e-10
6.474172864479044165e-10
6.216424597305092448e-10
5.981927175824353071e-10
5.745248166100225262e-10
5.522198254226395875e-10
5.306639017099712419e-10
5.101288280684457277e-10
4.906408057614441987e-10
4.719598045710426959e-10
4.538640019369211132e-10
4.364231476206015259e-10
4.191943736575609591e-10
4.033468281594565497e-10
3.873577569812880483e-10
3.726012554050583958e-10
3.578840279683248582e-10
3.441575635587668103e-10
3.308732454687657309e-10
3.182576979732232303e-10
3.060149633693498572e-10
2.943347510164784353e-10
2.829705636475665642e-10
2.719729996769615354e-10
2.615054284227369408e-10
2.513955710270465715e-10
2.418321654040767044e-10
2.324038045342646797e-10
2.234973456305411332e-10
2.148815431146644528e-10
2.066935927969026920e-10
1.986895370453822807e-10
1.908510433024090958e-10
1.833983243049175371e-10
1.762893997447889660e-10
1.696020962560496059e-10
1.628452650503930954e-10
1.565065438358104188e-10
1.506517827154496558e-10
1.448653697000423790e-10
1.391977644260578018e-10
1.338816696394573569e-10
1.286805523248446548e-10
1.237513008733870379e-10
1.190665760431031117e-10
1.144447175915885850e-10
1.100289581668079109e-10
1.058281171029129553e-10
1.016359010841405563e-10
9.770764752836669231e-11
9.395565575553987969e-11
9.036951742480425764e-11
8.687143365770921832e-11
8.355462155495985144e-11
8.039813259586026106e-11
7.720254296961215346e-11
7.424141162948316719e-11
7.144927705038384147e-11
6.861799323187867117e-11
6.598663282453287593e-11
6.346074360452647056e-11
6.101084221166175325e-11
5.860224805420699568e-11
5.640751754576456278e-11
5.420390178367817668e-11
5.209507825121306723e-11
5.006801570561769665e-11
4.817239315779708875e-11
4.630538660843619425e-11
4.450178420212225205e-11
4.280062068651169227e-11
4.117226698463483103e-11
3.958620931054923631e-11
3.802737291724866964e-11
3.656979927213477310e-11
3.512844876096821167e-11
3.376801616106206438e-11
3.248195809546494672e-11
3.121027394858977289e-11
3.002817439146099332e-11
2.888246065924082728e-11
2.773971677361153354e-11
2.670507391611121051e-11
2.565377771324151013e-11
2.468846481418207617e-11
2.373265299560056718e-11
2.280460022208163906e-11
2.191336175016989074e-11
2.104839219585485921e-11
2.025542060468676908e-11
1.946366852412229065e-11
1.871588127533296841e-11
1.798124843466197831e-11
1.730964156732017756e-11
1.663586456090992982e-11
1.597673729425430622e-11
1.537362077919102177e-11
1.476692726432027314e-11
1.421027358283755149e-11
1.366796172769246809e-11
1.313083322629360339e-11
1.262190178763500370e-11
1.213025079688234698e-11
1.165253310508873597e-11
1.121382500746115340e-11
1.078158829576070232e-11
1.035348022593307604e-11
9.957853985831377486e-12
9.565316420878655634e-12
9.200903927641945756e-12
8.855986256828263237e-12
8.497444935195996862e-12
8.168948156805910799e-12
7.862095523225587357e-12
7.556911693629153604e-12
7.265729684569066649e-12
6.981712083464763907e-12
6.719677331928908259e-12
6.459354752463841720e-12
6.208978643729157199e-12
5.965021011855586863e-12
5.735322373273676888e-12
5.511772028371497711e-12
5.305413226797117687e-12
5.097680524229764032e-12
4.901432124754245834e-12
4.706889825817350825e-12
4.526904458929115194e-12
4.351988821399421781e-12
4.181816351533917953e-12
4.019586746784042930e-12
3.869436021597394415e-12
3.717407458248001006e-12
3.573213773477856847e-12
3.436710117876717874e-12
3.300713001530564128e-12
3.173054700933430894e-12
3.048587641010791494e-12
2.930000426309975481e-12
2.818168224824613155e-12
2.709501026321170514e-12
2.600570800370682889e-12
2.503906153597523776e-12
2.407995894695980077e-12
2.314193107977313701e-12
2.223693234756907167e-12
2.138822105535176377e-12
2.056749085280196176e-12
1.976356361552134011e-12
1.902008281776113030e-12
1.827976138513154325e-12
1.758820628201818170e-12
1.689995149031786603e-12
1.624539370213839984e-12
1.561407361912181546e-12
1.501554414660988268e-12
1.441339235463967583e-12
1.387151569824662811e-12
1.332520899177680462e-12
1.279818698934898080e-12
1.230994256182227353e-12
1.183464567663938816e-12
1.137096276512816750e-12
1.093203327341696340e-12
1.051230825478699504e-12
1.010788783402383206e-12
9.714266066898624707e-13
9.344213770801079733e-13
8.986243823713713219e-13
8.642411872955557683e-13
8.305339380641763025e-13
7.991720349723174799e-13
7.681626602168423190e-13
7.396060760361811148e-13
7.103627039893589679e-13
6.824507322103490203e-13
6.554688974751143871e-13
6.302222741068341794e-13
6.057676062154460084e-13
5.821824684663912119e-13
5.599221715620050777e-13
5.376713072165195673e-13
5.181818515942460124e-13
4.976414788061822581e-13
4.785961123937587658e-13
4.597273083051245379e-13
4.421249336691163156e-13
4.250753937208584521e-13
4.084664193253900732e-13
3.923402130522751774e-13
3.768483192601729259e-13
3.626584980671171410e-13
3.487650977480188930e-13
3.350013951138042234e-13
3.223447171078058782e-13
3.095296913745160250e-13
2.976188360429704582e-13
2.861224169918574756e-13
2.754317227852270955e-13
2.646823190309566254e-13
2.543516612607543692e-13
2.444214264579053220e-13
2.351906104765266736e-13
2.263938277298482848e-13
2.176647127512601476e-13
2.092787748653179847e-13
2.009278296044927914e-13
1.933033946669229786e-13
1.856760323834874549e-13
1.784211477564093262e-13
1.717004495397148056e-13
1.653514700378569402e-13
1.589924210083221157e-13
1.529494169120668157e-13
1.470630393721542029e-13
1.411615101068811051e-13
1.356588452683382684e-13
1.303114923910039802e-13
1.253963296046767262e-13
1.203771376198994880e-13
1.158120908201221155e-13
1.112726040865610888e-13
1.069788721041846358e-13
1.028757496399947124e-13
9.886629546724395867e-14
9.506611941883721939e-14
9.134767866170873107e-14
8.779129224804893550e-14
8.434821173767745317e-14
8.118631906074008642e-14
7.796256587359884360e-14
7.492768070490457566e-14
7.208148737180425369e-14
6.935206261268062056e-14
6.663028147887301023e-14
6.409601311079676789e-14
6.161319013580496273e-14
5.915467361826756698e-14
5.691582323713931246e-14
5.471731195309109674e-14
5.264275885867586435e-14
5.065372559874721514e-14
4.864752128691182675e-14
4.675393508761158112e-14
4.493872315285488139e-14
4.321098261649523875e-14
4.151222415945884925e-14
3.991572968421036594e-14
3.838151245937580780e-14
3.689340432005798476e-14
3.551382143007417169e-14
3.412058436898061931e-14
3.281444262365554310e-14
3.157616515806448143e-14
3.033472317738247770e-14
2.917570089060010641e-14
2.807110724694240195e-14
2.694868017161320545e-14
2.587862514341274234e-14
2.488440497497995674e-14
2.392485047694650063e-14
2.300654987157611797e-14
2.215335221853170083e-14
2.130684443170469816e-14
2.044876786888409625e-14
1.966137620551186571e-14
1.892773894703828758e-14
1.817655794216117837e-14
1.748600077938495395e-14
1.680426969991911934e-14
1.615374670236192217e-14
1.554221093730094594e-14
1.491685498267256854e-14
1.436120814553732555e-14
1.381281445152942114e-14
1.327256836744115584e-14
1.275684727530769155e-14
1.225244593148133374e-14
1.178665573752261594e-14
1.132999994686708853e-14
1.089084385690183496e-14
1.046748408436992683e-14
1.007269473314890626e-14
9.678802389819027990e-15
9.297542695864500356e-15
8.937889118328535415e-15
8.585823261934074496e-15
8.262165196524628302e-15
7.928682395959979479e-15
7.632420764196526375e-15
7.340468836068703151e-15
7.054319930662519139e-15
6.766946215614605409e-15
6.516836021015250113e-15
6.270861464780863939e-15
6.024033099335645430e-15
5.790738626321656132e-15
5.568299304043204320e-15
5.352584999849478026e-15
5.147474277605954690e-15
4.949399858055272827e-15
4.758039021644528549e-15
4.578329970456214426e-15
4.398277447407788684e-15
4.224383700918848961e-15
4.062151480531232817e-15
3.901590032632075780e-15
3.752506304684688140e-15
3.606685771166597693e-15
3.470083497213475796e-15
3.328542385903150887e-15
3.203810219914613941e-15
3.081253446292862852e-15
2.960589791308225124e-15
2.850877637056875059e-15
2.742064184762561807e-15
2.634568927492413060e-15
2.536283035941286693e-15
2.440740472348080191e-15
2.342832781007902869e-15
2.253532850235960561e-15
2.167402516752643844e-15
2.083603641456644590e-15
2.001703602270152663e-15
1.924495490336739119e-15
1.850884939088551402e-15
1.776852141916157417e-15
1.709812236998058121e-15
1.643308186298215578e-15
1.578543094239086113e-15
1.516962634303396004e-15
1.456710004391645417e-15
1.399267723919766192e-15
1.346570627897523964e-15
1.294283495821752818e-15
1.245398895095102196e-15
1.198116351309064676e-15
1.151510798606120156e-15
1.107345018428623241e-15
1.064928573045443271e-15
1.023596965109459245e-15
9.839702227380613120e-16
9.451243388649134373e-16
9.075727213351701336e-16
8.739347136590969178e-16
8.396567196518138747e-16
8.061609076317609746e-16
7.767626704336099558e-16
7.463747811157106938e-16
7.173795727817751117e-16
6.892099568736164555e-16
6.630505619075290676e-16
6.367207545003659552e-16
6.124184263315744173e-16
5.892841036574873563e-16
5.668991933834835375e-16
5.439775289187165092e-16
5.233401005544575154e-16
5.020209694863364200e-16
4.831876154206106791e-16
4.642372649290454380e-16
4.463447527094824112e-16
4.286299321203855756e-16
4.119462682654524439e-16
3.963288865422144678e-16
3.808337952007363313e-16
3.660559025375661720e-16
3.521908996332993348e-16
3.388687919086633008e-16
3.254616897217262180e-16
3.128729537107347979e-16
3.005241133122735567e-16
2.892222850459574357e-16
2.778452561357928939e-16
2.671341274710682407e-16
2.570235981055060898e-16
2.471789576760429841e-16
2.372557549407220421e-16
2.282116665255326570e-16
2.193285805447705932e-16
2.104033282051030263e-16
2.025339553737471481e-16
1.947859861865344528e-16
1.872095544060305540e-16
1.799329722888546776e-16
1.730865902646553799e-16
1.665275774027019044e-16
1.602745816627236465e-16
1.537448443770096478e-16
1.479295926171944522e-16
1.420311728098707250e-16
1.367598220813111970e-16
1.314517577684441154e-16
1.265236671417593927e-16
1.216721535874623790e-16
1.168475995036896936e-16
1.124122702940701601e-16
1.079882304454507502e-16
1.038873071964292543e-16
9.980693111382357556e-17
9.603965943668146886e-17
9.227449210701769706e-17
8.871479644151209734e-17
8.523255796856596313e-17
8.195159569971113204e-17
7.880299556375458623e-17
7.573973399723391117e-17
7.286600267010628624e-17
6.993187392337248945e-17
6.728652385464830524e-17
6.469807719462286892e-17
6.219848958472032905e-17
5.976576463809167550e-17
5.736160720109815332e-17
5.520781748318973135e-17
5.309779554585271517e-17
5.093970779748146767e-17
4.899415583569959509e-17
4.703667923820715807e-17
4.529085830713233955e-17
4.353417153153102447e-17
4.185814810054343043e-17
4.023324443141161350e-17
3.859714073678582858e-17
3.720803648179082793e-17
3.572099404226954881e-17
3.431419143088836358e-17
3.297519446867937514e-17
3.168125238007492501e-17
3.048452386578015690e-17
2.930080193943717260e-17
2.817203458426976125e-17
2.712749737651739960e-17
2.606136579169372861e-17
2.507130835344533446e-17
2.411838470725567084e-17
2.319191429705545304e-17
2.230608161598874039e-17
2.140208901175403856e-17
2.058748319887304201e-17
1.978562589359271273e-17
1.901708907774724450e-17
1.829111566750130487e-17
1.755968451957374036e-17
1.686302142715300471e-17
1.619163366552943937e-17
1.557012324048159650e-17
1.497321151248985556e-17
1.440540165280895525e-17
1.383694162916658825e-17
1.330672630114561049e-17
1.276828548911340542e-17
1.229950569236735357e-17
1.184326264498515542e-17
1.139128288648005556e-17
1.093109418757597947e-17
1.052840612177291453e-17
1.011559998271710097e-17
9.711168220182774251e-18
9.340761704965203777e-18
8.974345509022589107e-18
8.634437142989848763e-18
8.296302252190422110e-18
7.968301978255995152e-18
7.656556630538847741e-18
7.351454370321113696e-18
7.082023446839116415e-18
6.814668746694627234e-18
6.547216852828163073e-18
6.306804252415138556e-18
6.056414199453499420e-18
5.819813247303119255e-18
5.592771607901708155e-18
5.381243740888729088e-18
5.174919253519014842e-18
4.965527994028260246e-18
4.777708364141969782e-18
4.590886727664724546e-18
4.405259126401699606e-18
4.232529752430214026e-18
4.072349121941464152e-18
3.917115031515781384e-18
3.758576354542949270e-18
3.613240307327076031e-18
3.473077447662109427e-18
3.337700241431068365e-18
3.206431434507425053e-18
3.085252783490856711e-18
2.968045013004849178e-18
2.849547047558412060e-18
2.741511055704392498e-18
2.630944304766266948e-18
2.529019316482636016e-18
2.428498880879120125e-18
2.335574858430984964e-18
2.242404129365155862e-18
2.159773749254783716e-18
2.074354736504342174e-18
1.993724479115123249e-18
1.915750712263118372e-18
1.843752291361043428e-18
1.769523998322678660e-18
1.700740208076137920e-18
1.632826405038849827e-18
1.571646679368355933e-18
1.509906435435280793e-18
1.450717216511319190e-18
1.394218505927262879e-18
1.341524205775491080e-18
1.287958677643547806e-18
1.239766824963478706e-18
1.192040054582817546e-18
1.145306314527526296e-18
1.101333289766630775e-18
1.058037415734686477e-18
1.018831743036663763e-18
9.784319317268441839e-19
9.400528192559150823e-19
9.035506829924453697e-19
8.691534111951934051e-19
8.352153797342732246e-19
8.033943619548176647e-19
7.711622871097115347e-19
7.398396456493191740e-19
7.126995395587246286e-19
6.850614707393731605e-19
6.586199186760796470e-19
6.323636033712097271e-19
6.074813384613669553e-19
5.837368087853025885e-19
5.613617283121080436e-19
5.394443372115967458e-19
5.176785786571240749e-19
4.980814291748240197e-19
4.782139467285839782e-19
4.589200623383611768e-19
4.411485521667539383e-19
4.243916824140195574e-19
4.080128600506160524e-19
3.922819527513888486e-19
3.765927922237014304e-19
3.623562383998395556e-19
3.474410345821662062e-19
3.343587854537279393e-19
3.218818774373136350e-19
3.089416448802930660e-19
2.970377662332248716e-19
2.854266578242121644e-19
2.739871893923042104e-19
2.637176903886700873e-19
2.539414753734531337e-19
2.435788668521185104e-19
2.341125085244850926e-19
2.248674468601037519e-19
2.159716363599787849e-19
2.077760471730770270e-19
1.996395884752757394e-19
1.920632473744464918e-19
1.847616853333497031e-19
1.776278341614480407e-19
1.705870537331556652e-19
1.638342355556083123e-19
1.574170976103926350e-19
1.513675380498802094e-19
1.454810881664055839e-19
1.397839463209319615e-19
1.345463291551256883e-19
1.291816492924130273e-19
1.242704712005325637e-19
1.196687620553235016e-19
1.151418093579739194e-19
1.104646975300518204e-19
1.061780860370886418e-19
1.021022957404013804e-19
9.800040401797894976e-20
9.423236368325262816e-20
9.062241824310050397e-20
8.706742861489487157e-20
8.362500017348180663e-20
8.040539997192374909e-20
7.738868520263992830e-20
7.430743742087990021e-20
7.134002390857394699e-20
6.863645516227826731e-20
6.598294376773911694e-20
6.338966792390001948e-20
6.094538152554850055e-20
5.864844313615652525e-20
5.630980321166451332e-20
5.422738248191080172e-20
5.221153040442200214e-20
5.009087195838331972e-20
4.818234333419900769e-20
4.625440181501384179e-20
4.442575751225198485e-20
4.263715068984225513e-20
4.097980709088703398e-20
3.938302862240717982e-20
3.786479030685438209e-20
3.641495271937633062e-20
3.500998644895501311e-20
3.363645950415924623e-20
3.229366425782438500e-20
3.099659658972722082e-20
2.977014946642677139e-20
2.863367762178707042e-20
2.754502715631059137e-20
2.647257295185138596e-20
2.546196826963899218e-20
2.446716079842180056e-20
2.352404080637923592e-20
2.260864105838000107e-20
2.177057300413167095e-20
2.096345152143305419e-20
2.012111185480271195e-20
1.930614992774331425e-20
1.854910195267256574e-20
1.781531520115560335e-20
1.717169275199405486e-20
1.653658767820238833e-20
1.588166419703926089e-20
1.527537958212910502e-20
1.468633974428611912e-20
1.412557914363478984e-20
1.357919726847510500e-20
1.305231310664080338e-20
1.253351415061806744e-20
1.206366263799087658e-20
1.160493282719340260e-20
1.111990448903042436e-20
1.068683504868056705e-20
1.027483124896953578e-20
9.887600862369614129e-21
9.514603798419286568e-21
9.144934036171210883e-21
8.792180279008558003e-21
8.454666355279914322e-21
8.137034654614520319e-21
7.804423230043673830e-21
7.505495989420921776e-21
7.217325327935626868e-21
6.957561535025566110e-21
6.681284018226421813e-21
6.412911569273414165e-21
6.160391261278161024e-21
5.922780803044819513e-21
5.689622095158919149e-21
5.475036176964248485e-21
5.263419304024889005e-21
5.050797939785031782e-21
4.837120385456392250e-21
4.656739678060496394e-21
4.479211289749487980e-21
4.300453035732803801e-21
4.142308461854239188e-21
3.982091493579673801e-21
3.824337083993944259e-21
3.686651093888645521e-21
3.541927606228110476e-21
3.410465261659349630e-21
3.273976017723481859e-21
3.140416035209753167e-21
3.019906159718433947e-21
2.901910541704235137e-21
2.794188442274459574e-21
2.685261316791191845e-21
2.576136079935630531e-21
2.478817957751340047e-21
2.384674666233540321e-21
2.292226731464369176e-21
2.203588957002092068e-21
2.112331104105424583e-21
2.034995977231860330e-21
1.955918035737609399e-21
1.883225702390069097e-21
1.808072022044043370e-21
1.735544882480943590e-21
1.670655229144929492e-21
1.607495061835747456e-21
1.542790797123347537e-21
1.482641276438174422e-21
1.427604079289812804e-21
1.372380382801682456e-21
1.321001783692216573e-21
1.269077822950866057e-21
1.219413967635635466e-21
1.172041822669831574e-21
1.125126989837115164e-21
1.081744739246850864e-21
1.039227231670002594e-21
9.983267248657891134e-22
9.605368291394941590e-22
9.258809705045591745e-22
8.862546570780076387e-22
8.511131125609461816e-22
8.200547120893086816e-22
7.875455648585335321e-22
7.561400151015008528e-22
7.290729226441451006e-22
6.983342569637245393e-22
6.700530002881505399e-22
6.445230380144977589e-22
6.183919258657431163e-22
5.948209134790330860e-22
5.709748978698757692e-22
5.477128160354247707e-22
5.265391330070196699e-22
5.059884102800239813e-22
4.869743128657519225e-22
4.682827270330831804e-22
4.507679449661614184e-22
4.330415209846997215e-22
4.167493092378022419e-22
3.993215416841699783e-22
3.844578118862211904e-22
3.691628970283658391e-22
3.551228137461146887e-22
3.424951575156691719e-22
3.292614289180732145e-22
3.169224579136151374e-22
3.038684381411157682e-22
2.922022582037281042e-22
2.807493105244653005e-22
2.689418929306068665e-22
2.581350791307052475e-22
2.484018987119221837e-22
2.395809444221622144e-22
2.297493394059565355e-22
2.204080650848872704e-22
2.122974895066096849e-22
2.042062757303898439e-22
1.960574309318781767e-22
1.890136477329490700e-22
1.811796152336057624e-22
1.742730307233126940e-22
1.670689257448937105e-22
1.605432285231903137e-22
1.543931300665679867e-22
1.484980166980620579e-22
1.425009067699546731e-22
1.370279791361485462e-22
1.320467327273485716e-22
1.269198310410085894e-22
1.223283576500346958e-22
1.174265905551575486e-22
1.127645109577227535e-22
1.083147169853265537e-22
1.041661984589651209e-22
1.000133885292792858e-22
9.608455198780380036e-23
9.240102594430308253e-23
8.878594147293933969e-23
8.503066695238696039e-23
8.170226084486777501e-23
7.863804109906348559e-23
7.543668577349557548e-23
7.268969539667324287e-23
6.986583841324617486e-23
6.703326609453822512e-23
6.438937037169741610e-23
6.193752756939809373e-23
5.968452189142515871e-23
5.721070457974999983e-23
5.486253072217120195e-23
5.287331697546055239e-23
5.088098880589609028e-23
4.890189456687761586e-23
4.693926543267291440e-23
4.508429372392553486e-23
4.332505501919215644e-23
4.179582606631587886e-23
4.014102938999014152e-23
3.845462147947038778e-23
3.712566853321162069e-23
3.564810050329645673e-23
3.423825460437270620e-23
3.284601608085348866e-23
3.150805434305709761e-23
3.028971231748479990e-23
2.911741136978482133e-23
2.779135196532640491e-23
2.681998020107345981e-23
2.580618349733772870e-23
2.485761454641110217e-23
2.388696695646914996e-23
2.290965033643445932e-23
2.197637108757282644e-23
2.108516652395206145e-23
2.024510223509496421e-23
1.939851091110806832e-23
1.862225600315248828e-23
1.794298207716296899e-23
1.725810566102457008e-23
1.662556858822577486e-23
1.593123530755558645e-23
1.526684245368215633e-23
1.462021474739430340e-23
1.408037514184621883e-23
1.352171015965594004e-23
1.300604046338292205e-23
1.246204592744703842e-23
1.201989333437518740e-23
1.155144011872326786e-23
1.103318611412474584e-23
1.063120074062493831e-23
1.020805338448167191e-23
9.795190407959771845e-24
9.435207144497551865e-24
9.060121927865780835e-24
8.702696940319192596e-24
8.338713363206596865e-24
8.025484307875015812e-24
7.707120556911351194e-24
7.397147919396522478e-24
7.105902050910735362e-24
6.842009145452581609e-24
6.556070338706668849e-24
6.305783706141767107e-24
6.043754879002650605e-24
5.834688989748715004e-24
5.587540840295235058e-24
5.362952535009265607e-24
5.151779992707937294e-24
4.927736395877022952e-24
4.735538324928975636e-24
4.554284515749512027e-24
4.366521420810617239e-24
4.199284092195120568e-24
4.041825877791196169e-24
3.876148521615774049e-24
3.736525663417991507e-24
3.578118449345086231e-24
3.435889194716453466e-24
3.297934777333213363e-24
3.175890501116923237e-24
3.060777748459583837e-24
2.945832825959830207e-24
2.823775927969056544e-24
2.717677686090903951e-24
2.614336513076498794e-24
2.515483564182348584e-24
2.411244470242575610e-24
2.311710339956767056e-24
2.221719651687095998e-24
2.139687189444520811e-24
2.052496562957931734e-24
1.976673619330803743e-24
1.891607395261974850e-24
1.820447211230381954e-24
1.749000276259741220e-24
1.680389690673822634e-24
1.622426064902832587e-24
1.554886160780525219e-24
1.490120088816201234e-24
1.429238762379638122e-24
1.371623714521142609e-24
1.318607627132472442e-24
1.265590553667670749e-24
1.215124064724674892e-24
1.167865675867986585e-24
1.122908492879441123e-24
1.075242361542366705e-24
1.034888280543398999e-24
9.941054536424436728e-25
9.553125283749083489e-25
9.157380391655253075e-25
8.791858732992702676e-25
8.437796265054619000e-25
8.095511490431485030e-25
7.754522419845176572e-25
7.482543394285667990e-25
7.195598198239919525e-25
6.900939421655306854e-25
6.653095102452969364e-25
6.389396651207952591e-25
6.110607290846057861e-25
5.877136017336847207e-25
5.635536518275465553e-25
5.401497757952561534e-25
5.195437921785583750e-25
4.992295884891792185e-25
4.802354942208808489e-25
4.613325133871355061e-25
4.431784573752843614e-25
4.250644360543731831e-25
4.087820018439654652e-25
3.949547985934449940e-25
3.783268679584537611e-25
3.642512721304018238e-25
3.486757805505885733e-25
3.346924814484474943e-25
3.217326800670241019e-25
3.089251041884050766e-25
2.963471607889152302e-25
2.843327105947860677e-25
2.727884461520719165e-25
2.627054725805698252e-25
2.524001388414085611e-25
2.427051122719521905e-25
2.336023230270904945e-25
2.235401063581570311e-25
2.155472937107478750e-25
2.066158968234970879e-25
1.996874177746024497e-25
1.919902184254732237e-25
1.838105073732849082e-25
1.767356699745684843e-25
1.691563437010115792e-25
1.624677399970623490e-25
1.564959520109744929e-25
1.495726621877220118e-25
1.437643039944829900e-25
1.381643776435453324e-25
1.328192287130907735e-25
1.280617934829775125e-25
1.230343089782941398e-25
1.180070833185952927e-25
1.134921365351759843e-25
1.085585141522622679e-25
1.047815837235321483e-25
1.005740030332853986e-25
9.653355608435652874e-26
9.262574253809376355e-26
8.911818961956915330e-26
8.533974309878681200e-26
8.215387286626935748e-26
7.905519641568211291e-26
7.577028716170448916e-26
7.264748266077396130e-26
6.972249119480342420e-26
6.705818744312932129e-26
6.461792635151380778e-26
6.189956713890459945e-26
5.949497735134704857e-26
5.744589882408382633e-26
5.510900316295555352e-26
5.288978336217329633e-26
5.089636883253473173e-26
4.888894894034058316e-26
4.689029588125328528e-26
4.495592574147776680e-26
4.322788586924829719e-26
4.146272023066686371e-26
3.980185679489762088e-26
3.843372854769941586e-26
3.710182627238315700e-26
3.553814063937582756e-26
3.411408338659261721e-26
3.268305888964259160e-26
3.143015363841323062e-26
3.031684595252887854e-26
2.909377258576609808e-26
2.786918004546318498e-26
2.677586813463343893e-26
2.580424109992194497e-26
2.477437548443613651e-26
2.378402224768937658e-26
2.283355733120680957e-26
2.195524237267285494e-26
2.112076620190502033e-26
2.033336438120987630e-26
1.950433474032476879e-26
1.870334663942993944e-26
1.792088136236824877e-26
1.727022210846855399e-26
1.660319707227343423e-26
1.590863123787357700e-26
1.525363170825121115e-26
1.472873105748813634e-26
1.408486032145641769e-26
1.353657734042452633e-26
1.306770122137169846e-26
1.251598546280693129e-26
1.197038953923344900e-26
1.149611850522040360e-26
1.101106149314681193e-26
1.062156450268184837e-26
1.021790345303388332e-26
9.809509237954592202e-27
9.404143355119855574e-27
9.082617824996161852e-27
8.705326608146746839e-27
8.316501382046385547e-27
8.028343743767167319e-27
7.694701803177344619e-27
7.382856767326118900e-27
7.097346897534444243e-27
6.816344474184613473e-27
6.570787635903263147e-27
6.306192980121644995e-27
6.043708373187097498e-27
5.813230795998321473e-27
5.568447411182637061e-27
5.345071893256783408e-27
5.135973679194661211e-27
4.911820470757263992e-27
4.711213681819945118e-27
4.555043874489472937e-27
4.355646569557229248e-27
4.190508476847723464e-27
4.013038654704306210e-27
3.855277258867792417e-27
3.699838149358220754e-27
3.545882005905827262e-27
3.411413577188710455e-27
3.274146387076410116e-27
3.145820711916916398e-27
3.018834135847755124e-27
2.890208978581909191e-27
2.779526169863963624e-27
2.668144248576205490e-27
2.557821396164865897e-27
2.462384056293695251e-27
2.363122975110938186e-27
2.273243676466274663e-27
2.182908895389763559e-27
2.087404340563533798e-27
1.999812276320824556e-27
1.924748001180365406e-27
1.852717643481299469e-27
1.781024708708490176e-27
1.703735406703280453e-27
1.636936645105148003e-27
1.572955422719156860e-27
1.514102181403091171e-27
1.451982370308350292e-27
1.395437259734135486e-27
1.335697801754160011e-27
1.284020190224892285e-27
1.234387820000066585e-27
1.184306515505204220e-27
1.137070387317185119e-27
1.093599644763437502e-27
1.046022819568256299e-27
1.009828240344403659e-27
9.673767962137229871e-28
9.296709397625096835e-28
8.892751369579707277e-28
8.522455708067290020e-28
8.214560176753019205e-28
7.863072184112515500e-28
7.610707953849734050e-28
7.317435527120709420e-28
7.010507294121007095e-28
6.699957831343370669e-28
6.454001651488051649e-28
6.209724401061752202e-28
5.984521560804663940e-28
5.721515604634170818e-28
5.511964797035117621e-28
5.301984507058466070e-28
5.074484513860209932e-28
4.863038591195879695e-28
4.678875392123739041e-28
4.468819990879256388e-28
4.290429285332930377e-28
4.130915582136515858e-28
3.945039268378842758e-28
3.797093663393390171e-28
3.629085886918498796e-28
3.481646079284690907e-28
3.346939557478199228e-28
3.216907508387978418e-28
3.090249447819080998e-28
2.969329695519485346e-28
2.849845001769701234e-28
2.747982567011060330e-28
2.643607756639966276e-28
2.526402882461850554e-28
2.424540206961966602e-28
2.325792723147129003e-28
2.220688707550841332e-28
2.148931205976646457e-28
2.048578700294405145e-28
1.967068770964319404e-28
1.886669982841523574e-28
1.804661959879570685e-28
1.739550962914077684e-28
1.671053579253244302e-28
1.612205104613790972e-28
1.543895980605021442e-28
1.476982072470338941e-28
1.412378558045191977e-28
1.366811416672854550e-28
1.306643078168388342e-28
1.259414220365909302e-28
1.210745007706271658e-28
1.155464679400660255e-28
1.107165124919723437e-28
1.064385767141886533e-28
1.023415940917422961e-28
9.804143187869416181e-29
9.389967138504080142e-29
9.021622203284084107e-29
8.618296963596047280e-29
8.268564937582338637e-29
7.920717915501699002e-29
7.634667966805369555e-29
7.309742520328476131e-29
6.999809234762422096e-29
6.718297860350662695e-29
6.450803644815396644e-29
6.214448707215334092e-29
5.995441583589339567e-29
5.704438383817289198e-29
5.455921198618421251e-29
5.272182667099017983e-29
5.068415066011095082e-29
4.897047023265734078e-29
4.708558366094431979e-29
4.520443459702962527e-29
4.322939644832605301e-29
4.142266953043423464e-29
3.961528358338957126e-29
3.823699482795438402e-29
3.658153466086649250e-29
3.515527520348837257e-29
3.359725806378986087e-29
3.224630246723728186e-29
3.102411334306021819e-29
2.965831905813924315e-29
2.859784485471440710e-29
2.732639104441302556e-29
2.622702208390818166e-29
2.518759317902408331e-29
2.412512834644579076e-29
2.313993392972219078e-29
2.226041438626745701e-29
2.133093652098187214e-29
2.055016602616005578e-29
1.964716217444595015e-29
1.893852979310358819e-29
1.817484139410882518e-29
1.740530448754075499e-29
1.654982446183717345e-29
1.582621647054443168e-29
1.519501249149751281e-29
1.460307039992625061e-29
1.410610223337035303e-29
1.349063821772049266e-29
1.296249857408813385e-29
1.237276001720714908e-29
1.185798527414589936e-29
1.140769608230070288e-29
1.090162187822649940e-29
1.046779186424196852e-29
1.011892921504221843e-29
9.716288733727377407e-30
9.270363729228817786e-30
8.922118731780763756e-30
8.560816531162871889e-30
8.220752974396540981e-30
7.864204661012470576e-30
7.609822417279835875e-30
7.258578686723060158e-30
6.961968172010581733e-30
6.652650281247070182e-30
6.386585316379127127e-30
6.181546375832993294e-30
5.926899692891197611e-30
5.683181533909222703e-30
5.430324987804407266e-30
5.235133116415337701e-30
5.041458291015665349e-30
4.821785668315918890e-30
4.602705494768986865e-30
4.442054725542671660e-30
4.222771050413725280e-30
4.054527151918386493e-30
3.913564502475123617e-30
3.738829618214092223e-30
3.570544718475796754e-30
3.446945531187400051e-30
3.309593624231670979e-30
3.166051281905867544e-30
3.043499507103827532e-30
2.936852076828865005e-30
2.811938592816700919e-30
2.709432664238555475e-30
2.583628249548016160e-30
2.497271356401015368e-30
2.368694091596208376e-30
2.262695910361092014e-30
2.166123313028609083e-30
2.079294529429414191e-30
1.996355221538220084e-30
1.921793708905110454e-30
1.836113148187798772e-30
1.775123423131542944e-30
1.693341365918846363e-30
1.634803628038857761e-30
1.555943097465920860e-30
1.490881083820224365e-30
1.428869901192878002e-30
1.373307856732334971e-30
1.320883629872102921e-30
1.265237420016041015e-30
1.214577375077523055e-30
1.159507815730200529e-30
1.119783441757156343e-30
1.080854172163008351e-30
1.023320118379525851e-30
9.899305304828370046e-31
9.534387659745541086e-31
9.135684426229118267e-31
8.769251804026949542e-31
8.416326082113469230e-31
8.044426000586755881e-31
7.752705448334150106e-31
7.427764015134085499e-31
7.106311449167261442e-31
6.852118318965787031e-31
6.544569029982748661e-31
6.274870659096187949e-31
6.010441794285493387e-31
5.754499058292255083e-31
5.572741770779411344e-31
5.355038806413902711e-31
5.110925775369599580e-31
4.921005855084645876e-31
4.704408325606650522e-31
4.518352020153979514e-31
4.321307663707562090e-31
4.135448841305829225e-31
3.979649290245583568e-31
3.819220407332929578e-31
3.694020149718938887e-31
3.549392732067778414e-31
3.398915819428056075e-31
3.245106380303752550e-31
3.113686111881820806e-31
2.996007372421001604e-31
2.881101624133772178e-31
2.758014670263689795e-31
2.646807027204147285e-31
2.548021773345224546e-31
2.433283180354682049e-31
2.350248375302427139e-31
2.270617331692413246e-31
2.172925287579755233e-31
2.083858315716820673e-31
1.994506874220987120e-31
1.912792619522445968e-31
1.829257876722786340e-31
1.749713702145298213e-31
1.675692940423453851e-31
1.600015084315255310e-31
1.528669512637012310e-31
1.475091538071448185e-31
1.417311288751129465e-31
1.356230956590312255e-31
1.300190203810340356e-31
1.253636630836984975e-31
1.191797987270452307e-31
1.142978766485322049e-31
1.091585565720196228e-31
1.039654341190699046e-31
1.003923544705364466e-31
9.620536701981429481e-32
9.225257330860646739e-32
8.839995522597571531e-32
8.395447656750774252e-32
8.066085894593877515e-32
7.782969843439855803e-32
7.449086542262521137e-32
7.194171776079076924e-32
6.832723720122135027e-32
6.574005641966605302e-32
6.282905633181798613e-32
6.066547669452500841e-32
5.827583186115364247e-32
5.614323825494834025e-32
5.339858825015688937e-32
5.159613810985178071e-32
4.933348780867150060e-32
4.745920908605939606e-32
4.580567644758820889e-32
4.385209005986200167e-32
4.217124187141358159e-32
4.027916910306590467e-32
3.867246228205972333e-32
3.672934661026346563e-32
3.503264688049420701e-32
3.391002038810015188e-32
3.245977480392429406e-32
3.118465436813394063e-32
2.979197568105372728e-32
2.869748758468248066e-32
2.737267900268286914e-32
2.611164392795124377e-32
2.503727441739432060e-32
2.402354131355662660e-32
2.293711416969614382e-32
2.204862411146681045e-32
2.106858067572368321e-32
2.032711263468757039e-32
1.946135222909932447e-32
1.870677007921185051e-32
1.796626447417547344e-32
1.723906987329422025e-32
1.654659790616831890e-32
1.574351632873385588e-32
1.513620304985327515e-32
1.451254893012832610e-32
1.385019165890255323e-32
1.328699909111214853e-32
1.287958156532477485e-32
1.230888273142040058e-32
1.182563994253323524e-32
1.129259292736966811e-32
1.078637730544758895e-32
1.041348625279577365e-32
9.980789720993966670e-33
9.492719323744768049e-33
9.061049880131992047e-33
8.752397389700706960e-33
8.504821381686240141e-33
8.050868973285689151e-33
7.762063970284069125e-33
7.441652128240745579e-33
7.121543710676728037e-33
6.799172466487377591e-33
6.551794823144612033e-33
6.292980354452314881e-33
6.033251938902253400e-33
5.796731455257270194e-33
5.552704338156332787e-33
5.326953219474804895e-33
5.097203583290558066e-33
4.906967455025233167e-33
4.689712956448242622e-33
4.504558269856331692e-33
4.301749862166977797e-33
4.116661297132300621e-33
3.978450344782462376e-33
3.816643914733759132e-33
3.649948897553573701e-33
3.513529104720800916e-33
3.312642262953056828e-33
3.195096133948689765e-33
3.071952815124485453e-33
2.950235517884622429e-33
2.824269359579513784e-33
2.706210237493608182e-33
2.585418642055017710e-33
2.460571591106090345e-33
2.383920910566830664e-33
2.263383515781605512e-33
2.162778464424495403e-33
2.077172720983877683e-33
2.003023088346984735e-33
1.919029241534932077e-33
1.828721888033009840e-33
1.750034296188965914e-33
1.701318687884020948e-33
1.629880406435696532e-33
1.545391382628359986e-33
1.482357426610934136e-33
1.430296067509961234e-33
1.376320030149590373e-33
1.323805003697596995e-33
1.273094820251596618e-33
1.211897023144353644e-33
1.162485669120515737e-33
1.103127153330325011e-33
1.052911044853654627e-33
1.016064807085145393e-33
9.716324063210091371e-34
9.372185235037404584e-34
8.829249189976552642e-34
8.604555281526795544e-34
8.207478799948796304e-34
7.836320132096505343e-34
7.526163651744640834e-34
7.257750996171391230e-34
6.856983646002802323e-34
6.638780211244011254e-34
6.434263020477645616e-34
6.138839249596926848e-34
5.892065332805903923e-34
5.618206832310485441e-34
5.382425165232093275e-34
5.100875901110923818e-34
4.890862815076983196e-34
4.698261279937116917e-34
4.445879428573206260e-34
4.289574036579862848e-34
4.145408378823644294e-34
4.000905684796525913e-34
3.805872116129655632e-34
3.637383368038512316e-34
3.521887145061635854e-34
3.412259899055476215e-34
3.236508799928158954e-34
3.095885926024975306e-34
2.964633716561012687e-34
2.848434722449787197e-34
2.738199066281580866e-34
2.619623369529786563e-34
2.477503806627968054e-34
2.398643058955918236e-34
2.292143041182678592e-34
2.205404415061455893e-34
2.162796647852734685e-34
2.065358727251625220e-34
1.964004481916858219e-34
1.874861487711849113e-34
1.797351869777023740e-34
1.725871826136821478e-34
1.666993449279418770e-34
1.570061312673399441e-34
1.510897786600426171e-34
1.433045622264931491e-34
1.386210322784947355e-34
1.340496219918682095e-34
1.281561708614252815e-34
1.225091717643593427e-34
1.168982066200983956e-34
1.138479135740847570e-34
1.084739069687854668e-34
1.026942055797712307e-34
9.955523388278003180e-35
9.570445673450526281e-35
9.193147573091333213e-35
8.719207536293980067e-35
8.291856220669426851e-35
8.025059181062336708e-35
7.787309134918168198e-35
7.375108380272279582e-35
7.047998952535279698e-35
6.696748268745747875e-35
6.421782461755404413e-35
6.215132506385139627e-35
5.983863750382321346e-35
5.773591458660474793e-35
5.550531074098627965e-35
5.297108726563247267e-35
5.044002637517760651e-35
4.822089622686037725e-35
4.642281747913126301e-35
4.483712553542303307e-35
4.292723994098081946e-35
4.167801029632142983e-35
3.898950892714070748e-35
3.711044275123726474e-35
3.659412350282225359e-35
3.450372089138523358e-35
3.315297858516020440e-35
3.182533003635965508e-35
3.086521001304264152e-35
2.969226983695724814e-35
2.849050192465601034e-35
2.738562046080145326e-35
2.610207590903077922e-35
2.534349462175098725e-35
2.404701274445905620e-35
2.300968633253609393e-35
2.223713313547364008e-35
2.118985405165455552e-35
2.026653710342285695e-35
1.938373395829310718e-35
1.844861901866436167e-35
1.771265365724310250e-35
1.685356128927764409e-35
1.609658138346210710e-35
1.522349558176957477e-35
