1.976514169497367579e+00
1.859284314131125493e+00
1.687527762926541941e+00
1.602038117555471652e+00
1.539772080763792461e+00
1.497038146777030843e+00
1.462756167925321149e+00
1.428035247937226915e+00
1.404990876943637224e+00
1.384192349360539254e+00
1.370096524862142617e+00
1.356857560842465116e+00
1.345381398384387639e+00
1.337392174280606749e+00
1.324878684068337531e+00
1.315957532173547939e+00
1.307669413089752153e+00
1.300871063807071737e+00
1.292199291938390449e+00
1.286117904461347106e+00
1.281997361855629070e+00
1.274199260809482759e+00
1.268144607543945312e+00
1.263362564490391637e+00
1.258553840716679861e+00
1.255025257055575993e+00
1.250207157165576177e+00
1.249921484788258930e+00
1.243639900439824864e+00
1.238669644257961222e+00
1.234380551790579705e+00
1.231747528528555735e+00
1.224432299534479851e+00
1.220281865046574543e+00
1.219249005959584187e+00
1.212317340649091246e+00
1.213749999724901718e+00
1.210484013801965908e+00
1.207075029764419938e+00
1.201064719145114701e+00
1.198737279726908689e+00
1.196684958843084567e+00
1.191219201760414403e+00
1.184771027931800225e+00
1.185140582078542559e+00
1.184860001160548348e+00
1.180663371697450392e+00
1.177565543926679226e+00
1.174314131950720652e+00
1.173130244322312166e+00
1.169965367745130491e+00
1.166025007076752384e+00
1.159875878920921810e+00
1.163123410634505417e+00
1.160100104717108005e+00
1.155541778680605702e+00
1.155808158104236316e+00
1.153021524961178157e+00
1.148185412394694849e+00
1.140797419578601257e+00
1.143894936182560107e+00
1.141012475582269481e+00
1.140644836272948881e+00
1.133143674257474087e+00
1.127973092519319875e+00
1.128645126483379224e+00
1.121728901832531600e+00
1.124891023758130215e+00
1.116408881468650582e+00
1.118548428248136384e+00
1.113182479907304900e+00
1.114650583725709243e+00
1.110209948435807892e+00
1.108495238346931311e+00
1.103231054085951568e+00
1.102648600553854941e+00
1.103644148203042796e+00
1.100456058062039943e+00
1.096607933441797966e+00
1.098586276250007820e+00
1.091285698688947203e+00
1.089906960572951888e+00
1.086755089729260160e+00
1.083591593076021153e+00
1.085027234676556818e+00
1.079901545781355665e+00
1.080143816348833941e+00
1.082048580891046718e+00
1.077993568243124534e+00
1.069697933777784771e+00
1.075313725685461907e+00
1.069495541162979846e+00
1.067750539076633975e+00
1.062130903433530671e+00
1.062535901558704809e+00
1.061531820664038950e+00
1.060063232825352530e+00
1.053287747425910803e+00
1.051382502531393870e+00
1.057097194744990531e+00
1.049931731285193015e+00
1.053059028662168162e+00
1.048020248535351806e+00
1.042114711724794862e+00
1.044352140487768699e+00
1.045519451758800455e+00
1.038354949614940459e+00
1.028352077954854726e+00
1.034932499359815461e+00
1.041140133448136051e+00
1.032371100248434592e+00
1.035846539644094566e+00
1.031031293288255268e+00
1.022289194510533239e+00
1.023867476750642824e+00
1.029813383328608944e+00
1.021961622360425093e+00
1.015972073567219303e+00
1.017149463830850031e+00
1.016647727367205434e+00
1.016734632773277136e+00
1.017289105745462274e+00
1.014085500362591930e+00
1.006117756550128695e+00
1.004996159290655999e+00
1.004665918533618640e+00
1.000969878221169562e+00
1.003551753362019960e+00
9.962200782237908836e-01
1.004090749453275588e+00
9.998757455593499932e-01
9.931274475195468465e-01
9.922448109357785428e-01
9.898633579413096406e-01
9.868990884377406569e-01
9.881917351331466204e-01
9.901819038085448721e-01
9.822452361767108897e-01
9.805818550097636921e-01
9.839459619460961814e-01
9.817466948276910577e-01
9.788306045226561336e-01
9.764708616794683937e-01
9.698788812527290304e-01
9.741690945930969736e-01
9.686535688546987766e-01
9.691749543715746373e-01
9.686387867499620663e-01
9.626427928606668960e-01
9.696424216796190043e-01
9.675817879346700900e-01
9.613823161675379980e-01
9.576458752155303511e-01
9.618869315355251803e-01
9.525086541970571030e-01
9.606250610107031074e-01
9.614538519810407191e-01
9.587597336524572578e-01
9.525261640548705611e-01
9.546966864512517192e-01
9.500904074082008322e-01
9.549084278253409108e-01
9.460560236221704500e-01
9.491418992861723192e-01
9.423694633520566244e-01
9.420300534138312809e-01
9.512869324439611196e-01
9.438714958154238444e-01
9.402072009367820060e-01
9.383337555787502060e-01
9.351745952398349271e-01
9.414684463769961154e-01
9.331320611330179426e-01
9.340693933841509589e-01
9.376511272711631761e-01
9.327233117360335113e-01
9.276406735945970095e-01
9.303049273979969724e-01
9.256148581321422819e-01
9.262625171588017015e-01
9.252143589349893782e-01
9.217168318919646275e-01
9.220393463587149840e-01
9.161048821913890805e-01
9.225814866713988316e-01
9.142136803040137316e-01
9.247318202104324314e-01
9.144257715115180485e-01
9.178295523692400204e-01
9.171212679300553283e-01
9.051094301235981243e-01
9.091793738878690689e-01
9.052045441590822472e-01
9.130051582287519452e-01
9.096725896382943377e-01
9.057031530600327951e-01
9.008946891014392166e-01
9.076655562107379671e-01
9.005642631115057251e-01
8.945019118296794192e-01
8.978514001919672971e-01
9.014396910484020475e-01
8.927926083405812729e-01
8.935153282605684533e-01
8.970640300176082604e-01
8.985408515502244509e-01
8.959228238998315774e-01
8.875000299551547567e-01
8.903006743162106273e-01
8.959062061248681541e-01
8.856675956493769153e-01
8.892266756448989895e-01
8.904915363360673686e-01
8.821751602185078367e-01
8.859037351913940928e-01
8.841467544054373295e-01
8.827299892902373823e-01
8.860966263673244470e-01
8.835533372866801738e-01
8.822483582374377464e-01
8.818448600096580048e-01
8.829987801038301498e-01
8.712473190747774821e-01
8.844069412121405849e-01
8.727733211639600031e-01
8.672987555846189967e-01
8.693825749250558843e-01
8.686138056791745665e-01
8.683595113265208942e-01
8.735401040468460110e-01
8.766097119221321066e-01
8.670759266767746887e-01
8.678248923558454786e-01
8.692553388766753875e-01
8.574191084274879193e-01
8.580263009438148236e-01
8.661655685840509156e-01
8.604845661383409006e-01
8.655909923406747142e-01
8.676235001820784554e-01
8.644800913639557605e-01
8.625646218275412336e-01
8.607310940057802950e-01
8.637923812254880707e-01
8.518493626362237947e-01
8.544065377651116622e-01
8.606821196201520641e-01
8.531425610566750750e-01
8.596568465232848899e-01
8.582878459722568243e-01
8.552950094907711964e-01
8.486058574456435410e-01
8.614507983892392140e-01
8.454911828041076216e-01
8.550268300068684102e-01
8.537139866596613613e-01
8.541633728222969291e-01
8.416675466757553847e-01
8.444807870265764738e-01
8.420359674172523956e-01
8.408358107774686063e-01
8.465852939929717769e-01
8.383722181503588944e-01
8.444835401498353988e-01
8.422388711036780107e-01
8.403244279133967876e-01
8.393769409411993010e-01
8.345692733923594231e-01
8.468368832881634223e-01
8.359198888907065639e-01
8.419772150424810198e-01
8.322692845112238391e-01
8.463148772716522217e-01
8.326655841790713275e-01
8.343204052020342099e-01
8.300629864900540555e-01
8.350934312129631998e-01
8.326438304705497950e-01
8.305480372447233695e-01
8.252556003057039957e-01
8.314104176484621300e-01
8.285792299570181596e-01
8.222983354177230142e-01
8.321849742761024959e-01
8.204405897702926609e-01
8.290215197281959325e-01
8.299472361038893187e-01
8.315051515897114998e-01
8.235836657193991162e-01
8.234452733626732579e-01
8.225270514304821035e-01
8.238768342213752538e-01
8.230858590358343108e-01
8.191683953389142792e-01
8.172484559126389492e-01
8.159309101410401333e-01
8.115203128411219158e-01
8.223792091394082071e-01
8.186559967505626645e-01
8.163627490019187416e-01
8.199481293176993368e-01
8.146751675850305574e-01
8.142084292112252708e-01
8.160955025599553325e-01
8.134767225155463688e-01
8.114361892908047436e-01
8.136452025327927107e-01
8.095717480549445844e-01
8.147087925519698182e-01
8.135646687868314242e-01
8.093079312489582788e-01
8.064902773270240521e-01
8.059693478620969520e-01
8.045455587215912807e-01
7.970675155138358114e-01
8.142221456918961042e-01
8.035093559668614605e-01
8.082254099540221448e-01
8.069983421227870934e-01
8.104282461679899185e-01
8.097139801734533071e-01
8.035126881721692538e-01
7.976497105298898660e-01
8.001774344688806773e-01
8.069574810755558714e-01
8.012446178839757183e-01
8.100765082316521148e-01
7.969152816595175270e-01
7.949123604175372115e-01
8.003624283350431190e-01
7.882121644723110165e-01
7.930597760738470337e-01
7.905321627091138614e-01
7.906463146973878864e-01
7.959690473018548040e-01
7.937449076236822165e-01
7.858558162664756042e-01
7.902470535956895858e-01
7.872681031624476633e-01
7.916436829628088478e-01
7.925520948110482689e-01
7.838180856826978404e-01
7.936380971700717213e-01
7.897034038335849493e-01
7.737250733069884756e-01
7.850353227976041293e-01
7.719777457225016626e-01
7.799006876273032463e-01
7.826534378222930188e-01
7.833643107842176434e-01
7.860899361280294650e-01
7.835258281383759016e-01
7.855120950784438838e-01
7.796146173507739752e-01
7.818054760113740675e-01
7.714067887801390189e-01
7.815893274087172271e-01
7.767707238594691033e-01
7.745537884724446043e-01
7.780858675638834265e-01
7.769493616544282943e-01
7.767018042313746928e-01
7.762062337153997627e-01
7.758028852633941375e-01
7.743774574536543831e-01
7.713971871596115859e-01
7.700882211709634273e-01
7.673361075230133999e-01
7.728277098674040113e-01
7.675434332627516509e-01
7.869918705561221861e-01
7.708914693349446789e-01
7.694387280788177463e-01
7.719216592800922649e-01
7.683348561708743807e-01
7.709101772461182112e-01
7.721110769571402077e-01
7.653893190316665152e-01
7.649189624266746756e-01
7.581981438092696424e-01
7.605786584890805724e-01
7.620844662189483198e-01
7.627828966348598749e-01
7.685330960995111482e-01
7.665705317106001893e-01
7.630862654019624491e-01
7.596889864175747631e-01
7.570178509522706989e-01
7.602427246478887790e-01
7.581151167551676284e-01
7.580572612774677532e-01
7.607145557800928382e-01
7.578949556900904660e-01
7.592485291071426889e-01
7.539761900137632589e-01
7.641134520371755112e-01
7.542065407221133500e-01
7.567711425897402089e-01
7.641270457169948571e-01
7.516500568542725524e-01
7.639720786076326098e-01
7.592392232173528210e-01
7.570957626287754261e-01
7.560430053717051013e-01
7.553808762476994509e-01
7.517059789254114666e-01
7.567838330299426763e-01
7.589565611038452397e-01
7.561165530712176119e-01
7.438065236959702231e-01
7.524526886450938479e-01
7.602990919962907546e-01
7.539154937634101605e-01
7.493486737593626490e-01
7.494740903377532515e-01
7.531752645205228580e-01
7.547326582364547454e-01
7.502634519949937797e-01
7.564900095646197586e-01
7.544728903434215761e-01
7.458363802769245599e-01
7.515057738774861829e-01
7.365398563635654483e-01
7.504673010263687161e-01
7.537548987529216760e-01
7.494803546330868205e-01
7.494998950988818187e-01
7.496540805468192570e-01
7.372466480120634102e-01
7.442163135760869741e-01
7.360069884703709375e-01
7.445708066989213947e-01
7.438952016524779109e-01
7.399721439068134288e-01
7.482892894592040323e-01
7.362426498761543980e-01
7.366868766454549577e-01
7.421110461155573379e-01
7.395311529819782459e-01
7.433203590221894030e-01
7.436171218370779545e-01
7.344787231622598167e-01
7.278132444008802437e-01
7.447600972958100529e-01
7.387047231961518801e-01
7.372426910278124801e-01
7.355675334349657257e-01
7.391834605198640551e-01
7.293074580339284907e-01
7.371201713115741461e-01
7.383028815954159052e-01
7.291954735914866204e-01
7.319485382391855977e-01
7.345040628543266781e-01
7.394098000648694491e-01
7.260730552367674617e-01
7.333556759815950121e-01
7.277116378912559247e-01
7.304500472087126495e-01
7.267565069290308211e-01
7.280118148296307323e-01
7.286335566869148739e-01
7.235321060205117671e-01
7.311175326506297312e-01
7.136568162685785754e-01
7.244995713233948198e-01
7.230369385236349311e-01
7.161357109363262197e-01
7.246991642010517376e-01
7.237847539094778293e-01
7.221663969449507725e-01
7.183337521094542710e-01
7.208206344873476779e-01
7.246227226196191307e-01
7.161953363663110528e-01
7.167456939434393437e-01
7.164248510048939478e-01
7.158547964615699088e-01
7.147090803354214650e-01
7.140630349898949847e-01
7.216463951728282478e-01
7.232289282175210499e-01
7.119665626531992420e-01
7.186562252350342517e-01
7.067098860557262663e-01
7.139822867436286247e-01
7.143743410324439047e-01
7.198772827784220008e-01
7.099055585188743800e-01
7.140097764822153081e-01
7.088024533711947406e-01
7.149488969491077928e-01
7.082778409505501305e-01
7.136426871403669381e-01
7.066984222485468425e-01
7.090644912077830320e-01
7.160582060997302545e-01
7.061291823020348080e-01
7.089017045803559514e-01
7.126338725670789964e-01
7.023415081776105406e-01
7.099503777730159504e-01
7.044695619589242952e-01
7.120663795715723721e-01
7.069358089031316794e-01
7.092007434520966047e-01
7.171711787199362975e-01
7.095561450872666098e-01
7.012236961187460205e-01
7.001057889981147087e-01
7.078588500236853154e-01
6.963839216110033759e-01
7.070860699965403340e-01
7.001492579013873785e-01
7.075749157330928352e-01
6.962405644166164143e-01
7.075928962383515319e-01
7.165398107125209304e-01
7.083960836514447967e-01
7.102459777624179349e-01
7.012699631544260237e-01
7.004890480866798885e-01
6.966635746069443913e-01
6.992289090767884741e-01
7.035059305337759694e-01
7.143871982128192633e-01
6.910861528072601567e-01
6.987849199619048379e-01
6.946666803879615326e-01
7.042565479492529645e-01
6.942491144706041117e-01
6.900050686720090587e-01
6.928293451284750493e-01
7.063167955630864636e-01
6.889686644841462870e-01
6.932151329058867661e-01
6.929858481272672677e-01
6.880837660569411041e-01
6.883144690440251567e-01
7.003215390138136653e-01
6.895973462324875847e-01
6.920223379746461845e-01
6.931968426857239018e-01
6.887510652725513660e-01
6.857857019473344584e-01
6.847965119740901940e-01
6.876943073211572166e-01
6.869699902259386315e-01
6.840770013821431128e-01
6.849753055052879569e-01
6.911747408218872346e-01
6.894076777574343895e-01
6.888968998040908565e-01
6.850656618674596521e-01
6.866113835420364353e-01
6.897261547736632803e-01
6.870120416849087031e-01
6.777968071210078715e-01
6.851911924588374170e-01
6.883695825552329506e-01
6.816849443392876129e-01
6.796706899618490949e-01
6.837364870004164485e-01
6.816670382634187897e-01
6.862731020420025363e-01
6.812264747344530802e-01
6.760532363102986775e-01
6.810528307388989955e-01
6.873682285730655650e-01
6.811824683195505381e-01
6.755649685095518331e-01
6.833555115339083885e-01
6.753172845412522829e-01
6.772383122107921150e-01
6.785904860649353276e-01
6.765058240065208173e-01
6.746757148168025520e-01
6.871193486146437435e-01
6.813679277132719259e-01
6.811329180613542311e-01
6.787622097211006844e-01
6.808950566328488829e-01
6.749222579674842848e-01
6.775829047728807453e-01
6.670612795230669301e-01
6.728702474863100802e-01
6.639046870745145545e-01
6.777387939202479394e-01
6.715286284685134666e-01
6.724442654695266253e-01
6.768740096153357255e-01
6.706215403018853660e-01
6.738417053069823970e-01
6.678180630390461170e-01
6.716577442792746044e-01
6.641844947368670260e-01
6.642222869090544934e-01
6.719020657814466224e-01
6.628494561482698444e-01
6.698811510434516947e-01
6.647009893105579881e-01
6.642585950020032382e-01
6.705187999285184830e-01
6.695332388083140573e-01
6.603526337024493431e-01
6.691509644954632963e-01
6.654898110108498077e-01
6.715739565017896373e-01
6.610243801123056873e-01
6.706312775611877885e-01
6.636017806254900231e-01
6.619234629930593750e-01
6.630003623473338381e-01
6.689548004896213040e-01
6.648384642142516343e-01
6.700002032212721836e-01
6.754655339778997680e-01
6.558625114269746037e-01
6.640161107747982738e-01
6.646509922467744857e-01
6.523696928452222821e-01
6.645023881624906315e-01
6.614450701536276345e-01
6.653511444727580049e-01
6.643386986011113882e-01
6.634686052035062565e-01
6.627785036961237886e-01
6.548871109882991037e-01
6.588897345921932436e-01
6.580712640132659885e-01
6.546983556869702126e-01
6.539772024521460780e-01
6.473851346816772434e-01
6.602183088278159584e-01
6.573105221375440399e-01
6.590863235485859839e-01
6.562423303341253789e-01
6.474825486922874962e-01
6.503105732110830983e-01
6.632770319015551808e-01
6.514144004919589781e-01
6.605377600743220778e-01
6.612572806767927913e-01
6.469566791485517054e-01
6.556943140732935937e-01
6.561072749205124621e-01
6.527437418699264526e-01
6.410755841395794352e-01
6.576361669943883159e-01
6.491110638930247534e-01
6.481185086262531980e-01
6.452944475870866503e-01
6.553742422507359278e-01
6.496891082097322467e-01
6.443777546668664202e-01
6.499057239446884848e-01
6.459522159435809874e-01
6.514263619979222542e-01
6.474192945620952377e-01
6.473578715935731642e-01
6.518906985337917792e-01
6.521339508967521903e-01
6.426598806411791820e-01
6.526001440408902843e-01
6.469300941779063674e-01
6.489812481097686492e-01
6.486608414313732585e-01
6.394959631638649222e-01
6.494374097157746828e-01
6.425499360530804172e-01
6.407789280781379659e-01
6.305154432088900807e-01
6.400405173118297597e-01
6.485159676808577300e-01
6.439395510997527605e-01
6.446151414742836705e-01
6.456760524175105820e-01
6.389721964414303290e-01
6.488487828236360055e-01
6.455849756032993048e-01
6.441017072170208690e-01
6.525762432660812129e-01
6.484222896588154317e-01
6.460245361694922916e-01
6.442011681122657984e-01
6.378930907218883783e-01
6.388057840176117885e-01
6.403498940742933243e-01
6.341917034907218476e-01
6.520587105781604498e-01
6.505628862442114357e-01
6.449251583753488060e-01
6.467346568902333503e-01
6.320613999397326488e-01
6.415439273302371292e-01
6.367675423622131126e-01
6.391354945225593553e-01
6.398407975068458597e-01
6.479921473906590235e-01
6.315350624995353934e-01
6.361983499465844183e-01
6.412961157468649587e-01
6.462627317660893933e-01
6.332883328963548886e-01
6.411176565365913627e-01
6.284238109221824686e-01
6.302474138064262377e-01
6.400593035496198180e-01
6.316100809054496779e-01
6.315087761634435859e-01
6.324233091794527750e-01
6.425991407571695069e-01
6.373150435013649195e-01
6.200470085327441927e-01
6.258764558113538712e-01
6.351881148723456105e-01
6.310442903867135023e-01
6.336924709570713743e-01
6.271414749133281674e-01
6.290369726908512371e-01
6.292234636270083170e-01
6.338252673546472815e-01
6.367697757788193247e-01
6.263173684859887347e-01
6.329403349986443272e-01
6.290835584585483531e-01
6.226737471727225026e-01
6.227786121460107127e-01
6.254953359946225921e-01
6.239651107635253435e-01
6.236411184072494507e-01
6.205604353012182939e-01
6.250395696132611256e-01
6.217992969812491388e-01
6.182078071129627483e-01
6.237853350547644116e-01
6.234159255639101227e-01
6.222113438141652075e-01
6.138987801013848777e-01
6.162852846659147010e-01
6.209342332986684809e-01
6.222749953850721383e-01
6.155869033856269379e-01
6.205943984098923893e-01
6.296522636444140675e-01
6.130198519963484527e-01
6.219481587409972922e-01
6.228611557147442079e-01
6.243519659225756913e-01
6.152329826966310700e-01
6.176884523569009522e-01
6.263198091433598291e-01
6.147364028753378173e-01
6.188670808688188085e-01
6.120259797725922102e-01
6.100030776781913966e-01
6.190307270257900951e-01
6.187968124945958381e-01
6.172962670906996241e-01
6.153269624862915954e-01
6.232412630930924680e-01
6.226530069724107719e-01
6.108191451201072653e-01
6.079250901937485185e-01
6.215963926834937592e-01
6.090536939792143833e-01
6.164107046830348269e-01
6.186785617699990247e-01
6.084504482837823636e-01
6.160065739582746280e-01
6.173334622994447463e-01
6.155085866267864247e-01
6.113407045602798906e-01
6.147816570141376724e-01
6.108222062006974928e-01
6.147219829070262875e-01
6.036125973249093501e-01
6.186567603013454208e-01
6.196684102217356882e-01
6.152480769615906731e-01
6.186693871632600317e-01
6.109728847558681952e-01
6.156154896968449863e-01
6.175196216656611004e-01
6.103956296657904179e-01
6.152115756120437595e-01
6.139457337367228984e-01
6.146545098378107808e-01
6.209632708476140461e-01
6.148303744120475756e-01
6.070915789176256627e-01
6.156629451574423539e-01
6.057516607718590462e-01
6.055143789603160132e-01
6.042000750700632361e-01
6.048965936287855616e-01
6.047188134529651871e-01
6.142421381595807306e-01
6.057299247918984664e-01
6.117382470613871304e-01
6.160218633902379004e-01
6.092908542125653470e-01
6.117674999512159317e-01
6.122013558179904003e-01
6.095386539514248136e-01
5.924778025883894461e-01
6.153917410434820434e-01
6.087507389294795068e-01
6.100956929035675769e-01
6.019229259246434705e-01
6.065649786056616088e-01
6.087877994928604375e-01
6.046456223879105307e-01
6.031830452191524472e-01
6.076712559431026728e-01
6.008588252159264842e-01
6.052240850833746633e-01
6.053883037506005982e-01
5.979561242537621002e-01
6.061274236593491294e-01
6.065880057139274584e-01
6.083923309277265989e-01
6.037779257083550899e-01
6.066427600689423549e-01
5.975934812655815387e-01
6.025331105941381660e-01
6.023690537764475605e-01
6.010934048738234559e-01
6.072773691171254873e-01
6.023832206542675261e-01
5.909566560616860142e-01
5.998371408535884131e-01
6.131497649046090404e-01
5.908600823237345478e-01
6.000594527293474645e-01
6.109238348710230859e-01
5.983130035492090215e-01
6.053221504657696483e-01
5.978872861617651191e-01
6.156687786181768152e-01
5.938833566812368181e-01
6.003852253540967743e-01
5.957515089175640099e-01
5.940013397198457001e-01
5.913583448299994938e-01
5.921130049687165497e-01
5.872607265527431952e-01
5.923042227824528716e-01
5.907410856240834507e-01
5.918520872409527289e-01
5.890754395570509949e-01
5.871095377665299653e-01
5.897979958699299807e-01
5.925067234497803925e-01
5.904729886696888919e-01
5.949536957037754314e-01
5.872778821450013176e-01
5.936351698178511382e-01
5.814084803446745164e-01
5.852143281545394427e-01
5.933400610318551038e-01
5.906219656650836258e-01
5.868458226705208780e-01
5.868562055703920866e-01
5.871000952445544208e-01
5.922486200546607238e-01
5.934886791003055606e-01
5.957908222308525570e-01
5.910789665503379808e-01
5.877329800373468638e-01
5.963801955565427582e-01
5.837128483332120199e-01
5.897235800822575591e-01
5.845680119899603344e-01
5.875869225997191192e-01
5.903587548396526108e-01
5.927544706907027505e-01
5.818191769031377802e-01
5.788063322886441986e-01
5.862038075159757833e-01
5.865200250576704244e-01
5.842612517949862250e-01
5.921280679794458379e-01
5.733616429261672032e-01
5.783832823236783049e-01
5.846189552392715427e-01
5.859288859061705379e-01
5.786277700693179815e-01
5.874088702293542852e-01
5.898919875805194168e-01
5.858915801995839834e-01
5.911770572264989365e-01
5.938550374446771585e-01
5.824789359783515419e-01
5.881554106871287324e-01
5.804594272986436376e-01
5.812377610267737138e-01
5.852696518103281953e-01
5.920153429875006923e-01
5.789069978854595178e-01
5.849126815031736593e-01
5.780498443505702744e-01
5.790051339528499152e-01
5.821814336073704022e-01
5.850406833948232910e-01
5.903619583600606679e-01
5.743171200538292887e-01
5.836166978646547543e-01
5.847205573167556514e-01
5.747503821284343228e-01
5.759057982609822046e-01
5.852266961183303362e-01
5.682290108540118956e-01
5.847557819806612489e-01
5.779486036453491682e-01
5.856653477901067051e-01
5.818326641351748707e-01
5.701845117868521440e-01
5.685685263230250142e-01
5.779548518168620141e-01
5.723417638968198995e-01
5.724655416531440055e-01
5.837691365144191957e-01
5.825437398293079605e-01
5.789651841689378298e-01
5.800002839320744785e-01
5.826320167535390393e-01
5.789587261585088518e-01
5.774977895693901297e-01
5.754394029195492033e-01
5.663832701169527750e-01
5.755144722186602557e-01
5.692241470019022698e-01
5.611257690649765761e-01
5.731383691995571850e-01
5.829054821760226712e-01
5.737196899377382531e-01
5.750137705069321425e-01
5.798195657057639840e-01
5.730158463502541544e-01
5.651913587099466341e-01
5.559209184004709758e-01
5.699151942363152035e-01
5.662559410700431783e-01
5.712912629812191279e-01
5.657032030515182219e-01
5.643035502005846471e-01
5.688777836469504079e-01
5.671089789806268433e-01
5.691744363460785605e-01
5.589936230427179353e-01
5.685622358933473119e-01
5.621462318377616896e-01
5.739967132990176912e-01
5.718914433167531230e-01
5.697222921328667367e-01
5.671663750440646412e-01
5.666034210186737807e-01
5.683227021724749362e-01
5.760606166643974513e-01
5.680625683986223473e-01
5.722153519972776881e-01
5.731450346035834587e-01
5.693256222284757140e-01
5.578400063973206757e-01
5.625438950000665184e-01
5.670317092002966630e-01
5.745394466015009138e-01
5.553571198231134209e-01
5.531559877670728653e-01
5.608305338101509108e-01
5.608940848173239457e-01
5.592809032935363023e-01
5.615908822188010463e-01
5.576543685717459953e-01
5.645697729709820978e-01
5.637797476389468931e-01
5.659011240953054633e-01
5.664974660445482035e-01
5.463095564108628732e-01
5.620411053681985125e-01
5.534449249505997148e-01
5.596197251325998323e-01
5.593131993825618542e-01
5.578882458882453710e-01
5.639072971466260187e-01
5.535375815171461600e-01
5.549727575901227672e-01
5.500617401722149857e-01
5.563484672552500010e-01
5.572814999482570419e-01
5.617355335217255607e-01
5.656813408319766312e-01
5.506932550515883928e-01
5.491939785770880711e-01
5.495540836682686336e-01
5.483148179757288965e-01
5.460609990052688323e-01
5.417127117132529701e-01
5.420928533260639393e-01
5.561856505198355949e-01
5.506160117876834903e-01
5.504584975731678931e-01
5.398484025246057527e-01
5.500205343350386133e-01
5.464326118811583255e-01
5.436611376511745197e-01
5.410845109285452592e-01
5.458683985930222748e-01
5.385940592258404713e-01
5.403998351249938992e-01
5.515412986278533936e-01
5.564354535860892570e-01
5.417544682820637503e-01
5.436504613894682647e-01
5.384281545877456221e-01
5.507040953789001936e-01
5.470800052850673945e-01
5.479003336185064299e-01
5.365879698441579082e-01
5.446869614796761017e-01
5.409390753660446860e-01
5.346330748154566326e-01
5.379285301153476917e-01
5.297159479214594846e-01
5.330387959877650461e-01
5.448123324375886423e-01
5.379618914463580870e-01
5.307581309324655994e-01
5.290606933526503797e-01
5.287628866923160809e-01
5.266176302463579928e-01
5.295080938400366088e-01
5.361579961501634628e-01
5.370883083496338362e-01
5.339806966292552914e-01
5.358629704285891027e-01
5.382713789359117040e-01
5.377433398595222735e-01
5.384473848801393236e-01
5.308222063840963845e-01
5.347113695664283961e-01
5.311650996024791516e-01
5.325783532399397391e-01
5.369386238165391179e-01
5.299878797469994574e-01
5.215407194235386346e-01
5.293011519389274611e-01
5.297853985658058651e-01
5.310347226185676561e-01
5.369593238219236842e-01
5.409548223018646462e-01
5.277560302080251953e-01
5.281115353107452837e-01
5.304550902201579099e-01
5.366377113721310099e-01
5.329262584447860274e-01
5.271504937838284999e-01
5.269088675578434966e-01
5.284792648676114313e-01
5.293333344734632018e-01
5.252759046279467103e-01
5.313535131705112713e-01
5.184368048722927114e-01
5.329417704771726161e-01
5.291335637752826448e-01
5.272865662972132661e-01
5.365676086682539259e-01
5.354668609606914043e-01
5.254739910746232256e-01
5.284414691802782338e-01
5.302690854439369161e-01
5.301464027319199301e-01
5.290253142515818352e-01
5.388078185228201145e-01
5.296349083765958810e-01
5.343180065735791962e-01
5.286867944858013590e-01
5.327655435372621318e-01
5.160566891615206986e-01
5.389198725804303924e-01
5.256846001515022015e-01
5.300998495175288650e-01
5.237707271789893149e-01
5.286518167226742504e-01
5.230371068685483182e-01
5.305843045314152517e-01
5.272362086253288282e-01
5.346859051631047688e-01
5.179541198106912825e-01
5.271773872467188093e-01
5.232716161471147043e-01
5.204939416585824263e-01
5.275681936588042520e-01
5.341969390710195054e-01
5.297085390259057558e-01
5.335385105548761109e-01
5.279906201056945303e-01
5.237476222026042905e-01
5.277530618967154474e-01
5.258912571729758012e-01
5.262399971485137717e-01
5.224209558505278350e-01
5.306553816948181845e-01
5.298618117204079159e-01
5.348501197802715268e-01
5.315086110280110576e-01
5.346268599614119044e-01
5.223942925532658599e-01
5.369026845082258692e-01
5.325403723197105199e-01
5.252245336006848841e-01
5.281944270317371348e-01
5.248404223185318962e-01
5.262543461261651734e-01
5.326208798549114665e-01
5.265933543825760399e-01
5.166940882419928105e-01
5.149117217614100905e-01
5.207788551465059035e-01
5.281755698797030441e-01
5.279425958028206578e-01
5.236328555223269676e-01
5.303045124579698344e-01
5.202324833243321400e-01
5.239079192662849938e-01
5.236568291982014456e-01
5.273794864232723700e-01
5.245205894494667787e-01
5.206437360017727167e-01
5.178543977248363239e-01
5.183550753654577736e-01
5.265749931335449441e-01
5.247679406251662959e-01
5.185391669854139129e-01
5.243736571226365051e-01
5.333202641743880479e-01
5.191348444956999097e-01
5.201331630731240718e-01
5.250846946086639155e-01
5.196406570764687816e-01
5.165512386804972378e-01
5.221931242025815711e-01
5.237087807594201783e-01
5.188963479338548623e-01
5.145110778319530453e-01
5.121360403604996447e-01
5.242318501075108328e-01
5.266734626812812348e-01
5.161587716677249471e-01
5.113032705890826479e-01
5.128760013824854580e-01
5.196687642580423150e-01
5.185029317935307969e-01
5.068118182512429959e-01
5.129705374821638131e-01
5.166255029348226779e-01
5.135885634483434714e-01
5.183997928332060301e-01
5.191744977847123632e-01
5.129384226523913126e-01
5.239159691410186781e-01
5.159871416596265581e-01
5.266517492441030734e-01
5.203288620099043582e-01
5.171041821822142115e-01
5.235432750139481506e-01
5.192535686187255140e-01
5.167334052996758187e-01
5.228353906900454762e-01
5.071752633803929822e-01
5.164204880213125737e-01
5.192847997714311603e-01
5.283411270532852866e-01
5.168290268152188061e-01
5.110847448691343553e-01
5.272630641093620785e-01
5.176150589417188863e-01
5.149223843446144588e-01
5.175225027860739235e-01
5.264004811262472661e-01
5.151027478468723775e-01
5.168172476765436896e-01
5.160269316954489982e-01
5.123890589445064814e-01
5.220276143306340488e-01
5.098405585839198562e-01
5.156086732179691046e-01
5.081342971477753601e-01
5.162450298284873007e-01
5.095215607912112477e-01
5.183636399415822993e-01
5.151904458418871124e-01
5.211633293292461389e-01
5.093471317719190372e-01
5.143544842799504524e-01
5.127025622587937370e-01
5.319100231696397563e-01
5.187954499935492070e-01
5.127018694694225331e-01
5.104292453099519289e-01
5.067348018670693177e-01
5.154336366133812630e-01
5.134333665554340342e-01
5.188315234887294070e-01
5.078231827570841572e-01
5.217098962420072539e-01
5.131716365997608387e-01
5.174464071408296784e-01
5.113151926260728342e-01
5.218879491090774314e-01
5.069775860661115408e-01
5.177191787805313083e-01
5.171887740874901995e-01
5.134832142255245646e-01
5.092404172970698140e-01
5.172111485248956919e-01
5.125952850549648776e-01
5.069166960624548190e-01
5.109417199324338688e-01
5.215170835837339425e-01
5.109615575808744703e-01
5.040649739595559620e-01
5.080197568123157037e-01
5.106082291175157994e-01
5.119134041743400587e-01
5.079364250867794972e-01
5.160153259833654138e-01
5.037762924646720375e-01
5.092622781411195731e-01
5.075080132637268537e-01
5.038183061740337809e-01
5.133747351475250742e-01
5.083289824235133203e-01
5.146103787880677016e-01
5.117455809544294576e-01
5.171912742730898627e-01
5.079875304148747661e-01
5.081445345511803602e-01
5.078378773652589828e-01
5.130169263634926091e-01
5.027757481886789837e-01
5.145037408058460437e-01
5.081742751292693816e-01
5.117998738701526884e-01
5.040329605340957420e-01
5.135167382848568884e-01
5.094001812048447597e-01
5.050064609600947163e-01
5.162082702685625302e-01
5.147705253118123325e-01
5.109695303898591501e-01
5.137159565320381649e-01
5.115303660814578546e-01
5.170284804625389086e-01
5.048251350720723840e-01
5.054267115317858661e-01
5.033730451113138660e-01
5.045985312798084710e-01
5.083696314921746229e-01
5.075899721720279478e-01
5.047510925011756688e-01
5.101231059202780971e-01
5.070168268986237070e-01
5.081647759064650272e-01
4.964432185659041763e-01
4.944507096822445269e-01
5.201956492203932969e-01
5.165831878399237409e-01
5.136767910841183449e-01
5.122959936276459958e-01
5.089142398956494340e-01
5.108056440567358969e-01
5.160910469599259143e-01
5.145340255437753640e-01
5.129357033815139522e-01
5.131996182294992215e-01
5.193767238121765883e-01
5.233167127156869158e-01
5.028462231923371828e-01
5.109018096557029764e-01
5.170308524217360757e-01
5.185168266296387163e-01
4.979757474783139126e-01
5.151728530724842825e-01
5.201591412226359568e-01
5.141356075039276163e-01
5.165282582625364549e-01
5.147413011544790251e-01
5.142405581015806471e-01
5.149638466728039266e-01
5.129468133816352804e-01
5.145588572972860097e-01
5.102587104607850810e-01
5.067183472407169598e-01
5.169215816717881440e-01
5.104653865098953691e-01
5.084077252791477930e-01
5.044482724788861283e-01
5.154546043811700784e-01
5.042488349171785345e-01
5.207553874223660451e-01
5.062466625983897961e-01
5.070940885788355335e-01
5.013851226140291217e-01
5.049638608709360321e-01
5.106378251925492995e-01
5.193294512919890416e-01
5.190801450839409581e-01
5.179840241869290152e-01
5.087067826436115769e-01
5.065329553989263989e-01
5.121854444344838830e-01
5.072027561756280445e-01
5.085090242899381607e-01
5.049740435221256041e-01
5.072474329135356896e-01
5.110086992765083824e-01
5.085820524356303718e-01
5.163923721282910329e-01
5.058810488535807615e-01
5.085878199491745688e-01
5.051697913270730700e-01
5.085100941168956279e-01
4.976138283426945197e-01
5.099940345073357140e-01
5.140164810877579926e-01
5.125015867062103769e-01
5.123050631620944539e-01
5.073976508317850076e-01
5.122657333429042614e-01
5.127413601447374791e-01
5.055689518268291494e-01
5.072132688302259940e-01
5.121123022758043986e-01
5.175325188117149144e-01
5.188673621568924421e-01
5.136276835814500563e-01
5.098427980374067303e-01
5.079384016302915805e-01
5.051402783546692365e-01
5.067860267865351709e-01
5.162306967454078910e-01
5.014692188837589493e-01
5.131814493582799175e-01
5.125042700614684810e-01
5.075579138902517329e-01
5.161372573711933143e-01
5.117826992884660919e-01
5.081326393744884928e-01
5.104127671474065764e-01
5.142504756267254340e-01
4.982498210210066780e-01
5.048800429472556361e-01
5.007806363778236625e-01
5.092364148833812276e-01
5.124254233562028915e-01
5.052684837426895115e-01
5.060663210275845314e-01
5.058661094842813455e-01
5.054808197113184187e-01
4.987323744174761431e-01
4.974869305506730566e-01
5.008958805065888420e-01
5.077832987675300336e-01
5.027015235179509434e-01
5.119213860768537794e-01
5.039393632075725993e-01
5.046626730607106648e-01
5.115155372864160777e-01
5.037519298302821635e-01
4.961744786837162247e-01
5.058181716081423529e-01
5.043666185476840536e-01
4.985256013961938959e-01
4.982884006622509965e-01
4.941960163605518819e-01
4.931283901135126713e-01
4.955193742727622142e-01
4.874115078877180318e-01
5.052946458260217932e-01
4.993696361398085592e-01
5.045521754484910693e-01
4.975064840836402880e-01
5.008958746225405934e-01
4.970827558865913987e-01
5.067804583372214067e-01
5.053856294124554616e-01
5.008025734852521449e-01
4.989784098970584392e-01
4.910187147366694704e-01
5.028383141144727730e-01
4.977138241896262305e-01
4.971840668947268838e-01
5.007618210636652911e-01
4.965853083974275939e-01
4.953466012309759026e-01
4.910173098246256584e-01
5.029752661784490098e-01
4.986290386854073664e-01
5.070823268248484395e-01
5.035788597586827731e-01
5.029812096021114565e-01
4.921684214319938522e-01
5.003714912976974238e-01
4.981572140103731616e-01
5.028324949053617487e-01
4.987483612237832431e-01
4.957847265096811396e-01
4.924511063557404644e-01
4.947522494655389180e-01
4.933192803309514041e-01
4.973115210349743354e-01
5.063375120743727198e-01
5.050341486930847168e-01
5.074288770556449890e-01
4.979051100137906194e-01
5.061322214511724260e-01
5.008529488856975354e-01
4.944739373066486254e-01
4.957013547420501820e-01
4.990425219902625553e-01
4.895286301007637508e-01
4.992818377721003897e-01
5.016376444162466974e-01
5.026280218974138458e-01
5.058803651577387095e-01
4.942804393860010248e-01
4.927289353731351129e-01
4.831241783423301239e-01
4.852690852605379690e-01
4.958172185298724277e-01
4.930780649949342842e-01
5.088396504903450746e-01
4.931523310068325894e-01
4.979680580588487504e-01
5.012260947472010342e-01
4.994399462372828835e-01
4.914881907976590414e-01
5.009682535361020816e-01
5.022668293653390625e-01
4.891434154449365024e-01
4.933675231841894160e-01
5.021259492788558987e-01
4.918696808127256404e-01
4.972471570357298032e-01
4.961446330333367238e-01
4.891007045140633447e-01
4.901277956290122639e-01
4.980067091874587071e-01
4.903876805916810855e-01
4.994727599315154087e-01
4.944410901803236724e-01
4.883759415684602034e-01
4.897974659235049266e-01
4.989989192822040787e-01
4.943489951200974453e-01
5.008953277117166314e-01
4.996950113620513556e-01
4.907588196106446032e-01
4.963023732870053273e-01
5.024571176522817373e-01
4.921238780021667258e-01
4.958063925688083184e-01
4.972963628860620489e-01
4.905313357710838207e-01
4.868893366211499707e-01
4.892208534555557709e-01
4.864959797033897027e-01
4.940909281373023765e-01
5.007664438241566929e-01
4.879070725960609201e-01
4.967777217045808436e-01
4.908451869701727643e-01
4.956953426966300147e-01
5.026668580678793630e-01
5.030571499314063777e-01
4.921809795957345357e-01
5.008205592632293257e-01
4.979204322665165550e-01
4.914722283681233761e-01
4.967460251771486646e-01
4.924359627259083383e-01
4.930549140924062601e-01
4.945498748467518912e-01
4.942806782630773665e-01
4.923584981606556887e-01
4.990693670816910843e-01
5.008502804698088395e-01
4.944509241825494894e-01
4.912505877323639636e-01
5.008178154245400693e-01
4.919498144051967503e-01
5.067053719972952619e-01
4.921112110217412128e-01
4.977979947359134072e-01
4.881447876111055240e-01
4.955101904960779180e-01
4.819545465402114148e-01
4.885896199788802852e-01
4.940104608352367532e-01
4.943877194172296985e-01
4.959626943637163166e-01
4.918195317953060752e-01
4.865438477351115565e-01
4.879330713779498341e-01
4.839034832440889944e-01
4.933270108241301077e-01
4.954868852328031537e-01
4.922144778263874421e-01
4.898029536772997017e-01
4.848434667938794629e-01
4.869517420346920478e-01
4.872578478012329350e-01
4.862934412864538536e-01
4.937274557657730933e-01
4.922287961611380713e-01
4.817428620961995978e-01
4.885405131639578569e-01
4.854656488467485320e-01
4.817889469938400615e-01
4.947473318148881694e-01
4.949523781354610574e-01
4.831503717563090938e-01
4.847796048109347944e-01
4.862621902655332451e-01
4.962216131962262633e-01
4.956057794201068623e-01
4.864294165602097153e-01
4.907315712708693045e-01
4.919284961926631561e-01
4.937603705968612311e-01
4.964957733184863220e-01
4.858489481302408208e-01
4.886139123867719869e-01
4.839705592928788547e-01
4.866873453060786003e-01
4.819838101665178676e-01
4.881710818180671208e-01
4.793146419983643769e-01
4.846623150966106186e-01
4.817342806703004965e-01
4.996921897698671233e-01
4.826623980051432117e-01
4.852522792724462408e-01
4.845007812365507704e-01
4.886625367097365280e-01
4.849911864369343406e-01
4.860954296130400309e-01
4.843444883823394553e-01
4.895464285826071626e-01
4.867838419400728478e-01
4.769183215422507782e-01
4.890420805185269337e-01
4.881625355054170501e-01
4.767797428828019490e-01
4.904971428406544320e-01
4.909051828277416485e-01
4.957909137774736408e-01
4.784460970224478360e-01
4.885268889558621042e-01
4.837536121408144707e-01
4.847000839618536006e-01
4.796530784322665109e-01
4.842129985491434585e-01
4.805448493896386508e-01
4.880472653951400397e-01
4.816508070780680661e-01
4.803858865530062916e-01
4.818756494002464641e-01
4.760529633898001323e-01
4.815785713684864744e-01
4.806587622715876584e-01
4.789995838816349383e-01
4.867605949059510828e-01
4.805464029312133678e-01
4.784638349826519366e-01
4.864575144572135801e-01
4.794372400794273958e-01
4.811841971217057368e-01
4.812461780431943059e-01
4.908945575738564715e-01
4.856934222655418520e-01
4.758765591260714634e-01
4.840367885354237565e-01
4.888141700854668481e-01
4.795873906367864592e-01
4.853846939710470543e-01
4.758811139143430124e-01
4.769408783469444857e-01
4.823624992217773189e-01
4.902974755336076962e-01
4.901281780921495912e-01
4.826474160720140572e-01
4.858535196536626355e-01
4.827057460179695614e-01
4.820234436255235178e-01
4.740904915027129296e-01
4.767279030038760190e-01
4.775775393996483098e-01
4.816355688449663885e-01
4.780043449921485554e-01
4.875445869106512786e-01
4.884045504606687182e-01
4.794391921697518932e-01
4.856398337926620123e-01
4.784021470791254282e-01
4.905226748723250374e-01
4.783286735033377424e-01
4.821365863084793313e-01
4.887032607427010400e-01
4.851949731508890529e-01
4.947948732819312800e-01
4.760982356010339256e-01
4.774917944883688703e-01
4.774020413557688580e-01
4.830252953064747556e-01
4.727481722067564118e-01
4.743841236218427904e-01
4.839032173920900237e-01
4.811957098734684357e-01
4.782816646954952122e-01
4.835639547843199604e-01
4.858424891264010448e-01
4.796623645684657822e-01
4.794665299929105062e-01
4.865269520725959418e-01
4.883188729866956845e-01
4.827116295695305093e-01
4.893204725705660452e-01
4.755103091398875104e-01
4.864900593574230658e-01
4.737632502347994823e-01
4.719795868564874430e-01
4.795237178985889415e-01
4.766323465567368634e-01
4.777595747739840637e-01
4.768357077470192773e-01
4.699548101578003290e-01
4.795957822066087006e-01
4.762336153250474324e-01
4.776591235246414047e-01
4.765116930007934348e-01
4.642901553175388107e-01
4.785421317586531775e-01
4.733534155747829431e-01
4.712379622917908795e-01
4.720277290313671936e-01
4.667909542719523297e-01
4.742098272228852385e-01
4.703439779006517996e-01
4.747971354004664191e-01
4.692351251076429253e-01
4.790398475069266304e-01
4.690056242239780682e-01
4.669734932673282879e-01
4.828405170104442257e-01
4.856900414213156103e-01
4.741664479176203595e-01
4.713556014574490916e-01
4.874022567119353777e-01
4.666722413439017281e-01
4.799915627027169229e-01
4.774105201929043640e-01
4.742811716519869103e-01
4.723917085772905700e-01
4.767231615690084578e-01
4.746043216723662139e-01
4.760932910900849691e-01
4.781677399690334451e-01
4.823770640752254590e-01
4.803274480196145779e-01
4.828265552337352995e-01
4.761541511767949930e-01
4.583374006625933750e-01
4.725799102813769692e-01
4.711082347692587269e-01
4.746767228230451829e-01
4.702970811189749467e-01
4.776583536313130374e-01
4.722657328232740537e-01
4.764630127411622063e-01
4.757849081586568718e-01
4.731520078885249614e-01
4.811041431549267777e-01
4.728942884084506026e-01
4.664390868865526674e-01
4.795504549374947079e-01
4.719269930934294477e-01
4.778573210804890614e-01
4.809090417929184902e-01
4.763691456272051705e-01
4.726535499095916859e-01
4.671100901869627009e-01
4.677956384726059680e-01
4.717591344163967748e-01
4.695972001323333034e-01
4.704055785750731467e-01
4.726885317991941227e-01
4.728602362748904331e-01
4.761275775539569599e-01
4.763110480247399470e-01
4.739507565131554356e-01
4.724699886563496487e-01
4.730711102485656849e-01
4.742235935651338830e-01
4.921919807409628755e-01
4.765502767685131924e-01
4.704607498951447475e-01
4.778116456973247050e-01
4.742592460834063051e-01
4.750284913640756002e-01
4.780409869475242268e-01
4.740820492307344924e-01
4.778093470212740890e-01
4.736259810053385366e-01
4.850785644008563380e-01
4.801770210648194093e-01
4.673517752152223093e-01
4.740757534901300918e-01
4.796887768002656705e-01
4.769588652711648225e-01
4.802954472410373432e-01
4.681417324604132402e-01
4.769703418398514860e-01
4.779880269597738263e-01
4.627376802456684701e-01
4.680402741600305783e-01
4.716034581645940915e-01
4.716868888109158053e-01
4.660959380941513408e-01
4.703351713908024423e-01
4.775174286120977274e-01
4.718481115805797099e-01
4.748659271460313192e-01
4.755686724033111323e-01
4.785275356127665636e-01
4.592933162664755709e-01
4.769201381084246516e-01
4.769627921092204348e-01
4.679931984115869303e-01
4.779029972278154847e-01
4.673947408031194906e-01
4.768331653796709646e-01
4.763253508469997288e-01
4.768013003544929740e-01
4.756934878917840614e-01
4.725561090004749554e-01
4.679245248054846873e-01
4.771580560085100786e-01
4.664849504064291219e-01
4.631370843220979916e-01
4.756020890596585615e-01
4.780093887677559494e-01
4.708775787399365198e-01
4.712122185872151259e-01
4.732775447078240161e-01
4.724792266503358706e-01
4.773464412643359522e-01
4.733805401967122184e-01
4.654133714162386193e-01
4.777820685353034724e-01
4.707408846952976234e-01
4.698670208454132080e-01
4.761024624109267966e-01
4.828276853912916167e-01
4.761898051469753979e-01
4.819142114657621878e-01
4.861213494569827098e-01
4.829576542744269951e-01
4.747577215616519686e-01
4.744147335489590778e-01
4.772399476705453392e-01
4.748699891261565220e-01
4.780223899544813748e-01
4.693005567941910261e-01
4.752220781567769170e-01
4.789846452382894859e-01
4.779645209511121373e-01
4.737285798940902848e-01
4.893075040135628218e-01
4.813981013038219348e-01
4.797930541710975771e-01
4.819237456107751116e-01
4.668441520287440194e-01
4.742515006890663520e-01
4.663103722991087663e-01
4.752122544325315112e-01
4.733561477982081156e-01
4.724594063483751882e-01
4.671476964385081754e-01
4.738022540624324819e-01
4.710728544455308198e-01
4.739582022413229567e-01
4.776217812911058291e-01
4.719958578164760721e-01
4.809610758072290770e-01
4.744486349515426027e-01
4.723803836183670390e-01
4.773931104403275616e-01
4.657898875383230108e-01
4.680596869343366384e-01
4.807333318086771112e-01
4.730461418628692516e-01
4.721808715508534204e-01
4.697916457286248071e-01
4.755780753798973803e-01
4.732359139965130468e-01
4.720709327321785942e-01
4.755089700986177559e-01
4.674090024370413654e-01
4.758452182396864516e-01
4.693747448615538942e-01
4.721929638813703312e-01
4.842203522339845190e-01
4.705805420875549538e-01
4.778668204943338771e-01
4.698048347081893450e-01
4.810841806423969969e-01
4.710820419666094661e-01
4.842876945168543834e-01
4.702659808672391417e-01
4.826570434830127487e-01
4.745256627217317447e-01
4.796432217726340763e-01
4.864734242741878267e-01
4.842692935696015222e-01
4.803036907926583887e-01
4.730083534350761898e-01
4.839347454217763911e-01
4.809565998040712942e-01
4.726149370272954564e-01
4.735561632193051596e-01
4.805801283472623808e-01
4.844677022634408248e-01
4.726662142918660048e-01
4.744701623152464132e-01
4.771149229926940905e-01
4.731360446184109669e-01
4.754606595406165592e-01
4.770703134628442865e-01
4.814384358815657627e-01
4.743305303347416513e-01
4.736358096584295518e-01
4.723900048396525997e-01
4.672626281778017865e-01
4.676312510783855458e-01
4.890558591637855779e-01
4.806906417394295472e-01
4.707130045462877277e-01
4.762926271328559169e-01
4.869911526640256505e-01
4.754292323803290254e-01
4.787383032150757667e-01
4.707379766381704078e-01
4.733846933413774494e-01
4.791713759685173879e-01
4.691569717266620976e-01
4.774083464573591340e-01
4.704906639380332933e-01
4.680425560245147221e-01
4.779646795529585712e-01
4.777731534762260091e-01
4.741395410054769499e-01
4.720462979414524196e-01
4.708334727165026656e-01
4.723102163427915223e-01
4.738984780433850297e-01
4.827873550928555857e-01
4.749002412725717437e-01
4.820781910266631609e-01
4.792831722742472156e-01
4.759481633702913883e-01
4.691893677680920582e-01
4.811646890181761616e-01
4.769886680902579168e-01
4.719515439027395232e-01
4.631636976431577901e-01
4.766505945187348714e-01
4.735044443072417009e-01
4.734925720172050712e-01
4.795610219240188377e-01
4.734386188479570157e-01
4.631812851016338106e-01
4.719397353056149491e-01
4.756314916870532650e-01
4.749880802554962145e-01
4.842467631667088379e-01
4.817303808835836643e-01
4.812636788838948743e-01
4.709718460455918909e-01
4.683606365934396276e-01
4.754665143978901165e-01
4.700217253122574435e-01
4.800360093514124404e-01
4.786319715854449042e-01
4.670002665275182485e-01
4.687372659643491146e-01
4.756922205289205174e-01
4.773134426428721766e-01
4.786235808944090953e-01
4.736892130130376799e-01
4.635624624215639589e-01
4.775522256126770726e-01
4.795178754971577417e-01
4.713553299124424445e-01
4.798679938683143020e-01
4.788165060755534275e-01
4.747171460818021549e-01
4.750895812343328695e-01
4.677044138694420594e-01
4.748411833857878461e-01
4.630822448394237290e-01
4.748161463401256444e-01
4.741920778766656741e-01
4.726345038566833745e-01
4.841664771238962661e-01
4.766361161684378733e-01
4.778497026898921862e-01
4.756848465555753580e-01
4.774923154940972081e-01
4.707225997096453063e-01
4.795516220040810240e-01
4.745613343440569509e-01
4.782511939987157956e-01
4.727890959916970504e-01
4.778907305155045138e-01
4.694872249395419250e-01
4.647265052184080258e-01
4.641765166551639066e-01
4.753151266238628270e-01
4.662932958358373403e-01
4.655517558256784816e-01
4.659969582771643637e-01
4.724036387908153167e-01
4.751387274036040775e-01
4.750449291406533825e-01
4.806451734824058186e-01
4.711749364168216214e-01
4.695130886175693519e-01
4.712236153391691218e-01
4.706503847088569503e-01
4.742974345500652333e-01
4.768287337743318810e-01
4.771869533337079750e-01
4.738845381217124952e-01
4.717861946958761821e-01
4.747354219739253756e-01
4.674573549093344327e-01
4.769421838797055502e-01
4.625244651849453326e-01
4.737014598571337443e-01
4.764166844960970870e-01
4.771371570153113972e-01
4.681004734375537879e-01
4.749765853851269370e-01
4.722797096157685393e-01
4.645747462908426662e-01
4.725249628990124684e-01
4.663130377729733933e-01
4.690905015820112101e-01
4.769458080331484551e-01
4.683645355395781862e-01
4.753638810072189913e-01
4.723269733098837131e-01
4.618111204642516010e-01
4.731297083390064717e-01
4.710293814539909252e-01
4.770809852924102201e-01
4.679171223671008129e-01
4.726837121523343455e-01
4.745972607380304353e-01
4.737610252621846096e-01
4.718974598707296741e-01
4.632417741494301300e-01
4.667593202529809471e-01
4.705640541437344782e-01
4.707859938343366135e-01
4.670403138567239543e-01
4.640985616506674294e-01
4.778886367877324681e-01
4.762406699550457700e-01
4.737339181013596190e-01
4.591156131181961531e-01
4.778189081412095307e-01
4.758520539754476086e-01
4.673133142483539837e-01
4.752162858461722594e-01
4.709066465879098162e-01
4.647628125471946481e-01
4.709807429558191538e-01
4.721121258460558301e-01
4.712487707535426007e-01
4.783730770150820266e-01
4.702485199922170622e-01
4.573840791980425258e-01
4.829697357538418889e-01
4.631110305969531882e-01
4.666384055064274894e-01
4.777989537670062070e-01
