9.281530380249023438e+00
1.105253124237060547e+01
1.380737304687500000e+01
1.621427536010742188e+01
1.829819488525390625e+01
1.980965805053710938e+01
2.103831863403320312e+01
2.224702072143554688e+01
2.313708305358886719e+01
2.405111694335937500e+01
2.492367935180664062e+01
2.554419708251953125e+01
2.631973838806152344e+01
2.698314285278320312e+01
2.757631874084472656e+01
2.810150146484375000e+01
2.856878280639648438e+01
2.921051406860351562e+01
2.969075202941894531e+01
3.021436691284179688e+01
3.068793869018554688e+01
3.117193412780761719e+01
3.174477577209472656e+01
3.204688262939453125e+01
3.246179580688476562e+01
3.276117706298828125e+01
3.301281738281250000e+01
3.336993789672851562e+01
3.370843505859375000e+01
3.394923782348632812e+01
3.418196868896484375e+01
3.447627639770507812e+01
3.485789489746093750e+01
3.496746444702148438e+01
3.509688568115234375e+01
3.527531051635742188e+01
3.533424377441406250e+01
3.550225067138671875e+01
3.567488098144531250e+01
3.574785995483398438e+01
3.582028961181640625e+01
3.614587402343750000e+01
3.630462646484375000e+01
3.642503738403320312e+01
3.651953887939453125e+01
3.652594375610351562e+01
3.671992492675781250e+01
3.671411514282226562e+01
3.673650741577148438e+01
3.672919082641601562e+01
3.667340850830078125e+01
3.658416748046875000e+01
3.673343658447265625e+01
3.668241119384765625e+01
3.673174285888671875e+01
3.677393722534179688e+01
3.683222961425781250e+01
3.670895767211914062e+01
3.689981842041015625e+01
3.689582443237304688e+01
3.687940979003906250e+01
3.682381057739257812e+01
3.681032562255859375e+01
3.667084884643554688e+01
3.675874710083007812e+01
3.661064147949218750e+01
3.663964080810546875e+01
3.664946746826171875e+01
3.663549804687500000e+01
3.664382171630859375e+01
3.650493240356445312e+01
3.649752044677734375e+01
3.656555557250976562e+01
3.646464538574218750e+01
3.640909576416015625e+01
3.636973953247070312e+01
3.631118392944335938e+01
3.622185516357421875e+01
3.617810058593750000e+01
3.610309600830078125e+01
3.630825805664062500e+01
3.620256805419921875e+01
3.606999206542968750e+01
3.604216003417968750e+01
3.614168167114257812e+01
3.596517181396484375e+01
3.606830596923828125e+01
3.589788055419921875e+01
3.592872238159179688e+01
3.598327636718750000e+01
3.598333740234375000e+01
3.592996215820312500e+01
3.588337707519531250e+01
3.578390502929687500e+01
3.570159912109375000e+01
3.576185989379882812e+01
3.575874328613281250e+01
3.579909515380859375e+01
3.582614135742187500e+01
3.582813644409179688e+01
3.569963455200195312e+01
3.552150344848632812e+01
3.556236267089843750e+01
3.561828613281250000e+01
3.548696517944335938e+01
3.533928298950195312e+01
3.563114166259765625e+01
3.560585784912109375e+01
3.563976287841796875e+01
3.558353424072265625e+01
3.537586212158203125e+01
3.543822860717773438e+01
3.537432479858398438e+01
3.529338073730468750e+01
3.516393280029296875e+01
3.531101226806640625e+01
3.527966308593750000e+01
3.527213287353515625e+01
3.519407653808593750e+01
3.534532928466796875e+01
3.523177719116210938e+01
3.523440933227539062e+01
3.528249359130859375e+01
3.530455780029296875e+01
3.517743301391601562e+01
3.533023834228515625e+01
3.527603149414062500e+01
3.526927947998046875e+01
3.512781524658203125e+01
3.510042190551757812e+01
3.511117172241210938e+01
3.516856384277343750e+01
3.514665985107421875e+01
3.495589065551757812e+01
3.500436019897460938e+01
3.485446929931640625e+01
3.494150543212890625e+01
3.493934249877929688e+01
3.479359817504882812e+01
3.475713348388671875e+01
3.484526062011718750e+01
3.475643920898437500e+01
3.476271057128906250e+01
3.478474426269531250e+01
3.472865295410156250e+01
3.480590057373046875e+01
3.442914581298828125e+01
3.455429840087890625e+01
3.464352035522460938e+01
3.461505889892578125e+01
3.451018142700195312e+01
3.473102569580078125e+01
3.487805938720703125e+01
3.483397674560546875e+01
3.484792327880859375e+01
3.481422042846679688e+01
3.492565536499023438e+01
3.467773437500000000e+01
3.469914245605468750e+01
3.466648101806640625e+01
3.476286697387695312e+01
3.478407287597656250e+01
3.461076354980468750e+01
3.455958557128906250e+01
3.450160217285156250e+01
3.455544662475585938e+01
3.459299850463867188e+01
3.440585708618164062e+01
3.434578704833984375e+01
3.442060852050781250e+01
3.444285964965820312e+01
3.436504745483398438e+01
3.435041046142578125e+01
3.435500335693359375e+01
3.434449005126953125e+01
3.431078338623046875e+01
3.417641448974609375e+01
3.413536834716796875e+01
3.393212509155273438e+01
3.413101196289062500e+01
3.418725967407226562e+01
3.429253005981445312e+01
3.431149673461914062e+01
3.429735565185546875e+01
3.437429809570312500e+01
3.436157226562500000e+01
3.426990509033203125e+01
3.424675750732421875e+01
3.447557449340820312e+01
3.440916442871093750e+01
3.448164749145507812e+01
3.432651519775390625e+01
3.429425048828125000e+01
3.421353149414062500e+01
3.407960510253906250e+01
3.420316314697265625e+01
3.419364166259765625e+01
3.414037704467773438e+01
3.402982330322265625e+01
3.411558532714843750e+01
3.408335494995117188e+01
3.407198715209960938e+01
3.408201599121093750e+01
3.402857971191406250e+01
3.402986145019531250e+01
3.405869293212890625e+01
3.404313659667968750e+01
3.393388366699218750e+01
3.385736083984375000e+01
3.365463256835937500e+01
3.372141265869140625e+01
3.382191467285156250e+01
3.386458587646484375e+01
3.384037017822265625e+01
3.375595855712890625e+01
3.378847503662109375e+01
3.379148101806640625e+01
3.386958694458007812e+01
3.392174911499023438e+01
3.394459533691406250e+01
3.387196350097656250e+01
3.378688812255859375e+01
3.390320205688476562e+01
3.397556686401367188e+01
3.400235366821289062e+01
3.397235870361328125e+01
3.398299789428710938e+01
3.384733963012695312e+01
3.388805770874023438e+01
3.394537353515625000e+01
3.372462844848632812e+01
3.386310577392578125e+01
3.383597183227539062e+01
3.376329803466796875e+01
3.384677886962890625e+01
3.384427642822265625e+01
3.372476577758789062e+01
3.377993774414062500e+01
3.371988677978515625e+01
3.382047271728515625e+01
3.381790924072265625e+01
3.369936752319335938e+01
3.373214340209960938e+01
3.378871917724609375e+01
3.383193969726562500e+01
3.364645004272460938e+01
3.350539016723632812e+01
3.344026947021484375e+01
3.339513015747070312e+01
3.345456695556640625e+01
3.328423309326171875e+01
3.339540100097656250e+01
3.318238067626953125e+01
3.319359970092773438e+01
3.330860137939453125e+01
3.320428085327148438e+01
3.343130493164062500e+01
3.335809326171875000e+01
3.349480438232421875e+01
3.323404693603515625e+01
3.356951141357421875e+01
3.348252105712890625e+01
3.334855270385742188e+01
3.347737121582031250e+01
3.346923828125000000e+01
3.345389175415039062e+01
3.340544128417968750e+01
3.329662704467773438e+01
3.329403305053710938e+01
3.333638763427734375e+01
3.332777404785156250e+01
3.322286987304687500e+01
3.324171447753906250e+01
3.323744201660156250e+01
3.315920639038085938e+01
3.320026397705078125e+01
3.318888092041015625e+01
3.316542053222656250e+01
3.302716064453125000e+01
3.306196594238281250e+01
3.306904983520507812e+01
3.315152359008789062e+01
3.311724472045898438e+01
3.309892272949218750e+01
3.314053344726562500e+01
3.313304138183593750e+01
3.323712158203125000e+01
3.306237411499023438e+01
3.306871032714843750e+01
3.308922958374023438e+01
3.312226104736328125e+01
3.304224777221679688e+01
3.302213668823242188e+01
3.320044708251953125e+01
3.338842773437500000e+01
3.319539642333984375e+01
3.302454376220703125e+01
3.295918273925781250e+01
3.295155334472656250e+01
3.291002655029296875e+01
3.314902877807617188e+01
3.311065673828125000e+01
3.301162719726562500e+01
3.306584930419921875e+01
3.293521118164062500e+01
3.301498794555664062e+01
3.296701812744140625e+01
3.302960968017578125e+01
3.282432937622070312e+01
3.293732833862304688e+01
3.304157257080078125e+01
3.287969207763671875e+01
3.281583786010742188e+01
3.303495407104492188e+01
3.305148315429687500e+01
3.303631210327148438e+01
3.290924072265625000e+01
3.267012023925781250e+01
3.277879333496093750e+01
3.285532760620117188e+01
3.291089630126953125e+01
3.296655654907226562e+01
3.284836196899414062e+01
3.279831314086914062e+01
3.297434997558593750e+01
3.314188385009765625e+01
3.299805450439453125e+01
3.302165603637695312e+01
3.289134216308593750e+01
3.290355300903320312e+01
3.277285003662109375e+01
3.294217681884765625e+01
3.302832031250000000e+01
3.282471084594726562e+01
3.268170547485351562e+01
3.267670440673828125e+01
3.265672302246093750e+01
3.284576416015625000e+01
3.280215072631835938e+01
3.291821670532226562e+01
3.287490081787109375e+01
3.273689270019531250e+01
3.268026733398437500e+01
3.277031707763671875e+01
3.286344909667968750e+01
3.297618103027343750e+01
3.292191696166992188e+01
3.282161331176757812e+01
3.281397628784179688e+01
3.290277862548828125e+01
3.304938125610351562e+01
3.284397125244140625e+01
3.274918365478515625e+01
3.275475311279296875e+01
3.285759735107421875e+01
3.285272216796875000e+01
3.290828704833984375e+01
3.281981277465820312e+01
3.265531158447265625e+01
3.269470977783203125e+01
3.271596145629882812e+01
3.261351394653320312e+01
3.276015853881835938e+01
3.273656463623046875e+01
3.286167907714843750e+01
3.286711502075195312e+01
3.279676055908203125e+01
3.290424346923828125e+01
3.283940505981445312e+01
3.286919021606445312e+01
3.287784957885742188e+01
3.282854461669921875e+01
3.274849319458007812e+01
3.269804382324218750e+01
3.271071624755859375e+01
3.274217987060546875e+01
3.273267364501953125e+01
3.272447967529296875e+01
3.263716125488281250e+01
3.258239364624023438e+01
3.252858734130859375e+01
3.247516250610351562e+01
3.264688110351562500e+01
3.251152038574218750e+01
3.269427490234375000e+01
3.245469665527343750e+01
3.230437469482421875e+01
3.238584518432617188e+01
3.245255279541015625e+01
3.257679748535156250e+01
3.254209136962890625e+01
3.259943389892578125e+01
3.265073394775390625e+01
3.247961425781250000e+01
3.254492950439453125e+01
3.258248901367187500e+01
3.256456375122070312e+01
3.254738998413085938e+01
3.258348464965820312e+01
3.243550109863281250e+01
3.223885345458984375e+01
3.228511810302734375e+01
3.227727508544921875e+01
3.210041046142578125e+01
3.207360839843750000e+01
3.219122695922851562e+01
3.231716537475585938e+01
3.222979736328125000e+01
3.223604202270507812e+01
3.232798767089843750e+01
3.216413116455078125e+01
3.224940490722656250e+01
3.239555740356445312e+01
3.226732635498046875e+01
3.240604782104492188e+01
3.233796691894531250e+01
3.230631256103515625e+01
3.214232254028320312e+01
3.228062057495117188e+01
3.220680999755859375e+01
3.208282089233398438e+01
3.217705917358398438e+01
3.198616600036621094e+01
3.205677032470703125e+01
3.216300964355468750e+01
3.226290893554687500e+01
3.236783599853515625e+01
3.240269470214843750e+01
3.249968719482421875e+01
3.236441040039062500e+01
3.233545684814453125e+01
3.237362670898437500e+01
3.228137969970703125e+01
3.231587982177734375e+01
3.230541992187500000e+01
3.230219650268554688e+01
3.236289215087890625e+01
3.229825973510742188e+01
3.235525512695312500e+01
3.244074249267578125e+01
3.235828399658203125e+01
3.233094787597656250e+01
3.235039901733398438e+01
3.236245727539062500e+01
3.246601867675781250e+01
3.234008789062500000e+01
3.249702072143554688e+01
3.239259338378906250e+01
3.253001022338867188e+01
3.255148315429687500e+01
3.245117568969726562e+01
3.253047943115234375e+01
3.247721481323242188e+01
3.239452362060546875e+01
3.227665710449218750e+01
3.224156570434570312e+01
3.219620895385742188e+01
3.216078567504882812e+01
3.227141571044921875e+01
3.230104064941406250e+01
3.237030029296875000e+01
3.226456069946289062e+01
3.226064682006835938e+01
3.251218032836914062e+01
3.248246765136718750e+01
3.233913040161132812e+01
3.223084259033203125e+01
3.224998474121093750e+01
3.235126495361328125e+01
3.228179931640625000e+01
3.222248077392578125e+01
3.229092025756835938e+01
3.223988342285156250e+01
3.209793472290039062e+01
3.226337432861328125e+01
3.225215530395507812e+01
3.215885925292968750e+01
3.220374679565429688e+01
3.225624847412109375e+01
3.227522277832031250e+01
3.252632141113281250e+01
3.247476959228515625e+01
3.238217163085937500e+01
3.228972244262695312e+01
3.219491577148437500e+01
3.211775588989257812e+01
3.208783721923828125e+01
3.228041839599609375e+01
3.216268539428710938e+01
3.197824096679687500e+01
3.206948471069335938e+01
3.225580596923828125e+01
3.226851654052734375e+01
3.229679870605468750e+01
3.231203842163085938e+01
3.227386474609375000e+01
3.223723983764648438e+01
3.220185089111328125e+01
3.199716567993164062e+01
3.204860687255859375e+01
3.213402557373046875e+01
3.197761154174804688e+01
3.194266891479492188e+01
3.201152801513671875e+01
3.208631134033203125e+01
3.198181915283203125e+01
3.197586441040039062e+01
3.203677368164062500e+01
3.217749023437500000e+01
3.223466491699218750e+01
3.227038574218750000e+01
3.226014328002929688e+01
3.206140518188476562e+01
3.189780044555664062e+01
3.198902320861816406e+01
3.206296539306640625e+01
3.204521179199218750e+01
3.192045402526855469e+01
3.197707748413085938e+01
3.197402191162109375e+01
3.217838287353515625e+01
3.206755065917968750e+01
3.207571411132812500e+01
3.190560531616210938e+01
3.197241783142089844e+01
3.199291229248046875e+01
3.214369201660156250e+01
3.209402847290039062e+01
3.211865615844726562e+01
3.194007873535156250e+01
3.192430114746093750e+01
3.187684440612792969e+01
3.204547882080078125e+01
3.207666015625000000e+01
3.215886306762695312e+01
3.202894592285156250e+01
3.217120742797851562e+01
3.218700408935546875e+01
3.202027130126953125e+01
3.179319953918457031e+01
3.192897224426269531e+01
3.185493278503417969e+01
3.191122627258300781e+01
3.174990081787109375e+01
3.189824104309082031e+01
3.196526336669921875e+01
3.226309967041015625e+01
3.206095504760742188e+01
3.198403167724609375e+01
3.212042236328125000e+01
3.207711029052734375e+01
3.193607139587402344e+01
3.204893493652343750e+01
3.225708389282226562e+01
3.198686981201171875e+01
3.201242828369140625e+01
3.189215087890625000e+01
3.189474868774414062e+01
3.200762176513671875e+01
3.199366378784179688e+01
3.214717864990234375e+01
3.181026268005371094e+01
3.184173393249511719e+01
3.201097869873046875e+01
3.186447525024414062e+01
3.188809585571289062e+01
3.201639556884765625e+01
3.197911262512207031e+01
3.205714035034179688e+01
3.198884010314941406e+01
3.192599678039550781e+01
3.212453842163085938e+01
3.202841186523437500e+01
3.184874534606933594e+01
3.179267120361328125e+01
3.190415954589843750e+01
3.166800689697265625e+01
3.173381042480468750e+01
3.177732086181640625e+01
3.178741073608398438e+01
3.193713569641113281e+01
3.187839889526367188e+01
3.205327224731445312e+01
3.186866188049316406e+01
3.193351745605468750e+01
3.204631805419921875e+01
3.173965835571289062e+01
3.177634429931640625e+01
3.190564727783203125e+01
3.175708389282226562e+01
3.170131301879882812e+01
3.177992248535156250e+01
3.217676544189453125e+01
3.196737289428710938e+01
3.172872543334960938e+01
3.189086532592773438e+01
3.190248107910156250e+01
3.190782546997070312e+01
3.205617904663085938e+01
3.207078552246093750e+01
3.223683929443359375e+01
3.209634399414062500e+01
3.219711303710937500e+01
3.220092391967773438e+01
3.198250198364257812e+01
3.225374603271484375e+01
3.221179199218750000e+01
3.214813232421875000e+01
3.215959167480468750e+01
3.224510192871093750e+01
3.223604583740234375e+01
3.231322860717773438e+01
3.218361663818359375e+01
3.219961166381835938e+01
3.202903747558593750e+01
3.207761383056640625e+01
3.240588760375976562e+01
3.219300079345703125e+01
3.232395935058593750e+01
3.220626831054687500e+01
3.230992889404296875e+01
3.218246459960937500e+01
3.224997711181640625e+01
3.219919204711914062e+01
3.214742660522460938e+01
3.234213638305664062e+01
3.214822387695312500e+01
3.216927337646484375e+01
3.219988250732421875e+01
3.208221817016601562e+01
3.217297744750976562e+01
3.216468048095703125e+01
3.220178985595703125e+01
3.224847793579101562e+01
3.223595809936523438e+01
3.234056091308593750e+01
3.233774566650390625e+01
3.223982238769531250e+01
3.221728897094726562e+01
3.223779296875000000e+01
3.219332885742187500e+01
3.212862777709960938e+01
3.218243408203125000e+01
3.234484863281250000e+01
3.237524795532226562e+01
3.217520523071289062e+01
3.217346954345703125e+01
3.207249832153320312e+01
3.209196472167968750e+01
3.221166229248046875e+01
3.219267272949218750e+01
3.221811294555664062e+01
3.225561904907226562e+01
3.228715515136718750e+01
3.233260345458984375e+01
3.218687820434570312e+01
3.226889038085937500e+01
3.217575454711914062e+01
3.221656036376953125e+01
3.227173614501953125e+01
3.223081970214843750e+01
3.206985092163085938e+01
3.205193328857421875e+01
3.198103332519531250e+01
3.202899932861328125e+01
3.197820091247558594e+01
3.195588684082031250e+01
3.205554962158203125e+01
3.198451232910156250e+01
3.199160194396972656e+01
3.223316955566406250e+01
3.229823684692382812e+01
3.217048645019531250e+01
3.235609436035156250e+01
3.228207778930664062e+01
3.224868774414062500e+01
3.215795135498046875e+01
3.211843490600585938e+01
3.209237670898437500e+01
3.218104553222656250e+01
3.214340209960937500e+01
3.211045074462890625e+01
3.204925537109375000e+01
3.203226089477539062e+01
3.223821258544921875e+01
3.211158752441406250e+01
3.195621490478515625e+01
3.185165023803710938e+01
3.193079566955566406e+01
3.205451965332031250e+01
3.192363929748535156e+01
3.207907104492187500e+01
3.189292907714843750e+01
3.191868972778320312e+01
3.214930725097656250e+01
3.215987396240234375e+01
3.219139099121093750e+01
3.213475799560546875e+01
3.206208801269531250e+01
3.204399108886718750e+01
3.219258880615234375e+01
3.211351776123046875e+01
3.205767440795898438e+01
3.213437652587890625e+01
3.204170227050781250e+01
3.204104614257812500e+01
3.209223937988281250e+01
3.209595870971679688e+01
3.210139465332031250e+01
3.191407203674316406e+01
3.197201538085937500e+01
3.201172637939453125e+01
3.192926406860351562e+01
3.195626831054687500e+01
3.196238708496093750e+01
3.190866470336914062e+01
3.186648178100585938e+01
3.203340148925781250e+01
3.194143295288085938e+01
3.208475494384765625e+01
3.198424530029296875e+01
3.199250221252441406e+01
3.186461448669433594e+01
3.197764778137207031e+01
3.195898818969726562e+01
3.211417007446289062e+01
3.218536758422851562e+01
3.220813751220703125e+01
3.219725799560546875e+01
3.219216156005859375e+01
3.205732727050781250e+01
3.207717514038085938e+01
3.197046089172363281e+01
3.209099960327148438e+01
3.218712615966796875e+01
3.237496185302734375e+01
3.242993927001953125e+01
3.238716125488281250e+01
3.228091049194335938e+01
3.217421722412109375e+01
3.205552673339843750e+01
3.211007690429687500e+01
3.212973403930664062e+01
3.211618804931640625e+01
3.195429992675781250e+01
3.207958602905273438e+01
3.187309646606445312e+01
3.174701499938964844e+01
3.188755989074707031e+01
3.190975761413574219e+01
3.187136459350585938e+01
3.201142883300781250e+01
3.200196456909179688e+01
3.218872070312500000e+01
3.246137237548828125e+01
3.241872787475585938e+01
3.214372253417968750e+01
3.220981597900390625e+01
3.215939331054687500e+01
3.214052581787109375e+01
3.229712677001953125e+01
3.223611450195312500e+01
3.226521301269531250e+01
3.213900756835937500e+01
3.202095413208007812e+01
3.203205871582031250e+01
3.198761558532714844e+01
3.205609893798828125e+01
3.216156768798828125e+01
3.207524871826171875e+01
3.219173812866210938e+01
3.206047058105468750e+01
3.200277709960937500e+01
3.217417526245117188e+01
3.194389533996582031e+01
3.208982086181640625e+01
3.224080657958984375e+01
3.205984497070312500e+01
3.209725189208984375e+01
3.212566375732421875e+01
3.208665466308593750e+01
3.218827056884765625e+01
3.215738296508789062e+01
3.227344894409179688e+01
3.238269805908203125e+01
3.255274200439453125e+01
3.238485717773437500e+01
3.224412918090820312e+01
3.229331207275390625e+01
3.225788116455078125e+01
3.229792785644531250e+01
3.212086486816406250e+01
3.204776763916015625e+01
3.206648254394531250e+01
3.215111160278320312e+01
3.209899139404296875e+01
3.197658348083496094e+01
3.195327758789062500e+01
3.193980026245117188e+01
3.197836303710937500e+01
3.185765075683593750e+01
3.189913177490234375e+01
3.181697082519531250e+01
3.194911766052246094e+01
3.199220275878906250e+01
3.195732498168945312e+01
3.216103363037109375e+01
3.216028976440429688e+01
3.218186569213867188e+01
3.212160491943359375e+01
3.209099197387695312e+01
3.196876525878906250e+01
3.205293273925781250e+01
3.183346939086914062e+01
3.204447174072265625e+01
3.192864990234375000e+01
3.196678161621093750e+01
3.185990524291992188e+01
3.206822967529296875e+01
3.222096252441406250e+01
3.209366607666015625e+01
3.214840698242187500e+01
3.220922088623046875e+01
3.193192672729492188e+01
3.198109817504882812e+01
3.204391860961914062e+01
3.223003768920898438e+01
3.206012725830078125e+01
3.215179443359375000e+01
3.208607101440429688e+01
3.218590927124023438e+01
3.219763183593750000e+01
3.219976806640625000e+01
3.211878967285156250e+01
3.219321060180664062e+01
3.216701507568359375e+01
3.204709243774414062e+01
3.199321556091308594e+01
3.199296188354492188e+01
3.207036590576171875e+01
3.202530670166015625e+01
3.207035827636718750e+01
3.192472076416015625e+01
3.185819625854492188e+01
3.187551498413085938e+01
3.192060852050781250e+01
3.195647430419921875e+01
3.210360717773437500e+01
3.200376129150390625e+01
3.207865905761718750e+01
3.202458953857421875e+01
3.192149734497070312e+01
3.190663719177246094e+01
3.197269630432128906e+01
3.185894203186035156e+01
3.183137512207031250e+01
3.195755767822265625e+01
3.191707992553710938e+01
3.209492492675781250e+01
3.205980682373046875e+01
3.208106994628906250e+01
3.209056091308593750e+01
3.214615631103515625e+01
3.221756362915039062e+01
3.206382751464843750e+01
3.197775840759277344e+01
3.188250732421875000e+01
3.186464500427246094e+01
3.187714004516601562e+01
3.184350967407226562e+01
3.201075744628906250e+01
3.196046257019042969e+01
3.193556976318359375e+01
3.215938568115234375e+01
3.204350662231445312e+01
3.187766265869140625e+01
3.184647750854492188e+01
3.167212486267089844e+01
3.166670799255371094e+01
3.159942436218261719e+01
3.184529113769531250e+01
3.198795318603515625e+01
3.214252471923828125e+01
3.219194793701171875e+01
3.230154037475585938e+01
3.226515197753906250e+01
3.217366790771484375e+01
3.216450119018554688e+01
3.212868499755859375e+01
3.213007736206054688e+01
3.215052032470703125e+01
3.222411727905273438e+01
3.219217681884765625e+01
3.205296325683593750e+01
3.210261535644531250e+01
3.215852355957031250e+01
3.220973968505859375e+01
3.212583541870117188e+01
3.209427642822265625e+01
3.208995056152343750e+01
3.206307983398437500e+01
3.216277313232421875e+01
3.215258026123046875e+01
3.221166229248046875e+01
3.235235595703125000e+01
3.232996368408203125e+01
3.217946624755859375e+01
3.220574188232421875e+01
3.224305343627929688e+01
3.229705047607421875e+01
3.231671905517578125e+01
3.225378417968750000e+01
3.229533386230468750e+01
3.236912536621093750e+01
3.208394241333007812e+01
3.217240524291992188e+01
3.208961486816406250e+01
3.219252395629882812e+01
3.212168121337890625e+01
3.209962081909179688e+01
3.213858413696289062e+01
3.239055252075195312e+01
3.228407669067382812e+01
3.212142944335937500e+01
3.215075302124023438e+01
3.217651367187500000e+01
3.209435272216796875e+01
3.212494659423828125e+01
3.206857299804687500e+01
3.202735900878906250e+01
3.207620620727539062e+01
3.218218231201171875e+01
3.217309188842773438e+01
3.218183898925781250e+01
3.221295166015625000e+01
3.208428573608398438e+01
3.202806854248046875e+01
3.199621582031250000e+01
3.212506866455078125e+01
3.199766921997070312e+01
3.175078773498535156e+01
3.195457839965820312e+01
3.195506286621093750e+01
3.196317863464355469e+01
3.206830215454101562e+01
3.205922698974609375e+01
3.198126602172851562e+01
3.216308975219726562e+01
3.231253814697265625e+01
3.228456497192382812e+01
3.218378448486328125e+01
3.211895751953125000e+01
3.212915039062500000e+01
3.227711486816406250e+01
3.222056961059570312e+01
3.218234252929687500e+01
3.212554550170898438e+01
3.209035873413085938e+01
3.214322662353515625e+01
3.211535644531250000e+01
3.225218963623046875e+01
3.227106475830078125e+01
3.212900543212890625e+01
3.214276123046875000e+01
3.214291763305664062e+01
3.204265213012695312e+01
3.209309005737304688e+01
3.199084854125976562e+01
3.202725601196289062e+01
3.211887741088867188e+01
3.226217651367187500e+01
3.222459030151367188e+01
3.213581848144531250e+01
3.196459579467773438e+01
3.215358734130859375e+01
3.201197052001953125e+01
3.209086227416992188e+01
3.207599639892578125e+01
3.212477111816406250e+01
3.206073760986328125e+01
3.218225479125976562e+01
3.203917694091796875e+01
3.197734451293945312e+01
3.184123229980468750e+01
3.187299346923828125e+01
3.191690635681152344e+01
3.205991744995117188e+01
3.224930191040039062e+01
3.205030059814453125e+01
3.201464843750000000e+01
3.177927398681640625e+01
3.178629684448242188e+01
3.191663360595703125e+01
3.195751380920410156e+01
3.190902137756347656e+01
3.194110107421875000e+01
3.194357872009277344e+01
3.194009208679199219e+01
3.175599861145019531e+01
3.173206710815429688e+01
3.184264755249023438e+01
3.183396911621093750e+01
3.173105049133300781e+01
3.189465904235839844e+01
3.199977111816406250e+01
3.203045654296875000e+01
3.203922653198242188e+01
3.217019653320312500e+01
3.213946533203125000e+01
3.209992980957031250e+01
3.213243103027343750e+01
3.210183334350585938e+01
3.204788970947265625e+01
3.224018478393554688e+01
3.212350845336914062e+01
3.210002899169921875e+01
3.213765716552734375e+01
3.214768218994140625e+01
3.212712478637695312e+01
3.198726654052734375e+01
3.193028450012207031e+01
3.199892807006835938e+01
3.190657424926757812e+01
3.186700820922851562e+01
3.178747940063476562e+01
3.173121261596679688e+01
3.186648941040039062e+01
3.206607818603515625e+01
3.216134262084960938e+01
3.228439712524414062e+01
3.199973297119140625e+01
3.210529327392578125e+01
3.185061645507812500e+01
3.205858612060546875e+01
3.212545013427734375e+01
3.222086334228515625e+01
3.203522872924804688e+01
3.199922180175781250e+01
3.194459724426269531e+01
3.200904846191406250e+01
3.201804351806640625e+01
3.188309860229492188e+01
3.177926635742187500e+01
3.176967811584472656e+01
3.209998321533203125e+01
3.185073852539062500e+01
3.199193191528320312e+01
3.220935440063476562e+01
3.197874069213867188e+01
3.208337020874023438e+01
3.201285552978515625e+01
3.221753692626953125e+01
3.215040969848632812e+01
3.214400863647460938e+01
3.206431579589843750e+01
3.201081085205078125e+01
3.215841674804687500e+01
3.223398590087890625e+01
3.232072448730468750e+01
3.224122619628906250e+01
3.221155548095703125e+01
3.226043319702148438e+01
3.230384063720703125e+01
3.212249374389648438e+01
3.219562911987304688e+01
3.212790298461914062e+01
3.197993850708007812e+01
3.207955169677734375e+01
3.210179519653320312e+01
3.221012878417968750e+01
3.216727066040039062e+01
3.196784019470214844e+01
3.220094299316406250e+01
3.224047851562500000e+01
3.203799057006835938e+01
3.211323928833007812e+01
3.195878982543945312e+01
3.184697341918945312e+01
3.183754730224609375e+01
3.191220855712890625e+01
3.184255790710449219e+01
3.184049606323242188e+01
3.195974349975585938e+01
3.176122474670410156e+01
3.192681884765625000e+01
3.189381790161132812e+01
3.192966842651367188e+01
3.196368026733398438e+01
3.180224990844726562e+01
3.184330558776855469e+01
3.216625213623046875e+01
3.200164413452148438e+01
3.217035293579101562e+01
3.229623794555664062e+01
3.222123718261718750e+01
3.220188140869140625e+01
3.224282836914062500e+01
3.208086395263671875e+01
3.228951644897460938e+01
3.222759246826171875e+01
3.217183685302734375e+01
3.228921890258789062e+01
3.225558853149414062e+01
3.214562225341796875e+01
3.220387268066406250e+01
3.216245269775390625e+01
3.212644958496093750e+01
3.212972640991210938e+01
3.198646926879882812e+01
3.208039474487304688e+01
3.192597198486328125e+01
3.191129875183105469e+01
3.188418579101562500e+01
3.188581085205078125e+01
3.182627105712890625e+01
3.188625717163085938e+01
3.179855155944824219e+01
3.177203369140625000e+01
3.168651771545410156e+01
3.206405639648437500e+01
3.193674659729003906e+01
3.188282966613769531e+01
3.175041580200195312e+01
3.166625404357910156e+01
3.199617767333984375e+01
3.207912826538085938e+01
3.200159072875976562e+01
3.216860961914062500e+01
3.217134475708007812e+01
3.232201766967773438e+01
3.236679458618164062e+01
3.223257064819335938e+01
3.222766113281250000e+01
3.229079055786132812e+01
3.209565734863281250e+01
3.207544708251953125e+01
3.199660110473632812e+01
3.193334960937500000e+01
3.194968414306640625e+01
3.203730773925781250e+01
3.200605773925781250e+01
3.203057479858398438e+01
3.190994262695312500e+01
3.188248825073242188e+01
3.186022949218750000e+01
3.181761169433593750e+01
3.194942092895507812e+01
3.199301910400390625e+01
3.194601821899414062e+01
3.207012939453125000e+01
3.203797149658203125e+01
3.208355712890625000e+01
3.217941284179687500e+01
3.211822509765625000e+01
3.214826202392578125e+01
3.216446685791015625e+01
3.208475494384765625e+01
3.208863067626953125e+01
3.197645950317382812e+01
3.182089042663574219e+01
3.187991142272949219e+01
3.193761444091796875e+01
3.189352989196777344e+01
3.198406219482421875e+01
3.178862953186035156e+01
3.179078102111816406e+01
3.172505378723144531e+01
3.179789161682128906e+01
3.193895149230957031e+01
3.196768188476562500e+01
3.200143814086914062e+01
3.179400444030761719e+01
3.188773345947265625e+01
3.199891281127929688e+01
3.210622787475585938e+01
3.195420646667480469e+01
3.209444046020507812e+01
3.205466079711914062e+01
3.195157814025878906e+01
3.197257232666015625e+01
3.190160751342773438e+01
3.201670837402343750e+01
3.209458541870117188e+01
3.218184280395507812e+01
3.207980346679687500e+01
3.216839599609375000e+01
3.227904510498046875e+01
3.221032333374023438e+01
3.214235687255859375e+01
3.209085083007812500e+01
3.203323745727539062e+01
3.205073547363281250e+01
3.218358993530273438e+01
3.217604827880859375e+01
3.203773117065429688e+01
3.218997955322265625e+01
3.216973495483398438e+01
3.196603393554687500e+01
3.178847503662109375e+01
3.184982872009277344e+01
3.191594314575195312e+01
3.179714965820312500e+01
3.179703521728515625e+01
3.170586967468261719e+01
3.175138473510742188e+01
3.170925903320312500e+01
3.165967941284179688e+01
3.175501441955566406e+01
3.191714096069335938e+01
3.195372772216796875e+01
3.185092926025390625e+01
3.188377571105957031e+01
3.186432075500488281e+01
3.209798049926757812e+01
3.205496215820312500e+01
3.200698852539062500e+01
3.214196777343750000e+01
3.211183166503906250e+01
3.203746795654296875e+01
3.210013580322265625e+01
3.191430282592773438e+01
3.195050048828125000e+01
3.190999412536621094e+01
3.198340606689453125e+01
3.183341217041015625e+01
3.188067626953125000e+01
3.208892059326171875e+01
3.216544342041015625e+01
3.203385162353515625e+01
3.217825317382812500e+01
3.208958053588867188e+01
3.203544998168945312e+01
3.206166839599609375e+01
3.211845397949218750e+01
3.215246200561523438e+01
3.229869842529296875e+01
3.234783935546875000e+01
3.224434661865234375e+01
3.208148193359375000e+01
3.206901931762695312e+01
3.212285614013671875e+01
3.200123977661132812e+01
3.207379913330078125e+01
3.200945281982421875e+01
3.203498077392578125e+01
3.196096420288085938e+01
3.197779083251953125e+01
3.208386993408203125e+01
3.219138336181640625e+01
3.192350006103515625e+01
3.191782569885253906e+01
3.215680694580078125e+01
3.200254821777343750e+01
3.214203262329101562e+01
3.206971740722656250e+01
3.213387298583984375e+01
3.202308654785156250e+01
3.211576080322265625e+01
3.208109283447265625e+01
3.230086517333984375e+01
3.206462860107421875e+01
3.212987518310546875e+01
3.195507049560546875e+01
3.200729370117187500e+01
3.192610549926757812e+01
3.206597137451171875e+01
3.208550262451171875e+01
3.200915908813476562e+01
3.195782852172851562e+01
3.194899940490722656e+01
3.193394470214843750e+01
3.179645538330078125e+01
3.177247619628906250e+01
3.198242187500000000e+01
3.205950927734375000e+01
3.209358978271484375e+01
3.202352905273437500e+01
3.200054931640625000e+01
3.185390663146972656e+01
3.186712646484375000e+01
3.188891601562500000e+01
3.181051063537597656e+01
3.197261810302734375e+01
3.178064346313476562e+01
3.183735275268554688e+01
3.191922187805175781e+01
3.179078292846679688e+01
3.169722366333007812e+01
3.196653938293457031e+01
3.199422645568847656e+01
3.197015190124511719e+01
3.187387466430664062e+01
3.186191558837890625e+01
3.198795890808105469e+01
3.216349792480468750e+01
3.206464385986328125e+01
3.200393676757812500e+01
3.195824432373046875e+01
3.192543411254882812e+01
3.187195587158203125e+01
3.207237243652343750e+01
3.190196990966796875e+01
3.198770523071289062e+01
3.191890144348144531e+01
3.186120986938476562e+01
3.200922775268554688e+01
3.191239738464355469e+01
3.189832305908203125e+01
3.201397705078125000e+01
3.194196319580078125e+01
3.207199859619140625e+01
3.205976867675781250e+01
3.180409431457519531e+01
3.164044189453125000e+01
3.182698440551757812e+01
3.176508522033691406e+01
3.186160087585449219e+01
3.203641510009765625e+01
3.201895904541015625e+01
3.188848876953125000e+01
3.204890823364257812e+01
3.204895401000976562e+01
3.217542266845703125e+01
3.220767593383789062e+01
3.198950195312500000e+01
3.181031227111816406e+01
3.201873397827148438e+01
3.201339721679687500e+01
3.204361343383789062e+01
3.203784561157226562e+01
3.185759353637695312e+01
3.186527252197265625e+01
3.180532073974609375e+01
3.181062316894531250e+01
3.185497665405273438e+01
3.175898361206054688e+01
3.179110908508300781e+01
3.169375038146972656e+01
3.203570556640625000e+01
3.184044265747070312e+01
3.198263931274414062e+01
3.208695220947265625e+01
3.216506958007812500e+01
3.212678146362304688e+01
3.192955207824707031e+01
3.192591285705566406e+01
3.180175590515136719e+01
3.164816474914550781e+01
3.175432586669921875e+01
3.173790740966796875e+01
3.177972412109375000e+01
3.174651336669921875e+01
3.197308158874511719e+01
3.200112915039062500e+01
3.186926651000976562e+01
3.181768989562988281e+01
3.200979614257812500e+01
3.195705032348632812e+01
3.201176071166992188e+01
3.208936691284179688e+01
3.213756561279296875e+01
3.188640213012695312e+01
3.191187477111816406e+01
3.188304328918457031e+01
3.191426086425781250e+01
3.198537063598632812e+01
3.206220245361328125e+01
3.188560485839843750e+01
3.204512786865234375e+01
3.173437881469726562e+01
3.182304573059082031e+01
3.171583175659179688e+01
3.172386550903320312e+01
3.173947715759277344e+01
3.177242279052734375e+01
3.188326072692871094e+01
3.187168884277343750e+01
3.193927764892578125e+01
3.183111763000488281e+01
3.172940826416015625e+01
3.173686408996582031e+01
3.180341911315917969e+01
3.175164794921875000e+01
3.178484725952148438e+01
3.176769638061523438e+01
3.177902984619140625e+01
3.182801055908203125e+01
3.173815155029296875e+01
3.161710548400878906e+01
3.169145584106445312e+01
3.168266296386718750e+01
3.180167007446289062e+01
3.187760925292968750e+01
3.196578788757324219e+01
3.195207786560058594e+01
3.188591766357421875e+01
3.199742317199707031e+01
3.193680763244628906e+01
3.191580200195312500e+01
3.177056884765625000e+01
3.172083091735839844e+01
3.172440338134765625e+01
3.180593299865722656e+01
3.186140441894531250e+01
3.206615066528320312e+01
3.206512451171875000e+01
3.199484062194824219e+01
3.183140563964843750e+01
3.173357963562011719e+01
3.191902542114257812e+01
3.201319122314453125e+01
3.198830223083496094e+01
3.186571884155273438e+01
3.177600097656250000e+01
3.185169029235839844e+01
3.182725906372070312e+01
3.178118133544921875e+01
3.192040061950683594e+01
3.189063453674316406e+01
3.168744468688964844e+01
3.173250961303710938e+01
3.163621902465820312e+01
3.166974449157714844e+01
3.159256362915039062e+01
3.185054016113281250e+01
3.185356140136718750e+01
3.163961029052734375e+01
3.155132675170898438e+01
3.178222084045410156e+01
3.167395019531250000e+01
3.168650436401367188e+01
3.167159080505371094e+01
3.160947799682617188e+01
3.175304412841796875e+01
3.180755233764648438e+01
3.179902839660644531e+01
3.181873321533203125e+01
3.176557159423828125e+01
3.193275642395019531e+01
3.196717834472656250e+01
3.166268348693847656e+01
3.166794395446777344e+01
3.184722900390625000e+01
3.186443328857421875e+01
3.181465911865234375e+01
3.184798049926757812e+01
3.177795600891113281e+01
3.181698417663574219e+01
3.163915634155273438e+01
3.172780036926269531e+01
3.173513603210449219e+01
3.166546249389648438e+01
3.159428977966308594e+01
3.177671432495117188e+01
3.176403236389160156e+01
3.182752227783203125e+01
3.190465164184570312e+01
3.185657119750976562e+01
3.177133560180664062e+01
3.176395416259765625e+01
3.154790115356445312e+01
3.150483131408691406e+01
3.168461036682128906e+01
3.172000885009765625e+01
3.176394844055175781e+01
3.172156715393066406e+01
3.151803016662597656e+01
3.152622604370117188e+01
3.150727272033691406e+01
3.157434463500976562e+01
3.159063148498535156e+01
3.153992271423339844e+01
3.166771316528320312e+01
3.177480697631835938e+01
3.187968635559082031e+01
3.187501907348632812e+01
3.196314430236816406e+01
3.192282104492187500e+01
3.171952438354492188e+01
3.178471755981445312e+01
3.173019409179687500e+01
3.168231201171875000e+01
3.170763397216796875e+01
3.171467971801757812e+01
3.172471618652343750e+01
3.173263931274414062e+01
3.192258071899414062e+01
3.201921081542968750e+01
3.199716758728027344e+01
3.206601715087890625e+01
3.210163116455078125e+01
3.201210784912109375e+01
3.214875793457031250e+01
3.205067825317382812e+01
3.180682182312011719e+01
3.171708869934082031e+01
3.175635147094726562e+01
3.169975852966308594e+01
3.186093521118164062e+01
3.183213043212890625e+01
3.175150489807128906e+01
3.172563934326171875e+01
3.169334793090820312e+01
3.181809234619140625e+01
3.183011627197265625e+01
3.191105651855468750e+01
3.205587005615234375e+01
3.195090103149414062e+01
3.184348869323730469e+01
3.182246589660644531e+01
3.187046051025390625e+01
3.198947143554687500e+01
3.187570571899414062e+01
3.186072349548339844e+01
3.196222686767578125e+01
3.190396118164062500e+01
3.185273551940917969e+01
3.188603210449218750e+01
3.188949966430664062e+01
3.203819656372070312e+01
3.174843978881835938e+01
3.168648147583007812e+01
3.166725540161132812e+01
3.175808334350585938e+01
3.176965904235839844e+01
3.193272018432617188e+01
3.173637199401855469e+01
3.156359481811523438e+01
3.165222167968750000e+01
3.166243362426757812e+01
3.169084548950195312e+01
3.169873428344726562e+01
3.165854644775390625e+01
3.180984115600585938e+01
3.168025970458984375e+01
3.186121559143066406e+01
3.179877471923828125e+01
3.161003112792968750e+01
3.166853904724121094e+01
3.157535934448242188e+01
3.161348152160644531e+01
3.169131088256835938e+01
3.173201370239257812e+01
3.169068336486816406e+01
3.163736534118652344e+01
3.161144065856933594e+01
3.169013214111328125e+01
3.162445831298828125e+01
3.196928024291992188e+01
3.188512039184570312e+01
3.199070930480957031e+01
3.191093635559082031e+01
3.176663970947265625e+01
3.167745018005371094e+01
3.156512451171875000e+01
3.165504837036132812e+01
3.174288368225097656e+01
3.178255462646484375e+01
3.180573272705078125e+01
3.159422302246093750e+01
3.161786079406738281e+01
3.164352989196777344e+01
3.164569664001464844e+01
3.183999252319335938e+01
3.172193336486816406e+01
3.192032623291015625e+01
3.167987823486328125e+01
3.176547241210937500e+01
3.177412986755371094e+01
3.165141677856445312e+01
3.153998565673828125e+01
3.147785758972167969e+01
3.156114387512207031e+01
3.167591476440429688e+01
3.164289855957031250e+01
3.161641693115234375e+01
3.167462921142578125e+01
3.175854110717773438e+01
3.177309799194335938e+01
3.169962120056152344e+01
3.164224052429199219e+01
3.188960838317871094e+01
3.180491256713867188e+01
3.184469604492187500e+01
3.177371215820312500e+01
3.164416503906250000e+01
3.173000335693359375e+01
3.174041748046875000e+01
3.177051544189453125e+01
3.175969314575195312e+01
3.177445983886718750e+01
3.173294639587402344e+01
3.162170791625976562e+01
3.160870361328125000e+01
3.167657089233398438e+01
3.168130683898925781e+01
3.172321319580078125e+01
3.172087097167968750e+01
3.161150550842285156e+01
3.160852813720703125e+01
3.162858772277832031e+01
3.164217758178710938e+01
3.162381744384765625e+01
3.148557662963867188e+01
3.166739273071289062e+01
3.155780410766601562e+01
3.152714157104492188e+01
3.148908233642578125e+01
3.133540344238281250e+01
3.135009193420410156e+01
3.146315765380859375e+01
3.132930755615234375e+01
3.144448280334472656e+01
3.139758682250976562e+01
3.134733963012695312e+01
3.143307113647460938e+01
3.159759521484375000e+01
3.152159118652343750e+01
3.154091262817382812e+01
3.147693252563476562e+01
3.149393653869628906e+01
3.144635200500488281e+01
3.148380661010742188e+01
3.158708381652832031e+01
3.164642333984375000e+01
3.171636199951171875e+01
3.175911140441894531e+01
3.156821632385253906e+01
3.159759140014648438e+01
3.168929290771484375e+01
3.161951255798339844e+01
3.151728630065917969e+01
3.154507446289062500e+01
3.146763610839843750e+01
3.140187454223632812e+01
3.155831527709960938e+01
3.147830963134765625e+01
3.162437438964843750e+01
3.166517829895019531e+01
3.159120178222656250e+01
3.140621376037597656e+01
3.126446151733398438e+01
3.136656951904296875e+01
3.127394866943359375e+01
3.141517829895019531e+01
3.139994812011718750e+01
3.122632789611816406e+01
3.132329750061035156e+01
3.134837341308593750e+01
3.136389541625976562e+01
3.123970031738281250e+01
3.129299545288085938e+01
3.122557830810546875e+01
3.139594268798828125e+01
3.145878219604492188e+01
3.159024238586425781e+01
3.153326988220214844e+01
3.154113006591796875e+01
3.138726425170898438e+01
3.147451972961425781e+01
3.155277061462402344e+01
3.155283355712890625e+01
3.140844345092773438e+01
3.138658142089843750e+01
3.146014404296875000e+01
3.155569076538085938e+01
3.144907760620117188e+01
3.142878341674804688e+01
3.128828239440917969e+01
3.142896270751953125e+01
3.154326629638671875e+01
3.160640716552734375e+01
3.157774353027343750e+01
3.141581726074218750e+01
3.132744407653808594e+01
3.152249336242675781e+01
3.158814620971679688e+01
3.163917922973632812e+01
3.154223442077636719e+01
3.138916015625000000e+01
3.159694099426269531e+01
3.145455551147460938e+01
3.155244636535644531e+01
3.152749252319335938e+01
3.155968666076660156e+01
3.151235961914062500e+01
3.139649963378906250e+01
3.175398445129394531e+01
3.158685111999511719e+01
3.138532638549804688e+01
3.123791885375976562e+01
3.127936363220214844e+01
3.133429336547851562e+01
3.154915618896484375e+01
3.149625778198242188e+01
3.146547698974609375e+01
3.146929740905761719e+01
3.171015357971191406e+01
3.166789436340332031e+01
3.171609878540039062e+01
3.180728530883789062e+01
3.161316680908203125e+01
3.170995330810546875e+01
3.167982101440429688e+01
3.169629287719726562e+01
3.171950340270996094e+01
3.162953186035156250e+01
3.167807006835937500e+01
3.170739364624023438e+01
3.176937866210937500e+01
3.168725776672363281e+01
3.158183097839355469e+01
3.168756866455078125e+01
3.175951957702636719e+01
3.145723342895507812e+01
3.134557723999023438e+01
3.140966987609863281e+01
3.129423713684082031e+01
3.136332893371582031e+01
3.136125183105468750e+01
3.139071273803710938e+01
3.153699874877929688e+01
3.160539627075195312e+01
3.160240364074707031e+01
3.167033767700195312e+01
3.171875572204589844e+01
3.162115478515625000e+01
3.169704055786132812e+01
3.160345458984375000e+01
3.160924148559570312e+01
3.163315391540527344e+01
3.151059532165527344e+01
3.138637542724609375e+01
3.149922943115234375e+01
3.141859817504882812e+01
3.141868400573730469e+01
3.149898147583007812e+01
3.135089492797851562e+01
3.140832328796386719e+01
3.156569290161132812e+01
3.150044250488281250e+01
3.148201370239257812e+01
3.129767227172851562e+01
3.131409263610839844e+01
3.122958374023437500e+01
3.135053825378417969e+01
3.127197456359863281e+01
3.114460372924804688e+01
3.128643798828125000e+01
3.124834823608398438e+01
3.130733489990234375e+01
3.140692329406738281e+01
3.134763526916503906e+01
3.126011276245117188e+01
3.138496780395507812e+01
3.121352386474609375e+01
3.127847099304199219e+01
3.137977981567382812e+01
3.150995445251464844e+01
3.148240661621093750e+01
3.149393463134765625e+01
3.151401901245117188e+01
3.145225143432617188e+01
3.131774902343750000e+01
3.147580337524414062e+01
3.140994071960449219e+01
3.166834259033203125e+01
3.160669326782226562e+01
3.171594238281250000e+01
3.165203857421875000e+01
3.158351135253906250e+01
3.162371635437011719e+01
3.156327819824218750e+01
3.157899475097656250e+01
3.152631378173828125e+01
3.161346054077148438e+01
3.173511886596679688e+01
3.171068382263183594e+01
3.158546447753906250e+01
3.139310073852539062e+01
3.164325904846191406e+01
3.143511199951171875e+01
3.140750122070312500e+01
3.145511436462402344e+01
3.133093070983886719e+01
3.136038208007812500e+01
3.138161659240722656e+01
3.147419166564941406e+01
3.153304672241210938e+01
3.161161422729492188e+01
3.164753913879394531e+01
3.164380645751953125e+01
3.167873382568359375e+01
3.168801307678222656e+01
3.149529075622558594e+01
3.132934188842773438e+01
3.158801269531250000e+01
3.161719512939453125e+01
3.149003982543945312e+01
3.162617874145507812e+01
3.178856658935546875e+01
3.180591011047363281e+01
3.164128303527832031e+01
3.161370849609375000e+01
3.151777267456054688e+01
3.138880157470703125e+01
3.150400924682617188e+01
3.149764633178710938e+01
3.156720924377441406e+01
3.155685615539550781e+01
3.146320343017578125e+01
3.137128067016601562e+01
3.144211387634277344e+01
3.155522727966308594e+01
3.151502227783203125e+01
3.127305221557617188e+01
3.128151512145996094e+01
3.150778579711914062e+01
3.152892494201660156e+01
3.141716194152832031e+01
3.167468833923339844e+01
3.175444793701171875e+01
3.174600219726562500e+01
3.183807373046875000e+01
3.164578628540039062e+01
3.134830093383789062e+01
3.157323265075683594e+01
3.148528671264648438e+01
3.146732902526855469e+01
3.143768882751464844e+01
3.148147583007812500e+01
3.138692855834960938e+01
3.147624969482421875e+01
3.134111785888671875e+01
3.135692977905273438e+01
3.137854003906250000e+01
3.128915977478027344e+01
3.118155288696289062e+01
3.135567855834960938e+01
3.150074005126953125e+01
3.159110450744628906e+01
3.158094406127929688e+01
3.164139556884765625e+01
3.162512207031250000e+01
3.144195175170898438e+01
3.156481361389160156e+01
3.166630363464355469e+01
3.166745758056640625e+01
3.148168182373046875e+01
3.156786918640136719e+01
3.137210083007812500e+01
3.130150985717773438e+01
3.145143508911132812e+01
3.136333084106445312e+01
3.136696624755859375e+01
3.124675369262695312e+01
3.127137184143066406e+01
3.146595764160156250e+01
3.160861206054687500e+01
3.159675979614257812e+01
3.160602188110351562e+01
3.163909149169921875e+01
3.153060150146484375e+01
3.158460235595703125e+01
3.141949272155761719e+01
3.151807594299316406e+01
3.148922729492187500e+01
3.156340789794921875e+01
3.170318222045898438e+01
3.166187858581542969e+01
3.163708114624023438e+01
3.161876106262207031e+01
3.160950469970703125e+01
3.135341262817382812e+01
3.139207267761230469e+01
3.124238204956054688e+01
3.123138618469238281e+01
3.128046035766601562e+01
3.126175689697265625e+01
3.121460342407226562e+01
3.122880935668945312e+01
3.121545219421386719e+01
3.138072204589843750e+01
3.140635108947753906e+01
3.143325805664062500e+01
3.134152984619140625e+01
3.134108352661132812e+01
3.134754753112792969e+01
3.128571319580078125e+01
3.150761222839355469e+01
3.136624908447265625e+01
3.143108940124511719e+01
3.162708663940429688e+01
3.162760734558105469e+01
3.152999496459960938e+01
3.149501419067382812e+01
3.156048965454101562e+01
3.152103805541992188e+01
3.149395370483398438e+01
3.150614547729492188e+01
3.139526939392089844e+01
3.137038040161132812e+01
3.126486396789550781e+01
3.108666038513183594e+01
3.114122200012207031e+01
3.119330406188964844e+01
3.113898468017578125e+01
3.124180984497070312e+01
3.131529998779296875e+01
3.121532058715820312e+01
3.120351028442382812e+01
3.130751419067382812e+01
3.120214462280273438e+01
3.122344589233398438e+01
3.133943367004394531e+01
3.135920715332031250e+01
3.160983467102050781e+01
3.141101837158203125e+01
3.139960670471191406e+01
3.136244201660156250e+01
3.140792465209960938e+01
3.136080169677734375e+01
3.129958724975585938e+01
3.125659179687500000e+01
3.122573471069335938e+01
3.127839469909667969e+01
3.130954551696777344e+01
3.132085800170898438e+01
3.137244224548339844e+01
3.125210380554199219e+01
3.148838806152343750e+01
3.143356513977050781e+01
3.145760726928710938e+01
3.136310195922851562e+01
3.123947525024414062e+01
3.149588012695312500e+01
3.132238006591796875e+01
3.125716400146484375e+01
3.141893005371093750e+01
3.146062469482421875e+01
3.154479980468750000e+01
3.136822891235351562e+01
3.137750434875488281e+01
3.156754684448242188e+01
3.145868682861328125e+01
3.135037422180175781e+01
3.131807136535644531e+01
3.131084442138671875e+01
3.120999336242675781e+01
3.126411437988281250e+01
3.135457992553710938e+01
3.160288238525390625e+01
3.158372497558593750e+01
3.154431915283203125e+01
3.156121253967285156e+01
3.142804336547851562e+01
3.140839004516601562e+01
3.125969314575195312e+01
3.145469284057617188e+01
3.138235473632812500e+01
3.141907882690429688e+01
3.161938858032226562e+01
3.145896148681640625e+01
3.148713684082031250e+01
3.130458831787109375e+01
3.145309638977050781e+01
3.138489151000976562e+01
3.127284622192382812e+01
3.127992630004882812e+01
3.149853134155273438e+01
3.156197357177734375e+01
3.140213012695312500e+01
3.136999130249023438e+01
3.130143737792968750e+01
3.140331268310546875e+01
3.156332778930664062e+01
3.147493171691894531e+01
3.155637359619140625e+01
3.142421531677246094e+01
3.136946487426757812e+01
3.147450828552246094e+01
3.142852973937988281e+01
3.150412559509277344e+01
3.150107383728027344e+01
3.148386764526367188e+01
3.145222091674804688e+01
3.156345939636230469e+01
3.174399185180664062e+01
3.154075813293457031e+01
3.157735824584960938e+01
3.159417533874511719e+01
3.141744422912597656e+01
3.144306945800781250e+01
3.147260284423828125e+01
3.148131179809570312e+01
3.170854187011718750e+01
3.178101730346679688e+01
3.151679992675781250e+01
3.156346893310546875e+01
3.149881362915039062e+01
