-4.674690216779708862e-02
-2.557552233338356018e-02
-1.595093123614788055e-02
-1.188349630683660507e-02
-5.464901681989431381e-03
3.914946224540472031e-03
2.383961109444499016e-03
6.267029792070388794e-03
1.059223990887403488e-02
8.652547374367713928e-03
9.432749822735786438e-03
7.026146631687879562e-03
5.086135119199752808e-03
4.441307857632637024e-03
5.856162402778863907e-03
2.725472673773765564e-03
3.245073836296796799e-03
6.168200052343308926e-04
-6.437851698137819767e-04
-2.803150564432144165e-03
-3.475643927231431007e-03
-5.045368801802396774e-03
-5.305082071572542191e-03
-5.966677330434322357e-03
-7.170632015913724899e-03
-7.935564033687114716e-03
-8.687044493854045868e-03
-9.923370555043220520e-03
-1.140368729829788208e-02
-1.156904269009828568e-02
-1.180534716695547104e-02
-1.257515139877796173e-02
-1.314182020723819733e-02
-1.325320731848478317e-02
-1.368405763059854507e-02
-1.422663033008575439e-02
-1.495111361145973206e-02
-1.508967019617557526e-02
-1.528771407902240753e-02
-1.518813800066709518e-02
-1.542942691594362259e-02
-1.538455765694379807e-02
-1.524476893246173859e-02
-1.521955709904432297e-02
-1.561471913009881973e-02
-1.530272699892520905e-02
-1.501428894698619843e-02
-1.502648554742336273e-02
-1.474495325237512589e-02
-1.503474637866020203e-02
-1.466511562466621399e-02
-1.449677441269159317e-02
-1.424863468855619431e-02
-1.394538860768079758e-02
-1.373998541384935379e-02
-1.359432470053434372e-02
-1.340441778302192688e-02
-1.316970679908990860e-02
-1.275211758911609650e-02
-1.266302354633808136e-02
-1.242680847644805908e-02
-1.214361563324928284e-02
-1.184090692549943924e-02
-1.174703054130077362e-02
-1.139895897358655930e-02
-1.110599189996719360e-02
-1.091582607477903366e-02
-1.063592173159122467e-02
-1.039563491940498352e-02
-1.011221762746572495e-02
-9.887063875794410706e-03
-9.606386534869670868e-03
-9.287867695093154907e-03
-9.067056700587272644e-03
-8.794669061899185181e-03
-8.509282022714614868e-03
-8.293581195175647736e-03
-8.098312653601169586e-03
-7.930848747491836548e-03
-7.729234173893928528e-03
-7.464730646461248398e-03
-7.237021345645189285e-03
-7.009522989392280579e-03
-6.803145632147789001e-03
-6.589205935597419739e-03
-6.387770175933837891e-03
-6.182468496263027191e-03
-5.988074000924825668e-03
-5.794937256723642349e-03
-5.615931469947099686e-03
-5.447286646813154221e-03
-5.264671985059976578e-03
-5.104158539324998856e-03
-4.939619451761245728e-03
-4.784670658409595490e-03
-4.619839135557413101e-03
-4.450857639312744141e-03
-4.318239167332649231e-03
-4.170337226241827011e-03
-4.023068118840456009e-03
-3.889244515448808670e-03
-3.763368586078286171e-03
-3.629900049418210983e-03
-3.502243664115667343e-03
-3.383625997230410576e-03
-3.267770167440176010e-03
-3.152910387143492699e-03
-3.044502576813101768e-03
-2.928625559434294701e-03
-2.829145174473524094e-03
-2.726651029661297798e-03
-2.630523871630430222e-03
-2.536674030125141144e-03
-2.448898041620850563e-03
-2.361765597015619278e-03
-2.274349331855773926e-03
-2.195001346990466118e-03
-2.113058697432279587e-03
-2.037561265751719475e-03
-1.961480127647519112e-03
-1.888370723463594913e-03
-1.820090459659695625e-03
-1.753698452375829220e-03
-1.689139753580093384e-03
-1.627396792173385620e-03
-1.568560255691409111e-03
-1.511760056018829346e-03
-1.455662772059440613e-03
-1.402028487063944340e-03
-1.350525766611099243e-03
-1.300653442740440369e-03
-1.252400106750428677e-03
-1.205849112011492252e-03
-1.160742132924497128e-03
-1.117408974096179008e-03
-1.075771055184304714e-03
-1.035028253681957722e-03
-9.962798794731497765e-04
-9.590386180207133293e-04
-9.232199518010020256e-04
-8.885088027454912663e-04
-8.550534257665276527e-04
-8.229218656197190285e-04
-7.917548064142465591e-04
-7.616386865265667439e-04
-7.327928324230015278e-04
-7.051896536722779274e-04
-6.782971904613077641e-04
-6.527291843667626381e-04
-6.278665969148278236e-04
-6.039539584890007973e-04
-5.810193251818418503e-04
-5.590683431364595890e-04
-5.378291825763881207e-04
-5.173134850338101387e-04
-4.976776544936001301e-04
-4.786727367900311947e-04
-4.604303685482591391e-04
-4.429282562341541052e-04
-4.260704736225306988e-04
-4.097938362974673510e-04
-3.942273033317178488e-04
-3.791978815570473671e-04
-3.647115372586995363e-04
-3.508517693262547255e-04
-3.374547231942415237e-04
-3.245727566536515951e-04
-3.121746412944048643e-04
-3.002430603373795748e-04
-2.887705923058092594e-04
-2.777582558337599039e-04
-2.671588736120611429e-04
-2.569330972619354725e-04
-2.471161133144050837e-04
-2.376722695771604776e-04
-2.285954396938905120e-04
-2.198474248871207237e-04
-2.114297822117805481e-04
-2.033493219641968608e-04
-1.955711049959063530e-04
-1.880984345916658640e-04
-1.808999077184125781e-04
-1.739758154144510627e-04
-1.673319347901269794e-04
-1.609252358321100473e-04
-1.547581196064129472e-04
-1.488371926825493574e-04
-1.431330892955884337e-04
-1.376549917040392756e-04
-1.323882170254364610e-04
-1.273233356187120080e-04
-1.224410953000187874e-04
-1.177522790385410190e-04
-1.132426405092701316e-04
-1.089069628505967557e-04
-1.047348996507935226e-04
-1.007230457616969943e-04
-9.686312841949984431e-05
-9.314504131907597184e-05
-8.957795216701924801e-05
-8.614573744125664234e-05
-8.284265641123056412e-05
-7.966941484482958913e-05
-7.661575364181771874e-05
-7.367992657236754894e-05
-7.085577817633748055e-05
-6.813806248828768730e-05
-6.552499689860269427e-05
-6.301369285210967064e-05
-6.059735460439696908e-05
-5.827421773574315012e-05
-5.603790486929938197e-05
-5.389001671574078500e-05
-5.182330278330482543e-05
-4.983558392268605530e-05
-4.792277104570530355e-05
-4.608596645994111896e-05
-4.431766865309327841e-05
-4.261764843249693513e-05
-4.098297722521238029e-05
-3.941030809073708951e-05
-3.789829133893363178e-05
-3.644439493655227125e-05
-3.504605047055520117e-05
-3.370150807313621044e-05
-3.240926162106916308e-05
-3.116546577075496316e-05
-2.996930015797261149e-05
-2.881904219975695014e-05
-2.771293657133355737e-05
-2.664927706064190716e-05
-2.562645022408105433e-05
-2.464287354086991400e-05
-2.369704634475056082e-05
-2.278752253914717585e-05
-2.191289968322962523e-05
-2.107185173372272402e-05
-2.026308720814995468e-05
-1.948536009876988828e-05
-1.873748624348081648e-05
-1.801831422199029475e-05
-1.732674900267738849e-05
-1.666172647674102336e-05
-1.602221891516819596e-05
-1.540726952953264117e-05
-1.481592335039749742e-05
-1.424726997356628999e-05
-1.370044265058822930e-05
-1.317460100835887715e-05
-1.266894378204597160e-05
-1.218269335367949679e-05
-1.171510757558280602e-05
-1.126546976593090221e-05
-1.083308779925573617e-05
-1.041730138240382075e-05
-1.001746750262100250e-05
-9.632987712393514812e-06
-9.263259016734082252e-06
-8.907722985895816237e-06
-8.565833923057653010e-06
-8.237067959271371365e-06
-7.920920324977487326e-06
-7.616905350005254149e-06
-7.324561465793522075e-06
-7.043434379738755524e-06
-6.773098903067875654e-06
-6.513138487207470462e-06
-6.263155228225514293e-06
-6.022768047841964290e-06
-5.791606781713198870e-06
-5.569319455389631912e-06
-5.355561825126642361e-06
-5.150008746568346396e-06
-4.952344625053228810e-06
-4.762267963087651879e-06
-4.579486358124995604e-06
-4.403717412060359493e-06
-4.234698280924931169e-06
-4.072166575497249141e-06
-3.915872184734325856e-06
-3.765576593650621362e-06
-3.621049017965560779e-06
-3.482068905213964172e-06
-3.348422978888265789e-06
-3.219904556317487732e-06
-3.096320597251178697e-06
-2.977479653054615483e-06
-2.863199824787443504e-06
-2.753307853708975017e-06
-2.647631845320574939e-06
-2.546012410675757565e-06
-2.448294026180519722e-06
-2.354325488340691663e-06
-2.263963779114419594e-06
-2.177069291064981371e-06
-2.093510374834295362e-06
-2.013159473790437914e-06
-1.935891532411915250e-06
-1.861589680629549548e-06
-1.790139663171430584e-06
-1.721431885925994720e-06
-1.655361074881511740e-06
-1.591825821378733963e-06
-1.530729946352948900e-06
-1.471978407607821282e-06
-1.415482188349415082e-06
-1.361154318146873266e-06
-1.308911691921821330e-06
-1.258674387827340979e-06
-1.210364985126943793e-06
-1.163909473689273000e-06
-1.119237253988103475e-06
-1.076279431799775921e-06
-1.034970750879438128e-06
-9.952473192242905498e-07
-9.570484280629898421e-07
-9.203156992043659557e-07
-8.849928008203278296e-07
-8.510256748195388354e-07
-8.183623663171601947e-07
-7.869526825743378140e-07
-7.567484203718777280e-07
-7.277035933839215431e-07
-6.997734658398258034e-07
-6.729152346451883204e-07
-6.470878020081727300e-07
-6.222519459697650746e-07
-5.983691266919777263e-07
-5.754029643867397681e-07
-5.533183866646140814e-07
-5.320814580045407638e-07
-5.116595502840937115e-07
-4.920213996228994802e-07
-4.731370211175089935e-07
-4.549773962025938090e-07
-4.375148421331687132e-07
-4.207224719721125439e-07
-4.045747061809379375e-07
-3.890466757638932904e-07
-3.741145633284759242e-07
-3.597555746637226548e-07
-3.459476829448249191e-07
-3.326697992633853573e-07
-3.199015452537423698e-07
-3.076233667798078386e-07
-2.958164202482294058e-07
-2.844626578735187650e-07
-2.735446571477950783e-07
-2.630456776842038380e-07
-2.529496612169168657e-07
-2.432411179142945912e-07
-2.339051405897407676e-07
-2.249275610211043386e-07
-2.162945094141832669e-07
-2.079928407283659908e-07
-2.000098646703918348e-07
-1.923332604292227188e-07
-1.849512756280091708e-07
-1.778526268481073203e-07
-1.710263859422411770e-07
-1.644621647756139282e-07
-1.581499304847966414e-07
-1.520799344234546879e-07
-1.462429537468779017e-07
-1.406299787731768447e-07
-1.352324403569582500e-07
-1.300420962024873006e-07
-1.250508887551404769e-07
-1.202512578402092913e-07
-1.156358280240965541e-07
-1.111975791445729556e-07
-1.069296970968025562e-07
-1.028256022550522175e-07
-9.887904894867460825e-08
-9.508394782642426435e-08
-9.143448664872266818e-08
-8.792507344423938775e-08
-8.455040756416565273e-08
-8.130523809768419596e-08
-7.818463387820884236e-08
-7.518382005855528405e-08
-7.229817100551372278e-08
-6.952328135412244592e-08
-6.685488784796689288e-08
-6.428889065546172787e-08
-6.182139600241498556e-08
-5.944862024875874340e-08
-5.716692186297223088e-08
-5.497278721122711431e-08
-5.286286608452428482e-08
-5.083393261884339154e-08
-4.888286397886076884e-08
-4.700667943779990310e-08
-4.520250485029464471e-08
-4.346757620510288689e-08
-4.179923607239288685e-08
-4.019493360374326585e-08
-3.865219255771989992e-08
-3.716866103786742315e-08
-3.574208307099979720e-08
-3.437024531649512937e-08
-3.305106943685132137e-08
-3.178252683255777811e-08
-3.056267416923219571e-08
-2.938964804855004331e-08
-2.826163481017829326e-08
-2.717691849341008492e-08
-2.613383109917322145e-08
-2.513078101173960022e-08
-2.416623168244314002e-08
-2.323870162967978104e-08
-2.234677154433484247e-08
-2.148907896071250434e-08
-2.066430404568109225e-08
-1.987118380952779262e-08
-1.910849256603341928e-08
-1.837508811775023787e-08
-1.766982471451683523e-08
-1.699163298951589240e-08
-1.633947555035319965e-08
-1.571234875541449583e-08
-1.510928804293598660e-08
-1.452937858914538083e-08
-1.397172333383878140e-08
-1.343546873755485649e-08
-1.291980034068274108e-08
-1.242391967082312476e-08
-1.194707444085452153e-08
-1.148853012722383937e-08
-1.104758862169319400e-08
-1.062356780323625571e-08
-1.021582196614190252e-08
-9.823727609159504937e-09
-9.446677218249988073e-09
-9.084104135581583250e-09
-8.735439926965682389e-09
-8.400163231669921515e-09
-8.077755353497195756e-09
-7.767722465246151842e-09
-7.469586726926991105e-09
-7.182896499813296032e-09
-6.907208582873636260e-09
-6.642101535447864080e-09
-6.387169904087386385e-09
-6.142018893484646469e-09
-5.906279909595468780e-09
-5.679589243356986117e-09
-5.461600505185515431e-09
-5.251977519549200224e-09
-5.050398765860109052e-09
-4.856559154831074920e-09
-4.670158482156239188e-09
-4.490912086652087964e-09
-4.318545521186933911e-09
-4.152794108591706390e-09
-3.993405606195210567e-09
-3.840133100396769805e-09
-3.692744332539632524e-09
-3.551012373037565339e-09
-3.414720062266951572e-09
-3.283658900343766618e-09
-3.157628380989763173e-09
-3.036434437220236759e-09
-2.919892549968494677e-09
-2.807823529238362426e-09
-2.700056178639442805e-09
-2.596424852896461744e-09
-2.496770790116897842e-09
-2.400942555880192231e-09
-2.308791380301045137e-09
-2.220177375278353793e-09
-2.134964427469299153e-09
-2.053021752601580374e-09
-1.974224561607229589e-09
-1.898451618131957730e-09
-1.825586459780481619e-09
-1.755518286294943664e-09
-1.688139406041955226e-09
-1.623346568280226165e-09
-1.561040852138262380e-09
-1.501126112302131332e-09
-1.443510866394603909e-09
-1.388107184752129797e-09
-1.334830024291022710e-09
-1.283597672596670236e-09
-1.234331525878928915e-09
-1.186956533061334085e-09
-1.141399530446562949e-09
-1.097591462162483822e-09
-1.055464382559989645e-09
-1.014954453815164470e-09
-9.759991703717219025e-10
-9.385392463201469582e-10
-9.025165614851005103e-10
-8.678768814718296198e-10
-8.345665825082448919e-10
-8.025348718909697254e-10
-7.717327332734669199e-10
-7.421127046214337497e-10
-7.136295443466167399e-10
-6.862393431283919654e-10
-6.599006341367896766e-10
-6.345728387202598242e-10
-6.102172656063942213e-10
-5.867963892569605378e-10
-5.642743494682633809e-10
-5.426168958599930647e-10
-5.217906107191083720e-10
-5.017635196225000982e-10
-4.825052024592935140e-10
-4.639859885191555122e-10
-4.461774283370800731e-10
-4.290525157379931898e-10
-4.125849661917868616e-10
-3.967494666134996351e-10
-3.815217863856190661e-10
-3.668784720467499483e-10
-3.527972081140973160e-10
-3.392562619719541317e-10
-3.262352055166672926e-10
-3.137138604447642365e-10
-3.016731586757970263e-10
-2.900945872408300374e-10
-2.789604380826204988e-10
-2.682535860110135673e-10
-2.579576829919716374e-10
-2.480568528362425695e-10
-2.385361352885695396e-10
-2.293808476494518800e-10
-2.205769317198402746e-10
-2.121109399233489512e-10
-2.039698548950141799e-10
-1.961412698925357745e-10
-1.886131251183087443e-10
-1.813739158862404111e-10
-1.744125815994479467e-10
-1.677183392168046794e-10
-1.612810995865743280e-10
-1.550909123348986896e-10
-1.491382989327050268e-10
-1.434141555511914135e-10
-1.379097253062511186e-10
-1.326165705028969910e-10
-1.275265865130492671e-10
-1.226318907532331082e-10
-1.179251418736981805e-10
-1.133990748525270931e-10
-1.090466814068768997e-10
-1.048613418319632729e-10
-1.008366237731372905e-10
-9.696638630929399483e-11
-9.324469668614554507e-11
-8.966585113290292952e-11
-8.622438874006377318e-11
-8.291498737600377922e-11
-7.973261634264261488e-11
-7.667234902530850604e-11
-7.372957105955535440e-11
-7.089973746987610070e-11
-6.817849756979299514e-11
-6.556173659522102071e-11
-6.304539529322639169e-11
-6.062563645548024738e-11
-5.829876165153180523e-11
-5.606120082046750497e-11
-5.390949492367624885e-11
-5.184038268102320046e-11
-4.985068260965341835e-11
-4.793734506569613529e-11
-4.609745224426475829e-11
-4.432817654609344515e-11
-4.262681874145357597e-11
-4.099074205066166598e-11
-3.941746928859402033e-11
-3.790457531183122342e-11
-3.644974946870327415e-11
-3.505076784371397025e-11
-3.370545856307138877e-11
-3.241180934754339660e-11
-3.116781485679176456e-11
-2.997155301720511034e-11
-2.882121277747451416e-11
-2.771501951548405174e-11
-2.665128361056812167e-11
-2.562837615738278174e-11
-2.464471682284141707e-11
-2.369881721420163956e-11
-2.278922536791405662e-11
-2.191454656630398290e-11
-2.107344507229491626e-11
-2.026461810855639811e-11
-1.948683402142048493e-11
-1.873890972947656053e-11
-1.801968817216614838e-11
-1.732806953480547918e-11
-1.666299216662725513e-11
-1.602344645856845773e-11
-1.540845229186516008e-11
-1.481705383388209896e-11
-1.424835770202914631e-11
-1.370148872831267184e-11
-1.317560817393204076e-11
-1.266991112719439982e-11
-1.218362216670598741e-11
-1.171600056554256142e-11
-1.126632467873811549e-11
-1.083391015788137679e-11
-1.041809260388104619e-11
-1.001823537322144020e-11
-9.633724373792063034e-12
-9.263971534334558555e-12
-8.908408732910544359e-12
-8.566493868433777692e-12
-8.237701319691037583e-12
-7.921528884236028745e-12
-7.617491706857215661e-12
-7.325122279577822582e-12
-7.043974344783654473e-12
-6.773617257371800093e-12
-6.513637285793238973e-12
-6.263636311010234436e-12
-6.023230959134595608e-12
-5.792051300385070434e-12
-5.569745619576904616e-12
-5.355972609866199718e-12
-5.150402673792520147e-12
-4.952723561130190078e-12
-4.762633429994389545e-12
-4.579837377394202491e-12
-4.404056980211734640e-12
-4.235024657350816568e-12
-4.072480200290051755e-12
-3.916173375168030546e-12
-3.765866091187675124e-12
-3.621327413286246077e-12
-3.482335513699252871e-12
-3.348679623524364324e-12
-3.220153093827504698e-12
-3.096559900855888614e-12
-2.977710742910200103e-12
-2.863422606663723613e-12
-2.753520935566688976e-12
-2.647837244601491946e-12
-2.546209987644432182e-12
-2.448483473263540766e-12
-2.354508081559014698e-12
-2.264139396801478910e-12
-2.177239074793724249e-12
-2.093674192349403995e-12
-2.013316379931295863e-12
-1.936042689013039997e-12
-1.861734724717400979e-12
-1.790278537396050584e-12
-1.721565381571088515e-12
-1.655489222270045691e-12
-1.591949337111098206e-12
-1.530848798420025858e-12
-1.472092955347170662e-12
-1.415592252793085315e-12
-1.361260279844622723e-12
-1.309013010833415258e-12
-1.258771407421088728e-12
-1.210458165992744917e-12
-1.163999343960220312e-12
-1.119323817660999865e-12
-1.076362957097565243e-12
-1.035050951198046576e-12
-9.953246993960052080e-13
-9.571226190080439622e-13
-9.203869220583693611e-13
-8.850610674036862857e-13
-8.510913328263480793e-13
-8.184255139917495647e-13
-7.870133039190874147e-13
-7.568068892925550184e-13
-7.277597578389527477e-13
-6.998272404287741999e-13
-6.729666737065320703e-13
-6.471373458806495282e-13
-6.222994125212877314e-13
-5.984147639220838144e-13
-5.754468082597163914e-13
-5.533605258040141806e-13
-5.321218183966525128e-13
-5.116983226027826959e-13
-4.920585423492940258e-13
-4.731726620764431512e-13
-4.550117877963333335e-13
-4.375479199878601344e-13
-4.207543059624174742e-13
-4.046052501285174463e-13
-3.890760597816816935e-13
-3.741428282640069103e-13
-3.597827602248165890e-13
-3.459738734650635861e-13
-3.326949176221671856e-13
-3.199256994306648449e-13
-3.076466219362888888e-13
-2.958386573909121964e-13
-2.844839706687973813e-13
-2.735651061149674268e-13
-2.630652857008031198e-13
-2.529684903392059869e-13
-2.432592159391094855e-13
-2.339226360358048762e-13
-2.249444120555610382e-13
-2.163107746307874057e-13
-2.080084964949796555e-13
-2.000248382726110830e-13
-1.923476297942955382e-13
-1.849651074664615535e-13
-1.778659278238794994e-13
-1.710392217397702086e-13
-1.644745402156963521e-13
-1.581618272765081268e-13
-1.520913793127617875e-13
-1.462538450807196466e-13
-1.406404560953117278e-13
-1.352424845290495226e-13
-1.300516904454221412e-13
-1.250601591685704395e-13
-1.202602335206512385e-13
-1.156444867167830126e-13
-1.112059188766896523e-13
-1.069376995266844987e-13
-1.028332895724147489e-13
-9.888643452259787692e-14
-9.509102218748649582e-14
-9.144131984809358848e-14
-8.793168287685865225e-14
-8.455677157808219602e-14
-8.131138178133628935e-14
-7.819054648541823305e-14
-7.518949520076909088e-14
-7.230362684441937748e-14
-6.952853684504337051e-14
-6.685990194647828400e-14
-6.429373770574023372e-14
-6.182606645610891349e-14
-5.945312059503493618e-14
-5.717122061139542910e-14
-5.497693432768811783e-14
-5.286685667146504009e-14
-5.083776552939484050e-14
-4.888655059649520129e-14
-4.701019982360568616e-14
-4.520588750881425477e-14
-4.347082521965854596e-14
-4.180237360147491532e-14
-4.019794412157655372e-14
-3.865509054881179074e-14
-3.717146490785083746e-14
-3.574478020973610726e-14
-3.437284433320010602e-14
-3.305357696532437717e-14
-3.178494183890372138e-14
-3.056500094255482081e-14
-2.939187725126655992e-14
-2.826378352552023215e-14
-2.717898334777396618e-14
-2.613581992158293260e-14
-2.513269404874271529e-14
-2.416807090555288945e-14
-2.324047157248754908e-14
-2.234847472826120146e-14
-2.149071326169697815e-14
-2.066587765985842401e-14
-1.987269567925876307e-14
-1.910995775684931619e-14
-1.837650006936055597e-14
-1.767118589857726713e-14
-1.699294459485412023e-14
-1.634073600173188701e-14
-1.571355892626691286e-14
-1.511045622122880044e-14
-1.453049953850735904e-14
-1.397279864647502437e-14
-1.343650735921748940e-14
-1.292079812554528667e-14
-1.242488320481746969e-14
-1.194800280848035134e-14
-1.148942340600160941e-14
-1.104844450113386459e-14
-1.062439100861815519e-14
-1.021661494824983168e-14
-9.824489515647925886e-15
-9.447411623353992732e-15
-9.084810371161582826e-15
-8.736122482160772057e-15
-8.400821948891315505e-15
-8.078386152024757266e-15
-7.768328047616426119e-15
-7.470169909084070636e-15
-7.183456032702068006e-15
-6.907743843755477856e-15
-6.642616178517777442e-15
-6.387663073042495684e-15
-6.142496586239790113e-15
-5.906741482514027072e-15
-5.680033114181413587e-15
-5.462027585865364410e-15
-5.252386507903451449e-15
-5.050793937006348849e-15
-4.856938588565940657e-15
-4.670523577534214238e-15
-4.491263453807944894e-15
-4.318883355195748605e-15
-4.153119854451029283e-15
-3.993717994656663384e-15
-3.840433406807368041e-15
-3.693032733326174696e-15
-3.551289181141456010e-15
-3.414984427511057186e-15
-3.283912643428795429e-15
-3.157872023294987403e-15
-3.036669020081185499e-15
-2.920118557088414654e-15
-2.808040428057146515e-15
-2.700264379364982967e-15
-2.596623757279551727e-15
-2.496962495980321189e-15
-2.401125588437943818e-15
-2.308967344985491874e-15
-2.220346311120773887e-15
-2.135126961572229171e-15
-2.053178217991270121e-15
-1.974374931259939916e-15
-1.898595128633833937e-15
-1.825724884181546478e-15
-1.755651542521092720e-15
-1.688267318709934552e-15
-1.623469721761454203e-15
-1.561159013546112480e-15
-1.501239902857343274e-15
-1.443620592499487900e-15
-1.388212567529558284e-15
-1.334931442290184216e-15
-1.283694525189889996e-15
-1.234424736230475481e-15
-1.187045842446687784e-15
-1.141485316642418257e-15
-1.097673490357755233e-15
-1.055543342110747216e-15
-1.015030179760047658e-15
-9.760720640213885885e-16
-9.386087496763965456e-16
-9.025839090340791182e-16
-8.679419026177135395e-16
-8.346292614725043819e-16
-8.025951636216163872e-16
-7.717905340936680094e-16
-7.421682037414090247e-16
-7.136828563021613281e-16
-6.862908695791413230e-16
-6.599502625019007182e-16
-6.346205892472081209e-16
-6.102631509972858501e-16
-5.868403077255402930e-16
-5.643166428668643791e-16
-5.426574810099798855e-16
-5.218294702325886741e-16
-5.018010585574055223e-16
-4.825412763422964445e-16
-4.640208480110219642e-16
-4.462111862016122487e-16
-4.290851858597551603e-16
-4.126163242662897988e-16
-3.967795874794925607e-16
-3.815506762416890881e-16
-3.669062177374910827e-16
-3.528239508822535175e-16
-3.392821439869233993e-16
-3.262601506234114046e-16
-3.137378537592202437e-16
-3.016962216228162965e-16
-2.901167253684783752e-16
-2.789816831834325463e-16
-2.682740220598357154e-16
-2.579772248552164235e-16
-2.480758067485076780e-16
-2.385544682070996981e-16
-2.293983861544155334e-16
-2.205938360097317043e-16
-2.121271858365533368e-16
-2.039854786777654003e-16
-1.961562737369550971e-16
-1.886275007946240537e-16
-1.813876984362047351e-16
-1.744257890589338313e-16
-1.677311053416318583e-16
-1.612934299493725613e-16
-1.551027837752461005e-16
-1.491497171079346701e-16
-1.434251905177042906e-16
-1.379203763330577961e-16
-1.326268042245226436e-16
-1.275364009093203155e-16
-1.226413842722479130e-16
-1.179343030703475584e-16
-1.134078119397797808e-16
-1.090550882948522428e-16
-1.048694286638808147e-16
-1.008444075078671846e-16
-9.697386398560905747e-17
-9.325186224903075287e-17
-8.967275761763220891e-17
-8.623099143769706923e-17
-8.292134916264379957e-17
-7.973873535989907326e-17
-7.667827959001617807e-17
-7.373527684967091239e-17
-7.090523389377588817e-17
-6.818380967847642712e-17
-6.556684844837506283e-17
-6.305030694463763610e-17
-6.063035366666680130e-17
-5.830329608020812173e-17
-5.606554091268066702e-17
-5.391367025379336807e-17
-5.184439192470826382e-17
-4.985454278676295151e-17
-4.794106227169098492e-17
-4.610103208629127698e-17
-4.433161665542399590e-17
-4.263011606156976861e-17
-4.099391972271537775e-17
-3.942051631852111233e-17
-3.790750702521056856e-17
-3.645257904579104818e-17
-3.505348244899640696e-17
-3.370808641756870829e-17
-3.241433292614392025e-17
-3.117023674125191557e-17
-2.997388542131647164e-17
-2.882345255154507139e-17
-2.771717458287175175e-17
-2.665334752323465350e-17
-2.563036167916174843e-17
-2.464663713568306027e-17
-2.370066842408374250e-17
-2.279101459573672775e-17
-2.191626778923945078e-17
-2.107509458944447608e-17
-2.026620624895744606e-17
-1.948836365122075628e-17
-1.874037731051355547e-17
-1.802110075450684515e-17
-1.732942886990225447e-17
-1.666430451987694066e-17
-1.602471358099991371e-17
-1.540966509089733509e-17
-1.481822102675456966e-17
-1.424947976170393463e-17
-1.370256200275428614e-17
-1.317663891493184604e-17
-1.267090151559753747e-17
-1.218457473651739825e-17
-1.171691907822380597e-17
-1.126720910331955163e-17
-1.083475990625744131e-17
-1.041891056972804515e-17
-1.001901672003418435e-17
-9.634474515328695184e-18
-9.264690867112377140e-18
-8.909101638207469050e-18
-8.567160062229073363e-18
-8.238343361030056567e-18
-7.922146127256148761e-18
-7.618086941790844083e-18
-7.325692657323762202e-18
-7.044522386588412353e-18
-6.774143100534123026e-18
-6.514143276806149091e-18
-6.264123387168627434e-18
-6.023698379046414623e-18
-5.792502638608762217e-18
-5.570179237421353586e-18
-5.356387377071816883e-18
-5.150800734808499938e-18
-4.953105809179245153e-18
-4.762999438489551844e-18
-4.580189214392882516e-18
-4.404395963432500521e-18
-4.235350438319019850e-18
-4.072792077159486298e-18
-3.916473139360440234e-18
-3.766152915363628727e-18
-3.621602276139374588e-18
-3.482601605235044988e-18
-3.348935422101069863e-18
-3.220399206330995478e-18
-3.096796502529340488e-18
-2.977937679540677112e-18
-2.863640964425396822e-18
-2.753730788098485237e-18
-2.648039439690747232e-18
-2.546403964621509860e-18
-2.448670093706531981e-18
-2.354687486869482083e-18
-2.264311387503163385e-18
-2.177403863240432671e-18
-2.093831944797822041e-18
-2.013467832770692052e-18
-1.936188277247772303e-18
-1.861874784606314573e-18
-1.790413410716939683e-18
-1.721695381329096909e-18
-1.655614713926802894e-18
-1.592070285680173032e-18
-1.530964385879349495e-18
-1.472204060102996637e-18
-1.415698938869193040e-18
-1.361362891996656620e-18
-1.309112064050789813e-18
-1.258866942295210960e-18
-1.210550185342646354e-18
-1.164087760528272496e-18
-1.119408013331526983e-18
-1.076443942122793018e-18
-1.035128648670030376e-18
-9.953988536563787493e-19
-9.571942762946983366e-19
-9.204562901590744420e-19
-8.851280265823940447e-19
-8.511558222224177673e-19
-8.184873579054016305e-19
-7.870727443006510301e-19
-7.568640049326378902e-19
-7.278145074943295341e-19
-6.998800495217426594e-19
-6.730177727193893621e-19
-6.471865765505834139e-19
-6.223468597434988385e-19
-5.984603651948050583e-19
-5.754906452587614556e-19
-5.534025964581228113e-19
-5.321624077853510204e-19
-5.117370954135205308e-19
-4.920960019611785961e-19
-4.732087285408138923e-19
-4.550465306261402019e-19
-4.375811806787541528e-19
-4.207863640154189017e-19
-4.046361019950214551e-19
-3.891056825967617914e-19
-3.741713502274231533e-19
-3.598100213780364827e-19
-3.460000601057046897e-19
-3.327200889614721069e-19
-3.199499712673018966e-19
-3.076698805378869282e-19
-2.958610501130799051e-19
-2.845056180615285104e-19
-2.735859033976394229e-19
-2.630853366597674399e-19
-2.529878395247560620e-19
-2.432778506573316352e-19
-2.339405583546506319e-19
-2.249616420523582279e-19
-2.163273498727707291e-19
-2.080244340013902158e-19
-2.000401894609957565e-19
-1.923624024128551227e-19
-1.849792596838452917e-19
-1.778795684863026551e-19
-1.710523557524138144e-19
-1.644871524775511451e-19
-1.581739549461815842e-19
-1.521030437861076336e-19
-1.462651519895292850e-19
-1.406513485907703802e-19
-1.352529611180961833e-19
-1.300617953135635910e-19
-1.250698895637767804e-19
-1.202695536739784226e-19
-1.156534722656262516e-19
-1.112145755294223534e-19
-1.069459939888734165e-19
-1.028412976071865482e-19
-9.889412097105421159e-20
-9.509845409633832599e-20
-9.144847440700834238e-20
-8.793856612218684998e-20
-8.456337195493786082e-20
-8.131771556408438291e-20
-7.819665325299670479e-20
-7.519537057201582643e-20
-7.230926632898442159e-20
-6.953397197629244462e-20
-6.686515774042106324e-20
-6.429880404058115260e-20
-6.183093007007480124e-20
-5.945778766675137826e-20
-5.717571267899121518e-20
-5.498124128797924618e-20
-5.287097752956002896e-20
-5.084172577238272388e-20
-4.889034854623331146e-20
-4.701387640195969704e-20
-4.520943359446355173e-20
-4.347424454504884799e-20
-4.180565322846746634e-20
-4.020109086117651748e-20
-3.865812113777809134e-20
-3.717437883870816909e-20
-3.574758275493369433e-20
-3.437555507499817981e-20
-3.305617937975622617e-20
-3.178744264763900320e-20
-3.056740294291157194e-20
-2.939418295332434917e-20
-2.826599260833298184e-20
-2.718110969205274040e-20
-2.613785076269010874e-20
-2.513464385396380933e-20
-2.416994446457384080e-20
-2.324227110111842362e-20
-2.235021174044253563e-20
-2.149238020878529693e-20
-2.066747434291679008e-20
-1.987422429134977547e-20
-1.911142967284377087e-20
-1.837790464644249908e-20
-1.767253930378497587e-20
-1.699424635473009150e-20
-1.634198536116361911e-20
-1.571476273699821473e-20
-1.511161074554067668e-20
-1.453160203977615059e-20
-1.397386258706520054e-20
-1.343752885608476092e-20
-1.292178012857081427e-20
-1.242582719020845405e-20
-1.194890909945761681e-20
-1.149029641872735005e-20
-1.104928636761441046e-20
-1.062519959172899619e-20
-1.021739227959825103e-20
-9.825231928859256011e-21
-9.448128042414573378e-21
-9.085495777721733999e-21
-8.736780988393812699e-21
-8.401451338470191857e-21
-8.078993071242293615e-21
-7.768910201460012936e-21
-7.470729362093119278e-21
-7.183990918602020188e-21
-6.908261085841265493e-21
-6.643114964394641432e-21
-6.388144618510840114e-21
-6.142959883897026470e-21
-5.907185540441353934e-21
-5.680459696625830559e-21
-5.462436616803803319e-21
-5.252781874438556442e-21
-5.051173563793661819e-21
-4.857303915520112904e-21
-4.670874853791706506e-21
-4.491600823582527104e-21
-4.319206367286246002e-21
-4.153430163683956068e-21
-3.994015334421368373e-21
-3.840720349221965969e-21
-3.693308928467417058e-21
-3.551555697752543618e-21
-3.415242552814270144e-21
-3.284162698499458378e-21
-3.158112166932454377e-21
-3.036899712986283599e-21
-2.920339544140548392e-21
-2.808252936068561884e-21
-2.700468838482523192e-21
-2.596821653701208320e-21
-2.497153256133887529e-21
-2.401309155260882335e-21
-2.309143746291750664e-21
-2.220515867300668648e-21
-2.135289607019997569e-21
-2.053334910685459071e-21
-1.974524550810259107e-21
-1.898740185636840044e-21
-1.825864887046386401e-21
-1.755785967836309169e-21
-1.688396698281575564e-21
-1.623594084702399931e-21
-1.561278566541656137e-21
-1.501354824158444517e-21
-1.443730769086133191e-21
-1.388318048903337404e-21
-1.335032451130703005e-21
-1.283792287643772546e-21
-1.234519101492356367e-21
-1.187136758132769778e-21
-1.141572657118183477e-21
-1.097757934047015292e-21
-1.055624633285445865e-21
-1.015108535244902962e-21
-9.761472378723399808e-22
-9.386813683405863675e-22
-9.026538762289765382e-22
-8.680087208588035924e-22
-8.346935471095098218e-22
-8.026570600895941355e-22
-7.718501358527666105e-22
-7.422254175011650191e-22
-7.137377695692362359e-22
-6.863437226656589623e-22
-6.600008676281685166e-22
-6.346692691622989904e-22
-6.103100017155431580e-22
-5.868856038612338841e-22
-5.643602802469358599e-22
-5.426995481847600647e-22
-5.218700357029720288e-22
-5.018401883653629116e-22
-4.825789566067032142e-22
-4.640569569359952644e-22
-4.462459165783959409e-22
-4.291184210397270033e-22
-4.126482927597095975e-22
-3.968102881893766511e-22
-3.815802492523666759e-22
-3.669347246916892615e-22
-3.528513739665085490e-22
-3.393084623811638891e-22
-3.262854164432471177e-22
-3.137621675313294123e-22
-3.017195557917447650e-22
-2.901391534337472129e-22
-2.790033152166087724e-22
-2.682948502834828674e-22
-2.579973503275409006e-22
-2.480951391048743202e-22
-2.385729695119070144e-22
-2.294162507773360155e-22
-2.206109727314845981e-22
-2.121436805627533129e-22
-2.040012854910027327e-22
-1.961714812861114097e-22
-1.886421762881241164e-22
-1.814018468169373841e-22
-1.744394740634270857e-22
-1.677442790321842814e-22
-1.613060507076517903e-22
-1.551149188621834872e-22
-1.491614171649167200e-22
-1.434364200728998919e-22
-1.379311806964159124e-22
-1.326372172030118451e-22
-1.275464390352437435e-22
-1.226510964235787161e-22
-1.179435910597776744e-22
-1.134167537759339696e-22
-1.090636804614051076e-22
-1.048776500212786052e-22
-1.008523010812147603e-22
-9.698145528260388194e-23
-9.325916776966422448e-23
-8.967977767653992197e-23
-8.623776297689442735e-23
-8.292785407988086425e-23
-7.974498965393133466e-23
-7.668426613965898477e-23
-7.374101979139214795e-23
-7.091075094652744357e-23
-6.818910509286805162e-23
-6.557194228838337225e-23
-6.305521725435143209e-23
-6.063508666044199440e-23
-5.830785232673138305e-23
-5.606991073660454847e-23
-5.391787294361266119e-23
-5.184841626562293031e-23
-4.985841365800705975e-23
-4.794479171867830842e-23
-4.610460957418201242e-23
-4.433506519058282669e-23
-4.263343226459230743e-23
-4.099709808889236264e-23
-3.942356986302249393e-23
-3.791043367261272500e-23
-3.645538288837618961e-23
-3.505618345622930185e-23
-3.371067705273537704e-23
-3.241682526131532409e-23
-3.117262753071350250e-23
-2.997618112842651920e-23
-2.882565274171064056e-23
-2.771927847758179238e-23
-2.665537964003366437e-23
-2.563232013154882814e-23
-2.464852065259503122e-23
-2.370248078973054325e-23
-2.279275219433337846e-23
-2.191793700487948521e-23
-2.107669889099541911e-23
-2.026775200940566990e-23
-1.948984680443636750e-23
-1.874180471789511173e-23
-1.802247401286027991e-23
-1.733074397317732084e-23
-1.666556856928591148e-23
-1.602592070428745406e-23
-1.541082376838128497e-23
-1.481933586164657031e-23
-1.425055137176411638e-23
-1.370359308540731740e-23
-1.317763348748659654e-23
-1.267186162899138659e-23
-1.218550048193004485e-23
-1.171780378388623226e-23
-1.126806077118434467e-23
-1.083557803508869282e-23
-1.041969608788251195e-23
-1.001977516337166780e-23
-9.635205472076424546e-24
-9.265394579456961201e-24
-8.909776872244234300e-24
-8.567804880970020461e-24
-8.238962690602305143e-24
-7.922741485857220793e-24
-7.618654539556246046e-24
-7.326241945791637053e-24
-7.045054053847417837e-24
-6.774655412503906400e-24
-6.514636997381745646e-24
-6.264596883849725471e-24
-6.024153263229718904e-24
-5.792939709631250786e-24
-5.570597685772898166e-24
-5.356791531339489505e-24
-5.151191502472642419e-24
-4.953482054810268504e-24
-4.763362632347478554e-24
-4.580538201105719910e-24
-4.404731476476807388e-24
-4.235672668031155400e-24
-4.073102240530946235e-24
-3.916770125069224831e-24
-3.766439268943972274e-24
-3.621878930340411419e-24
-3.482867439344175161e-24
-3.349190225789043384e-24
-3.220644552422374289e-24
-3.097032415156957403e-24
-2.978164684590765986e-24
-2.863859133854693986e-24
-2.753939452536424506e-24
-2.648239782630634829e-24
-2.546596632714717900e-24
-2.448855583266476706e-24
-2.354865764637787728e-24
-2.264482420852542911e-24
-2.177569276189365325e-24
-2.093991435433462176e-24
-2.013621300333413967e-24
-1.936336400233685136e-24
-1.862017222707134698e-24
-1.790550763429089744e-24
-1.721827370733724553e-24
-1.655741534474965815e-24
-1.592192181849332088e-24
-1.531081789927415425e-24
-1.472316977299560287e-24
-1.415807616607345175e-24
-1.361467327581648387e-24
-1.309212688181742802e-24
-1.258963431810522181e-24
-1.210643038960180087e-24
-1.164176962275173134e-24
-1.119494598704484041e-24
-1.076527317349358581e-24
-1.035208853893758188e-24
-9.954761980728783334e-25
-9.572688048122433055e-25
-9.205276081515746807e-25
-8.851967961818280723e-25
-8.512221347157695359e-25
-8.185509179841689925e-25
-7.871339900918698579e-25
-7.569228360932010399e-25
-7.278712583214005329e-25
-6.999348833505496550e-25
-6.730704224384744032e-25
-6.472371506409427428e-25
-6.223952797860475890e-25
-5.985070924617580621e-25
-5.755356601169485036e-25
-5.534458291375300021e-25
-5.322039743274175119e-25
-5.117773086552377849e-25
-4.921347214190411672e-25
-4.732459893853963790e-25
-4.550822205236497006e-25
-4.376155581830855151e-25
-4.208193290043460370e-25
-4.046676731408819900e-25
-3.891360126451150820e-25
-3.742004351708558010e-25
-3.598381623594658903e-25
-3.460272047132123143e-25
-3.327462629876541056e-25
-3.199750733182883994e-25
-3.076939881381945350e-25
-2.958842720008735133e-25
-2.845279043650216918e-25
-2.736074070312077675e-25
-2.631060413570990821e-25
-2.530077096498484692e-25
-2.432970044699008309e-25
-2.339589621119602563e-25
-2.249792844721196145e-25
-2.163442650921506903e-25
-2.080406905518910319e-25
-2.000557418616307978e-25
-1.923773272628071471e-25
-1.849936384937450529e-25
-1.778933603308352513e-25
-1.710656336106793093e-25
-1.644999196446215399e-25
-1.581861851080236633e-25
-1.521147418028934341e-25
-1.462764068952560139e-25
-1.406621208106530051e-25
-1.352633293386434174e-25
-1.300717617656740743e-25
-1.250794555269829011e-25
-1.202787808585022133e-25
-1.156623175373422759e-25
-1.112230151191626761e-25
-1.069541313084141029e-25
-1.028490963728702627e-25
-9.890163640314431967e-26
-9.510567470507574310e-26
-9.145541191841599418e-26
-8.794524589814283933e-26
-8.456980252933946040e-26
-8.132390491231534451e-26
-7.820260417748539420e-26
-7.520105622585348671e-26
-7.231474359614206734e-26
-6.953921045683180177e-26
-6.687019819162966096e-26
-6.430362074756563293e-26
-6.183557079796854487e-26
-5.946223962378037658e-26
-5.717999723224194700e-26
-5.498533689011051584e-26
-5.287493675341800401e-26
-5.084554893390619686e-26
-4.889403339539376546e-26
-4.701742266502239794e-26
-4.521283555159529101e-26
-4.347750796045626009e-26
-4.180878673051391734e-26
-4.020411422680211651e-26
-3.866102834047995295e-26
-3.717717789627131872e-26
-3.575027643014623730e-26
-3.437813608568788480e-26
-3.305864912516512381e-26
-3.178981874441161365e-26
-3.056967895414012384e-26
-2.939637778011613160e-26
-2.826811255191169049e-26
-2.718314839183289647e-26
-2.613983054087153205e-26
-2.513655662531386703e-26
-2.417178281971648061e-26
-2.324403925434581645e-26
-2.235190382253093902e-26
-2.149400526215144460e-26
-2.066904010382097192e-26
-1.987573723377622539e-26
-1.911288870875608535e-26
-1.837931123740272027e-26
-1.767388932109234107e-26
-1.699554443905609090e-26
-1.634323196689213412e-26
-1.571596120623707793e-26
-1.511275686616708464e-26
-1.453271298923631450e-26
-1.397493286246266080e-26
-1.343855983220686010e-26
-1.292276960045271467e-26
-1.242678023964280330e-26
-1.194982445928728209e-26
-1.149117656898310595e-26
-1.105013013762667364e-26
-1.062600723787756084e-26
-1.021816614987829774e-26
-9.825980561210969598e-27
-9.448850352104905357e-27
-9.086191580600966807e-27
-8.737450349247148178e-27
-8.402097412494731858e-27
-8.079615080374666557e-27
-7.769509544449211389e-27
-7.471305485208091584e-27
-7.184546072068498488e-27
-6.908796044863000588e-27
-6.643627076771966162e-27
-6.388636648437018277e-27
-6.143433410893457448e-27
-5.907641037430150407e-27
-5.680897838403541233e-27
-5.462857146423640223e-27
-5.253186160796057263e-27
-5.051561710476124173e-27
-4.857676417044716753e-27
-4.671234072476388244e-27
-4.491946942837447194e-27
-4.319540775703812860e-27
-4.153752103859093068e-27
-3.994326319364639826e-27
-3.841019599489493710e-27
-3.693596980780439477e-27
-3.551831973876017188e-27
-3.415508489436466595e-27
-3.284416601097849490e-27
-3.158356589924932916e-27
-3.037134707365311517e-27
-2.920566064144324118e-27
-2.808470970998159391e-27
-2.700678790533744626e-27
-2.597023314996879206e-27
-2.497346425539128937e-27
-2.401495203322909473e-27
-2.309322699893464068e-27
-2.220687937178863577e-27
-2.135455329711023139e-27
-2.053494106846718859e-27
-1.974678312767587812e-27
-1.898888154631089113e-27
-1.826006728489598457e-27
-1.755922330406341383e-27
-1.688527878676409961e-27
-1.623720336047779474e-27
-1.561399554163341787e-27
-1.501471258752319143e-27
-1.443842908880883736e-27
-1.388426489550577070e-27
-1.335137259843846106e-27
-1.283892982552065508e-27
-1.234615657512487595e-27
-1.187229691974795167e-27
-1.141662285787090386e-27
-1.097843912878380873e-27
-1.055707454590104733e-27
-1.015188103379633336e-27
-9.762240368957518518e-28
-9.387556476066814944e-28
-9.027250613175934280e-28
-8.680771964320781775e-28
-8.347592824696595328e-28
-8.027201378420654030e-28
-7.719105068909680846e-28
-7.422835895187189677e-28
-7.137936448891388555e-28
-6.863974358749762545e-28
-6.600527364622004746e-28
-6.347190539737307742e-28
-6.103579179589280182e-28
-5.869314838943849975e-28
-5.644042665208763772e-28
-5.427417435441490161e-28
-5.219106926726622344e-28
-5.018791434693392039e-28
-4.826164736480641677e-28
-4.640931201841907817e-28
-4.462807719075365535e-28
-4.291518880198967456e-28
-4.126804684670221303e-28
-3.968410909736467961e-28
-3.816098740084603414e-28
-3.669632490037683273e-28
-3.528787548015943376e-28
-3.393348932089341498e-28
-3.263107919600154674e-28
-3.137865176799138823e-28
-3.017429555139313513e-28
-2.901615683863531472e-28
-2.790248062605610414e-28
-2.683155042859256826e-28
-2.580171957614225598e-28
-2.481141843580049173e-28
-2.385912552291120957e-28
-2.294338435295396667e-28
-2.206278418224449937e-28
-2.121597926723416709e-28
-2.040168645709752183e-28
-1.961864787883963569e-28
-1.886565982624526664e-28
-1.814157275987885854e-28
-1.744527806631617350e-28
-1.677570805814429184e-28
-1.613183356654918164e-28
-1.551267597837785112e-28
-1.491727834718918288e-28
-1.434473548590931492e-28
-1.379416989270733581e-28
-1.326472934358285419e-28
-1.275561096649030363e-28
-1.226603355609599207e-28
-1.179524599972160847e-28
-1.134252848105043812e-28
-1.090718766530250160e-28
-1.048855429182212435e-28
-1.008598919260901286e-28
-9.698879681199608942e-29
-9.326624506339399197e-29
-8.968655518694789395e-29
-8.624428643056490142e-29
-8.293411239424256843e-29
-7.975100760453225953e-29
-7.669006094007578728e-29
-7.374661405782016504e-29
-7.091613500386500661e-29
-6.819429043583544070e-29
-6.557686738197812024e-29
-6.305995981562458485e-29
-6.063963763598206935e-29
-5.831219944643870450e-29
-5.607411236925275497e-29
-5.392192778611755238e-29
-5.185234152347225736e-29
-4.986218482470524530e-29
-4.794841532235749198e-29
-4.610809296399826876e-29
-4.433841311414606173e-29
-4.263663734116119529e-29
-4.100019272300858961e-29
-3.942655448590177456e-29
-3.791331220814472799e-29
-3.645816380160079952e-29
-3.505884930785087226e-29
-3.371324719469058214e-29
-3.241929009669525100e-29
-3.117500092640634381e-29
-2.997845676314501143e-29
-2.882784001052623842e-29
-2.772139325747577143e-29
-2.665741626896458108e-29
-2.563426899527440014e-29
-2.465039715075479734e-29
-2.370428707484010583e-29
-2.279448830154095898e-29
-2.191960904554598320e-29
-2.107829664199580027e-29
-2.026928569473163701e-29
-1.949132284465687266e-29
-1.874322394578226290e-29
-1.802383795403948252e-29
-1.733205595507773982e-29
-1.666683222912254329e-29
-1.602714061662539912e-29
-1.541199708775534693e-29
-1.482046877019557417e-29
-1.425163934258972786e-29
-1.370464364109560277e-29
-1.317864358526083666e-29
-1.267283269192121737e-29
-1.218643381825152927e-29
-1.171870292334747589e-29
-1.126892455432737274e-29
-1.083640958938299378e-29
-1.042049448546318683e-29
-1.002054428753941173e-29
-9.635943600809125990e-30
-9.266105618492399131e-30
-8.910460084769760243e-30
-8.568467588793503994e-30
-8.239600756778077473e-30
-7.923355536745848083e-30
-7.619246684628796385e-30
-7.326812278166823251e-30
-7.045599422896443871e-30
-6.775181555427631853e-30
-6.515144149432513226e-30
-6.265083587170789649e-30
-6.024621829659236674e-30
-5.793389865711244170e-30
-5.571032601993315738e-30
-5.357210367657837772e-30
-5.151594400444772294e-30
-4.953869479789002799e-30
-4.763733550662141992e-30
-4.580895842781570472e-30
-4.405075742135859942e-30
-4.236003167142965475e-30
-4.073420825599379087e-30
-3.917077443832669006e-30
-3.766735289865324934e-30
-3.622163778725489569e-30
-3.483140600921535402e-30
-3.349453227074833762e-30
-3.220897027128793506e-30
-3.097273953795188094e-30
-2.978396868373366619e-30
-2.864082017586408540e-30
-2.754154864033103765e-30
-2.648447265001510672e-30
-2.546796908231667722e-30
-2.449047876152881845e-30
-2.355050269725536184e-30
-2.264660020361993958e-30
-2.177739830322079125e-30
-2.094155599210249879e-30
-2.013779621320232885e-30
-1.936488328685869705e-30
-1.862163983792981979e-30
-1.790691670313833320e-30
-1.721962490451763551e-30
-1.655871307992035126e-30
-1.592316560222737001e-30
-1.531200822172073024e-30
-1.472431276806102266e-30
-1.415917552119133511e-30
-1.361572849608302042e-30
-1.309314226392213836e-30
-1.259061184617724585e-30
-1.210736705894968411e-30
-1.164266593020521412e-30
-1.119580692491526515e-30
-1.076609791200607301e-30
-1.035288061464117725e-30
-9.955524967848537097e-31
-9.573420654961205636e-31
-9.205982749990213691e-31
-8.852644194460724591e-31
-8.512867082157802058e-31
-8.186131374380642312e-31
-7.871937721129016044e-31
-7.569803699521345788e-31
-7.279265694585667234e-31
-6.999879369457369557e-31
-6.731215903797272787e-31
-6.472863874582589123e-31
-6.224426905118221289e-31
-5.985526016025464181e-31
-5.755792102078159600e-31
-5.534877216948464148e-31
-5.322441877867860350e-31
-5.118158357011338951e-31
-4.921716323870282867e-31
-4.732814381693141265e-31
-4.551163358869611860e-31
-4.376483017546458621e-31
-4.208506755604915052e-31
-4.046978785474242223e-31
-3.891652723538507783e-31
-3.742286182862572176e-31
-3.598652763234467030e-31
-3.460532177012848248e-31
-3.327712129917957324e-31
-3.199990436921452826e-31
-3.077171025565617596e-31
-2.959065581655449903e-31
-2.845493079060923116e-31
-2.736280014815855864e-31
-2.631258293228080560e-31
-2.530266401373794222e-31
-2.433151760086260117e-31
-2.339763906088572993e-31
-2.249960839663153516e-31
-2.163604792872085315e-31
-2.080563169952595637e-31
-2.000708782415925508e-31
-1.923919731497894659e-31
-1.850077174719634956e-31
-1.779068734821207788e-31
-1.710785913674032258e-31
-1.645123504533709771e-31
-1.581981707929855515e-31
-1.521263310479656487e-31
-1.462875683228267891e-31
-1.406728783308416739e-31
-1.352736682083057923e-31
-1.300817094947633882e-31
-1.250889970736853618e-31
-1.202879372515654011e-31
-1.156711009041063094e-31
-1.112315055948642021e-31
-1.069623217016608019e-31
-1.028570017209620286e-31
-9.890922149316045821e-32
-9.511297424212338892e-32
-9.146241776092723395e-32
-8.795198020634909565e-32
-8.457627193679045383e-32
-8.133009138974891988e-32
-7.820853087630981073e-32
-7.520678850205001735e-32
-7.232027396152957870e-32
-6.954453800863063243e-32
-6.687531947633144774e-32
-6.430856878659344185e-32
-6.184033040092609777e-32
-5.946682510499152184e-32
-5.718440886630216496e-32
-5.498959046663608495e-32
-5.287903737950870063e-32
-5.084946997568121779e-32
-4.889779964374685090e-32
-4.702104650552626544e-32
-4.521632178365231566e-32
-4.348086012766469210e-32
-4.181201079780229053e-32
-4.020720533890856423e-32
-3.866400166146967991e-32
-3.718003114436873066e-32
-3.575302214477275241e-32
-3.438078530445333864e-32
-3.306121061105076335e-32
-3.179228503048924338e-32
-3.057205724214641372e-32
-2.939866408747622105e-32
-2.827031587632953844e-32
-2.718526406085951773e-32
-2.614186001023913067e-32
-2.513850505215125894e-32
-2.417365635026044830e-32
-2.324583718978847824e-32
-2.235363550814642350e-32
-2.149567450757588346e-32
-2.067064791997950686e-32
-1.987728180335459005e-32
-1.911436833725566312e-32
-1.838073496606778085e-32
-1.767525909268590794e-32
-1.699685926230728790e-32
-1.634449810116732006e-32
-1.571717937780368253e-32
-1.511393184000900838e-32
-1.453384594902934889e-32
-1.397601951295044794e-32
-1.343960176773589789e-32
-1.292377427544393875e-32
-1.242774504675570397e-32
-1.195075074502712836e-32
-1.149206697186451766e-32
-1.105098696128943998e-32
-1.062683700810208030e-32
-1.021896838635757856e-32
-9.826751471894275587e-33
-9.449588966645159793e-33
-9.086901939642451205e-33
-8.738134969805386293e-33
-8.402755411256248708e-33
-8.080248985216553699e-33
-7.770118310639109586e-33
-7.471893189783587453e-33
-7.185114445169197346e-33
-6.909341266414380904e-33
-6.644151210236811370e-33
-6.389139465769424318e-33
-6.143917017850494498e-33
-5.908103667525927824e-33
-5.681343093070631293e-33
-5.463284482889281377e-33
-5.253596861853724675e-33
-5.051958438385423588e-33
-4.858058073823394839e-33
-4.671600425211994331e-33
-4.492297863777255234e-33
-4.319877821766580630e-33
-4.154075445609050873e-33
-3.994636534651300643e-33
-3.841318275841488211e-33
-3.693883733599525960e-33
-3.552108829314788392e-33
-3.415775361848404118e-33
-3.284673211585163657e-33
-3.158602911827411849e-33
-3.037370689678255335e-33
-2.920792874145378131e-33
-2.808689467656310575e-33
-2.700888554162244907e-33
-2.597225380783073692e-33
-2.497540704768458971e-33
-2.401681711852793849e-33
-2.309501832584210170e-33
-2.220859272956639997e-33
-2.135619953145692662e-33
-2.053652364720869922e-33
-1.974830325710450697e-33
-1.899034082627444967e-33
-1.826146637049747450e-33
-1.756057051697999293e-33
-1.688656960686734068e-33
-1.623843691931247138e-33
-1.561518797779657138e-33
-1.501585942796494336e-33
-1.443953199650104581e-33
-1.388532589935168519e-33
-1.335239073982243849e-33
-1.283990918199749959e-33
-1.234709786909464083e-33
-1.187320191333544352e-33
-1.141749397759033637e-33
-1.097927519373355707e-33
-1.055787975441796018e-33
-1.015265287255593922e-33
-9.762980168678197226e-34
-9.388262875349784105e-34
-9.027928857429635569e-34
-8.681425265230880508e-34
-8.348219452875802575e-34
-8.027804488425609658e-34
-7.719686296910971764e-34
-7.423397435656444718e-34
-7.138478268003757775e-34
-6.864493493701122054e-34
-6.601026638773461067e-34
-6.347669953617833333e-34
-6.104039106682817658e-34
-5.869758490789127858e-34
-5.644471325034190137e-34
-5.427829552887565710e-34
-5.219503025740566596e-34
-5.019169401001678247e-34
-4.826527917420983243e-34
-4.641279650458487321e-34
-4.463140369253581498e-34
-4.291840077447561281e-34
-4.127114747988972445e-34
-3.968711374085899724e-34
-3.816387280439745626e-34
-3.669909893656490038e-34
-3.529054216770545883e-34
-3.393604665954682275e-34
-3.263353463398841760e-34
-3.138102014842582681e-34
-3.017657695332713652e-34
-2.901836145110697506e-34
-2.790460810435170504e-34
-2.683359040573355624e-34
-2.580368516285793615e-34
-2.481330821341611943e-34
-2.386094197583409526e-34
-2.294512626572295161e-34
-2.206445829587887513e-34
-2.121759726805795918e-34
-2.040324141410216421e-34
-1.962013717948893365e-34
-1.886709644248672349e-34
-1.814295518818173119e-34
-1.744660794678895493e-34
-1.677698598272185608e-34
-1.613305729459235923e-34
-1.551385072202859361e-34
-1.491840658409570822e-34
-1.434582144910024881e-34
-1.379521254833539671e-34
-1.326573155140539245e-34
-1.275657719360625758e-34
-1.226696542938954323e-34
-1.179614320768675389e-34
-1.134339535957155919e-34
-1.090802163938575445e-34
-1.048935623978219424e-34
-1.008676319994998447e-34
-9.699622630290058694e-35
-9.327339321992942933e-35
-8.969343894982457642e-35
-8.625089928056462774e-35
-8.294047645196496917e-35
-7.975712525145542106e-35
-7.669594395942855063e-35
-7.375227192445433983e-35
-7.092158050862849772e-35
-6.819951326560202959e-35
-6.558194333776633571e-35
-6.306484718244599409e-35
-6.064433901020981973e-35
-5.831673392177447323e-35
-5.607847903138234230e-35
-5.392610754905346277e-35
-5.185636505439273584e-35
-4.986606600362718119e-35
-4.795214251721327091e-35
-4.611167881814798878e-35
-4.434185670464298646e-35
-4.263996702956160321e-35
-4.100339535112259120e-35
-3.942963915205564518e-35
-3.791627627114959813e-35
-3.646099934156348052e-35
-3.506158422237471600e-35
-3.371588138900135659e-35
-3.242182167292059256e-35
-3.117743635068353696e-35
-2.998080548644863678e-35
-2.883010097987049703e-35
-2.772357508666286092e-35
-2.665950876113202106e-35
-2.563628340265819286e-35
-2.465232919822892564e-35
-2.370613516694649497e-35
-2.279626494425380476e-35
