1.509148195156684302e+00
1.758842759865980820e+00
1.213639008081876414e+00
1.019382623525766141e+00
8.835714360078176233e-01
7.863065170936095472e-01
7.172739651722785936e-01
6.614976997558886795e-01
6.159686122949307174e-01
5.863173609360670113e-01
5.615450392166773108e-01
5.272090883591236121e-01
5.054430481715079804e-01
4.870002225423470388e-01
4.719098958831566826e-01
4.594629195256110799e-01
4.501569054447687734e-01
4.290764247377713558e-01
4.123172775293008074e-01
4.014214462576768394e-01
3.935586281693898569e-01
3.848527759313583596e-01
3.644652580603575109e-01
3.604544499745735986e-01
3.580752930962122216e-01
3.488441808865620497e-01
3.486862647991914033e-01
3.360984526765652403e-01
3.361321446987298733e-01
3.254609381159146442e-01
3.200485790387178064e-01
3.176073913199779497e-01
3.054094476195481911e-01
3.012003286526753199e-01
3.018385530664370875e-01
2.885137557028195632e-01
2.902544621855784879e-01
2.837577184423422105e-01
2.776535148230882544e-01
2.764462779538753856e-01
2.707695883436080919e-01
2.629461159117710833e-01
2.591326626829612012e-01
2.582174675204815251e-01
2.572229133011438851e-01
2.576472606032322865e-01
2.539366545203404768e-01
2.446383548661684448e-01
2.473521300042286764e-01
2.473146821634891745e-01
2.427708690556196203e-01
2.387777688411565902e-01
2.329788887156890032e-01
2.282526408059474821e-01
2.322983592939682485e-01
2.335653648162499540e-01
2.230231377558830330e-01
2.247742273295537108e-01
2.216465187378418855e-01
2.174042938229365229e-01
2.174947831875238546e-01
2.126181516127708671e-01
2.159214286467967814e-01
2.095000810921192058e-01
2.113112552234759633e-01
2.014943990760888759e-01
2.111566972656127861e-01
2.029949925648860398e-01
2.117656002824123140e-01
2.064209830397978895e-01
1.992799908877947446e-01
1.999155385085405467e-01
1.966031291163884698e-01
1.947487346445902767e-01
1.976175128267361469e-01
1.949591602652500921e-01
1.900940963855156651e-01
1.906782259161655668e-01
1.929002375652392742e-01
1.916846535049187839e-01
1.916574032451861809e-01
1.905537394185860822e-01
1.920344896041429883e-01
1.914339132415942557e-01
1.854314239170306855e-01
1.906622379731673367e-01
1.865834817863427642e-01
1.789423306209918796e-01
1.836615316474284887e-01
1.818944392009423372e-01
1.827609263551540908e-01
1.773926542259943728e-01
1.798635580314275617e-01
1.828039789046996544e-01
1.800946793112999378e-01
1.735181827193651438e-01
1.764798222826077512e-01
1.695414870786361161e-01
1.725993168659699373e-01
1.663807378269923087e-01
1.690227145758959049e-01
1.724606335736238172e-01
1.729563193921095365e-01
1.668672901411087095e-01
1.693364733304732750e-01
1.641033973640356192e-01
1.631199733569071719e-01
1.630389541483078242e-01
1.645268143942723027e-01
1.646650894234577833e-01
1.588708899342096692e-01
1.694162493141797843e-01
1.661753964061156164e-01
1.707735513647397341e-01
1.647958624152801033e-01
1.625434430077289938e-01
1.579583981671394410e-01
1.618415727733801546e-01
1.604246211835207159e-01
1.627148112903038790e-01
1.616153871115201535e-01
1.601694913342213145e-01
1.580770963277572105e-01
1.611758204320302423e-01
1.563031313558801705e-01
1.576671679146014748e-01
1.603477529847087135e-01
1.571704323093096323e-01
1.636219010425683795e-01
1.472067477324834339e-01
1.560685852494759496e-01
1.496987755864094549e-01
1.444526882412341950e-01
1.562711008657247658e-01
1.503902933440911527e-01
1.547017131191797679e-01
1.538016961839718810e-01
1.448889704277882273e-01
1.427262883537854798e-01
1.498355861562184754e-01
1.498987644433210920e-01
1.533783991749469999e-01
1.462850938813808621e-01
1.540626367601828639e-01
1.524855766445398220e-01
1.600657943063057420e-01
1.446502249687910135e-01
1.472542788355778454e-01
1.454167451040866976e-01
1.482718101344429606e-01
1.524195379267136163e-01
1.451478634889309116e-01
1.467662659975198514e-01
1.473259029193566272e-01
1.455907069146633037e-01
1.449754690608152929e-01
1.460307075904730134e-01
1.475734639244201951e-01
1.420106767079769017e-01
1.390991218005999674e-01
1.407469982233567063e-01
1.434987094635382654e-01
1.424360325321173126e-01
1.483518017694736013e-01
1.373684810904356179e-01
1.449707494427760479e-01
1.429743059361592294e-01
1.380452648664896309e-01
1.452135464797417452e-01
1.407576026060642360e-01
1.416644624219491055e-01
1.388704864260477956e-01
1.448117209455141718e-01
1.414594057565316254e-01
1.427127141601000071e-01
1.395217650784895957e-01
1.437306104562221520e-01
1.415369192854716296e-01
1.375369693224246792e-01
1.406790939279091712e-01
1.416032507585791578e-01
1.361754734451189885e-01
1.391742088473760242e-01
1.353857378021646740e-01
1.384047076488152395e-01
1.354849922637908766e-01
1.382801384975512748e-01
1.310524880265196146e-01
1.389577781733793982e-01
1.329013767055211848e-01
1.366314126990544608e-01
1.386841526016210913e-01
1.372433242125389030e-01
1.320973307610704417e-01
1.443720088650782829e-01
1.390993943437933977e-01
1.382294860501319944e-01
1.406942649434010095e-01
1.360656960174823349e-01
1.411021181883720388e-01
1.409786845867832539e-01
1.377589722760976798e-01
1.333759448276116422e-01
1.269221055631836181e-01
1.321161461779131463e-01
1.382111548231198250e-01
1.317211736853306225e-01
1.304835321620488875e-01
1.308084134346781668e-01
1.332820218820602587e-01
1.454341171452632198e-01
1.267157984658693615e-01
1.353694631121097336e-01
1.352091971402749060e-01
1.339106848176855324e-01
1.322323858308104283e-01
1.361994647062741703e-01
1.273030277532644639e-01
1.304945783020976247e-01
1.363643476214164429e-01
1.342629192014917483e-01
1.336756957217286879e-01
1.336757447140721200e-01
1.318196881849032220e-01
1.270568064485604887e-01
1.360574660106347034e-01
1.333669917132609961e-01
1.317407450232750410e-01
1.323617556012975927e-01
1.245631614843240170e-01
1.327164664100377867e-01
1.365700935324033194e-01
1.318818982833853126e-01
1.286412028022683451e-01
1.298757426058634867e-01
1.332061527344660934e-01
1.326605717197824885e-01
1.341018288276898673e-01
1.316767804563427624e-01
1.319429010391617307e-01
1.327222395019653500e-01
1.324730622558257520e-01
1.287845989498190291e-01
1.273556648920743939e-01
1.233519368160229529e-01
1.316161104119741021e-01
1.355010472620144790e-01
1.253929490080246678e-01
1.318250915513206889e-01
1.307862242731528402e-01
1.321697287500286644e-01
1.264828662459666908e-01
1.241768740642911345e-01
1.365742662921548001e-01
1.251562173932026512e-01
1.285629513649604316e-01
1.260899993614890691e-01
1.329487941299493381e-01
1.274040593741795901e-01
1.297296060726810807e-01
1.320539223603331147e-01
1.224431684001898168e-01
1.279340453827992330e-01
1.291097615296259993e-01
1.333849221372451488e-01
1.249069289662517040e-01
1.269192402657025875e-01
1.250224574540670097e-01
1.276080155745148714e-01
1.292689406336882119e-01
1.295743088118540831e-01
1.281161970578325038e-01
1.260822770973810680e-01
1.262896827254922083e-01
1.248742971187218609e-01
1.248922012937374593e-01
1.262020072971399010e-01
1.321478715118689362e-01
1.268562822817609903e-01
1.280011775019841425e-01
1.356310842510981551e-01
1.246013466507578521e-01
1.251037770356887291e-01
1.228503970190500533e-01
1.260952736418216591e-01
1.251933852067360631e-01
1.254264566139915160e-01
1.256616759281127815e-01
1.218968505135331337e-01
1.228210538076475594e-01
1.288688716550286106e-01
1.315306879484500757e-01
1.246053211199931593e-01
1.177955258303345770e-01
1.270675144707545390e-01
1.243388778601701439e-01
1.238172339323239390e-01
1.277532954724171221e-01
1.240376659979422896e-01
1.245585436908862587e-01
1.246897170415673523e-01
1.196822974783105786e-01
1.252016749615088576e-01
1.283487996802880338e-01
1.277609500031058609e-01
1.232833540114836868e-01
1.288169725965230827e-01
1.262462383183913239e-01
1.248477210696691125e-01
1.306320298510866285e-01
1.216626031945149122e-01
1.288074510172009524e-01
1.252297394741804237e-01
1.280132433256277735e-01
1.267308002958695001e-01
1.285459698631595260e-01
1.234264024652731717e-01
1.214787376041595729e-01
1.208491311575739802e-01
1.278095658295429760e-01
1.214072741090487240e-01
1.202157330388824164e-01
1.199526571453763957e-01
1.214737586629314331e-01
1.255945517657658939e-01
1.184893631830047367e-01
1.205037927350554733e-01
1.267467324454814859e-01
1.264401627752261281e-01
1.254484973274744564e-01
1.204823346474231810e-01
1.260255993749850867e-01
1.219024416154775858e-01
1.279467881442262478e-01
1.154284735902761788e-01
1.266564570940457990e-01
1.290408865906871316e-01
1.294247189488930694e-01
1.266705698118759937e-01
1.247643698436709525e-01
1.234956475786673780e-01
1.225707594448557231e-01
1.193603765076169665e-01
1.212559241705980090e-01
1.234018737020400880e-01
1.207907618286135909e-01
1.250237231118938863e-01
1.226511054982741683e-01
1.201259060500141918e-01
1.233302396125136313e-01
1.193851449073125154e-01
1.274555033311629837e-01
1.161545464577965203e-01
1.257916246612484634e-01
1.200206309795761733e-01
1.255874746694014554e-01
1.206189352541397752e-01
1.183605925872539821e-01
1.236094001394051761e-01
1.270537874924066724e-01
1.118400328291150186e-01
1.269919362635566762e-01
1.177969885130341204e-01
1.271417055040215960e-01
1.202226685598874745e-01
1.223479212309496467e-01
1.207877377955577369e-01
1.203328988490960511e-01
1.225566428202467112e-01
1.166370164459714504e-01
1.221621507492202940e-01
1.161539194962153132e-01
1.207974947511385594e-01
1.210484990324729587e-01
1.173931901940168526e-01
1.186160178664021070e-01
1.146206780551717874e-01
1.215054184150619332e-01
1.245060054346536910e-01
1.242810679886203612e-01
1.302830867278270133e-01
1.283829731866717450e-01
1.162966862082099317e-01
1.210963618487883864e-01
1.250653268769383319e-01
1.181225061894227296e-01
1.202977844728873313e-01
1.245484642732219843e-01
1.280710837732140783e-01
1.216943823374234679e-01
1.216319153658472624e-01
1.164384248021703566e-01
1.181790936021850646e-01
1.208788539497898107e-01
1.171455036657742949e-01
1.247625624999786076e-01
1.202399837091947254e-01
1.273033153361234904e-01
1.188783540079991069e-01
1.118757399228902938e-01
1.217627749658929948e-01
1.218782959219354839e-01
1.226219497955380322e-01
1.228826401229852344e-01
1.160867498136865794e-01
1.238930968663249227e-01
1.192648590757296595e-01
1.239278162184816179e-01
1.197717967944649520e-01
1.222309236725171444e-01
1.112071909535771730e-01
1.189872349779575317e-01
1.192262033382669451e-01
1.218951071922977775e-01
1.228388368940124126e-01
1.201691278280355990e-01
1.148888774168414922e-01
1.163582582217760619e-01
1.117912684686672986e-01
1.235891131827464434e-01
1.233854601732813361e-01
1.193000742783531104e-01
1.205528239313608529e-01
1.202932784095024493e-01
1.195466599880884856e-01
1.248251326238879744e-01
1.176535629571821423e-01
1.154024191917135123e-01
1.227789529288808440e-01
1.208434199388974811e-01
1.143727079081611753e-01
1.131829210963004734e-01
1.170269490291292874e-01
1.251526670721478940e-01
1.194484102659118530e-01
1.175903672065872346e-01
1.202064824362213818e-01
1.209718397364784453e-01
1.177068947074122879e-01
1.222108697518706349e-01
1.276535239118413989e-01
1.127622269332791000e-01
1.244220518674223896e-01
1.155849003638976663e-01
1.259800741114677491e-01
1.209111277825939412e-01
1.146777028647752855e-01
1.124981872283686429e-01
1.164181036516450940e-01
1.197578331360068110e-01
1.143892597741423545e-01
1.238090868179614751e-01
1.161224869151528116e-01
1.166193592051665007e-01
1.207215850599683282e-01
1.142187826096629499e-01
1.191897998110224011e-01
1.130679570663815914e-01
1.160280275230224367e-01
1.162602947021906252e-01
1.151049985383183483e-01
1.145886291057253564e-01
1.162950873422699122e-01
1.192147055402015959e-01
1.201513647746581259e-01
1.182850920523588478e-01
1.170075422582717989e-01
1.154484666501864459e-01
1.203788697480773356e-01
1.191362095757936834e-01
1.257666697534613187e-01
1.147733071627907303e-01
1.258104115151441882e-01
1.212860086646217611e-01
1.183913484406776961e-01
1.248211284287464862e-01
1.126284516631410604e-01
1.188752372295428517e-01
1.222980812908365245e-01
1.142943819268391614e-01
1.206189204389468278e-01
1.137564226793937178e-01
1.168276688036246208e-01
1.162923895921080530e-01
1.224358055310753729e-01
1.174827381323736430e-01
1.254800574758496157e-01
1.187089615095502232e-01
1.192311422756085065e-01
1.147289742023134829e-01
1.162866091546721908e-01
1.243965948669192162e-01
1.163580950540609865e-01
1.149711648479868203e-01
1.210348660842730517e-01
1.202854581607075840e-01
1.194867631086172222e-01
1.146182772679588679e-01
1.159934763581706996e-01
1.178351677524355767e-01
1.160605616007859830e-01
1.212498466603648961e-01
1.239978257184609356e-01
1.211014376953244154e-01
1.146068129592981155e-01
1.121762013970277194e-01
1.148459076666488166e-01
1.265460550402983664e-01
1.153272131314644483e-01
1.161024622475871626e-01
1.214044647482343253e-01
1.238430781528735841e-01
1.116935682602417795e-01
1.238472415993993048e-01
1.169680272539456722e-01
1.122398873647818263e-01
1.191811662215070816e-01
1.124340208247303907e-01
1.168547065498737186e-01
1.160474177497701764e-01
1.168870699902375548e-01
1.185456424044110807e-01
1.225216708408716354e-01
1.165615718859510513e-01
1.148139478782048556e-01
1.240739746258044812e-01
1.170080945564386105e-01
1.206143455914197860e-01
1.174325010476586079e-01
1.157342237730820955e-01
1.192070390551518144e-01
1.139321274195726069e-01
1.136525839949265454e-01
1.200432993662663012e-01
1.185328318570286754e-01
1.261248320150069602e-01
1.127301305675735832e-01
1.193635999774321499e-01
1.145451307248992745e-01
1.183973575966098396e-01
1.139001219175182905e-01
1.092210623698356836e-01
1.225020743046815602e-01
1.195939617303128366e-01
1.180863535079436366e-01
1.085906776718986305e-01
1.103519609436774823e-01
1.190767386880440537e-01
1.112384878815366740e-01
1.144483793479127709e-01
1.134173027980021897e-01
1.188420504427109003e-01
1.244533197046854556e-01
1.224838835211136401e-01
1.135151549887198630e-01
1.205578225736434611e-01
1.084072635437433596e-01
1.119426136931929855e-01
1.173326255276034985e-01
1.126183168628276943e-01
1.194866475386497234e-01
1.143109535893950673e-01
1.169807826909117221e-01
1.207890563859389393e-01
1.181642256104029204e-01
1.141866619149461831e-01
1.180170510632869568e-01
1.177079190285160032e-01
1.164031124363342912e-01
1.098202238241449413e-01
1.132493498615729510e-01
1.175935757561371864e-01
1.224413990019223575e-01
1.196218573225614340e-01
1.175782284245659171e-01
1.122206803530645669e-01
1.179459830841574908e-01
1.179356953797814217e-01
1.176379318325183332e-01
1.185565371782733857e-01
1.208985120702821409e-01
1.105431734990233034e-01
1.176922455668831524e-01
1.110970807906526830e-01
1.139284746530346421e-01
1.123227018958482953e-01
1.214357041968749107e-01
1.174073856562758145e-01
1.137161653059033245e-01
1.103305389101688627e-01
1.149654974587834833e-01
1.134783801121207331e-01
1.144338198531514583e-01
1.229887942425333530e-01
1.175615148045695696e-01
1.220023009161918526e-01
1.150212979708344491e-01
1.191144248279623480e-01
1.163586758220424983e-01
1.190955667255016448e-01
1.164764860215095343e-01
1.128712724464444039e-01
1.178662969205433037e-01
1.167362661315844569e-01
1.187526330256309243e-01
1.148645361694387856e-01
1.134341746855240668e-01
1.169050906235590964e-01
1.130805810674642836e-01
1.171675306768753533e-01
1.165901946285978347e-01
1.173108862187617896e-01
1.157847302559858738e-01
1.205389682012490693e-01
1.148843619685906564e-01
1.154838009952352529e-01
1.181818863615775733e-01
1.176092362031340571e-01
1.223787548116002377e-01
1.083316147422943299e-01
1.170223418718729230e-01
1.186660466572413142e-01
1.139638945651360036e-01
1.101736028989156041e-01
1.148946904123593626e-01
1.168617649672505227e-01
1.225507288502577091e-01
1.163648076785298441e-01
1.164742635276455190e-01
1.113155032722995819e-01
1.137961540609980227e-01
1.189064422192481901e-01
1.125555507886486228e-01
1.182254841885505559e-01
1.157697091070123141e-01
1.124652313498350348e-01
1.193743181104461315e-01
1.162214297466935276e-01
1.146276396436568951e-01
1.141566649270363276e-01
1.125573466794613092e-01
1.134752849093041416e-01
1.144044762716079355e-01
1.209667361890658377e-01
1.192822702945424973e-01
1.151653071149037477e-01
1.120730863979611663e-01
1.120617139630783882e-01
1.183705369201608210e-01
1.139959719175329539e-01
1.219356840476393672e-01
1.199945204915144475e-01
1.154828178624694168e-01
1.153005179447623429e-01
1.195478401839351057e-01
1.171064477461652847e-01
1.140860698735102624e-01
1.189573802913610756e-01
1.171246659631530462e-01
1.211669675098397819e-01
1.141297584877182247e-01
1.128687087876292378e-01
1.174557244118589611e-01
1.196872777377183672e-01
1.108415130812388238e-01
1.147955002024387688e-01
1.099786369703136951e-01
1.118850034016829337e-01
1.173719891848472446e-01
1.149022922492944215e-01
1.203546937650595006e-01
1.151838567585517226e-01
1.175691025952498164e-01
1.102379742006842911e-01
1.154460245791154027e-01
1.087251682121020135e-01
1.129645130907495770e-01
1.104866881305590631e-01
1.217569759545417962e-01
1.094897613024864436e-01
1.111468351947573485e-01
1.185812672886710911e-01
1.146679435665599878e-01
1.102870549385746302e-01
1.140197272245318527e-01
1.152529750926754443e-01
1.084449708581161770e-01
1.195668922402919887e-01
1.116813749695817620e-01
1.228042693235553290e-01
1.120153907399911164e-01
1.201102347566913309e-01
1.186120150754085001e-01
1.128100240364288687e-01
1.205748062246502911e-01
1.172269989521457639e-01
1.160033462234796586e-01
1.193509771369206662e-01
1.182670599327255573e-01
1.106276710016223103e-01
1.150450632405968787e-01
1.223067866829343348e-01
1.154443552192205014e-01
1.164085381903136457e-01
1.157273357495283428e-01
1.147549266329942613e-01
1.164365793029085161e-01
1.144403522499860826e-01
1.156349530515189405e-01
1.199057839285486843e-01
1.187329092755531612e-01
1.169921376861822876e-01
1.081420201688813865e-01
1.142977589693589119e-01
1.184372587750355393e-01
1.138156875203817364e-01
1.142975348286712767e-01
1.144499466730616033e-01
1.143785714816588639e-01
1.049832366741238476e-01
1.171178215780319248e-01
1.138049693778157290e-01
1.149167459410352643e-01
1.139187596117456763e-01
1.177402149026210432e-01
1.134363632052181603e-01
1.161091429993319213e-01
1.144394468516111429e-01
1.084347096653894005e-01
1.163237190829255613e-01
1.118962428986262081e-01
1.116128043199960951e-01
1.163579580159141424e-01
1.145313807070637430e-01
1.109148111122731928e-01
1.164413745873249528e-01
1.109285852322593746e-01
1.110663684467092516e-01
1.173281756396859082e-01
1.143867427387680741e-01
1.127791130151122034e-01
1.141660299868537815e-01
1.160393487184475658e-01
1.146436657326725811e-01
1.166149275090831994e-01
1.132068725302815410e-01
1.201418573371110798e-01
1.147035895775143921e-01
1.114286281263981160e-01
1.188355972608312605e-01
1.118928369039144249e-01
1.143692297908740219e-01
1.123243677644775451e-01
1.185048253824695502e-01
1.156909959963881018e-01
1.133071327582001742e-01
1.137702182269631351e-01
1.108457198032201801e-01
1.196584003571516397e-01
1.150894714471621394e-01
1.214843114264882590e-01
1.158700166174616575e-01
1.129699452756307010e-01
1.064586633004439148e-01
1.191581783577417702e-01
1.131871724883333208e-01
1.135639791209728244e-01
1.159636362145344407e-01
1.096667251669061482e-01
1.201836319496998456e-01
1.134229112129944983e-01
1.124172498925756214e-01
1.147572376980231373e-01
1.156453593992270018e-01
1.188097883684512829e-01
1.216626212048606964e-01
1.133207393284791503e-01
1.116106331396179291e-01
1.128819130408840327e-01
1.115464955138472380e-01
1.122946574042240769e-01
1.155803946061776249e-01
1.211928110044354079e-01
1.106361060045086414e-01
1.139416129352190526e-01
1.128033476881682845e-01
1.063253792575918760e-01
1.162693383410955128e-01
1.141460321939144346e-01
1.135547009511635869e-01
1.140103193095479278e-01
1.184902214946655097e-01
1.095150411821519676e-01
1.109955474782066409e-01
1.094118492247966590e-01
1.144329326991469498e-01
1.145990180281492438e-01
1.127776690878165011e-01
1.173391965241768475e-01
1.095022776999916847e-01
1.086262243202863603e-01
1.155414586074841321e-01
1.074926976257791905e-01
1.176328000540916713e-01
1.147354559495280951e-01
1.150103745265648875e-01
1.135862970294860691e-01
1.173542024997564492e-01
1.130798608160171748e-01
1.163193257621083498e-01
1.151196986675644546e-01
1.120789116344008685e-01
1.146126614453700926e-01
1.118690927202502933e-01
1.108108775928998563e-01
1.137760109292008937e-01
1.113467414218645840e-01
1.138703495407333705e-01
1.106704878596923292e-01
1.101091339945411002e-01
1.114609789580870841e-01
1.117426631399072168e-01
1.161328077746125315e-01
1.123534949878469552e-01
1.129494521384819955e-01
1.088599836788116393e-01
1.167584716008068652e-01
1.112477809883272023e-01
1.198987267003991664e-01
1.141938325256491304e-01
1.136415331552808050e-01
1.185357527425273810e-01
1.159121788512819801e-01
1.210307633695311968e-01
1.104003736749291364e-01
1.175681133348590313e-01
1.196684609286678136e-01
1.138923513631407980e-01
1.105817189678931917e-01
1.122350608500150559e-01
1.140963907664020865e-01
1.092202050086015369e-01
1.107090982202535989e-01
1.104235874584470062e-01
1.170595752266355011e-01
1.164718493246115205e-01
1.142886851938107046e-01
1.104499043896794291e-01
1.151808885236581120e-01
1.148317334504845855e-01
1.108145722450736281e-01
1.146350488018913205e-01
1.143940044471468687e-01
1.156134187411039238e-01
1.111688882016982766e-01
1.144076262911160741e-01
1.093141514521378671e-01
1.173779220296404247e-01
1.178491655546121120e-01
1.142202607523172264e-01
1.102559117361521096e-01
1.113692399687491869e-01
1.156008093355175709e-01
1.062835064644996885e-01
1.182632804299012241e-01
1.136145327813350286e-01
1.175516173530083419e-01
1.152940820090663787e-01
1.079949345630712987e-01
1.117021123568216895e-01
1.144154589623212759e-01
1.062233995311917395e-01
1.139094791828821895e-01
1.124962929922800753e-01
1.127306096064738805e-01
1.151942070048206923e-01
1.123030229591024248e-01
1.115603596163101674e-01
1.096180328573936047e-01
1.167347366038041234e-01
1.136250406933518586e-01
1.164815121019879968e-01
1.135950964803879026e-01
1.102757753947606473e-01
1.097721441935461256e-01
1.110138762981081606e-01
1.182047514674755273e-01
1.111466433088748873e-01
1.110876808516108039e-01
1.134347470668263941e-01
1.174019163808761451e-01
1.151724559278824445e-01
1.104812694474672646e-01
1.140098289132882442e-01
1.135714759524816125e-01
1.156400123993173573e-01
1.155475710972379416e-01
1.081871792578544406e-01
1.095994945758810429e-01
1.124807808691492411e-01
1.112228005264814107e-01
1.089782063013468028e-01
1.154822086772093470e-01
1.179883534614092205e-01
1.145787574876195314e-01
1.188102430449082259e-01
1.157295916277246567e-01
1.093572557020263819e-01
1.166295867747603326e-01
1.182988900500230312e-01
1.099731176136395927e-01
1.136764241621280314e-01
1.089575443249673481e-01
1.128451661135141670e-01
1.138676349455729486e-01
1.083054015030845557e-01
1.113998516820944307e-01
1.123016754260812017e-01
1.187241938394995866e-01
1.176447516450515179e-01
1.137255647721198831e-01
1.111841380643921046e-01
1.131956188390270263e-01
1.107558763371064153e-01
1.121580286572376878e-01
1.196468036956129938e-01
1.087542101693076968e-01
1.125800696846384202e-01
1.107991741301539573e-01
1.149815805065326213e-01
1.109910459377062564e-01
1.126086012006570075e-01
1.168960446014236237e-01
1.096084640433008794e-01
1.153346215231487448e-01
1.198888656468345554e-01
1.127515979732076346e-01
1.111178760106364821e-01
1.136546506665838119e-01
1.112464676682765607e-01
1.140905052614517717e-01
1.148780011404783308e-01
1.181253467232753068e-01
1.153216932971890124e-01
1.036088776177702814e-01
1.156259943563968662e-01
1.124502124408116727e-01
1.099572162120006080e-01
1.188853457808876635e-01
1.105263534360206995e-01
1.101917224386945726e-01
1.104058467138272076e-01
1.153340957533472572e-01
1.115321144127310871e-01
1.123955773715025336e-01
1.168891032584584710e-01
1.129212796688079806e-01
1.103702376763790044e-01
1.143875082811483951e-01
1.143097511850870579e-01
1.102963561813036647e-01
1.135811234895999638e-01
1.128586509097845164e-01
1.099457184473673493e-01
1.163027506894790258e-01
1.108816417507254154e-01
1.192434886613717437e-01
1.148257754552058640e-01
1.117392362167055758e-01
1.132048339559099670e-01
1.126087249232790438e-01
1.096844786443771508e-01
1.121935802440230667e-01
1.156911973387767106e-01
1.180910966430719078e-01
1.154725645406123880e-01
1.112157833356505754e-01
1.142394181054372099e-01
1.120333997962566497e-01
1.116553155609812525e-01
1.133063335783588560e-01
1.153012351586650552e-01
1.107250695904860166e-01
1.122439791520054575e-01
1.180928974197461012e-01
1.096726606958187550e-01
1.091030565114357587e-01
1.099922078494460220e-01
1.127260392770553232e-01
1.125264028182778597e-01
1.104475247745330541e-01
1.171101756967031088e-01
1.111882633649003832e-01
1.151525631976815373e-01
1.137599477496666761e-01
1.105185452896433052e-01
1.191860494132225279e-01
1.093657530557650831e-01
1.129338421596166459e-01
1.089116555137129988e-01
1.133168633740681830e-01
1.184138205762092916e-01
1.127843085533151296e-01
1.171643549098800446e-01
1.137485801266172047e-01
1.151079868993315908e-01
1.185747786926535513e-01
1.158155968508277206e-01
1.060553333841455226e-01
1.109892431503305132e-01
1.135481346494112281e-01
1.126647187158083263e-01
1.060808157022946896e-01
1.193441053900199111e-01
1.137125539187437417e-01
1.050985421698826944e-01
1.133187766163012977e-01
1.124935043832430426e-01
1.150779995207603101e-01
1.140826747299004823e-01
1.098106959739174604e-01
1.137084780738521900e-01
1.126151288740145917e-01
1.150182863745169703e-01
1.116573134819284496e-01
1.103050219563719569e-01
1.109115502820947202e-01
1.133952160198719028e-01
1.135136954390849884e-01
1.162890058154096989e-01
1.130189641689260810e-01
1.080135913135913672e-01
1.162327085239573954e-01
1.130569519188541622e-01
1.223001527958191420e-01
1.049293811456897263e-01
1.088839644613938396e-01
1.108574575816209523e-01
1.122864373887960676e-01
1.150332564535813396e-01
1.091029691772583271e-01
1.178850381611249443e-01
1.074942840215487305e-01
1.126376687381894226e-01
1.203787150291296126e-01
1.155483820499517977e-01
1.099845233874825329e-01
1.161039636685298054e-01
1.122184445556157623e-01
1.045166959317448824e-01
1.111885474803738089e-01
1.125100352252141056e-01
1.158510450512552914e-01
1.126967509683126090e-01
1.121171239667978076e-01
1.149955873401501266e-01
1.194958975681891800e-01
1.113758730534941677e-01
1.114651329385546591e-01
1.099835841032939104e-01
1.189192649693443238e-01
1.115261499937146156e-01
1.178414565296127259e-01
1.129246806630339328e-01
1.117807797084634097e-01
1.110066982845847455e-01
1.134348554632220452e-01
1.058312147043836415e-01
1.069169837217300301e-01
1.127417883382011710e-01
1.095485339562098231e-01
1.090557921247986700e-01
1.103045316508565188e-01
1.099762608416569587e-01
1.116290970920370135e-01
1.183981908127092336e-01
1.173160974748241603e-01
1.170740597523175774e-01
1.141757946365918874e-01
1.148701346359956021e-01
1.179591194845927005e-01
1.144090026473769811e-01
1.110355947501002194e-01
1.141943273922571833e-01
1.100651671250279101e-01
1.019892921719031398e-01
1.170865529383986470e-01
1.118978998504387978e-01
1.154930065218836843e-01
1.090417748603683262e-01
1.118147293774363338e-01
1.093147772388198408e-01
1.093129591299937253e-01
1.049419255115282834e-01
1.208858919067260507e-01
1.152741579912029829e-01
1.110024733039049055e-01
1.135890806762453881e-01
1.139886963396118252e-01
1.110149842233229961e-01
1.109206697593132646e-01
1.131501957583121720e-01
1.118413709533902373e-01
1.142355610974706143e-01
1.086939693595736500e-01
1.086601443732014005e-01
1.122216455065287027e-01
1.107461976699340017e-01
1.098174964006130572e-01
1.085175622111329702e-01
1.092156689279736581e-01
1.150295029657009277e-01
1.236150046953788106e-01
1.203004240607603997e-01
1.155521145759102614e-01
1.116516769171143203e-01
1.094380457527362321e-01
1.124328092886851399e-01
1.174084727341930118e-01
1.202790310176519301e-01
1.117018844645756986e-01
1.140261810463972514e-01
1.165740486377706830e-01
1.136257117948470952e-01
1.136681410698936467e-01
1.101139389121761625e-01
1.108666207450322572e-01
1.164567293647008062e-01
1.112837803812745247e-01
1.143730056782563537e-01
1.119068461350905541e-01
1.090826149934377431e-01
1.107677160881650746e-01
1.135557099842490342e-01
1.148984066091286865e-01
1.160710380866359498e-01
1.075610695788875582e-01
1.104598554973609953e-01
1.048426996629971686e-01
1.116924687169301156e-01
1.093997364290631713e-01
1.112208372077498619e-01
1.111559447092123482e-01
1.131254451970259284e-01
1.082625862091588648e-01
1.118800774145011778e-01
1.156987351317627366e-01
1.100649853929495242e-01
1.080765215059121404e-01
1.162974483357408079e-01
1.162343422380777563e-01
1.126388935515513778e-01
1.078040326252961839e-01
1.124996382886400553e-01
1.154107549777015629e-01
1.103711689416414649e-01
1.155760603025555583e-01
1.134444163634608926e-01
1.125636794771521509e-01
1.127365648268889159e-01
1.189024615985078692e-01
1.087551202004154588e-01
1.104865124162573015e-01
1.077919313875146390e-01
1.176160453508297565e-01
1.149351522469749809e-01
1.115016509611637119e-01
1.123750740805497528e-01
1.113419650409084166e-01
1.127253979683304486e-01
1.107495031534479202e-01
1.169670103643185022e-01
1.198064038529992048e-01
1.097339715617589445e-01
1.069811940336456713e-01
1.101855783699414726e-01
1.075129494453087864e-01
1.129967310441992168e-01
1.136664445106035648e-01
1.100628703784866241e-01
1.097755211811417136e-01
1.145875460683153241e-01
1.101537614535444826e-01
1.117794065234752748e-01
1.180916971216599137e-01
1.100099046834004252e-01
1.160845306869118659e-01
1.169322610187989026e-01
1.122531761486942892e-01
1.076079630221311867e-01
1.114505769255069584e-01
1.108756649761627883e-01
1.164075400393742715e-01
1.095143439439244804e-01
1.053005896293773141e-01
1.119042420903077484e-01
1.148924362917358999e-01
1.156083342213279214e-01
1.163812658725640742e-01
1.164386771762600248e-01
1.125965317233632718e-01
1.068603595718741472e-01
1.166617279920058314e-01
1.094480117114308565e-01
1.052642406991276952e-01
1.155572258986723722e-01
1.113132466394931852e-01
1.005784853528707418e-01
1.127317731149303642e-01
1.111046990809532314e-01
1.112923909026460739e-01
1.165449708843460386e-01
1.169806521815749262e-01
1.115968204461611213e-01
1.068253265741543889e-01
1.099872534569257404e-01
1.123767423706176910e-01
1.084765714473831383e-01
1.117744881277665109e-01
1.224080574961426970e-01
1.142889873005258766e-01
1.143825675910099954e-01
1.121055689282142165e-01
1.109339544263023558e-01
1.044232777033287790e-01
1.097725506394337386e-01
1.118822158863529148e-01
1.141575431881042685e-01
1.107282532379031126e-01
1.133564801313556164e-01
1.161593924491451379e-01
1.129035967330520029e-01
1.068890084393131490e-01
1.089009698289327144e-01
1.092569476375595122e-01
1.093200331219495863e-01
1.058827043630373721e-01
1.090939882330787536e-01
1.116306648518030492e-01
1.138182909681628857e-01
1.142517343450051154e-01
1.066689605561968596e-01
1.142558474523516776e-01
1.164883402534402368e-01
1.095884301914618608e-01
1.085629316524435312e-01
1.080611510870930492e-01
1.116525572366439401e-01
1.115437616235934737e-01
1.102114019103539316e-01
1.111377292097761038e-01
1.113894283126753149e-01
1.073027693451597125e-01
1.062021232950381699e-01
1.191596894930952583e-01
1.039657206417849422e-01
1.149304673887598244e-01
1.134756055111304368e-01
1.132789731742097766e-01
1.144393585335749808e-01
1.124756146174592797e-01
1.109623330143781755e-01
1.149475331107775306e-01
1.077727587033922851e-01
1.162538357652150717e-01
1.084070519568064300e-01
1.129588162287687575e-01
1.098747454249323907e-01
1.202342840054860529e-01
1.090215353008646276e-01
1.126173768861171570e-01
1.152793964514365610e-01
1.130274038809614273e-01
1.130934968208655300e-01
1.097571550104289445e-01
1.104340665902082685e-01
1.113726259042055189e-01
1.054259526853760093e-01
1.102167338658219670e-01
1.048999401287008526e-01
1.117645480789435236e-01
1.152270485670902761e-01
1.112538003911956730e-01
1.110066589779960811e-01
1.168693891941354757e-01
1.090300485969353944e-01
1.131578152521680591e-01
1.125027581858329268e-01
1.169677243400842753e-01
1.070497915578576265e-01
1.130978847973239665e-01
1.128231663209123548e-01
1.125967625480813888e-01
1.062560489735542152e-01
1.060714839503933277e-01
1.120982615229410978e-01
1.072130075393196852e-01
1.070252570060965386e-01
1.143445425022106970e-01
1.109379875449797992e-01
1.128338599625306193e-01
1.144866675998155864e-01
1.091601929937799781e-01
1.184357478402746078e-01
1.135019095184711252e-01
1.137754184719270562e-01
1.150003474874374126e-01
1.137456564853588786e-01
1.102699106081556080e-01
1.163138778259356770e-01
1.096138053072186619e-01
1.104410990069691900e-01
1.135841926177724864e-01
1.205474629138524739e-01
1.097397984698032652e-01
1.113658723875116108e-01
1.152466700388452975e-01
1.092382995435633719e-01
1.073505730153276327e-01
1.166880981901135261e-01
1.127601061637202862e-01
1.081941104183594404e-01
1.134045312801996858e-01
1.104135741121493874e-01
1.164451551074400931e-01
1.095346186286172835e-01
1.157045592816594304e-01
1.092362595626558963e-01
1.132335902406619160e-01
1.028973302636773113e-01
1.129795954634363886e-01
1.075564547179218983e-01
1.116458497034051450e-01
1.165509010497958187e-01
1.055800363660240743e-01
1.119917837664102939e-01
1.130020722985649734e-01
1.141693456098437365e-01
1.072961589369254287e-01
1.148743310561164827e-01
1.125696907631861809e-01
1.161970944836353686e-01
1.125036587078983991e-01
1.099608731002379713e-01
1.053965416474220013e-01
1.069001572923018450e-01
1.111939247602071468e-01
1.088437056765915456e-01
1.125610451858777283e-01
1.118014100556954382e-01
1.130610305147293354e-01
1.090878789528058057e-01
1.110759436224515589e-01
1.096629109329138041e-01
1.172848965351780265e-01
1.128878753966627985e-01
1.146007160775554534e-01
1.111233842678559097e-01
1.052632024416174650e-01
1.118584744345683252e-01
1.112894793829092566e-01
1.141023593166699823e-01
1.131145390037160692e-01
1.102171656508476316e-01
1.116249358568053990e-01
1.107697253855757236e-01
1.097465636925055443e-01
1.073853538777583688e-01
1.124877381066863302e-01
1.063847123096004488e-01
1.079365555005959987e-01
1.112115272679008032e-01
1.129184510176762524e-01
1.108080484952108924e-01
1.128915916555202903e-01
1.163169887633277860e-01
1.074244526764139146e-01
1.076388854581194071e-01
1.077968116873540966e-01
1.072820195307334218e-01
1.078642030891317632e-01
1.137500710833149048e-01
1.160802129035194696e-01
1.192734458603155884e-01
1.107948133769707799e-01
1.134145354278958823e-01
1.127470782695290386e-01
1.059927452928744879e-01
1.045511228199570569e-01
1.106229407856097607e-01
1.129185013759594763e-01
1.103585934935089885e-01
1.116931067922940640e-01
1.170041999182639958e-01
1.113889478720151427e-01
1.121887927254041073e-01
1.118898813517238827e-01
1.116279000273117661e-01
1.131983215037064699e-01
1.165449848637366975e-01
1.123575514492889255e-01
1.149717147438189951e-01
1.173811208217954011e-01
1.044622579541726048e-01
1.205060145746056910e-01
1.100336734539805322e-01
1.116158416924568353e-01
1.090196994300454136e-01
1.073251683933612588e-01
1.089759833107774023e-01
1.147736475492517200e-01
1.033295455173804250e-01
1.160825061540191050e-01
1.168569919151755537e-01
1.111052707028694631e-01
1.060815216973423902e-01
1.099347581346638708e-01
1.126072804753979056e-01
1.081932209050043975e-01
1.115316082556278288e-01
1.151349095293344588e-01
1.169704016584616479e-01
1.096126395922440711e-01
1.171916276885148767e-01
1.037205447657750246e-01
1.087366223430786399e-01
1.126217787846540835e-01
1.181876547515201270e-01
1.119981455377852264e-01
1.082112123330052078e-01
1.111071252813323890e-01
1.057551906300851913e-01
1.038647918603741171e-01
1.150808794853779016e-01
1.155769777364837880e-01
1.098597592315994770e-01
1.122107839498382303e-01
1.103076791199736062e-01
1.108482164068099740e-01
1.054844898291123212e-01
1.139204254469428357e-01
1.147879718970029744e-01
1.103171884870299962e-01
1.105458424928096595e-01
1.059554163796397330e-01
1.121885846631649197e-01
1.123493857801151630e-01
1.154366135883789779e-01
1.108826292201112451e-01
1.130116611289290335e-01
1.173767014788702490e-01
1.076039533035304252e-01
1.131052877013691005e-01
1.117693935688107432e-01
1.083977385304677188e-01
1.134741611396655053e-01
1.072192461062700386e-01
1.110674824565649060e-01
1.123187390800852031e-01
1.150770564348651825e-01
1.126949181732458949e-01
1.118947256690798614e-01
1.086133147757022827e-01
1.159802402918919534e-01
1.101464017986869132e-01
1.124203959097846983e-01
1.100456619826264831e-01
1.098619429012521742e-01
1.094023465489347841e-01
1.102881037271939840e-01
1.118413405731702448e-01
1.159704584294022622e-01
1.121375057846307755e-01
1.123960393027235299e-01
1.127602447683994646e-01
1.129870707885577141e-01
1.127865867020610008e-01
1.043606244815656753e-01
1.159935091407253149e-01
1.156165228296930914e-01
1.029544470831751796e-01
1.078213020012928902e-01
1.118999661065829127e-01
1.183960734890439626e-01
1.095989176096060363e-01
1.076984702060237858e-01
1.064023375320128917e-01
1.034044385242920694e-01
1.107366344676568026e-01
1.123747086295714681e-01
1.150291926633471157e-01
1.114543265734727617e-01
1.114439499062987449e-01
1.187614780779068235e-01
1.049602947651575718e-01
1.054380242975476445e-01
1.132382553381224427e-01
1.180979431535189028e-01
1.162840789661575558e-01
1.207377328513524473e-01
1.112707802596000495e-01
1.067925875385602325e-01
1.144727475654620380e-01
1.142631125755799171e-01
1.110139959706709922e-01
1.123943556052370008e-01
1.023137614704095338e-01
1.170967515462484065e-01
1.088465690851593698e-01
1.167506750911856267e-01
1.020510487449474840e-01
1.140154361318892334e-01
1.136158515675327746e-01
1.121584593055722084e-01
1.082391201876676950e-01
1.155898560411654924e-01
1.097555438916270609e-01
1.066524003417446131e-01
1.161778898527606879e-01
1.105269146510041711e-01
1.124205359998039777e-01
1.148017543200881008e-01
1.100889489818842049e-01
1.005484980984758109e-01
1.114887371754799128e-01
1.159296790137887001e-01
1.138752246323304351e-01
1.141589088269915342e-01
1.193318100311817204e-01
1.110708266019057033e-01
1.124421589601880406e-01
1.115155315026640920e-01
1.135038421322137892e-01
1.061217352318075957e-01
1.159654570552401120e-01
1.130920536195238468e-01
1.064575440513017834e-01
1.025289627556235372e-01
1.133104983860483556e-01
1.093208901846829117e-01
1.052361424391468347e-01
1.090869449365597516e-01
1.173797097248144572e-01
1.098799173600780721e-01
1.162103444672165781e-01
1.082245300117975623e-01
1.178956888950405957e-01
1.025877652498774079e-01
1.116665538495931892e-01
1.122895601802529481e-01
1.076257050085144135e-01
1.132554596815353726e-01
1.051539526058313107e-01
1.147101513516062404e-01
1.122128099967271836e-01
1.090572151713646437e-01
1.158098319831949025e-01
1.103219678959785344e-01
1.061892102448604019e-01
1.123957695248417321e-01
1.127079684454470043e-01
1.068960256492480221e-01
1.086156124296860787e-01
1.152063115858114745e-01
1.077656817144881513e-01
1.117857314765644400e-01
1.190854208687177063e-01
1.123577853521475489e-01
1.138443247009164189e-01
1.114465291683490455e-01
1.161941410734867453e-01
1.121221599383996070e-01
1.071864559362905173e-01
1.076561307821136265e-01
1.129944184365180848e-01
1.057851584293903469e-01
1.106574859947730277e-01
1.116922649578788312e-01
1.158505617425991951e-01
1.115935922910769734e-01
1.073779492710645322e-01
1.078740229304784443e-01
1.041296405765490679e-01
1.065786166021075038e-01
1.118671363983780864e-01
1.128429787090191455e-01
1.145094377824511234e-01
1.095140155524206432e-01
1.131583304645923521e-01
1.140520053652998717e-01
1.096990180368988960e-01
1.123475941518942561e-01
1.109886304499247134e-01
1.101634546135289577e-01
1.083694486854932248e-01
1.082410874418341246e-01
1.082457520879614027e-01
1.164213106895868599e-01
1.176070448727561946e-01
1.090511300959266100e-01
1.141610563278962348e-01
1.028565663271225478e-01
1.075916410399935241e-01
1.119151474239352406e-01
1.089029525191738124e-01
1.205676983707608257e-01
1.104687564552594425e-01
1.106730861446032221e-01
1.144510661084682523e-01
1.140220769322835420e-01
1.074012284859632849e-01
1.156070256462463919e-01
1.078806328372313439e-01
1.064427753910422297e-01
1.148844137835579038e-01
1.098204971983646749e-01
1.057737892684646186e-01
1.109221059303635154e-01
1.146384929473965586e-01
1.157144054865989896e-01
1.127235609464920518e-01
1.063392700961767051e-01
1.113850750841009346e-01
1.093031146444189278e-01
1.156450749685366958e-01
1.081339509632342905e-01
1.110808738101369264e-01
1.112013078175294045e-01
1.136819553633148794e-01
1.165487966046501456e-01
1.115079444856979934e-01
1.106317050850544187e-01
1.063599226232140454e-01
1.107981981996160326e-01
1.150027532369280459e-01
1.069721276752459704e-01
1.089377812802409529e-01
1.139903701794071078e-01
1.156822351738810567e-01
1.098962675015895812e-01
1.119517727587849704e-01
1.058533668135985401e-01
1.128890511985772699e-01
1.168288698754249427e-01
1.056728430689336390e-01
1.165837816750774081e-01
1.085517311468720408e-01
1.169711692640796746e-01
1.073861264886382255e-01
1.077510026498482709e-01
1.143041300754516487e-01
1.100923644092220571e-01
1.111130293100499183e-01
1.089871962411472495e-01
1.127156561097273496e-01
1.165549873684843390e-01
1.083259501566107424e-01
1.120976016450768858e-01
1.082772034053237076e-01
1.178027072682594628e-01
1.101388880935234849e-01
1.105666437926582785e-01
1.142295028154666631e-01
1.091232808402333443e-01
1.083594741443028864e-01
1.184557435078880672e-01
1.070584000971836897e-01
1.073035977589778395e-01
1.129610491247895476e-01
1.115284465945875075e-01
1.144591586282237977e-01
1.065228588735828014e-01
1.162723086248987764e-01
1.051146541268397627e-01
1.152571517448776756e-01
1.148153977802930797e-01
1.088980394391677320e-01
1.093036761602912132e-01
1.123871179966208222e-01
1.093510637513529088e-01
1.184716985537073580e-01
1.099348228902388841e-01
1.151214023956503574e-01
1.103910829059970705e-01
1.112404848138491276e-01
1.088136100425169950e-01
1.111349294200921628e-01
1.164942845893211787e-01
1.159423486449015495e-01
1.107705164079864774e-01
1.127718271018984947e-01
1.131643574541577879e-01
1.092780661076689364e-01
1.086392461537168536e-01
1.087244925972742915e-01
1.079279261283003361e-01
1.111819398517792101e-01
1.113551450941042964e-01
1.125231773091050352e-01
1.163835912322004618e-01
1.129154281404155941e-01
1.093090962714109715e-01
1.086277701247196914e-01
1.159213004729304497e-01
1.171630593112263918e-01
1.125308962514958294e-01
1.084679498170048745e-01
1.121511276094959292e-01
1.115635887027168899e-01
1.028562319823182608e-01
1.098332143699129460e-01
1.087237465601318953e-01
1.187783944778717515e-01
1.080542108473869500e-01
1.089928887450160172e-01
1.122765495513494138e-01
1.101103512044900451e-01
1.166212121884410147e-01
1.053458892429868371e-01
1.073128186261806671e-01
1.074068081063719871e-01
1.119297317730692659e-01
1.086085480613968313e-01
1.188722045757831663e-01
1.124004122681724754e-01
1.122916517349389909e-01
1.159224949442805436e-01
1.124609630268353644e-01
1.073391794680784855e-01
1.159296102033784692e-01
1.133167783705851944e-01
1.161326928494068322e-01
1.087090345720450046e-01
1.146650601894809718e-01
1.139294987019055932e-01
1.095118242435348388e-01
1.139862632187895325e-01
1.110373885776752140e-01
1.063435768517546204e-01
1.075900303104367073e-01
1.083355898897235270e-01
1.133931029683504371e-01
1.091251554588476835e-01
1.124289879288810912e-01
1.075428299558086331e-01
1.133226344791742474e-01
1.093147663017496052e-01
1.099352443447479816e-01
1.148046606530745833e-01
1.133427463806210428e-01
1.195796055432695598e-01
1.151258355340896572e-01
1.145783207021080496e-01
1.136822634161664958e-01
1.043640259462289277e-01
1.168216653263721705e-01
1.103503647523048636e-01
1.074806942771642654e-01
1.180398421505322870e-01
1.122693192595854844e-01
1.116139168277956034e-01
1.109305356127711500e-01
1.167032111579408976e-01
1.128281664413710444e-01
1.010877340315626260e-01
1.103489345894792112e-01
1.102476771395557997e-01
1.152937614096280899e-01
1.078236314324805406e-01
1.155501284636557130e-01
1.126509337471081618e-01
1.125508583126924034e-01
1.089178486655537903e-01
1.180447985155460150e-01
1.075182758701535429e-01
1.066150302568880381e-01
1.174694274193965465e-01
1.086773751160273194e-01
1.109837431938220237e-01
1.108609795856934366e-01
1.097568032857126202e-01
1.123285844492224600e-01
1.140060016360038425e-01
1.070048891581021760e-01
1.136317474958606216e-01
1.078769202105318847e-01
1.100945152007998529e-01
1.163333398313858569e-01
1.149936145362563666e-01
1.117090627598838898e-01
1.097839883600290056e-01
1.122226720628065888e-01
1.107940246948064950e-01
1.125681572331067859e-01
1.090856902349071622e-01
1.123713819405589287e-01
1.078823847361864152e-01
1.054602382943416322e-01
1.131982121521081658e-01
1.132393717097166241e-01
1.143428014973417312e-01
1.113896804288602854e-01
1.088765277025791345e-01
1.191002022546644445e-01
1.087145924711456629e-01
1.132024564565374258e-01
1.097919441329745088e-01
1.091167005113302113e-01
1.129419829696416827e-01
1.150672086824973406e-01
1.105413931827896740e-01
1.138338244735048327e-01
1.105448469424094859e-01
1.066256138567741041e-01
1.141626294702291489e-01
1.132031654604734455e-01
1.108245588265932557e-01
1.144812491125403314e-01
1.108079389836161555e-01
1.133696944142381369e-01
1.113390305342200487e-01
1.098702014208986222e-01
1.097312422302097884e-01
1.126378713127894338e-01
1.092399063973854695e-01
1.131987087189769148e-01
1.150305171664326581e-01
1.085995181869619935e-01
1.097829827943291453e-01
1.110629682405254726e-01
1.066060665947122510e-01
1.113222542386024388e-01
1.112489570075502754e-01
1.155043097690511972e-01
1.214073512082298606e-01
1.082983496216818331e-01
1.086447099319253207e-01
1.103125848783514384e-01
1.098816620233731417e-01
1.111498962825116371e-01
1.110431502119470920e-01
1.087110532782016720e-01
1.103844497257318313e-01
1.080524003801819621e-01
1.081213630401553216e-01
1.061053789769991901e-01
1.059019328166659057e-01
1.180041768229924681e-01
1.097195383256826667e-01
1.048987144413284778e-01
1.155239164447173089e-01
1.073416372522329604e-01
1.179563806081811578e-01
1.131570117261547354e-01
1.135330117235963110e-01
1.088362828517953490e-01
1.164655006466767673e-01
1.096456968535979570e-01
1.075770932751206194e-01
1.081414476657907159e-01
1.109250836886274544e-01
1.075634354534439618e-01
1.181320726346129085e-01
1.124220890112412330e-01
1.119058497059039620e-01
1.109616496194249513e-01
1.046803488945349664e-01
1.141933025314639805e-01
1.156823946163058336e-01
1.117561224848031970e-01
1.088315276715617896e-01
1.132868010789538082e-01
1.139189700476634232e-01
1.104708794074562850e-01
1.086505912721921208e-01
1.136652949242255572e-01
1.074136881778637587e-01
1.157066821478880403e-01
1.061690671321673246e-01
1.109032567685995369e-01
1.108299586969690442e-01
1.139563326891034067e-01
1.074009194301489140e-01
1.117759712231464891e-01
1.125628814101219122e-01
1.125856127160099890e-01
1.087936544958024443e-01
1.100770706931750026e-01
1.112598835371243627e-01
1.090883197836004792e-01
1.116576775287588391e-01
1.089428174381072700e-01
1.121797589346384405e-01
1.098755312558167968e-01
1.103178986610892504e-01
1.150012449098703204e-01
1.147404512103933488e-01
1.050083466495076862e-01
1.136324246485646006e-01
1.114415479298585532e-01
1.065611093281171318e-01
1.132493922009299991e-01
1.069006362595619347e-01
1.060952106251930593e-01
1.161342891745078265e-01
1.187530384948238399e-01
1.152129818374911935e-01
1.088439339055464750e-01
1.183069908704895284e-01
1.117630357257066581e-01
1.091713416987122598e-01
1.102214951306963592e-01
1.094118329576956872e-01
1.111459165954819112e-01
1.044503543406533896e-01
1.105641722631378054e-01
1.106307925847478391e-01
1.091901002786098418e-01
1.128475335068427621e-01
1.092819148817887609e-01
1.126208388127195592e-01
1.027632115408778218e-01
1.104742359083432379e-01
1.107978705555582727e-01
1.115209949608796658e-01
1.064514531347996174e-01
1.056389325847610500e-01
1.116553318949464052e-01
1.124943865654178116e-01
1.134969267755364802e-01
1.159542969475762936e-01
1.066804844074142333e-01
1.107579359163840677e-01
1.115056852642924423e-01
1.136740394461995540e-01
1.128145398094485968e-01
1.144645028962538724e-01
1.097137195989489611e-01
1.106856490318209735e-01
1.064119181571862582e-01
1.095227949154109481e-01
1.117291403647798775e-01
1.138473263344703529e-01
1.207515026466586677e-01
1.074918268869320542e-01
1.131251100832835199e-01
1.132299673910706489e-01
1.127532466481893508e-01
1.134229768975040797e-01
1.051130957758197454e-01
1.099325497324268042e-01
1.164315915642640531e-01
1.090744844136329744e-01
1.145308197213289053e-01
1.127998237617504895e-01
1.082371862987295125e-01
1.188266150271281157e-01
1.120619429179873228e-01
1.064148726753699481e-01
1.177609799429774340e-01
1.024249472703116087e-01
1.140568871576434495e-01
1.100246393527740119e-01
1.135083762546762465e-01
1.144999350683811451e-01
1.123733046201941255e-01
1.133555627260834781e-01
1.125853887735269038e-01
1.112344011664390536e-01
1.138717302957024391e-01
1.215839392242905465e-01
1.103608000784730286e-01
1.071342543770487515e-01
1.120430962063181102e-01
1.068964810468829574e-01
1.097922902243832766e-01
1.057988580770026360e-01
1.047363071296459613e-01
1.109715086527359729e-01
1.074677159627660666e-01
1.156740047419682477e-01
1.097752766015055864e-01
1.127911088176262733e-01
1.075471617997838941e-01
1.159733879165007475e-01
1.153576373719634174e-01
1.123566598798602101e-01
1.085448672039768664e-01
1.130593072145413130e-01
1.120625755964563403e-01
1.090665048083815786e-01
1.108782048934163211e-01
1.193187391528716390e-01
1.083971404112302334e-01
1.125949072914245869e-01
1.170165607084830556e-01
1.114456744195941179e-01
1.099197216952840506e-01
1.048527225947532837e-01
1.123301432921718357e-01
