-4.361045733094215393e-02
-3.302543610334396362e-02
-3.642219305038452148e-02
-4.180506244301795959e-02
-3.603973239660263062e-02
-3.796120733022689819e-02
-3.505438193678855896e-02
-3.711147233843803406e-02
-4.205939918756484985e-02
-4.549666121602058411e-02
-4.530841112136840820e-02
-4.702691361308097839e-02
-4.509605094790458679e-02
-4.645997285842895508e-02
-4.451171308755874634e-02
-4.362604022026062012e-02
-4.092150926589965820e-02
-4.260445386171340942e-02
-4.393640905618667603e-02
-4.282350838184356689e-02
-4.388727620244026184e-02
-4.266005009412765503e-02
-4.198038950562477112e-02
-4.023003205657005310e-02
-4.194859415292739868e-02
-4.008113592863082886e-02
-4.094100371003150940e-02
-3.984015434980392456e-02
-3.869828581809997559e-02
-3.846041113138198853e-02
-3.879822418093681335e-02
-3.762986138463020325e-02
-3.696357831358909607e-02
-3.543853759765625000e-02
-3.504861518740653992e-02
-3.449045121669769287e-02
-3.401511535048484802e-02
-3.361341729760169983e-02
-3.246290236711502075e-02
-3.140122070908546448e-02
-3.153195977210998535e-02
-3.136231005191802979e-02
-3.000120818614959717e-02
-2.900144644081592560e-02
-2.880500257015228271e-02
-2.835424616932868958e-02
-2.756109461188316345e-02
-2.707502059638500214e-02
-2.615291625261306763e-02
-2.578191459178924561e-02
-2.495575882494449615e-02
-2.418383024632930756e-02
-2.367115579545497894e-02
-2.291920967400074005e-02
-2.241745218634605408e-02
-2.213307842612266541e-02
-2.147946320474147797e-02
-2.079457044601440430e-02
-2.011083252727985382e-02
-1.967496052384376526e-02
-1.898864656686782837e-02
-1.868361793458461761e-02
-1.826117001473903656e-02
-1.763131469488143921e-02
-1.702930219471454620e-02
-1.667407900094985962e-02
-1.611951924860477448e-02
-1.570233888924121857e-02
-1.519539393484592438e-02
-1.467978581786155701e-02
-1.429186481982469559e-02
-1.390804629772901535e-02
-1.340183895081281662e-02
-1.299129799008369446e-02
-1.258504390716552734e-02
-1.213011238723993301e-02
-1.177509874105453491e-02
-1.142238732427358627e-02
-1.110877282917499542e-02
-1.078078988939523697e-02
-1.046464778482913971e-02
-1.011789776384830475e-02
-9.788429364562034607e-03
-9.467096067965030670e-03
-9.169947355985641479e-03
-8.874224498867988586e-03
-8.585583418607711792e-03
-8.320776745676994324e-03
-8.075932040810585022e-03
-7.808133494108915329e-03
-7.546456530690193176e-03
-7.267477922141551971e-03
-7.046710234135389328e-03
-6.823592353612184525e-03
-6.582290865480899811e-03
-6.353940814733505249e-03
-6.139223929494619370e-03
-5.921346601098775864e-03
-5.705890245735645294e-03
-5.505329929292201996e-03
-5.314446520060300827e-03
-5.120239686220884323e-03
-4.956223536282777786e-03
-4.772516433149576187e-03
-4.604214336723089218e-03
-4.438421223312616348e-03
-4.274226725101470947e-03
-4.122883547097444534e-03
-3.970107529312372208e-03
-3.825421212241053581e-03
-3.690158715471625328e-03
-3.554248483851552010e-03
-3.428891301155090332e-03
-3.301134798675775528e-03
-3.180044004693627357e-03
-3.065797034651041031e-03
-2.957942662760615349e-03
-2.848026808351278305e-03
-2.740355208516120911e-03
-2.637662459164857864e-03
-2.541017020121216774e-03
-2.443753182888031006e-03
-2.351429313421249390e-03
-2.262406982481479645e-03
-2.178757451474666595e-03
-2.097385236993432045e-03
-2.017717575654387474e-03
-1.942502218298614025e-03
-1.869537052698433399e-03
-1.799278310500085354e-03
-1.731105032376945019e-03
-1.665259478613734245e-03
-1.601028605364263058e-03
-1.540561672300100327e-03
-1.482376945205032825e-03
-1.426124479621648788e-03
-1.372550497762858868e-03
-1.319832634180784225e-03
-1.269699307158589363e-03
-1.221424085088074207e-03
-1.175027224235236645e-03
-1.130252610892057419e-03
-1.086924690753221512e-03
-1.045180368237197399e-03
-1.005600905045866966e-03
-9.673265740275382996e-04
-9.306800784543156624e-04
-8.949211332947015762e-04
-8.609122014604508877e-04
-8.283538045361638069e-04
-7.967120036482810974e-04
-7.661908166483044624e-04
-7.370825624093413353e-04
-7.086652331054210663e-04
-6.816352251917123795e-04
-6.555725703947246075e-04
-6.306518334895372391e-04
-6.065640482120215893e-04
-5.833421600982546806e-04
-5.610614316537976265e-04
-5.395508487708866596e-04
-5.188913783058524132e-04
-4.990627639926970005e-04
-4.799703019671142101e-04
-4.615947545971721411e-04
-4.439453477971255779e-04
-4.269380006007850170e-04
-4.105820262338966131e-04
-3.948803350795060396e-04
-3.797889221459627151e-04
-3.652502491604536772e-04
-3.512201656121760607e-04
-3.377824905328452587e-04
-3.248342254664748907e-04
-3.124202194157987833e-04
-3.004564787261188030e-04
-2.889261522796005011e-04
-2.778602065518498421e-04
-2.672045666258782148e-04
-2.569623757153749466e-04
-2.471024927217513323e-04
-2.376169286435469985e-04
-2.285174123244360089e-04
-2.197630383307114244e-04
-2.113414084305986762e-04
-2.032397169386968017e-04
-1.954421895788982511e-04
-1.879578485386446118e-04
-1.807453663786873221e-04
-1.738140708766877651e-04
-1.671484496910125017e-04
-1.607490557944402099e-04
-1.545849081594496965e-04
-1.486614200985059142e-04
-1.429604162694886327e-04
-1.374729617964476347e-04
-1.322017342317849398e-04
-1.271336077479645610e-04
-1.222554710693657398e-04
-1.175666402559727430e-04
-1.130573364207521081e-04
-1.087217897293157876e-04
-1.045512399286963046e-04
-1.005417798296548426e-04
-9.668756683822721243e-05
-9.297755605075508356e-05
-8.941002306528389454e-05
-8.597967098467051983e-05
-8.268149395007640123e-05
-7.951042061904445291e-05
-7.645980076631531119e-05
-7.352700777119025588e-05
-7.070467836456373334e-05
-6.799211405450478196e-05
-6.538434536196291447e-05
-6.287440919550135732e-05
-6.046227281331084669e-05
-5.814354517497122288e-05
-5.591222361545078456e-05
-5.376689659897238016e-05
-5.170371150597929955e-05
-4.972043097950518131e-05
-4.781272946274839342e-05
-4.597851875587366521e-05
-4.421439371071755886e-05
-4.251764767104759812e-05
-4.088569039595313370e-05
-3.931645187549293041e-05
-3.780744373216293752e-05
-3.635634493548423052e-05
-3.496094723232090473e-05
-3.361910057719796896e-05
-3.232874951208941638e-05
-3.108792952843941748e-05
-2.989472159242723137e-05
-2.874732490454334766e-05
-2.764396413112990558e-05
-2.658295488799922168e-05
-2.556267099862452596e-05
-2.458154631312936544e-05
-2.363807470828760415e-05
-2.273081190651282668e-05
-2.185837183787953109e-05
-2.101941754517611116e-05
-2.021266664087306708e-05
-1.943687857419718057e-05
-1.869086736405733973e-05
-1.797349432308692485e-05
-1.728364804876036942e-05
-1.662027898419182748e-05
-1.598236485733650625e-05
-1.536894342279992998e-05
-1.477906516811344773e-05
-1.421182787453290075e-05
-1.366636115562869236e-05
-1.314183009526459500e-05
-1.263743251911364496e-05
-1.215238989971112460e-05
-1.168596827483270317e-05
-1.123744095821166411e-05
-1.080613401427399367e-05
-1.039138078340329230e-05
-9.992544619308318943e-06
-9.609017070033587515e-06
-9.240210602001752704e-06
-8.885559509508311749e-06
-8.544519005226902664e-06
-8.216567948693409562e-06
-7.901205208327155560e-06
-7.597948751936201006e-06
-7.306332463485887274e-06
-7.025906143098836765e-06
-6.756243692507268861e-06
-6.496930382127175108e-06
-6.247569672268582508e-06
-6.007780484651448205e-06
-5.777194473921554163e-06
-5.555459665629314259e-06
-5.342234544514212757e-06
-5.137193056725664064e-06
-4.940019152854802087e-06
-4.750415428134147078e-06
-4.568088570522377267e-06
-4.392758910398697481e-06
-4.224159965815488249e-06
-4.062032076035393402e-06
-3.906126494257478043e-06
-3.756205614990903996e-06
-3.612037744460394606e-06
-3.473402557574445382e-06
-3.340089278935920447e-06
-3.211891680621192791e-06
-3.088615585511433892e-06
-2.970070909213973209e-06
-2.856075752788456157e-06
-2.746457084867870435e-06
-2.641044147821958177e-06
-2.539678007451584563e-06
-2.442201775920693763e-06
-2.348467205592896789e-06
-2.258329232063260861e-06
-2.171651885873870924e-06
-2.088301698677241802e-06
-2.008150659094098955e-06
-1.931075303218676709e-06
-1.856958533608121797e-06
-1.785685981303686276e-06
-1.717149189062183723e-06
-1.651242882871883921e-06
-1.587865426699863747e-06
-1.526920868855086155e-06
-1.468315872443781700e-06
-1.411960283803637139e-06
-1.357767587251146324e-06
-1.305654564021097030e-06
-1.255542088074435014e-06
-1.207352852361509576e-06
-1.161013301498314831e-06
-1.116452040150761604e-06
-1.073601083589892369e-06
-1.032395061884017196e-06
-9.927705377776874229e-07
-9.546664614390465431e-07
-9.180253641716262791e-07
-8.827904025565658230e-07
-8.489078595630417112e-07
-8.163256666193774436e-07
-7.849939720472320914e-07
-7.548649136879248545e-07
-7.258922778419218957e-07
-6.980317266425117850e-07
-6.712405138387111947e-07
-6.454775416386837605e-07
-6.207035312399966642e-07
-5.968801133349188603e-07
-5.739710786656360142e-07
-5.519415253729675896e-07
-5.307572337187593803e-07
-5.103862577016116120e-07
-4.907969923806376755e-07
-4.719595096958073555e-07
-4.538450752988865133e-07
-4.364259496014710749e-07
-4.196753877749870298e-07
-4.035678387026564451e-07
-3.880783481235994259e-07
-3.731834397058264585e-07
-3.588601771298272070e-07
-3.450866756793402601e-07
-3.318418180242588278e-07
-3.191052826423401712e-07
-3.068577143494621851e-07
-2.950800706003064988e-07
-2.837545878264791099e-07
-2.728637866766803199e-07
-2.623909551857650513e-07
-2.523200635096145561e-07
-2.426357355034269858e-07
-2.333230355588966631e-07
-2.243678096647272469e-07
-2.157562875026997062e-07
-2.074753098213477642e-07
-1.995122147491201758e-07
-1.918546672641241457e-07
-1.844910713089120691e-07
-1.774100724105664995e-07
-1.706008418977944530e-07
-1.640529632140896865e-07
-1.577564461285874131e-07
-1.517015562058077194e-07
-1.458790848118951544e-07
-1.402801217409432866e-07
-1.348959983715758426e-07
-1.297185150406221510e-07
-1.247397278802964138e-07
-1.199520767158901435e-07
-1.153481221649599320e-07
-1.109209080141226877e-07
-1.066636059476877563e-07
-1.025697216050502902e-07
-9.863298089385352796e-08
-9.484733709541615099e-08
-9.120698507558699930e-08
-8.770632575760828331e-08
-8.434005849267123267e-08
-8.110296789709536824e-08
-7.799014412057658774e-08
-7.499678389422115288e-08
-7.211833263909284142e-08
-6.935035656852051034e-08
-6.668860663694431423e-08
-6.412901143448834773e-08
-6.166766297610593028e-08
-5.930075985816074535e-08
-5.702471739255088323e-08
-5.483603970901640423e-08
-5.273137304584452068e-08
-5.070747732816016651e-08
-4.876126880049014289e-08
-4.688974541977586341e-08
-4.509005080421957246e-08
-4.335941738986548444e-08
-4.169523037944600219e-08
-4.009491405554399535e-08
-3.855601704572109156e-08
-3.707619100623560371e-08
-3.565316220033309946e-08
-3.428475636724215292e-08
-3.296885608961019898e-08
-3.170345408420871536e-08
-3.048664254379218619e-08
-2.931653497739716840e-08
-2.819132660647483135e-08
-2.710931035210251139e-08
-2.606882532063536928e-08
-2.506827279091794480e-08
-2.410611976699783554e-08
-2.318089720176885749e-08
-2.229118578611632984e-08
-2.143562127798759320e-08
-2.061289983146252780e-08
-1.982175490411464125e-08
-1.906096258608158678e-08
-1.832937535084511183e-08
-1.762586876452587603e-08
-1.694936457852236344e-08
-1.629882540044036432e-08
-1.567325647044981451e-08
-1.507169500314375910e-08
-1.449322795110674633e-08
-1.393695914231329880e-08
-1.340204125455102258e-08
-1.288765361096011475e-08
-1.239300839728230130e-08
-1.191735066186083714e-08
-1.145994854567788934e-08
-1.102010482867399332e-08
-1.059713827800123909e-08
-1.019040762884060314e-08
-9.799282274514098390e-09
-9.423174240907883359e-09
-9.061502659335474164e-09
-8.713707089214040025e-09
-8.379265281632797269e-09
-8.057660316751480423e-09
-7.748398367368736217e-09
-7.451003369851605385e-09
-7.165026794098139362e-09
-6.890024550898488087e-09
-6.625576087770923550e-09
-6.371279503980531445e-09
-6.126740004219755065e-09
-5.891588106265999158e-09
-5.665461433324026075e-09
-5.448015816256202015e-09
-5.238913747263040932e-09
-5.037836814381080330e-09
-4.844479484233943367e-09
-4.658541996604981250e-09
-4.479741910756729339e-09
-4.307801670933031346e-09
-4.142462373124544683e-09
-3.983470886481654816e-09
-3.830579409225265408e-09
-3.683557237010859353e-09
-3.542178550475227894e-09
-3.406225523860939575e-09
-3.275490323417784566e-09
-3.149771776733700790e-09
-3.028879369537662569e-09
-2.912627028450742728e-09
-2.800836673699791390e-09
-2.693337775028226133e-09
-2.589963354893143332e-09
-2.490557537981885616e-09
-2.394967113517054713e-09
-2.303045532059400102e-09
-2.214651795284794389e-09
-2.129650900073443154e-09
-2.047911840108440629e-09
-1.969311158589448496e-09
-1.893726286894548139e-09
-1.821042872052203165e-09
-1.751149003581531360e-09
-1.683937878027563784e-09
-1.619306133626707833e-09
-1.557155182574376795e-09
-1.497389767735057831e-09
-1.439918073664614440e-09
-1.384652392744101235e-09
-1.331507681889831929e-09
-1.280403005843311348e-09
-1.231259760814396031e-09
-1.184002562659713931e-09
-1.138559024838059486e-09
-1.094860091477301012e-09
-1.052838038972936374e-09
-1.012428807456444702e-09
-9.735707795499592976e-10
-9.362038921878479414e-10
-9.002711354177961312e-10
-8.657177197335386154e-10
-8.324904654521958491e-10
-8.005384688480887689e-10
-7.698129911304363304e-10
-7.402665147537845769e-10
-7.118540756856361895e-10
-6.845323197168795559e-10
-6.582591693948813827e-10
-6.329943236238477766e-10
-6.086993131759754760e-10
-5.853366125130321507e-10
-5.628706944982297955e-10
-5.412671422178050307e-10
-5.204925379587166390e-10
-5.005153513870652660e-10
-4.813049958585224886e-10
-4.628319116850576620e-10
-4.450677326683916135e-10
-4.279854803890259518e-10
-4.115588148057014450e-10
-3.957627003892127959e-10
-3.805728787664719448e-10
-3.659660630095373790e-10
-3.519198543688872860e-10
-3.384126590066927065e-10
-3.254239655525736907e-10
-3.129337899920869859e-10
-3.009230920003602705e-10
-2.893733030973066889e-10
-2.782667707368347010e-10
-2.675866195289700045e-10
-2.573163071506456845e-10
-2.474401239460632951e-10
-2.379430541488147810e-10
-2.288103595482482433e-10
-2.200283427677973691e-10
-2.115833619420470768e-10
-2.034625246061239068e-10
-1.956534240177276729e-10
-1.881440142570411922e-10
-1.809227906379717865e-10
-1.739787341970000512e-10
-1.673011590375139690e-10
-1.608799204966260277e-10
-1.547051653449926789e-10
-1.487673872979655698e-10
-1.430575102823183897e-10
-1.375668051695200234e-10
-1.322868342645833195e-10
-1.272094790616407067e-10
-1.223269818773076167e-10
-1.176319180951068688e-10
-1.131170782042723033e-10
-1.087755094331122052e-10
-1.046005781990544392e-10
-1.005858868419196028e-10
-9.672529444060273818e-11
-9.301284742413429285e-11
-8.944290447177039027e-11
-8.600994222396352029e-11
-8.270877038807356030e-11
-7.953429581597504239e-11
-7.648165434304132759e-11
-7.354618997146289416e-11
-7.072338548130829849e-11
-6.800893875835711810e-11
-6.539865177179748912e-11
-6.288856241321028051e-11
-6.047480571869101595e-11
-5.815371795225843243e-11
-5.592172558355201772e-11
-5.377537998230152994e-11
-5.171141639892518072e-11
-4.972666722835583641e-11
-4.781809323506358567e-11
-4.598277661416183548e-11
-4.421790017472559953e-11
-4.252076815647320984e-11
-4.088877153529679731e-11
-3.931941230939095533e-11
-3.781026880478322028e-11
-3.635907200316701449e-11
-3.496356329457661616e-11
-3.362160896913657382e-11
-3.233117593093304265e-11
-3.109026924796864932e-11
-2.989698419386677131e-11
-2.874951145204196479e-11
-2.764607119620787756e-11
-2.658497554042238420e-11
-2.556461292657630224e-11
-2.458340302158301682e-11
-2.363986610631751972e-11
-2.273253980888956249e-11
-2.186003635051836369e-11
-2.102102866774480106e-11
-2.021421224851494003e-11
-1.943836758222516892e-11
-1.869229597495358774e-11
-1.797486465227038366e-11
-1.728496165642745552e-11
-1.662154268389226530e-11
-1.598359118670789059e-11
-1.537012531138692850e-11
-1.478020136835844767e-11
-1.421292077086189209e-11
-1.366741008562710746e-11
-1.314283838010910088e-11
-1.263839987525328112e-11
-1.215331654758067259e-11
-1.168685547642267508e-11
-1.123830022098371018e-11
-1.080696122868207709e-11
-1.039217843723516665e-11
-9.993311733680343423e-12
-9.609756566886229479e-12
-9.240922263509254719e-12
-8.886245038419726683e-12
-8.545180188446188652e-12
-8.217203827098895630e-12
-7.901818088740242274e-12
-7.598537250796955078e-12
-7.306895540015734269e-12
-7.026447999824991797e-12
-6.756763985121816418e-12
-6.497431499080663642e-12
-6.248051988982927796e-12
-6.008242514621287000e-12
-5.777638350384917132e-12
-5.555885612684718922e-12
-5.342644729400269910e-12
-5.137588271475479473e-12
-4.940401820280326817e-12
-4.750783967610860969e-12
-4.568443279923117828e-12
-4.393100466737465126e-12
-4.224489248000340424e-12
-4.062347246786002231e-12
-3.906430300765206809e-12
-3.756496849693924389e-12
-3.612317259552022541e-12
-3.473671654138921205e-12
-3.340347963509682216e-12
-3.212141273453705814e-12
-3.088855777058641117e-12
-2.970301522103868663e-12
-2.856297663667017872e-12
-2.746669645198318577e-12
-2.641248981680166530e-12
-2.539874343829295888e-12
-2.442390473894606728e-12
-2.348649269859337529e-12
-2.258504581270637246e-12
-2.171820666016510692e-12
-2.088464167229742152e-12
-2.008306715373109341e-12
-1.931225145079817906e-12
-1.857102796196108407e-12
-1.785824309610828386e-12
-1.717282240888684530e-12
-1.651370771897642253e-12
-1.587989288676094901e-12
-1.527040646709387772e-12
-1.468430845669166374e-12
-1.412070872557069645e-12
-1.357873882779081498e-12
-1.305756826448789543e-12
-1.255640339967167840e-12
-1.207447444979969919e-12
-1.161104307319249518e-12
-1.116539803322491586e-12
-1.073685953513481284e-12
-1.032476513139479746e-12
-9.928487068947000616e-13
-9.547418194574830430e-13
-9.180976291711662185e-13
-8.828595948924544690e-13
-8.489743196643528833e-13
-8.163894907320390359e-13
-7.850553432157958422e-13
-7.549241722200339400e-13
-7.259492486311192039e-13
-6.980864996307400983e-13
-6.712928823926489486e-13
-6.455279561758120455e-13
-6.207517139200646739e-13
-5.969264795999129625e-13
-5.740157698122527741e-13
-5.519844564066955783e-13
-5.307986580653512032e-13
-5.104259571432623321e-13
-4.908352370380786311e-13
-4.719963027192963789e-13
-4.538804228293447096e-13
-4.364598417926079943e-13
-4.197079966558603381e-13
-4.035991105124508982e-13
-3.881084906579013172e-13
-3.732124472747427868e-13
-3.588880494870272386e-13
-3.451133964108704655e-13
-3.318673732089633122e-13
-3.191298679310061726e-13
-3.068813107277856833e-13
-2.951028093764462845e-13
-2.837763932259790289e-13
-2.728847150416241485e-13
-2.624111052149796786e-13
-2.523393820286212730e-13
-2.426541769167539497e-13
-2.333407989399405302e-13
-2.243849908396128301e-13
-2.157727799602729424e-13
-2.074911558758510410e-13
-1.995274198684018896e-13
-1.918693204533764018e-13
-1.845051346947845783e-13
-1.774236004425597257e-13
-1.706138756749769891e-13
-1.640654707360175713e-13
-1.577684787283303858e-13
-1.517131418323630632e-13
-1.458901359094322281e-13
-1.402906789219407480e-13
-1.349061243575630509e-13
-1.297282593848425591e-13
-1.247491015652843482e-13
-1.199610885887353318e-13
-1.153568207753682962e-13
-1.109293050211707099e-13
-1.066716905236651802e-13
-1.025774991748711062e-13
-9.864044260218807203e-14
-9.485449670729520499e-14
-9.121386100856970769e-14
-8.771297219361401387e-14
-8.434644990914716423e-14
-8.110913064232269654e-14
-7.799606772072864569e-14
-7.500245677348818529e-14
-7.212375770400403230e-14
-6.935556594095046434e-14
-6.669359210948258565e-14
-6.413381788529862182e-14
-6.167228593046900076e-14
-5.930524219497149141e-14
-5.702902072021037716e-14
-5.484018932868338358e-14
-5.273535988860149348e-14
-5.071130351036977346e-14
-4.876495054658737394e-14
-4.689327539556670255e-14
-4.509345574352750796e-14
-4.336270993427100706e-14
-4.169840877752892250e-14
-4.009796712874623414e-14
-3.855895569743021667e-14
-3.707901973198750312e-14
-3.565587563159229589e-14
-3.428736515629499104e-14
-3.297135717120029674e-14
-3.170587300734342695e-14
-3.048897465334106383e-14
-2.931876475539135773e-14
-2.819347301463454719e-14
-2.711137656605591695e-14
-2.607081014288116505e-14
-2.507018132316945341e-14
-2.410794850695677921e-14
-2.318265310350797054e-14
-2.229287040340574566e-14
-2.143724345986860319e-14
-2.061445937182829896e-14
-1.982324758986395152e-14
-1.906240532719045977e-14
-1.833077045460419080e-14
-1.762721133608761287e-14
-1.695065562792950203e-14
-1.630007333806599706e-14
-1.567445310915807632e-14
-1.507285134650249853e-14
-1.449433631385728394e-14
-1.393802879102318260e-14
-1.340306903955873138e-14
-1.288864306080161892e-14
-1.239395972597910969e-14
-1.191826432873520011e-14
-1.146082757370230423e-14
-1.102094727056714824e-14
-1.059795087516961221e-14
-1.019118871323915210e-14
-9.800039909625430506e-15
-9.423902223902949626e-15
-9.062203908832312804e-15
-8.714385075635384947e-15
-8.379918022786026627e-15
-8.058286060186412719e-15
-7.748998755760082985e-15
-7.451584312155416778e-15
-7.165583637515002269e-15
-6.890558815805108983e-15
-6.626091836266266924e-15
-6.371774429017899519e-15
-6.127218229453690670e-15
-5.892048849010953979e-15
-5.665904181104738230e-15
-5.448439483325510924e-15
-5.239321871725001120e-15
-5.038230320816199440e-15
-4.844857357639252571e-15
-4.658906520662621509e-15
-4.480091512750134300e-15
-4.308140012809248687e-15
-4.142789017109842209e-15
-3.983782721701844068e-15
-3.830880145711760415e-15
-3.683846237496728182e-15
-3.542455898051014539e-15
-3.406491016390701503e-15
-3.275745763509606279e-15
-3.150018122049808716e-15
-3.029116450806992530e-15
-2.912855884840419469e-15
-2.801057064923508436e-15
-2.693549102159150874e-15
-2.590166825122632195e-15
-2.490753109202236727e-15
-2.395155064950985069e-15
-2.303226367427239039e-15
-2.214826197403517612e-15
-2.129817970817076030e-15
-2.048073362176405267e-15
-1.969465740055890805e-15
-1.893874825777022534e-15
-1.821185422858973869e-15
-1.751285087677996802e-15
-1.684068576390394985e-15
-1.619431809822774546e-15
-1.557276002757661953e-15
-1.497506075746727911e-15
-1.440029913956958514e-15
-1.384759743599194536e-15
-1.331610861378710545e-15
-1.280501422736978097e-15
-1.231354241796678642e-15
-1.184093297350796107e-15
-1.138646273961458656e-15
-1.094943714926991437e-15
-1.052918492886324546e-15
-1.012506339214585063e-15
-9.736448911110313909e-16
-9.362749621484741346e-16
-9.003395893612104427e-16
-8.657835038494319721e-16
-8.325537131143761257e-16
-8.005993422396484420e-16
-7.698714221329857818e-16
-7.403228895262563281e-16
-7.119083222776635689e-16
-6.845844158277791282e-16
-6.583090832270363079e-16
-6.330423021686773424e-16
-6.087452679558061439e-16
-5.853807640783027268e-16
-5.629130563337048001e-16
-5.413076281294117512e-16
-5.205316039991582724e-16
-5.005528496305079039e-16
-4.813409777164778976e-16
-4.628663950434735563e-16
-4.451010436451170813e-16
-4.280176596484187249e-16
-4.115898262133359936e-16
-3.957925029283656821e-16
-3.806014964149518395e-16
-3.659935397368245741e-16
-3.519462394604408505e-16
-3.384381021247640908e-16
-3.254484813017049713e-16
-3.129573658378846093e-16
-3.009457239617693847e-16
-2.893949209485197028e-16
-2.782876190924964523e-16
-2.676065865671789284e-16
-2.573354650487732825e-16
-2.474586373673145134e-16
-2.379609098693112471e-16
-2.288276712364233469e-16
-2.200450380692497228e-16
-2.115994578406343060e-16
-2.034779868283518667e-16
-1.956682504104386116e-16
-1.881582180720655696e-16
-1.809364813382244091e-16
-1.739919361363722185e-16
-1.673139019104397129e-16
-1.608922407348394425e-16
-1.547169735026615676e-16
-1.487787563817066891e-16
-1.430684308282326200e-16
-1.375772882847504019e-16
-1.322968848915670936e-16
-1.272191473659041775e-16
-1.223363465321179581e-16
-1.176409517379117526e-16
-1.131257367334542979e-16
-1.087838590807185552e-16
-1.046085888382407931e-16
-1.005935864938064053e-16
-9.673268458876819629e-17
-9.301992742271578433e-17
-8.944969016748380883e-17
-8.601650019613961895e-17
-8.271508340509757659e-17
-7.954039068389865807e-17
-7.648752512331654946e-17
-7.355182142469645170e-17
-7.072883266506527970e-17
-6.801417809589895263e-17
-6.540370196180000407e-17
-6.289342056093837866e-17
-6.047948915782692990e-17
-5.815822183565612152e-17
-5.592603855673482401e-17
-5.377952802821686867e-17
-5.171540137998674469e-17
-4.973050209082694969e-17
-4.782177951863838812e-17
-4.598631206149752268e-17
-4.422130384893392413e-17
-4.252403180237106792e-17
-4.089191842702023880e-17
-3.932243585892947473e-17
-3.781319850921217277e-17
-3.636189358087563465e-17
-3.496627776009861657e-17
-3.362422684706808235e-17
-3.233369605130980090e-17
-3.109268028701894370e-17
-2.989931012601114088e-17
-2.875173930115917410e-17
-2.764821253520320584e-17
-2.658703576224872748e-17
-2.556659101701758531e-17
-2.458531327379082901e-17
-2.364170037257606226e-17
-2.273430309294009218e-17
-2.186173508017627987e-17
-2.102265464733106434e-17
-2.021577966445498839e-17
-1.943987101499044758e-17
-1.869374252193904088e-17
-1.797625763913912042e-17
-1.728630463584741493e-17
-1.662283464704720717e-17
-1.598483520366873224e-17
-1.537132030642182693e-17
-1.478134862376940590e-17
-1.421402514628868676e-17
-1.366846892662730055e-17
-1.314385692007575700e-17
-1.263937848963375414e-17
-1.215426518451223021e-17
-1.168777254215988749e-17
-1.123918091544380484e-17
-1.080780788035862601e-17
-1.039299169241430858e-17
-9.994094595358574178e-18
-9.610509438621808867e-18
-9.241646442427262342e-18
-8.886942296777785991e-18
-8.545851889649707370e-18
-8.217852442895892966e-18
-7.902441857884523089e-18
-7.599135406776641666e-18
-7.307471522790444108e-18
-7.027001046853314120e-18
-6.757293431456417852e-18
-6.497940049377154108e-18
-6.248540131608740946e-18
-6.008712761479097697e-18
-5.778091911567169645e-18
-5.556321894209558990e-18
-5.343063978945425266e-18
-5.137989361481278645e-18
-4.940787435497105465e-18
-4.751153384937179935e-18
-4.568798110177414772e-18
-4.393442437761073329e-18
-4.224817120398769596e-18
-4.062664491329693304e-18
-3.906734328418547163e-18
-3.756790058010141007e-18
-3.612599242352347435e-18
-3.473942264992533618e-18
-3.340607367693885981e-18
-3.212390857230563341e-18
-3.089095657821624939e-18
-2.970532138311642994e-18
-2.856519766531927807e-18
-2.746882973397464998e-18
-2.641453427653600026e-18
-2.540070035876038189e-18
-2.442579149265997762e-18
-2.348830014156840956e-18
-2.258678701121983543e-18
-2.171987898179741722e-18
-2.088624429251494455e-18
-2.008460701727755437e-18
-1.931373052106947990e-18
-1.857243607151783309e-18
-1.785960283889260458e-18
-1.717413480888216161e-18
-1.651497112235090491e-18
-1.588110572087881688e-18
-1.527157080314921047e-18
-1.468542958711836936e-18
-1.412178561579743923e-18
-1.357977345147053647e-18
-1.305856591352510804e-18
-1.255735960279121182e-18
-1.207539661503259609e-18
-1.161192835179490038e-18
-1.116624447172709476e-18
-1.073766668672688575e-18
-1.032554152411035646e-18
-9.929233088781606757e-19
-9.548136504917707229e-19
-9.181666542235276614e-19
-8.829261751893544542e-19
-8.490385500470117238e-19
-8.164514079239672066e-19
-7.851149628871028672e-19
-7.549811867621023456e-19
-7.260040159286040948e-19
-6.981391445250482435e-19
-6.713437659547351724e-19
-6.455767796809786529e-19
-6.207988429258941317e-19
-5.969718536825158850e-19
-5.740591575099501567e-19
-5.520259611236814350e-19
-5.308386086125364687e-19
-5.104641161495897058e-19
-4.908719297509649688e-19
-4.720316505291509339e-19
-4.539146890542262373e-19
-4.364928177877875066e-19
-4.197397220465978989e-19
-4.036296299846975587e-19
-3.881377778824981799e-19
-3.732406169419361434e-19
-3.589150895034365336e-19
-3.451394820759198336e-19
-3.318925981561893719e-19
-3.191542493674200262e-19
-3.069046609230929508e-19
-2.951252729582139870e-19
-2.837980425956718220e-19
-2.729054697956321308e-19
-2.624310884940262796e-19
-2.523585101749680616e-19
-2.426726646416725263e-19
-2.333586367937195770e-19
-2.244020543679661047e-19
-2.157892042608196289e-19
-2.075069808294500125e-19
-1.995426144731509680e-19
-1.918839430519785519e-19
-1.845191663175068123e-19
-1.774370397832838565e-19
-1.706267584025582105e-19
-1.640778919447934635e-19
-1.577804237697594813e-19
-1.517245957311675523e-19
-1.459012054447030240e-19
-1.403013477940838803e-19
-1.349164149310607413e-19
-1.297381350495080767e-19
-1.247586628583037038e-19
-1.199702435392049380e-19
-1.153656651112460826e-19
-1.109377931416438677e-19
-1.066798615514815510e-19
-1.025853627557838130e-19
-9.864801535177407915e-20
-9.486177058122305537e-20
-9.122085756688847721e-20
-8.771969283963561174e-20
-8.435290618783139984e-20
-8.111534711969299180e-20
-7.800204608919653389e-20
-7.500824034547131063e-20
-7.212932869635999579e-20
-6.936093613190400814e-20
-6.669877811502426441e-20
-6.413881567788603302e-20
-6.167708093848847366e-20
-5.930983865937802658e-20
-5.703346346302623670e-20
-5.484444629417828923e-20
-5.273945258098982977e-20
-5.071525438036734085e-20
-4.876874007149094525e-20
-4.689694020520854832e-20
-4.509698549877035675e-20
-4.336610037348034298e-20
-4.170165465348452982e-20
-4.010109247993709912e-20
-3.856196462274306965e-20
-3.708191232468695818e-20
-3.565866407025851164e-20
-3.429004204800124279e-20
-3.297394276346682341e-20
-3.170837258213203000e-20
-3.049136048769351353e-20
-2.932106471081863642e-20
-2.819568225626597448e-20
-2.711350383284786932e-20
-2.607284276759653701e-20
-2.507213517216636950e-20
-2.410983169849596375e-20
-2.318446377788061135e-20
-2.229462261833955794e-20
-2.143892850846045920e-20
-2.061607766942626378e-20
-1.982480348092399985e-20
-1.906390394612605130e-20
-1.833220776436034598e-20
-1.762859856491736406e-20
-1.695199228883026360e-20
-1.630135334474621941e-20
-1.567568976216502142e-20
-1.507403703556773574e-20
-1.449547428028804355e-20
-1.393911615457657170e-20
-1.340411205180732572e-20
-1.288964367709698898e-20
-1.239492181613065494e-20
-1.191918956633609490e-20
-1.146171749012235633e-20
-1.102180361487976289e-20
-1.059877181739278051e-20
-1.019197747839498603e-20
-9.800792942284862164e-21
-9.424626096377837258e-21
-9.062896944892843860e-21
-8.715052149236523742e-21
-8.380556950067558445e-21
-8.058902437438771788e-21
-7.749592626100058733e-21
-7.452153341227621793e-21
-7.166128179456136300e-21
-6.891083355640152081e-21
-6.626595585950589268e-21
-6.372258550223273862e-21
-6.127684103649288159e-21
-5.892496218323218649e-21
-5.666335830004557695e-21
-5.448854375769167961e-21
-5.239720660254601457e-21
-5.038613181621213550e-21
-4.845223766623214220e-21
-4.659257974505451535e-21
-4.480429038551659552e-21
-4.308463924536210417e-21
-4.143099291756279631e-21
-3.984081896928629524e-21
-3.831166978602475361e-21
-3.684122296127320078e-21
-3.542719647820501339e-21
-3.406746180077128791e-21
-3.275992068518188128e-21
-3.150255364751942770e-21
-3.029344823651418178e-21
-2.913074450747824962e-21
-2.801267137301610142e-21
-2.693751025231405890e-21
-2.590361728546338631e-21
-2.490940515810503412e-21
-2.395335521833314328e-21
-2.303399728185587147e-21
-2.214991367096322793e-21
-2.129977556523758595e-21
-2.048226424168090568e-21
-1.969612560078050296e-21
-1.894016410805729724e-21
-1.821322259922663793e-21
-1.751417622174655228e-21
-1.684196171733454720e-21
-1.619554914919276614e-21
-1.557394291174994776e-21
-1.497619586704884751e-21
-1.440138814016510528e-21
-1.384864529456250166e-21
-1.331711813725378436e-21
-1.280598877725242022e-21
-1.231448375221805815e-21
-1.184183767774601651e-21
-1.138733464678758913e-21
-1.095027187893953271e-21
-1.052998900296086864e-21
-1.012583473528824646e-21
-9.737189094359034864e-22
-9.363465420095239091e-22
-9.004086140096492527e-22
-8.658497915769436943e-22
-8.326176691037515919e-22
-8.006606487759842494e-22
-7.699303134667228220e-22
-7.403795082264968186e-22
-7.119624412574799698e-22
-6.846363499877220550e-22
-6.583591786646439316e-22
-6.330905376098982839e-22
-6.087919051677613594e-22
-5.854256179631742860e-22
-5.629561330791914260e-22
-5.413493717247072315e-22
-5.205717599795954964e-22
-5.005914909721577094e-22
-4.813781209823395812e-22
-4.629022160320455055e-22
-4.451355033464323612e-22
-4.280506694055177759e-22
-4.116215618925718627e-22
-3.958230129892744504e-22
-3.806308646192640508e-22
-3.660217412561971548e-22
-3.519732771156889364e-22
-3.384641666424111863e-22
-3.254734324471722676e-22
-3.129814350488757978e-22
-3.009688378890129995e-22
-2.894173393945827453e-22
-2.783092185942101503e-22
-2.676273603616955395e-22
-2.573554573644061842e-22
-2.474779090890804335e-22
-2.379793674579463074e-22
-2.288454688916415419e-22
-2.200620770027445764e-22
-2.116158505756263130e-22
-2.034937513172452590e-22
-1.956833972668330653e-22
-1.881728229821793397e-22
-1.809505047831806135e-22
-1.740054364824872432e-22
-1.673269021935627067e-22
-1.609046909008498230e-22
-1.547289828638004012e-22
-1.487902612644538548e-22
-1.430794889122799720e-22
-1.375879694046595963e-22
-1.323071451784928903e-22
-1.272290518940807425e-22
-1.223458640512433605e-22
-1.176500969377120074e-22
-1.131345435202565840e-22
-1.087923123100090795e-22
-1.046167011447187363e-22
-1.006013865153693027e-22
-9.674017744157660415e-23
-9.302717324376958756e-23
-8.945670674520514514e-23
-8.602324329777224629e-23
-8.272157010860919055e-23
-7.954661322437359638e-23
-7.649351326188930234e-23
-7.355760016459740006e-23
-7.073436795900726709e-23
-6.801951262002001762e-23
-6.540884371850711761e-23
-6.289837908461901141e-23
-6.048426907713822048e-23
-5.816280289436658517e-23
-5.593044643944871535e-23
-5.378376027883784742e-23
-5.171945328483739930e-23
-4.973439525737545404e-23
-4.782551910525251232e-23
-4.598991235400649819e-23
-4.422477296970206659e-23
-4.252737149360715284e-23
-4.089512046195263201e-23
-3.932551129705990128e-23
-3.781614901722070967e-23
-3.636471121593008651e-23
-3.496899223809703386e-23
-3.362684322661572968e-23
-3.233620683224535757e-23
-3.109510774727924411e-23
-2.990164008377037535e-23
-2.875398946163674296e-23
-2.765036989978892656e-23
-2.658910270222061584e-23
-2.556857701496334950e-23
-2.458722458253754816e-23
-2.364353868061423969e-23
-2.273606780512781744e-23
-2.186343460493776551e-23
-2.102429012789615597e-23
-2.021734537528385769e-23
-1.944136972408872589e-23
-1.869518619384017082e-23
-1.797763989217294892e-23
-1.728763745787242388e-23
-1.662411550643835775e-23
-1.598606271819025722e-23
-1.537249775016202733e-23
-1.478248028015464464e-23
-1.421510311812710499e-23
-1.366951113885814881e-23
-1.314486026117918960e-23
-1.264034584696690195e-23
-1.215519323481235880e-23
-1.168866326204736808e-23
-1.124003885410908389e-23
-1.080863212428815350e-23
-1.039378358486781215e-23
-9.994857413958451701e-24
-9.611240666636715429e-24
-9.242351952415455446e-24
-8.887620135999291741e-24
-8.546499325641811375e-24
-8.218472817450094583e-24
-7.903037318166610360e-24
-7.599706889473742564e-24
-7.308020047741936902e-24
-7.027528719977027839e-24
-6.757802188124764703e-24
-6.498431822236243011e-24
-6.249013725527989603e-24
-6.009168850335045785e-24
-5.778528404184220731e-24
-5.556741738403143704e-24
-5.343467276219854005e-24
-5.138378823650042746e-24
-4.941160836331621521e-24
-4.751513941551058957e-24
-4.569145077482065447e-24
-4.393775776225097976e-24
-4.225135458489665735e-24
-4.062970111064287559e-24
-3.907026115167934893e-24
-3.757070362403114928e-24
-3.612869744372334854e-24
-3.474204168883038009e-24
-3.340859854629909499e-24
-3.212633669929854915e-24
-3.089328991202247917e-24
-2.970756491829835464e-24
-2.856735719880548249e-24
-2.747089773296390461e-24
-2.641653188502491991e-24
-2.540263065721924701e-24
-2.442765577078170495e-24
-2.349008669631748020e-24
-2.258850545634943802e-24
-2.172153548859796773e-24
-2.088783375737193056e-24
-2.008613414091844679e-24
-1.931519418331179332e-24
-1.857385228686903222e-24
-1.786096657542985606e-24
-1.717544447664053375e-24
-1.651622595865967455e-24
-1.588231607067056846e-24
-1.527273465299847837e-24
-1.468654887762298045e-24
-1.412286042918825425e-24
-1.358080156069855667e-24
-1.305955185681245786e-24
-1.255831062371115849e-24
-1.207630970808819959e-24
-1.161280560854041037e-24
-1.116708835025309191e-24
-1.073848444322841177e-24
-1.032632828607758974e-24
-9.929990762228712037e-25
-9.548866420937021551e-25
-9.182367560828128624e-25
-8.829939021039983969e-25
-8.491035501471853561e-25
-8.165138819116620348e-25
-7.851751005527863567e-25
-7.550391348591464163e-25
-7.260597871639802082e-25
-6.981926840413690504e-25
-6.713952270024310083e-25
-6.456262966724814367e-25
-6.208463513986461323e-25
-5.970176244650876392e-25
-5.741033352321000277e-25
-5.520685766046272681e-25
-5.308796740827777384e-25
-5.105037913313716139e-25
-4.909101627751052754e-25
-4.720684172691277136e-25
-4.539498599980115145e-25
-4.365267822224607899e-25
-4.197723626716980254e-25
-4.036609387144002500e-25
-3.881680063586990360e-25
-3.732696286065015834e-25
-3.589431010548794998e-25
-3.451664835099063260e-25
-3.319185506828509590e-25
-3.191790880130171104e-25
-3.069285958449038483e-25
-2.951483140801088856e-25
-2.838201728735220035e-25
-2.729268172852283396e-25
-2.624515579767018120e-25
-2.523783219069985425e-25
-2.426917755922732978e-25
-2.333769553272301667e-25
-2.244196616155751711e-25
-2.158061386952735195e-25
-2.075232224499693363e-25
-1.995581678456626446e-25
-1.918988831237906035e-25
-1.845335353707748978e-25
-1.774509079706194163e-25
-1.706401664118290142e-25
-1.640907843316996485e-25
-1.577928023613029041e-25
-1.517364953247916031e-25
-1.459126557362876189e-25
-1.403123472808489949e-25
-1.349270157480347408e-25
-1.297483534464367476e-25
-1.247684594410511612e-25
-1.199797039678102972e-25
-1.153747284335826408e-25
-1.109464823940277792e-25
-1.066881989016931134e-25
-1.025933575281589260e-25
-9.865566587511091497e-26
-9.486912736707423626e-26
-9.122793648082452898e-26
-8.772650339729120361e-26
-8.435946016453326405e-26
-8.112162988286019741e-26
-7.800808217161437236e-26
-7.501400374667877633e-26
-7.213487098380003257e-26
-6.936624654038627290e-26
-6.670387796312029029e-26
-6.414371001391118298e-26
-6.168180455120866796e-26
-5.931438367083383522e-26
-5.703781738002750370e-26
-5.484862359745022127e-26
-5.274345582723062068e-26
-5.071910315896541953e-26
-4.877244404540075498e-26
-4.690050176921458212e-26
-4.510040746516174173e-26
-4.336940320156187128e-26
-4.170482965434776088e-26
-4.010414767748073040e-26
-3.856489824360778621e-26
-3.708471785150117630e-26
-3.566136009647376740e-26
-3.429263095913291357e-26
-3.297642886472329945e-26
-3.171074776461485130e-26
-3.049364323993571577e-26
-2.932325715347554805e-26
-2.819779916075804577e-26
-2.711551897664974981e-26
-2.607479573850946387e-26
-2.507402090964763572e-26
-2.411164758313293356e-26
-2.318621513369553408e-26
-2.229629683243263524e-26
-2.144053836540734392e-26
-2.061762085579374374e-26
-1.982629476024391628e-26
-1.906533826880114225e-26
-1.833358966052296729e-26
-1.762992419232186925e-26
-1.695325718045316924e-26
-1.630257481539414181e-26
-1.567685866539019500e-26
-1.507515963216473478e-26
-1.449655789157632179e-26
-1.394016443436262691e-26
-1.340512414762834218e-26
-1.289061966670506967e-26
-1.239586521217549939e-26
-1.192009503429374296e-26
-1.146258729451664407e-26
-1.102263787285653472e-26
-1.059957423457683491e-26
-1.019275003758820826e-26
-9.801538969472740065e-27
-9.425347073435581286e-27
-9.063589637145615962e-27
-8.715718155754682609e-27
-8.381197991110219329e-27
-8.059517616218996874e-27
-7.750183993015252110e-27
-7.452718720500799248e-27
-7.166675753300518204e-27
-6.891611357155222160e-27
-6.627103368221101433e-27
-6.372747726395823581e-27
-6.128153082714689118e-27
-5.892947732698431307e-27
-5.666769216331516471e-27
-5.449268940294010519e-27
-5.240118726123389867e-27
-5.038995787960975214e-27
-4.845592747387642358e-27
-4.659614551935911173e-27
-4.480772312114123574e-27
-4.308794086614132084e-27
-4.143418334149488916e-27
-3.984388906037590567e-27
-3.831463520291433124e-27
-3.684406057899834710e-27
-3.542993881361224163e-27
-3.407010130963863479e-27
-3.276244495157825571e-27
-3.150498410565844116e-27
-3.029578321228508197e-27
-2.913299530464151077e-27
-2.801483119380939183e-27
-2.693958257992805367e-27
-2.590561049661482274e-27
-2.491131834794580204e-27
-2.395519427891464757e-27
-2.303576687904384750e-27
-2.215163021947399914e-27
-2.130142844552425387e-27
-2.048385192483242838e-27
-1.969765650665444851e-27
-1.894164041070501662e-27
-1.821463459750788967e-27
-1.751553743513487816e-27
-1.684326847688718083e-27
-1.619680312803438370e-27
-1.557514953465512732e-27
-1.497735436142694002e-27
-1.440250568052115445e-27
-1.384971949009329685e-27
-1.331815126986275343e-27
-1.280698442553310400e-27
-1.231543799251189954e-27
-1.184275604329596805e-27
-1.138821442822621994e-27
-1.095111981252267579e-27
-1.053080486145960544e-27
-1.012661861071580599e-27
-9.737947651603990118e-28
-9.364193982876425580e-28
-9.004786566304601561e-28
-8.659172659994478925e-28
-8.326821670246378989e-28
-8.007228040449900104e-28
-7.699900176986737427e-28
-7.404368634432946569e-28
-7.120180337769110434e-28
-6.846900026827797506e-28
-6.584108330363617464e-28
-6.331402247535707280e-28
-6.088395147907731215e-28
-5.854714845517936437e-28
-5.630003598879153016e-28
-5.413917148013821734e-28
-5.206125677418966277e-28
-5.006308519758846170e-28
-4.814160896619762133e-28
-4.629387659237736822e-28
-4.451705695910945314e-28
-4.280843931999715104e-28
-4.116539478066637336e-28
-3.958540278030240329e-28
-3.806606553612447874e-28
-3.660503582101287775e-28
-3.520008437105697210e-28
-3.384906858919363099e-28
-3.254990124884562475e-28
-3.130059623475780405e-28
-3.009924206146036455e-28
-2.894399224361912500e-28
-2.783308214792254058e-28
-2.676481695601955053e-28
-2.573755240522013425e-28
-2.474971645520718566e-28
-2.379979484356193029e-28
-2.288633108576392529e-28
-2.200793369742835089e-28
-2.116323767570712263e-28
-2.035095986977479252e-28
-1.956985805481723080e-28
-1.881874417279999357e-28
-1.809645905463780278e-28
-1.740189529061263577e-28
-1.673399000813643383e-28
-1.609172126063245648e-28
-1.547409599047312906e-28
-1.488017289939813230e-28
-1.430905402257089565e-28
-1.375985463592321623e-28
-1.323173334881063987e-28
-1.272388367806895441e-28
-1.223552441836446777e-28
-1.176591047554994515e-28
-1.131431962589624133e-28
-1.088005733091716166e-28
-1.046246757072539924e-28
-1.006090515878958436e-28
-9.674757408646158813e-29
-9.303427883865470183e-29
-8.946352046232569962e-29
-8.602981005713307787e-29
-8.272788140838515273e-29
-7.955267894997790771e-29
-7.649935174586391746e-29
-7.356319932327266188e-29
-7.073976195067666928e-29
-6.802469424863891596e-29
-6.541380731953035967e-29
-6.290312893284070175e-29
-6.048883130280547257e-29
-5.816717692162634564e-29
-5.593464494862373805e-29
-5.378779880255313382e-29
-5.172335236544692224e-29
-4.973816095481778352e-29
-4.782914609202023619e-29
-4.599340082654447076e-29
-4.422811149511235900e-29
-4.253057878653622069e-29
-4.089820570465667116e-29
-3.932848854054600700e-29
-3.781900784471159174e-29
-3.636747356607892745e-29
-3.497164982035320205e-29
-3.362939401047128476e-29
-3.233863877100849740e-29
-3.109744613495830030e-29
-2.990387813531415383e-29
-2.875612921275319494e-29
-2.765243894693563217e-29
-2.659110710283243617e-29
-2.557050566778749211e-29
-2.458908487004867587e-29
-2.364532653515201347e-29
-2.273778621563921446e-29
-2.186508416326105769e-29
-2.102587072242370304e-29
-2.021887297380453206e-29
-1.944284508147076926e-29
-1.869661042259701558e-29
-1.797901042995110055e-29
-1.728895274014269205e-29
-1.662538561486622236e-29
-1.598727687604212144e-29
-1.537366957722927189e-29
-1.478359924882271103e-29
-1.421618718528531219e-29
-1.367055317644717964e-29
-1.314586215112148923e-29
-1.264130612151125975e-29
-1.215611998185342799e-29
-1.168955367271262126e-29
-1.124089475047269320e-29
-1.080945635027457132e-29
-1.039457116748518082e-29
-9.995613274872595864e-30
-9.611968782267043009e-30
-9.243051635204976297e-30
-8.888291577866924822e-30
-8.547146190139645146e-30
-8.219097126034198674e-30
-7.903638076623799230e-30
-7.600286807105965479e-30
-7.308579138271444716e-30
-7.028065937238674762e-30
-6.758322145250398276e-30
-6.498928722080434131e-30
-6.249492206259675090e-30
-6.009628916432012759e-30
-5.778972098359990583e-30
-5.557167787184688956e-30
-5.343877816691263321e-30
-5.138772296145098913e-30
-4.941540518879386384e-30
-4.751877796758392597e-30
-4.569495992606843993e-30
-4.394113363938735486e-30
-4.225461709962983464e-30
-4.063284490792464469e-30
-3.907330432754746730e-30
-3.757362932346896737e-30
-3.613150652280672664e-30
-3.474473540013600578e-30
-3.341119818483436336e-30
-3.212883729159012005e-30
-3.089568917463966230e-30
-2.970987680460359708e-30
-2.856957393345848688e-30
-2.747304459114703736e-30
-2.641859982738598705e-30
-2.540461840036668184e-30
-2.442955618070988159e-30
-2.349191982039230166e-30
-2.259027239511949688e-30
-2.172323152353490025e-30
-2.088946560563790027e-30
-2.008770510752960888e-30
-1.931671246875748037e-30
-1.857531595655261509e-30
-1.786237016921957179e-30
-1.717679177116463267e-30
-1.651752375786753831e-30
-1.588356178695494616e-30
-1.527392596633601075e-30
-1.468769282764872610e-30
-1.412395959123166070e-30
-1.358186391442905130e-30
-1.306057824921791902e-30
-1.255929761706682077e-30
-1.207725747644998171e-30
-1.161371491493768217e-30
-1.116796651671039009e-30
-1.073932673346270591e-30
-1.032714010954461112e-30
-9.930771878006661696e-31
-9.549615483763833327e-31
-9.183091643200040793e-31
-8.830633297840447422e-31
-8.491700660679155620e-31
-8.165778394992764897e-31
-7.852364329594603970e-31
-7.550977452196316360e-31
-7.261160730594302362e-31
-6.982468417330730164e-31
-6.714473102659640782e-31
-6.456763833755986744e-31
-6.208945174320151434e-31
-5.970638144973429745e-31
-5.741475051082884467e-31
-5.521110297309373846e-31
-5.309202990291159419e-31
-5.105429163785154564e-31
-4.909477076689521210e-31
-4.721045802450448851e-31
-4.539846169457635205e-31
-4.365601231242026541e-31
-4.198042504893895048e-31
-4.036916083633463113e-31
-3.881975113647058054e-31
-3.732980029185982290e-31
-3.589704194939397284e-31
-3.451926853068218610e-31
-3.319438295380259572e-31
-3.192033985858477091e-31
-3.069519732836115327e-31
-2.951707927414783041e-31
-2.838416367970102781e-31
-2.729474607821205312e-31
-2.624713610880442392e-31
-2.523973274817232023e-31
-2.427099609871616488e-31
-2.333944268656522012e-31
-2.244364546157758770e-31
-2.158223144635150719e-31
-2.075386763029314612e-31
-1.995731034037933450e-31
-1.919133118501346304e-31
-1.845474409039555207e-31
-1.774642998590361875e-31
-1.706529801278010001e-31
-1.641031020951321977e-31
-1.578046270392737579e-31
-1.517479041516054297e-31
-1.459236587816992253e-31
-1.403229219076583707e-31
-1.349371711954394043e-31
-1.297580606351514877e-31
-1.247777849443051611e-31
-1.199886681447895549e-31
-1.153833163771379969e-31
-1.109547824697371274e-31
-1.066962015355781442e-31
-1.026010848458445084e-31
-9.866313175081581232e-32
-9.487635310677461656e-32
-9.123487144196680965e-32
-8.773316781041528094e-32
-8.436585257052151026e-32
-8.112777117955714186e-32
-7.801399243872047626e-32
-7.501972033106015852e-32
-7.214039393849499816e-32
-6.937154638249187049e-32
-6.670898702569009406e-32
-6.414860163786179086e-32
-6.168649933270573912e-32
-5.931890677335579929e-32
-5.704214466249389762e-32
-5.485280994397440358e-32
-5.274750543912344076e-32
-5.072299266100449377e-32
-4.877618593694665409e-32
-4.690409657256295606e-32
-4.510386223910914741e-32
-4.337272052486079577e-32
-4.170800305764153453e-32
-4.010719427954060401e-32
-3.856782565242127741e-32
-3.708754618758191014e-32
-3.566408718092541519e-32
-3.429525339675163195e-32
-3.297895539385197378e-32
-3.171318895435828871e-32
-3.049599981891233466e-32
-2.932552482896805832e-32
-2.819996547816870159e-32
-2.711761729970557214e-32
-2.607681696907225645e-32
-2.507595405900812797e-32
-2.411350777369681038e-32
-2.318800286772802170e-32
-2.229801846230520549e-32
-2.144219098398140790e-32
-2.061920828718752356e-32
-1.982781993980786524e-32
-1.906680195834963926e-32
-1.833499648087728564e-32
-1.763127944091783058e-32
-1.695457232240439464e-32
-1.630383628220443861e-32
-1.567807802759151766e-32
-1.507633365319795752e-32
-1.449768627343011680e-32
-1.394124692068518614e-32
-1.340616630029469645e-32
-1.289162156621307213e-32
-1.239682366785732370e-32
-1.192101808479101712e-32
-1.146347380646473478e-32
-1.102349141373973741e-32
-1.060039720141621000e-32
-1.019354170886532322e-32
-9.802299720029233479e-33
-9.426076875576806251e-33
-9.064293509856292297e-33
-8.716391997735020294e-33
-8.381846305490997269e-33
-8.060142889029707735e-33
-7.750784367303960012e-33
-7.453298338521517393e-33
-7.167232972041282561e-33
-6.892147457481697158e-33
-6.627618616876465161e-33
-6.373242374042491408e-33
-6.128629713818050649e-33
-5.893404110668895119e-33
-5.667208508185962550e-33
-5.449694298825837205e-33
-5.240528670750442526e-33
-5.039391669091164070e-33
-4.845973257212972460e-33
-4.659979194186177491e-33
-4.481123320604750863e-33
-4.309132334032126394e-33
-4.143742482923338334e-33
-3.984701403334944521e-33
-3.831764078163195437e-33
-3.684696510563880519e-33
-3.543273519900420373e-33
-3.407278374401882140e-33
-3.276502791162979494e-33
-3.150745834118118753e-33
-3.029815567080329714e-33
-2.913527584373327130e-33
-2.801702072095633656e-33
-2.694169134579357006e-33
-2.590764202615382062e-33
-2.491327482440393918e-33
-2.395707261814739572e-33
-2.303757338628535504e-33
-2.215335918875713774e-33
-2.130308371718906767e-33
-2.048544474424562451e-33
-1.969918779704929011e-33
-1.894311350402024111e-33
-1.821605555435727101e-33
-1.751690273855686811e-33
-1.684458792815367657e-33
-1.619806787191134160e-33
-1.557636176673089586e-33
-1.497851727851718097e-33
-1.440362431750327125e-33
-1.385079667115124207e-33
-1.331918486112163203e-33
-1.280798165340321237e-33
-1.231639542601910121e-33
-1.184367404625576461e-33
-1.138909293204851601e-33
-1.095196515388609364e-33
-1.053161480251677469e-33
-1.012739811111249163e-33
-9.738695190074178030e-34
-9.364913700451614840e-34
-9.005475996973968297e-34
-8.659834740084136774e-34
-8.327456365549442342e-34
-8.007837614850939209e-34
-7.700487627261662912e-34
-7.404934368331361375e-34
-7.120724170709014124e-34
-6.847422193320313068e-34
-6.584610584657739348e-34
-6.331885268538197804e-34
-6.088859617522863291e-34
-5.855161697852295945e-34
-5.630432432736518021e-34
-5.414330194129821791e-34
-5.206522537536115328e-34
-5.006688038718845662e-34
-4.814524099718172211e-34
-4.629736846946389405e-34
-4.452040672010445890e-34
-4.281165578551637173e-34
-4.116848457873470607e-34
-3.958839058248915668e-34
-3.806894245201894074e-34
-3.660780986160904922e-34
-3.520275661692803503e-34
-3.385162458381618538e-34
-3.255235664715956127e-34
-3.130295997669153428e-34
-3.010151521054240241e-34
-2.894618334290160187e-34
-2.783519424458068739e-34
-2.676685125478814008e-34
-2.573950592636792399e-34
-2.475157868878612168e-34
-2.380158410289237764e-34
-2.288804591308595217e-34
-2.200957281160005169e-34
-2.116481940841596163e-34
-2.035249311892525826e-34
-1.957133809271798107e-34
-1.882016850394998998e-34
-1.809782722536969431e-34
-1.740320763924839025e-34
-1.673525478532396290e-34
-1.609292977454612497e-34
-1.547526374243040965e-34
-1.488130274776047582e-34
-1.431014335884286923e-34
-1.376090280697077119e-34
-1.323274194529803806e-34
-1.272485262145847951e-34
-1.223645652962215658e-34
-1.176680865432648754e-34
-1.131517660748961244e-34
-1.088088654615847200e-34
-1.046326462738000697e-34
-1.006167374239962127e-34
-9.675492853674546503e-35
-9.304137083888626454e-35
-8.947033609134575653e-35
-8.603636008210254052e-35
-8.273418522900157153e-35
-7.955870318256906130e-35
-7.650513849700479426e-35
-7.356876738397514377e-35
-7.074512434247942748e-35
-6.802983570701312108e-35
-6.541875740081209520e-35
-6.290791179894900686e-35
-6.049343033114820067e-35
-5.817160513925229774e-35
-5.593891777581474503e-35
-5.379191293029259812e-35
-5.172732470285373844e-35
-4.974196181000667581e-35
-4.783280802967447120e-35
-4.599692462598006889e-35
-4.423150487657214027e-35
-4.253384250417327955e-35
-4.090134315601702346e-35
-3.933150144497381182e-35
-3.782191529884726216e-35
-3.637026013164087533e-35
-3.497433189144685954e-35
-3.363197531396475694e-35
-3.234113844982728740e-35
-3.109985544544481894e-35
-2.990620349511654361e-35
