-6.586424261331558228e-02
-7.716318219900131226e-02
-6.780660152435302734e-02
-6.375108659267425537e-02
-5.591889470815658569e-02
-6.299554556608200073e-02
-5.962743982672691345e-02
-6.137471646070480347e-02
-6.945731490850448608e-02
-7.022824138402938843e-02
-7.412108033895492554e-02
-8.027998358011245728e-02
-7.891716808080673218e-02
-8.540936559438705444e-02
-1.001883745193481445e-01
-9.850835800170898438e-02
-1.025258526206016541e-01
-1.109250783920288086e-01
-1.138796582818031311e-01
-1.135277822613716125e-01
-1.202577576041221619e-01
-1.236526966094970703e-01
-1.269272267818450928e-01
-1.278440207242965698e-01
-1.332408636808395386e-01
-1.393080800771713257e-01
-1.422754228115081787e-01
-1.455828696489334106e-01
-1.493275910615921021e-01
-1.567665785551071167e-01
-1.550593674182891846e-01
-1.584011763334274292e-01
-1.606845259666442871e-01
-1.671363711357116699e-01
-1.727636605501174927e-01
-1.744875907897949219e-01
-1.802835017442703247e-01
-1.797294169664382935e-01
-1.823382675647735596e-01
-1.897182613611221313e-01
-1.889313459396362305e-01
-1.915796846151351929e-01
-1.937135010957717896e-01
-1.925022751092910767e-01
-1.899400353431701660e-01
-1.942465156316757202e-01
-1.950363516807556152e-01
-2.019632160663604736e-01
-1.993028223514556885e-01
-2.084457278251647949e-01
-2.065633088350296021e-01
-2.084640562534332275e-01
-2.082929313182830811e-01
-2.131160050630569458e-01
-2.086233198642730713e-01
-2.152913659811019897e-01
-2.177813053131103516e-01
-2.156417667865753174e-01
-2.161304205656051636e-01
-2.174384742975234985e-01
-2.137134820222854614e-01
-2.122845798730850220e-01
-2.148119360208511353e-01
-2.171089202165603638e-01
-2.174427956342697144e-01
-2.169340550899505615e-01
-2.191872596740722656e-01
-2.187630236148834229e-01
-2.146830260753631592e-01
-2.215339392423629761e-01
-2.193692326545715332e-01
-2.172740548849105835e-01
-2.196108400821685791e-01
-2.233883589506149292e-01
-2.197398394346237183e-01
-2.208355814218521118e-01
-2.194843441247940063e-01
-2.147695869207382202e-01
-2.143415212631225586e-01
-2.133425176143646240e-01
-2.119699567556381226e-01
-2.122245281934738159e-01
-2.099684029817581177e-01
-2.095561027526855469e-01
-2.077849805355072021e-01
-2.044380307197570801e-01
-1.995043605566024780e-01
-2.024066746234893799e-01
-1.991506665945053101e-01
-1.984800845384597778e-01
-1.990747153759002686e-01
-1.982295215129852295e-01
-1.989927589893341064e-01
-1.959053426980972290e-01
-1.935194581747055054e-01
-1.939310878515243530e-01
-1.916327178478240967e-01
-1.912514716386795044e-01
-1.887634992599487305e-01
-1.863340288400650024e-01
-1.787311881780624390e-01
-1.769611388444900513e-01
-1.758049428462982178e-01
-1.732266992330551147e-01
-1.704317778348922729e-01
-1.675961613655090332e-01
-1.624077260494232178e-01
-1.585264205932617188e-01
-1.581056565046310425e-01
-1.580486446619033813e-01
-1.557680964469909668e-01
-1.533215641975402832e-01
-1.474874466657638550e-01
-1.460033953189849854e-01
-1.459782123565673828e-01
-1.432442069053649902e-01
-1.418539583683013916e-01
-1.373540461063385010e-01
-1.366943269968032837e-01
-1.336495429277420044e-01
-1.327311396598815918e-01
-1.293481290340423584e-01
-1.277933418750762939e-01
-1.249442622065544128e-01
-1.234489902853965759e-01
-1.175746917724609375e-01
-1.170061081647872925e-01
-1.135066598653793335e-01
-1.121882274746894836e-01
-1.088245362043380737e-01
-1.074434220790863037e-01
-1.056659296154975891e-01
-1.028843075037002563e-01
-1.026872172951698303e-01
-9.891720861196517944e-02
-9.711430966854095459e-02
-9.420273452997207642e-02
-9.053916484117507935e-02
-8.802780508995056152e-02
-8.649164438247680664e-02
-8.438710123300552368e-02
-8.143926411867141724e-02
-7.913078367710113525e-02
-7.807479798793792725e-02
-7.628806680440902710e-02
-7.321359962224960327e-02
-7.159786671400070190e-02
-6.957502663135528564e-02
-6.764122098684310913e-02
-6.554999202489852905e-02
-6.364106386899948120e-02
-6.134318560361862183e-02
-5.965429916977882385e-02
-5.815627053380012512e-02
-5.619086697697639465e-02
-5.567614734172821045e-02
-5.375067889690399170e-02
-5.223664641380310059e-02
-5.060390383005142212e-02
-4.897759109735488892e-02
-4.706434905529022217e-02
-4.551733657717704773e-02
-4.414649307727813721e-02
-4.234572127461433411e-02
-4.110050201416015625e-02
-4.022926092147827148e-02
-3.875464946031570435e-02
-3.739680349826812744e-02
-3.650804609060287476e-02
-3.532308712601661682e-02
-3.414010629057884216e-02
-3.320465236902236938e-02
-3.235932439565658569e-02
-3.116674721240997314e-02
-3.003793768584728241e-02
-2.897743880748748779e-02
-2.805054932832717896e-02
-2.718982100486755371e-02
-2.649420872330665588e-02
-2.551761642098426819e-02
-2.455370500683784485e-02
-2.373937517404556274e-02
-2.305294387042522430e-02
-2.214769087731838226e-02
-2.142532914876937866e-02
-2.070392481982707977e-02
-2.002241834998130798e-02
-1.935540325939655304e-02
-1.872382313013076782e-02
-1.807866059243679047e-02
-1.742477901279926300e-02
-1.684371568262577057e-02
-1.627387106418609619e-02
-1.573218405246734619e-02
-1.519777160137891769e-02
-1.468540821224451065e-02
-1.411180198192596436e-02
-1.362338010221719742e-02
-1.313159614801406860e-02
-1.265701744705438614e-02
-1.221487298607826233e-02
-1.181116979569196701e-02
-1.137648522853851318e-02
-1.094981376081705093e-02
-1.054501719772815704e-02
-1.015396602451801300e-02
-9.798992425203323364e-03
-9.433520026504993439e-03
-9.098262526094913483e-03
-8.745457045733928680e-03
-8.406789042055606842e-03
-8.105443790555000305e-03
-7.785938680171966553e-03
-7.494641933590173721e-03
-7.235947065055370331e-03
-6.955476477742195129e-03
-6.680898834019899368e-03
-6.435997318476438522e-03
-6.197637878358364105e-03
-5.950222723186016083e-03
-5.730359815061092377e-03
-5.524981766939163208e-03
-5.333345383405685425e-03
-5.134307313710451126e-03
-4.947335459291934967e-03
-4.772077780216932297e-03
-4.586029797792434692e-03
-4.421536345034837723e-03
-4.255667794495820999e-03
-4.101082216948270798e-03
-3.947244957089424133e-03
-3.798339283093810081e-03
-3.645883640274405479e-03
-3.511438379064202309e-03
-3.380956361070275307e-03
-3.251183778047561646e-03
-3.124295268207788467e-03
-3.004385624080896378e-03
-2.890255767852067947e-03
-2.781998366117477417e-03
-2.676593605428934097e-03
-2.578290645033121109e-03
-2.483330667018890381e-03
-2.390479436144232750e-03
-2.301692496985197067e-03
-2.213357016444206238e-03
-2.129773143678903580e-03
-2.047181827947497368e-03
-1.968470867723226547e-03
-1.893333741463720798e-03
-1.818665768951177597e-03
-1.750343362800776958e-03
-1.681994064711034298e-03
-1.620116643607616425e-03
-1.561192097142338753e-03
-1.498519675806164742e-03
-1.441641012206673622e-03
-1.385335344821214676e-03
-1.333848573267459869e-03
-1.280621276237070560e-03
-1.232465379871428013e-03
-1.183816813863813877e-03
-1.138302381150424480e-03
-1.094328355975449085e-03
-1.052515232004225254e-03
-1.011677668429911137e-03
-9.740661480464041233e-04
-9.370396146550774574e-04
-9.018003474920988083e-04
-8.672781987115740776e-04
-8.350839489139616489e-04
-8.031816105358302593e-04
-7.717413245700299740e-04
-7.412045379169285297e-04
-7.130083977244794369e-04
-6.850130739621818066e-04
-6.596961757168173790e-04
-6.340526160784065723e-04
-6.100195460021495819e-04
-5.859165103174746037e-04
-5.636342684738337994e-04
-5.410211742855608463e-04
-5.210123490542173386e-04
-5.003505502827465534e-04
-4.815261345356702805e-04
-4.625336441677063704e-04
-4.446643870323896408e-04
-4.273593949619680643e-04
-4.114376497454941273e-04
-3.955040301661938429e-04
-3.805292653851211071e-04
-3.657891938928514719e-04
-3.519291640259325504e-04
-3.380102571099996567e-04
-3.252035821788012981e-04
-3.125195216853171587e-04
-3.008461790159344673e-04
-2.894157951232045889e-04
-2.779995847959071398e-04
-2.674377465154975653e-04
-2.568821073509752750e-04
-2.472004271112382412e-04
-2.374576724832877517e-04
-2.284226502524688840e-04
-2.198220900027081370e-04
-2.115085371769964695e-04
-2.033139899140223861e-04
-1.954849431058391929e-04
-1.881802891148254275e-04
-1.809339155443012714e-04
-1.738628780003637075e-04
-1.674038212513551116e-04
-1.608100865269079804e-04
-1.546040002722293139e-04
-1.486457040300592780e-04
-1.429722760803997517e-04
-1.373511622659862041e-04
-1.322919561062008142e-04
-1.271967048523947597e-04
-1.222886930918321013e-04
-1.175232682726345956e-04
-1.131019016611389816e-04
-1.087120981537736952e-04
-1.046192119247280061e-04
-1.005182275548577309e-04
-9.660866635385900736e-05
-9.298825170844793320e-05
-8.936549420468509197e-05
-8.600626460975036025e-05
-8.264810458058491349e-05
-7.946413825266063213e-05
-7.630613254150375724e-05
-7.334357360377907753e-05
-7.066778198350220919e-05
-6.795967055950313807e-05
-6.536090222653001547e-05
-6.282431422732770443e-05
-6.051804302842356265e-05
-5.803169551654718816e-05
-5.582891026278957725e-05
-5.368392885429784656e-05
-5.163868263480253518e-05
-4.966904816683381796e-05
-4.773751788889057934e-05
-4.594981874106451869e-05
-4.415450530359521508e-05
-4.240270573063753545e-05
-4.081898441654630005e-05
-3.921950701624155045e-05
-3.766360168810933828e-05
-3.615165405790321529e-05
-3.475696576060727239e-05
-3.346108496771194041e-05
-3.222561281290836632e-05
-3.101471520494669676e-05
-2.982833393616601825e-05
-2.865396163542754948e-05
-2.756345384113956243e-05
-2.648342524480540305e-05
-2.542703987273853272e-05
-2.445366226311307400e-05
-2.349389433220494539e-05
-2.255557410535402596e-05
-2.173621396650560200e-05
-2.083394974761176854e-05
-2.003734698519110680e-05
-1.932202758325729519e-05
-1.859970689110923558e-05
-1.785298445611260831e-05
-1.719658939691726118e-05
-1.652829632803332061e-05
-1.590063038747757673e-05
-1.528561006125528365e-05
-1.468928530812263489e-05
-1.416681243426864967e-05
-1.365582465950865299e-05
-1.311325650021899492e-05
-1.261861598322866485e-05
-1.211499511555302888e-05
-1.167081063613295555e-05
-1.117992087529273704e-05
-1.075043110176920891e-05
-1.037010224536061287e-05
-1.000026441033696756e-05
-9.610363122192211449e-06
-9.243874046660494059e-06
-8.878461812855675817e-06
-8.558075933251529932e-06
-8.222283213399350643e-06
-7.932777407404500991e-06
-7.651943633391056210e-06
-7.335165264521492645e-06
-7.067632850521476939e-06
-6.797002697567222640e-06
-6.535201009683078155e-06
-6.298523658188059926e-06
-6.043120720278238878e-06
-5.842130121891386807e-06
-5.617808710667304695e-06
-5.401191174314590171e-06
-5.193223842070437968e-06
-4.997944415663369000e-06
-4.792745130544062704e-06
-4.608783456205856055e-06
-4.438045834831427783e-06
-4.281345354684162885e-06
-4.121428901271428913e-06
-3.968946657550986856e-06
-3.809775307672680356e-06
-3.676806500152451918e-06
-3.539681301845121197e-06
-3.401115009182831272e-06
-3.278134954598499462e-06
-3.153708348690997809e-06
-3.042170419575995766e-06
-2.926142769865691662e-06
-2.820392410285421647e-06
-2.715925575103028677e-06
-2.622256261020083912e-06
-2.522378281355486251e-06
-2.423171736154472455e-06
-2.334300461370730773e-06
-2.250222678412683308e-06
-2.161764996344572864e-06
-2.072409415632137097e-06
-1.997732624658965506e-06
-1.926805680341203697e-06
-1.858123255260579754e-06
-1.786653456292697228e-06
-1.722166871331864968e-06
-1.664157821323897224e-06
-1.590785473126743454e-06
-1.536003651381179225e-06
-1.475702788411581423e-06
-1.425576328983879648e-06
-1.367499294246954378e-06
-1.318415229434322100e-06
-1.269110157409159001e-06
-1.224888592332717963e-06
-1.179597916234342847e-06
-1.135127376983291470e-06
-1.089104102902638260e-06
-1.046169131768692750e-06
-1.002881617750972509e-06
-9.651184882386587560e-07
-9.313301916336058639e-07
-8.968826819000241812e-07
-8.563147844142804388e-07
-8.273407274828059599e-07
-7.963759003359882627e-07
-7.650479574294877239e-07
-7.324479156523011625e-07
-7.080386694724438712e-07
-6.831904215687245596e-07
-6.503792633338889573e-07
-6.277455213421490043e-07
-6.048258569535391871e-07
-5.812136691929481458e-07
-5.575160457738093100e-07
-5.392662387748714536e-07
-5.169364953871991020e-07
-5.001903105039673392e-07
-4.768738222082902212e-07
-4.577777019676432246e-07
-4.414107763750507729e-07
-4.270308977538661566e-07
-4.109471660740382504e-07
-3.941239583582500927e-07
-3.779129258418834070e-07
-3.617506649788992945e-07
-3.503033099150343332e-07
-3.382002375929005211e-07
-3.260004746152844746e-07
-3.108681312369299121e-07
-2.994154044699826045e-07
-2.894972226386016700e-07
-2.776384917524410412e-07
-2.649514385666407179e-07
-2.553000513216829859e-07
-2.441439619360608049e-07
-2.337224600523768459e-07
-2.257471578559488989e-07
-2.170171740090154344e-07
-2.064016797476142528e-07
-1.993376770315080648e-07
-1.911480325134107261e-07
-1.844215233859358705e-07
-1.777105325118100154e-07
-1.710036912072609994e-07
-1.642404470203473466e-07
-1.587134192959638312e-07
-1.531496423012868036e-07
-1.476710451697726967e-07
-1.422370417003548937e-07
-1.363310246915716561e-07
-1.315650166588966385e-07
-1.263226607761680498e-07
-1.219090961512847571e-07
-1.169179455473567941e-07
-1.133249654117207683e-07
-1.079411617865844164e-07
-1.040356139014875225e-07
-1.004387826242236770e-07
-9.575566650710243266e-08
-9.269377443388293614e-08
-8.771511517124963575e-08
-8.497991643707791809e-08
-8.255975814108751365e-08
-7.971789983685084735e-08
-7.605379437336523551e-08
-7.276499758290810860e-08
-7.033094817643359420e-08
-6.777481331710077939e-08
-6.532859941899005207e-08
-6.234203908661584137e-08
-5.995782714762754040e-08
-5.768672295403121097e-08
-5.562840144079927995e-08
-5.352643839273696358e-08
-5.155876081630594854e-08
-4.986327084566255508e-08
-4.763143834907168639e-08
-4.596336466988759639e-08
-4.376421358642801351e-08
-4.176494172725142562e-08
-4.038994205757262534e-08
-3.940272819136225735e-08
-3.778742296844939119e-08
-3.655985025829977531e-08
-3.479646437654082547e-08
-3.326955422267019458e-08
-3.220023359062906820e-08
-3.073979826240247348e-08
-2.939783172450916027e-08
-2.845585278521411965e-08
-2.706227242299519276e-08
-2.596181403191621939e-08
-2.482278560478334839e-08
-2.408540744625042862e-08
-2.263046816608493828e-08
-2.154076561566853343e-08
-2.105425345177991403e-08
-2.020715861306143779e-08
-1.957645068273450306e-08
-1.860782461449161929e-08
-1.780191105638095905e-08
-1.697617868501311023e-08
-1.650634118277594098e-08
-1.563016205352596444e-08
-1.478771505247777895e-08
-1.418423956067726976e-08
-1.346808176094782539e-08
-1.323280596210452131e-08
-1.268767757522937245e-08
-1.192406084982167158e-08
-1.155499074201316034e-08
-1.106884095491977860e-08
-1.036382624164389199e-08
-1.022448792298291664e-08
-9.474101503315068840e-09
-9.200533668263233267e-09
-8.827551134515942977e-09
-8.488159508601711423e-09
-8.067912560250078968e-09
-7.885931907480880909e-09
-7.426137926813680679e-09
-7.163331705584141673e-09
-6.898979165725904750e-09
-6.675313635184920713e-09
-6.425982412849862158e-09
-6.093590076972077441e-09
-5.745242059873589824e-09
-5.472186259680711373e-09
-5.402474467786078094e-09
-5.196975738641640419e-09
-5.033651273578243490e-09
-4.862875435662772361e-09
-4.713147205848144949e-09
-4.500245509575506730e-09
-4.162724831502373490e-09
-4.034337752756300688e-09
-3.830628703127558765e-09
-3.701166928493648811e-09
-3.580995944219012017e-09
-3.434667661394996685e-09
-3.248884272721852540e-09
-3.200272491454825285e-09
-3.061459530329102563e-09
-2.915083063825818499e-09
-2.755276007349038991e-09
-2.711654900622306741e-09
-2.531295617558271260e-09
-2.465243342797407422e-09
-2.336079552023306860e-09
-2.267320109439197040e-09
-2.162378498482553368e-09
-2.097659823618869268e-09
-1.944703731382446676e-09
-1.762091694779144291e-09
-1.746650823974960076e-09
-1.611373590115761090e-09
-1.538732474770654335e-09
-1.491102907813512957e-09
-1.458000276066684364e-09
-1.418947515041679708e-09
-1.326714293981012815e-09
-1.232506097181840232e-09
-1.194786491964805464e-09
-1.088957257699973979e-09
-1.052399611900511900e-09
-9.842026083006771842e-10
-9.490723762439756683e-10
-9.071789985881650864e-10
-8.784382110604838090e-10
-8.779758031707274313e-10
-8.233621562325765808e-10
-7.706316140776436896e-10
-7.038024607552983980e-10
-6.973151500666574520e-10
-6.571533317512034955e-10
-6.020359211156289803e-10
-5.785644185962723895e-10
-5.359508947755386998e-10
-5.272839942449536466e-10
-4.981739465392820421e-10
-4.761249172702264332e-10
-4.502997974498157419e-10
-4.289656407863162713e-10
-4.137452880303982283e-10
-3.956922567383003297e-10
-3.726297326256400311e-10
-3.830309680541432726e-10
-3.304248541446952459e-10
-3.096850276218532372e-10
-3.001906223598638235e-10
-2.814792843253144383e-10
-2.538459442646967545e-10
-2.549351285630052644e-10
-2.172782231912862017e-10
-2.223338874118852004e-10
-2.226184514508844359e-10
-1.922610542992586602e-10
-1.807832633593520200e-10
-1.674122229733399081e-10
-1.497949958517708069e-10
-1.559690709918015727e-10
-1.387631815008560920e-10
-1.538220245622667903e-10
-1.220513412558688060e-10
-9.349145763115629393e-11
-1.025717219493849086e-10
-8.280850311015441889e-11
-7.136360252735229892e-11
-7.623922326782661685e-11
-8.653201072350569234e-11
-7.579054744910607155e-11
-6.244497974261520312e-11
-5.558640353564570091e-11
-4.834371791773151017e-11
-4.748560919476396691e-11
-3.789133937170952038e-11
-3.494637565437663795e-11
-2.498936127470763324e-11
-2.302026798350897963e-11
-1.040626525922183632e-11
-5.388050249022224847e-12
-5.175015797831417075e-12
-1.063788553773425960e-11
-1.577762746840516428e-11
-1.378236327148618656e-11
-1.224732034538211778e-11
-5.476983016422520834e-12
3.647403559736694945e-12
1.081597810446977004e-12
5.947829034846918717e-13
3.012082987544073553e-12
8.979880207482526799e-12
1.471394187047003754e-11
2.020655864853893036e-11
1.956941032832393290e-11
2.635549417595584032e-11
2.789449574103208818e-11
3.285450383971877386e-11
3.275258536605818449e-11
3.447916951948570841e-11
3.699610756635607345e-11
3.338114507034362077e-11
2.752377666059846462e-11
2.961059175632385632e-11
2.996714681957612925e-11
4.070965092806133612e-11
3.766549572237209986e-11
3.480459323523810156e-11
3.601844170142420865e-11
3.781366886279613482e-11
3.640444889985161581e-11
3.502836909419215772e-11
3.592468683644156613e-11
3.938721224172603286e-11
4.604932060670030580e-11
4.367418232620323693e-11
3.816054069960550521e-11
3.596260789162641913e-11
2.954727781889765481e-11
3.048584301668100238e-11
3.194799633177147768e-11
3.212257890239378355e-11
2.808944569998583773e-11
2.953616518031054738e-11
2.693207462600710755e-11
3.009528043440568013e-11
2.956589140179488595e-11
3.210311530499332378e-11
2.810536178787792494e-11
2.635758451774439237e-11
2.506828772341762601e-11
2.641169227768358496e-11
2.772637848480474787e-11
2.856193233313764068e-11
2.865093058634915479e-11
2.407210021593275684e-11
2.634529053247014474e-11
2.461155584887464443e-11
2.337818133524294240e-11
2.369895772680319368e-11
2.387519695834505740e-11
2.189285384923689293e-11
2.210018973380911689e-11
2.001354984515479885e-11
2.059364484496839509e-11
2.436358406687766376e-11
2.431473425379415687e-11
2.347749078479566265e-11
2.365070465859542281e-11
2.390200537494280297e-11
2.381352406932712995e-11
2.223614521679184719e-11
2.409863454622129808e-11
2.417537003918113214e-11
2.374359216184007693e-11
2.269679756639053636e-11
2.369289486825465474e-11
2.246763539104357221e-11
2.339082226521238539e-11
2.376036867257624863e-11
2.438914001312575408e-11
2.233866563949860051e-11
2.249698344281014784e-11
2.062204747244056335e-11
1.971352595053765810e-11
1.808811607439952951e-11
1.906996609235545037e-11
1.909094236862696192e-11
1.958246932665108631e-11
1.895411605445929126e-11
1.935781916706513783e-11
1.887286854573844153e-11
1.774848497337888631e-11
1.736413096642408505e-11
1.715333083907033540e-11
1.733139673443240270e-11
1.669458148112479279e-11
1.529894787244412413e-11
1.448165285605762520e-11
1.371645678982513772e-11
1.303996754326020024e-11
1.230812066849162889e-11
1.220020872522153965e-11
1.238118461921455804e-11
1.225125469822563318e-11
1.092823401216413970e-11
1.083557896186526648e-11
1.028586330692471407e-11
1.066244662006887722e-11
1.044865322735732960e-11
9.809912430991385435e-12
1.009672987578591474e-11
9.653321544900173024e-12
8.969838760641835052e-12
8.657037760262387138e-12
8.202363267761914045e-12
8.252659840224385590e-12
6.925662734275084276e-12
7.137027080439395377e-12
6.800239191195878163e-12
6.318886820039226748e-12
6.463547579105277663e-12
6.301462823765646704e-12
5.979169850206522696e-12
6.054297254504126258e-12
6.166065488061311939e-12
6.273703778703065836e-12
6.018039799132735013e-12
6.272648633148802944e-12
6.088026784090150301e-12
5.857245244378361804e-12
5.566964857844913794e-12
5.781777400598597794e-12
5.784394664642977801e-12
5.637297486454917461e-12
4.927910510210686823e-12
4.922899327769458822e-12
4.841780188585831368e-12
4.673312084535474753e-12
4.418505058362276472e-12
4.210193825515684551e-12
4.378228248697046965e-12
4.119237936861530613e-12
4.270057831629037182e-12
4.014438954869081755e-12
4.007927236621133815e-12
3.873819667821187807e-12
4.276379163975496667e-12
3.801842521355958127e-12
4.019012119632625613e-12
3.823884785203457426e-12
4.118285139992350352e-12
3.792645017486329095e-12
3.608304627311653690e-12
3.292729804094118862e-12
3.368374806508867003e-12
3.381091196949514988e-12
3.372828492193002958e-12
3.612734026867125969e-12
3.575394104046725197e-12
3.416590144481035374e-12
3.095176892564666105e-12
3.259178300504816939e-12
2.925298892009209339e-12
2.988918357607617260e-12
2.898586535723945978e-12
2.837851047904349500e-12
2.929434689616372545e-12
2.895492222723672349e-12
2.704398770897453730e-12
2.597080753577452050e-12
2.921103896963428426e-12
2.686068815288544798e-12
2.778098931455197373e-12
2.464922146602765984e-12
2.583788218102345269e-12
2.428048430716533979e-12
2.508299557640869537e-12
2.329129077105474011e-12
2.311813284208708019e-12
2.297578360205276837e-12
2.071183502483364691e-12
2.309939132333349576e-12
2.237409910121890277e-12
2.206551998409911342e-12
2.137043363450996658e-12
2.050081675600279318e-12
1.998581638726348864e-12
1.969717791650005267e-12
1.875088626035470440e-12
2.024216081211727136e-12
1.916574754803890279e-12
1.936350385589591383e-12
1.836678595670826475e-12
1.981011925680786767e-12
1.853594101125510818e-12
1.772551181354609096e-12
1.839860945887505927e-12
1.786917185400693775e-12
1.742241008580169837e-12
1.691959506527895840e-12
1.691621127029863114e-12
1.558001991308621825e-12
1.538167813605606504e-12
1.528332582018121499e-12
1.548407669443863099e-12
1.566026605268056038e-12
1.463166176760011261e-12
1.444328164013075622e-12
1.413106610892445048e-12
1.390127487947701024e-12
1.399740891770695495e-12
1.377567331040108201e-12
1.308308171001082432e-12
1.308010015403648918e-12
1.275901042804838958e-12
1.242783653765400231e-12
1.236964523865236032e-12
1.227981041504455639e-12
1.176846380762652799e-12
1.139657704145313755e-12
1.091959205348769224e-12
1.078835480151918436e-12
1.028170062110367322e-12
1.076279365110066610e-12
1.075364732157357839e-12
1.024603687484193504e-12
9.943439301107748207e-13
1.068036392833093817e-12
9.554840642647666193e-13
9.888948384120799240e-13
9.672078676165041244e-13
9.916937063203512537e-13
9.313540607139292327e-13
9.366741323540983544e-13
9.171000547522623059e-13
9.419332718321737907e-13
9.510886002372931358e-13
9.285370866293773950e-13
9.163862160418978497e-13
8.640440251304892794e-13
8.704889565246121119e-13
8.498494876579831825e-13
8.603917274821459849e-13
8.292449843114169106e-13
8.332665612197087679e-13
8.300624727494709809e-13
8.325838933218032700e-13
8.319448645613403137e-13
7.713473956783012397e-13
7.470824089569894078e-13
7.248614685914644973e-13
7.242273187407777257e-13
6.921548837551805278e-13
6.816545483449842902e-13
6.570769861373448872e-13
6.496996950849931451e-13
6.342298105969923494e-13
6.252370040975285814e-13
6.236084240142381052e-13
5.986787671510840347e-13
6.020685794534685886e-13
5.676019008103716512e-13
5.665551578229455210e-13
5.423294192202776642e-13
5.282050838384400038e-13
5.147712768202583611e-13
5.253437116749248847e-13
5.016495573974266708e-13
4.649171672643781505e-13
4.586939552145286036e-13
4.681872294368116805e-13
4.481934842790608053e-13
4.545040830240126839e-13
4.194289772267711935e-13
4.105761683328296163e-13
3.892799711052719047e-13
3.911817701360287280e-13
3.711297220064524449e-13
3.695652182715558620e-13
3.726751166780589708e-13
3.535653757616441517e-13
3.628954775569681601e-13
3.578004591827527170e-13
3.428708055322471360e-13
3.395727438387091679e-13
3.327545487416538883e-13
3.280544510087662902e-13
3.269702759413350979e-13
3.225266733374032579e-13
2.986269814330561045e-13
3.063714917612286870e-13
2.957940695765687300e-13
2.848656369385665910e-13
2.826092495872983834e-13
2.771261681504960661e-13
2.689143937910365434e-13
2.638611443055161043e-13
2.539091441440544106e-13
2.483590590129924891e-13
2.309474768542874035e-13
2.225870312719258060e-13
2.158432395489573441e-13
2.227993858199342481e-13
2.223597824965728442e-13
2.091808578566153876e-13
2.076974117866392522e-13
1.987747125101538281e-13
2.006833420145973101e-13
2.017139168371262503e-13
1.908732503649868129e-13
1.878609708115888677e-13
1.808333214073365447e-13
1.686735468095154622e-13
1.651551210244198153e-13
1.625034606661177050e-13
1.513306353059101772e-13
1.550219506799357938e-13
1.495035242523104491e-13
1.464750494289610017e-13
1.383430316918149439e-13
1.363430174967580899e-13
1.342943497292109489e-13
1.254800300123926071e-13
1.235297535919985257e-13
1.137733977125618412e-13
1.180944448134213509e-13
1.168871043791958053e-13
1.106182541941481967e-13
1.044590236250024506e-13
1.034521453962058968e-13
1.047455443778724793e-13
9.738055224391486964e-14
9.767672239612001928e-14
9.897981143470319099e-14
9.582518291232147711e-14
9.183760251840061839e-14
9.207999624285048701e-14
8.882346626878229179e-14
8.771996529762654538e-14
8.504559090381086373e-14
8.668446413147637419e-14
8.495241050334931265e-14
8.162128741981411473e-14
8.010955722566326376e-14
7.941726025721337900e-14
7.857148769498459306e-14
7.385852861382588563e-14
6.972420145585911389e-14
6.929176741936327044e-14
6.900803848708739197e-14
6.665130822475565098e-14
6.917247129907197478e-14
6.475480823211685055e-14
6.129527495377790069e-14
5.946312236007611496e-14
5.869708609137005983e-14
5.810095785561963933e-14
5.652037404725238079e-14
5.571950439562343982e-14
5.522589086341331277e-14
5.266442257333484034e-14
5.394869392796181051e-14
5.203388108300337211e-14
4.960428904654881621e-14
4.773689988224125158e-14
4.705191789032385496e-14
4.647818181756704914e-14
4.537555498441286916e-14
4.484908335011285330e-14
4.486483816293178328e-14
4.199719117934340440e-14
4.270059444379768754e-14
4.238548802302372076e-14
4.141065474468769159e-14
4.091109165305605033e-14
3.955581183239485765e-14
3.862432970029930357e-14
3.788621841379832822e-14
3.732684463169516631e-14
3.602734023654477480e-14
3.575317938844108090e-14
3.519238597911832078e-14
3.500637754390127643e-14
3.383597452243959636e-14
3.221541075896193485e-14
3.105162475888420537e-14
3.070468006368884395e-14
2.971334658354030100e-14
2.924200324157938402e-14
2.893401528569414238e-14
2.739416190362855413e-14
2.622333536569324691e-14
2.610198264940601781e-14
2.584143531483059503e-14
2.547932534174759261e-14
2.428891540207176597e-14
2.401281146038707071e-14
2.288380802125539182e-14
2.272792346577449940e-14
2.242174985446227647e-14
2.251294480969546347e-14
2.182504563630772304e-14
2.089034139088081360e-14
2.053010505467713770e-14
1.982562097618215807e-14
1.935238705668296949e-14
1.860251725880820994e-14
1.820869267811411202e-14
1.770635978874494920e-14
1.731025330129094819e-14
1.703948905530574404e-14
1.616921182991289119e-14
1.576966638869303772e-14
1.523899855317232405e-14
1.506704239455022853e-14
1.463375116071176374e-14
1.484380177910367415e-14
1.482362545430007672e-14
1.401711964544010564e-14
1.376185186722491890e-14
1.371525489073056533e-14
1.300560899345501800e-14
1.246922876773802133e-14
1.222510116684512316e-14
1.161330705673523436e-14
1.151396279751651375e-14
1.106651933719532410e-14
1.084656351551822190e-14
1.064192035546158294e-14
1.060914272150168328e-14
1.025663301984286110e-14
9.985178442005644694e-15
9.378248842111837347e-15
8.939259617637192873e-15
8.668024421333315327e-15
8.841329056407439685e-15
8.504524192623659495e-15
8.466968445808298327e-15
8.146216550440881637e-15
7.677370261608470331e-15
7.428725434007864975e-15
7.320785484440407720e-15
7.085028686648750171e-15
6.882150743254189171e-15
6.592813605834539972e-15
6.600627908289434520e-15
6.361784522437982300e-15
6.196381857728793310e-15
6.270765750057824203e-15
6.101604800161667883e-15
5.931498561496375763e-15
5.751489237128259990e-15
5.569085774134729938e-15
5.307397486179355611e-15
5.362494438299406085e-15
5.115704189336814020e-15
5.066249323678424440e-15
4.976274519405757268e-15
4.764989350493223710e-15
4.843565208878216136e-15
4.554154379592155813e-15
4.399673357704863771e-15
4.386265673182775451e-15
4.188430116923219301e-15
4.168763705953868956e-15
4.028601776039910862e-15
3.947475077934262111e-15
3.783704222197958530e-15
3.702855774415482817e-15
3.612332939825942113e-15
3.421477570326471838e-15
3.274628738810414670e-15
3.273160830712822968e-15
3.215738349636085812e-15
3.131779808629529122e-15
2.969723771094941872e-15
2.861151934948832909e-15
2.751561541683650650e-15
2.753361698454802851e-15
2.686486964961418145e-15
2.597384392866186088e-15
2.615298504425904100e-15
2.577302723994444322e-15
2.467280555684399183e-15
2.388203677311105839e-15
2.371276359134939088e-15
2.303865665544179223e-15
2.245636385585182346e-15
2.218681467862945560e-15
2.112144840130851867e-15
2.094681773615546770e-15
2.048917430508344177e-15
2.003150969818773448e-15
1.894210674340608865e-15
1.863874189334696098e-15
1.775457502168503211e-15
1.728944487815046224e-15
1.723882301284899304e-15
1.668192426101770820e-15
1.582004812015396032e-15
1.538150528204251886e-15
1.483463328272435679e-15
1.475200310113733166e-15
1.445288400372631617e-15
1.396491573435140222e-15
1.358883310577049287e-15
1.334536936695000526e-15
1.279029491232886936e-15
1.237724564834741421e-15
1.194662256829280046e-15
1.163656298157681162e-15
1.140478088589014487e-15
1.093011421016067564e-15
1.066209286861691773e-15
1.012527091521792794e-15
1.009963546306927654e-15
9.484160147770620553e-16
9.282016793699565844e-16
9.564436636555462799e-16
9.167677933732075977e-16
8.699546117190673673e-16
8.445074126429432358e-16
8.330803558493314869e-16
8.068930617355439105e-16
7.939281636866327759e-16
7.605518891912611389e-16
7.423912910438921261e-16
7.421458103078659892e-16
7.056855947306598514e-16
6.808832524251922595e-16
6.862384594155299632e-16
6.472037930742627863e-16
6.172954832231870685e-16
6.068510905275087148e-16
6.035728612633977589e-16
5.796204106413814505e-16
5.405857972396734771e-16
5.410744823106800050e-16
5.151796263219319758e-16
5.024513151631008080e-16
4.702068884434977298e-16
4.791455212567539545e-16
4.591777783164178919e-16
4.516255266795801433e-16
4.430375125669279955e-16
4.296673357225352799e-16
4.076846866891384487e-16
3.991601471079711701e-16
3.959330839278302943e-16
3.865358357131950693e-16
3.743692926868507145e-16
3.614786688395019414e-16
3.601578797769364702e-16
3.615195646489865631e-16
3.522026257456628865e-16
3.473396772465779398e-16
3.341913171552474441e-16
3.213347334444664532e-16
3.150936358704191581e-16
3.147367173622698773e-16
3.288091374594956113e-16
3.157039760484750849e-16
3.038585908580381184e-16
2.946313315680049909e-16
2.877182192294298153e-16
2.863651370357502739e-16
2.747427332686780020e-16
2.627112390578615047e-16
2.500806013857605984e-16
2.444263123557033216e-16
2.367398854060645715e-16
2.259676380202396001e-16
2.266820044321301957e-16
2.262239713659024327e-16
2.266168623045304196e-16
2.169148675173408584e-16
2.096922308109932403e-16
2.044839310974449543e-16
2.031035188563266609e-16
1.926414178780947719e-16
1.859897607875353573e-16
1.818262232748660474e-16
1.781824860591250601e-16
1.744413003497804256e-16
1.691888622787463101e-16
1.676357479606167453e-16
1.576733831863750927e-16
1.559769085419227376e-16
1.521178793737913487e-16
1.465846763505220343e-16
1.437315517468143304e-16
1.411913131728884845e-16
1.376666767304653323e-16
1.362215326433310891e-16
1.330370858083489453e-16
1.262381376291958884e-16
1.233015008708448308e-16
1.221365923403537525e-16
1.152908191210852938e-16
1.170804012152866177e-16
1.160206041795938778e-16
1.127032525812316139e-16
1.127161830685670428e-16
1.089303428410343458e-16
1.039179327314284176e-16
1.042286879439523390e-16
9.792835762060134674e-17
9.250329026444986452e-17
9.298406087135548505e-17
8.888232367661123693e-17
8.691516906595192949e-17
8.429397267111429369e-17
8.196927089504016514e-17
8.220738641489212990e-17
8.158121069118948795e-17
8.147812413453067943e-17
7.705587761347928457e-17
7.159928474982218136e-17
6.954501147704878904e-17
6.806991683429522585e-17
6.618477883573177620e-17
6.534296043505901015e-17
6.377858984315382378e-17
6.283056145182924898e-17
6.211327012929266592e-17
6.013031306021114544e-17
5.922990380239002333e-17
6.018020197731544364e-17
5.926395055640270595e-17
5.939724574903195104e-17
5.717721209894783239e-17
5.628628563966901819e-17
5.418856222367944044e-17
5.404420266317668605e-17
5.236700132699681650e-17
5.134031467686334918e-17
5.014045941985313063e-17
4.953989320791513042e-17
4.864403675218550017e-17
4.768123822384317850e-17
4.561549691905735101e-17
4.406238260092778625e-17
4.438614109268104128e-17
4.322374388252967403e-17
4.211657917623969755e-17
4.078512940993964293e-17
4.093273482716605540e-17
4.086343694416881295e-17
3.884615849711124224e-17
3.811953326854261082e-17
3.693480218185231183e-17
3.664139460113485249e-17
3.647579965994663677e-17
3.522624739173423232e-17
3.402999864219474497e-17
3.417534751071011278e-17
3.369367031385313413e-17
3.277100328010943515e-17
3.186606107253152245e-17
3.097072739494902572e-17
2.998890371251798441e-17
2.949985137331948297e-17
2.936946454772397432e-17
2.861443393692027193e-17
2.816124814908206977e-17
2.744020142656449597e-17
2.604128350078216620e-17
2.535071838383717147e-17
2.489203019056426656e-17
2.469957504052522893e-17
2.400868566878011342e-17
2.354847215445766073e-17
2.332208274696924769e-17
2.266109595436792412e-17
2.181059381162457638e-17
2.185315556286287987e-17
2.151060683631487026e-17
2.124631435879805239e-17
2.084419373889519883e-17
2.035905892707774853e-17
1.958357048536438466e-17
1.860342928829927621e-17
1.867949681742965264e-17
1.787386095111118112e-17
1.747696149523476227e-17
1.739037388307393644e-17
1.712851993400292490e-17
1.641445627021652376e-17
1.576669113252624778e-17
1.542150866290786934e-17
1.534604001254098130e-17
1.471198125760070900e-17
1.481733428913791282e-17
1.385669718373619221e-17
1.367507479099914903e-17
1.322656670952493423e-17
1.304499146608280658e-17
1.279725914442930032e-17
1.261506930579204576e-17
1.191070929777150419e-17
1.160649294798981443e-17
1.119949940709841099e-17
1.096865811355323756e-17
1.057609721998965934e-17
1.043479078312783818e-17
1.029082661495788414e-17
9.944754926181011183e-18
9.882323469448571420e-18
9.652013225856657030e-18
9.299422526672253666e-18
9.199804338321879990e-18
8.907003080993422018e-18
8.651336442904307119e-18
8.564573468453620046e-18
8.332533590200857275e-18
8.109840852869943718e-18
7.920853243958728379e-18
7.752529433929700224e-18
7.592344253947581309e-18
7.355605989815517342e-18
7.171796531538883956e-18
6.958037344823543097e-18
6.844767367643594252e-18
6.619485554995389718e-18
6.492797881099218212e-18
6.265848058745800497e-18
6.035551463633993233e-18
5.908898117733242677e-18
5.729028934304505638e-18
5.580640590628311727e-18
5.404608284470901908e-18
5.278925635018982330e-18
5.082533932444804840e-18
5.036124136996904669e-18
4.815512999677480806e-18
4.638217175134396237e-18
4.442326744011425882e-18
4.413463103717000534e-18
4.253409445452277550e-18
4.091853627195158268e-18
4.025792915525142095e-18
3.953222292434333595e-18
3.831446417015501967e-18
3.773260878367296894e-18
3.712310488521633326e-18
3.513677540077743408e-18
3.409763389216075583e-18
3.312048336660033286e-18
3.187179219340559610e-18
3.128835275605050633e-18
3.026142043327511076e-18
2.892183865437304733e-18
2.775833260861055275e-18
2.707993904078896955e-18
2.585574275348345933e-18
2.545616488678359378e-18
2.467354862973186047e-18
2.363548245591150115e-18
2.327361988924099090e-18
2.232546411210208293e-18
2.181624345520831356e-18
2.132729079127362476e-18
2.072105425623657354e-18
1.946181239432872292e-18
1.918158221435953959e-18
1.868536690464663520e-18
1.801576006288189653e-18
1.766955395725548371e-18
1.676229088767390035e-18
1.666252670194541106e-18
1.628367177754153024e-18
1.581969479822711441e-18
1.518151875178785942e-18
1.470853791150580388e-18
1.412413687668862121e-18
1.376634714055916893e-18
1.332864865532979710e-18
1.306418453783587448e-18
1.267924466605090044e-18
1.195179515200185993e-18
1.185221501395966370e-18
1.130219677527901331e-18
1.093730362563926191e-18
1.058351537572303490e-18
1.000650313172748215e-18
9.871048170518861099e-19
9.614840349513983381e-19
9.281005763924066781e-19
9.185140700807999330e-19
8.926616774087973134e-19
8.487512598805144004e-19
8.367973109569926055e-19
8.118031698693020367e-19
7.891039896923515586e-19
7.704241318105845266e-19
7.395646080956452923e-19
7.080169735086385080e-19
6.665376398006489433e-19
6.565600321556694698e-19
6.194014246785623606e-19
6.091075755456462077e-19
5.956367324750670138e-19
5.947172695254260389e-19
5.666661790864691872e-19
5.430866202438208649e-19
5.226050078915484849e-19
5.062851479961835254e-19
4.780998992016282295e-19
4.670848519721424056e-19
4.430671975975706860e-19
4.305121468626642628e-19
4.081957962129609829e-19
4.065092524921477863e-19
3.994227961844059982e-19
3.843927693579526317e-19
3.715992062632953714e-19
3.623468550697659072e-19
3.527148279750746033e-19
3.345109866864376964e-19
3.267918664570635536e-19
3.281404293494664115e-19
3.148482055924103870e-19
2.970648822476801255e-19
2.873534199647895887e-19
2.823560858422328988e-19
2.758392209344162971e-19
2.707723519416168684e-19
2.594746157377910473e-19
2.480118053029726126e-19
2.364424953642879756e-19
2.247795847694141350e-19
2.244702709191075872e-19
2.253222927994313480e-19
2.155227099319097714e-19
2.128050468034580124e-19
2.052112702862797956e-19
1.986020325684957487e-19
1.922167023027721496e-19
1.823419493970848166e-19
1.804004143277550781e-19
1.758864638756590638e-19
1.648855950388602816e-19
1.629930574961272389e-19
1.565062812830922536e-19
1.513305863409538171e-19
1.444453804913067664e-19
1.428699762406083118e-19
1.397346644509997007e-19
1.355322121230152570e-19
1.302888822411035394e-19
1.277389687559381202e-19
1.258013886439121508e-19
1.200748689619958248e-19
1.174815801934596562e-19
1.178288926531553587e-19
1.117034134220470505e-19
1.088190604754687853e-19
1.071551220498330144e-19
1.050757321615424854e-19
9.970910713192061768e-20
9.952855557618531268e-20
9.378763131938319994e-20
9.015131303485741243e-20
8.908938114940124973e-20
8.778707574781600564e-20
8.523246413526522665e-20
8.263308783440855061e-20
8.158728597089717194e-20
7.743281658078933944e-20
7.462309729744837826e-20
7.221302257224416971e-20
7.207980125718338326e-20
7.022495859345832340e-20
6.799616566937393932e-20
6.536225457794317437e-20
6.371566755812541037e-20
6.182568910541245354e-20
6.043192208500327976e-20
5.953599500872885280e-20
5.778489888839384221e-20
5.731308282181183791e-20
5.659806273044217233e-20
5.332454069270331430e-20
5.147992146436152701e-20
4.961754693341825970e-20
4.927601827566189283e-20
4.842661364649503811e-20
4.650933823356783137e-20
4.577235261952576156e-20
4.470668872779030688e-20
4.316850114230820292e-20
4.182614856684802827e-20
4.094606393800855246e-20
3.929217769551986155e-20
3.783355777638196973e-20
3.775457172140595894e-20
3.747119127577265568e-20
3.604162930682495675e-20
3.504163256973370199e-20
3.404573619278826674e-20
3.288643933312093067e-20
3.083307009120887638e-20
3.061884000608044557e-20
2.939059958106137531e-20
2.845514554996913121e-20
2.795466250528333604e-20
2.686925936994598118e-20
2.640672646703532395e-20
2.542951112411908920e-20
2.521693701580289834e-20
2.438435872663553538e-20
2.401497734669085953e-20
2.325760786978046638e-20
2.255958860182075297e-20
2.228054923881621922e-20
2.187707250799787326e-20
2.090051309345799892e-20
2.008712474826701265e-20
1.952978111440386629e-20
1.887929726668467580e-20
1.846155974823545957e-20
1.784833457099810096e-20
1.732872782140841871e-20
1.689292480762801507e-20
1.632692485790147199e-20
1.651945276106032308e-20
1.591835741202423035e-20
1.566274083128687198e-20
1.477484645424215919e-20
1.465175325492374565e-20
1.440855892365888773e-20
1.386164228915788442e-20
1.344151127836980626e-20
1.300966241409960484e-20
1.244328441698373088e-20
1.227598229133347936e-20
1.203236790741380935e-20
1.151934709877544041e-20
1.113803864681480221e-20
1.079500749302391519e-20
1.019094592600999559e-20
9.865088463452387246e-21
9.658230302415908515e-21
9.222274615651352024e-21
9.010173066571824755e-21
8.707659222511831058e-21
8.601342279991758612e-21
8.337012837841317276e-21
8.006735936678945641e-21
7.728396930696954345e-21
7.558620533351146254e-21
7.414443114141866920e-21
7.142217489874525344e-21
7.040410458838714181e-21
6.767473168438892901e-21
6.540856376754907278e-21
6.270423246412619578e-21
6.132969496957817905e-21
5.864869274436871166e-21
5.509246638421208444e-21
5.493994284186911577e-21
5.059749100300363910e-21
5.108702198250877612e-21
5.070968545151681294e-21
4.778353807357831228e-21
4.790511504437156758e-21
4.528638562523799169e-21
4.536323910519726421e-21
4.202083974117916159e-21
3.893130803639009903e-21
3.757459046792891804e-21
3.718094054585247401e-21
3.628233078714221834e-21
3.413054240041412573e-21
3.312035615526941015e-21
3.223189228376000020e-21
3.120694966963109279e-21
3.019434408275337299e-21
2.916427601844219120e-21
2.833773154332313375e-21
2.733492045344463803e-21
2.733094610909526215e-21
2.680816028792286267e-21
2.522631065235374339e-21
2.586358303628552688e-21
2.470262010238636403e-21
2.331206608088971923e-21
2.237156616728154496e-21
2.247696101344494819e-21
2.154319405921727147e-21
2.087530024064647050e-21
2.003306235600556350e-21
1.938221500118124716e-21
1.865150715484470065e-21
1.768433591713987640e-21
1.680451240757091598e-21
1.692119919805827003e-21
1.636901574950077674e-21
1.573894080625048492e-21
1.524058569176841809e-21
1.421902975216893310e-21
1.451666836010401405e-21
1.398607218488120237e-21
1.330133082172977730e-21
1.261678332903441934e-21
1.189640009422540543e-21
1.162919914789286168e-21
1.157785074006796041e-21
1.115369651341970612e-21
1.058588124959984294e-21
1.089349610808671088e-21
1.076570215605384500e-21
1.051265880172399411e-21
1.027638120287611402e-21
9.862333483492316835e-22
1.008248954222786582e-21
9.043103579121958277e-22
8.528174560130070403e-22
8.479331322104661401e-22
8.260469247689164544e-22
8.228419533049590112e-22
7.696255733435923243e-22
7.411226278209894952e-22
7.111470746258435319e-22
6.965687231489674972e-22
6.534668779006294365e-22
6.612589556215894698e-22
6.249099111832370726e-22
5.904486803108382160e-22
5.791183657924574500e-22
5.607125369340959672e-22
5.414127835197125174e-22
5.317680817400590423e-22
5.092485136549255106e-22
5.153136801910481226e-22
5.033315267512396136e-22
4.954444827990654540e-22
4.722522246210573777e-22
4.481918912811696164e-22
4.406506334627464142e-22
4.410033868160122836e-22
4.411197090896525532e-22
4.063910228159475648e-22
3.862652499922635726e-22
3.745307862549199778e-22
3.679625662749815475e-22
3.601106865865185198e-22
3.574001100290811891e-22
3.463300817440999063e-22
3.303928447827773984e-22
3.087664944342947558e-22
3.034637588076246309e-22
3.014489701903667162e-22
2.920176521301319039e-22
2.800451922131267507e-22
2.665738965762016751e-22
2.533525120740506160e-22
2.399850179104781420e-22
2.264589690158434864e-22
2.252290780666187531e-22
2.129450117811640585e-22
2.107884301493580982e-22
1.912823864528157328e-22
2.041057180530795111e-22
1.958237892644134384e-22
1.882320569698305750e-22
1.835033722684461595e-22
1.816938137042905432e-22
1.750622450382192448e-22
1.685056497125801514e-22
1.671509925225856628e-22
1.611330819101294104e-22
1.563722243055864612e-22
1.522538024004810204e-22
1.541305214266635328e-22
1.507809422924482154e-22
1.460487234942084098e-22
1.439828671773901077e-22
1.413402714973211029e-22
1.355996360267191734e-22
1.290707581178459255e-22
1.281326952164550324e-22
1.200347666562099502e-22
1.197620858402676343e-22
1.182971648283849736e-22
1.185444127687429640e-22
1.171160065504411736e-22
1.154203721227739549e-22
1.158588904336554527e-22
1.166478901783957834e-22
1.107506942171000711e-22
1.048043616877399524e-22
1.004810505174432687e-22
9.893168352337850909e-23
9.701728850036264118e-23
9.509386259770380312e-23
9.360110426219770337e-23
9.038810534966873113e-23
8.674409177118872334e-23
8.415739161942005855e-23
8.103026494958982477e-23
8.090544191083489363e-23
7.447518423688875568e-23
7.473723120782869227e-23
7.359879132562442041e-23
7.118015641199128175e-23
7.308428993235203474e-23
6.850959719055400253e-23
6.722457433038518314e-23
6.346363263308969609e-23
6.142584714272277840e-23
6.165124679144976766e-23
5.668435765112481545e-23
5.682793664676228137e-23
5.246223524686264137e-23
4.876902830233305128e-23
4.883118738622084613e-23
4.920782429225318689e-23
4.664355934462900768e-23
4.543595844914219928e-23
4.586178556578050145e-23
4.571687812837864335e-23
4.488876981540107576e-23
4.350782462460100222e-23
4.478530912995952962e-23
4.234600606060960045e-23
4.120787856732379611e-23
3.970335358255541975e-23
3.810155889272967174e-23
3.756394387493431043e-23
3.792791483027242262e-23
3.777101670711120514e-23
3.844038411785295896e-23
3.565195645540117704e-23
3.637430691998119490e-23
3.444588910551411828e-23
3.274776503283002208e-23
3.265339202501662199e-23
3.280348070084397170e-23
3.312003164944743843e-23
3.219729158227955827e-23
3.001673488984212098e-23
3.015661886099953167e-23
2.936391462544828310e-23
2.872526230291221459e-23
2.788819253005133631e-23
2.701710391951370712e-23
2.657187713549420983e-23
2.519708663747667062e-23
2.528512193677752510e-23
2.434728307188371477e-23
2.400207911748081044e-23
2.413504793394305375e-23
2.243229009230168933e-23
2.204814007500802365e-23
2.076900527263577389e-23
2.028400096633141230e-23
1.988814583092607725e-23
1.931525295344923229e-23
1.878439847361161505e-23
1.828449731797305986e-23
1.880568351855628839e-23
1.808560181793968616e-23
1.827116083550939344e-23
1.701026923043128480e-23
1.694830105088255344e-23
1.614769242906099032e-23
1.534232855370275495e-23
1.575372740438456482e-23
1.510531845017272284e-23
1.443503911622453353e-23
1.446312729761583287e-23
1.397051837218514073e-23
1.339111108135298065e-23
1.321709704313118288e-23
1.244910624201869816e-23
1.181614949521832536e-23
1.137184331187522099e-23
1.084740937094519756e-23
1.109211875691018675e-23
1.054528747715912835e-23
1.010975184936027119e-23
9.360866470511334155e-24
9.424214367783297066e-24
9.082341772983141074e-24
9.373621562487852695e-24
9.010579096435185631e-24
8.342366578058675371e-24
8.565002058173770206e-24
8.011097062685594999e-24
7.598053437016399323e-24
7.356057732565370415e-24
7.210618602913393353e-24
7.476857580703674395e-24
7.075990023106565036e-24
7.330575947604921292e-24
6.888770453331367525e-24
6.989019686027758927e-24
6.948863510508388542e-24
6.965283650250563902e-24
6.698373351829939779e-24
6.680668946534064611e-24
6.653946283369702836e-24
6.386446705852878617e-24
6.107670361695920034e-24
5.965304239700231423e-24
5.932081362676848511e-24
5.538127776483548710e-24
5.426009342607201965e-24
5.292715121021554990e-24
5.352828294151659142e-24
5.213599866406487105e-24
5.104674347044022406e-24
5.122318010050195556e-24
4.913885181672699816e-24
4.752084287985533748e-24
4.754317158777761822e-24
4.686897555943500659e-24
4.326163691329962886e-24
4.235817029576810846e-24
4.003903756355411690e-24
4.017913926032136860e-24
3.982263329572936284e-24
3.900735738309702545e-24
3.880204449959967881e-24
3.808746668151880358e-24
3.693064949566650303e-24
3.690446720222221765e-24
3.627602905068695081e-24
3.375535813440709515e-24
3.384840427817791350e-24
3.277862803245543633e-24
3.156404650681832719e-24
2.987244670825086137e-24
2.925371943445886518e-24
2.948533096838401730e-24
2.896460782915215351e-24
2.861723687384260707e-24
2.874335206676029023e-24
2.755280318860073921e-24
2.692197084421812659e-24
2.671736399123095276e-24
2.567739091050772543e-24
2.512445069190663552e-24
2.366180002170920090e-24
2.351813267365035023e-24
2.322263523931587447e-24
2.257058648088734274e-24
2.173096237641535882e-24
2.145992357444726054e-24
2.064614649753484307e-24
1.999520806083040992e-24
1.958069715387750316e-24
1.930744559707025993e-24
1.912835445006245973e-24
1.860019038034209875e-24
1.797579316879382654e-24
1.747413876979341766e-24
1.711018004179933639e-24
1.625829210847956032e-24
1.550520998961484750e-24
1.535459869343778887e-24
1.491833691917567577e-24
1.407157362351144170e-24
1.322698955609788067e-24
1.296000155487809228e-24
1.256646251509048612e-24
1.256482661478828404e-24
1.292325937214129213e-24
1.276322611852750004e-24
1.163319273255971589e-24
1.184812084441557514e-24
1.144522098391139015e-24
1.124345797448753806e-24
1.064332809653612723e-24
1.047283257516684147e-24
1.025770922023694002e-24
1.039115490311638943e-24
9.830978857862159793e-25
9.504747402660273414e-25
9.236107723920178527e-25
9.225552765008321389e-25
8.751867429402523483e-25
8.777426522731684265e-25
8.486429539861494378e-25
8.327366585161124136e-25
7.931566472803928252e-25
7.904613067824789331e-25
7.308419605790431344e-25
7.173231526386575025e-25
7.090820706732333211e-25
7.152240430736709664e-25
6.752687805660990579e-25
6.677400399980894501e-25
6.727592661151712904e-25
6.371111841501061063e-25
6.082656962897945887e-25
5.852938202107258433e-25
5.732308550709255887e-25
5.615059661328191139e-25
5.590906219524521047e-25
5.381991692956774727e-25
5.200958962045999307e-25
5.265328039759770818e-25
5.089073833782371676e-25
4.921981261142983061e-25
4.703089616276453994e-25
4.683493325314632535e-25
4.564758419203357706e-25
4.440024225907877082e-25
4.312211995967837223e-25
4.163635960926248808e-25
4.040241352055446615e-25
3.900032172989858555e-25
3.860326338439756215e-25
3.728312191584250061e-25
3.658286241622945251e-25
3.740782110343531205e-25
3.511273876806924609e-25
3.475182011278866029e-25
3.375691120431424902e-25
3.184239016076877205e-25
3.135319039634760566e-25
3.191485443048430843e-25
3.072823999608954721e-25
2.853600786643199948e-25
2.718459052817525363e-25
2.730219243281140478e-25
2.799258870591886142e-25
2.645333619055800622e-25
2.588303412950913336e-25
2.494592407348413410e-25
2.407675466292129447e-25
2.329395566071884038e-25
