-8.443059772253036499e-02
-1.031717583537101746e-01
-1.254391670227050781e-01
-1.364236623048782349e-01
-1.524939984083175659e-01
-1.623372137546539307e-01
-1.724995225667953491e-01
-1.822557151317596436e-01
-1.881669312715530396e-01
-1.982861757278442383e-01
-1.962343305349349976e-01
-2.021469175815582275e-01
-2.113211005926132202e-01
-2.123448103666305542e-01
-2.123395949602127075e-01
-2.195368856191635132e-01
-2.202774584293365479e-01
-2.225200831890106201e-01
-2.235684096813201904e-01
-2.263941019773483276e-01
-2.262198776006698608e-01
-2.222219258546829224e-01
-2.249632775783538818e-01
-2.218746244907379150e-01
-2.217779159545898438e-01
-2.242579460144042969e-01
-2.255485206842422485e-01
-2.177521437406539917e-01
-2.122067213058471680e-01
-2.113406658172607422e-01
-2.156561911106109619e-01
-2.113167494535446167e-01
-2.141151875257492065e-01
-2.109902948141098022e-01
-2.118857800960540771e-01
-2.110338360071182251e-01
-2.093054354190826416e-01
-2.030907571315765381e-01
-2.018283754587173462e-01
-2.060860544443130493e-01
-2.066084593534469604e-01
-2.051713466644287109e-01
-2.067506462335586548e-01
-2.047973871231079102e-01
-2.055802792310714722e-01
-2.076114267110824585e-01
-2.046797424554824829e-01
-2.051366120576858521e-01
-2.086047977209091187e-01
-2.036663889884948730e-01
-1.972497552633285522e-01
-1.980585902929306030e-01
-1.935411840677261353e-01
-1.924580484628677368e-01
-1.863792091608047485e-01
-1.893475651741027832e-01
-1.935079842805862427e-01
-1.937539279460906982e-01
-1.961205452680587769e-01
-1.853837966918945312e-01
-1.881504207849502563e-01
-1.820686310529708862e-01
-1.868423670530319214e-01
-1.890209168195724487e-01
-1.821330934762954712e-01
-1.916572898626327515e-01
-1.837113201618194580e-01
-1.810076087713241577e-01
-1.780298650264739990e-01
-1.784353703260421753e-01
-1.702413856983184814e-01
-1.696601212024688721e-01
-1.703250110149383545e-01
-1.626836806535720825e-01
-1.627393811941146851e-01
-1.613439470529556274e-01
-1.653097867965698242e-01
-1.626473069190979004e-01
-1.582716852426528931e-01
-1.636585593223571777e-01
-1.594799011945724487e-01
-1.537162661552429199e-01
-1.489761620759963989e-01
-1.455524116754531860e-01
-1.418518126010894775e-01
-1.375688612461090088e-01
-1.411360353231430054e-01
-1.453924924135208130e-01
-1.391269862651824951e-01
-1.360734105110168457e-01
-1.348520964384078979e-01
-1.342800706624984741e-01
-1.323441714048385620e-01
-1.334438174962997437e-01
-1.323484182357788086e-01
-1.363400071859359741e-01
-1.266077011823654175e-01
-1.271663457155227661e-01
-1.302556991577148438e-01
-1.443903893232345581e-01
-1.365511566400527954e-01
-1.399028897285461426e-01
-1.402759402990341187e-01
-1.383935362100601196e-01
-1.346959471702575684e-01
-1.286115944385528564e-01
-1.359713524580001831e-01
-1.362788528203964233e-01
-1.345618665218353271e-01
-1.346104741096496582e-01
-1.354581564664840698e-01
-1.283893734216690063e-01
-1.455933600664138794e-01
-1.422885805368423462e-01
-1.401852071285247803e-01
-1.445712596178054810e-01
-1.367692947387695312e-01
-1.324564069509506226e-01
-1.438290178775787354e-01
-1.324119120836257935e-01
-1.363992542028427124e-01
-1.412389278411865234e-01
-1.411316990852355957e-01
-1.422118246555328369e-01
-1.390708386898040771e-01
-1.414187252521514893e-01
-1.328116357326507568e-01
-1.411445587873458862e-01
-1.387151777744293213e-01
-1.312402635812759399e-01
-1.322413384914398193e-01
-1.341491639614105225e-01
-1.408129036426544189e-01
-1.320089101791381836e-01
-1.375186890363693237e-01
-1.348884254693984985e-01
-1.341793388128280640e-01
-1.401267796754837036e-01
-1.290187388658523560e-01
-1.435472816228866577e-01
-1.405936479568481445e-01
-1.326500028371810913e-01
-1.336153596639633179e-01
-1.357238739728927612e-01
-1.485338509082794189e-01
-1.355390250682830811e-01
-1.327300220727920532e-01
-1.332037597894668579e-01
-1.386829763650894165e-01
-1.450110524892807007e-01
-1.445175409317016602e-01
-1.391589492559432983e-01
-1.454748213291168213e-01
-1.476197540760040283e-01
-1.313362866640090942e-01
-1.367349475622177124e-01
-1.405798047780990601e-01
-1.401384174823760986e-01
-1.361439824104309082e-01
-1.450642943382263184e-01
-1.379554271697998047e-01
-1.412746906280517578e-01
-1.531236916780471802e-01
-1.464214920997619629e-01
-1.499498635530471802e-01
-1.558958142995834351e-01
-1.481285989284515381e-01
-1.553260684013366699e-01
-1.476218998432159424e-01
-1.443924158811569214e-01
-1.387653350830078125e-01
-1.474069058895111084e-01
-1.562210619449615479e-01
-1.501434445381164551e-01
-1.562953889369964600e-01
-1.527559310197830200e-01
-1.522735059261322021e-01
-1.570225805044174194e-01
-1.480202078819274902e-01
-1.524225175380706787e-01
-1.524197757244110107e-01
-1.590026319026947021e-01
-1.468401104211807251e-01
-1.539987772703170776e-01
-1.605475395917892456e-01
-1.516981571912765503e-01
-1.567841768264770508e-01
-1.612398475408554077e-01
-1.469191908836364746e-01
-1.527824103832244873e-01
-1.554834246635437012e-01
-1.551563888788223267e-01
-1.645909994840621948e-01
-1.645002812147140503e-01
-1.675640940666198730e-01
-1.640384793281555176e-01
-1.664520949125289917e-01
-1.623419672250747681e-01
-1.637289375066757202e-01
-1.695008426904678345e-01
-1.664761453866958618e-01
-1.658968478441238403e-01
-1.666982024908065796e-01
-1.653568148612976074e-01
-1.672270596027374268e-01
-1.648317128419876099e-01
-1.640585511922836304e-01
-1.636531203985214233e-01
-1.719900369644165039e-01
-1.504284441471099854e-01
-1.649278253316879272e-01
-1.616957932710647583e-01
-1.549613028764724731e-01
-1.634553372859954834e-01
-1.541301310062408447e-01
-1.571447998285293579e-01
-1.612284332513809204e-01
-1.507433801889419556e-01
-1.615460366010665894e-01
-1.699571013450622559e-01
-1.635222136974334717e-01
-1.642763912677764893e-01
-1.618497371673583984e-01
-1.670310199260711670e-01
-1.656213402748107910e-01
-1.486784666776657104e-01
-1.625464260578155518e-01
-1.649074852466583252e-01
-1.730639189481735229e-01
-1.685136556625366211e-01
-1.648811846971511841e-01
-1.756919175386428833e-01
-1.756961941719055176e-01
-1.742063164710998535e-01
-1.728533059358596802e-01
-1.721307337284088135e-01
-1.604436337947845459e-01
-1.491611748933792114e-01
-1.422402262687683105e-01
-1.450848579406738281e-01
-1.490229666233062744e-01
-1.528008580207824707e-01
-1.511248946189880371e-01
-1.589753329753875732e-01
-1.610358059406280518e-01
-1.521999239921569824e-01
-1.467416137456893921e-01
-1.500247567892074585e-01
-1.447646319866180420e-01
-1.420609056949615479e-01
-1.381695866584777832e-01
-1.502407044172286987e-01
-1.439590156078338623e-01
-1.523960530757904053e-01
-1.450808942317962646e-01
-1.351284831762313843e-01
-1.541736572980880737e-01
-1.686667501926422119e-01
-1.408458501100540161e-01
-1.388974189758300781e-01
-1.520056575536727905e-01
-1.428225636482238770e-01
-1.282405704259872437e-01
-1.364745795726776123e-01
-1.388786137104034424e-01
-1.398311108350753784e-01
-1.370563060045242310e-01
-1.358716189861297607e-01
-1.439408659934997559e-01
-1.317702233791351318e-01
-1.339136213064193726e-01
-1.365797519683837891e-01
-1.224990934133529663e-01
-1.320509314537048340e-01
-1.383144110441207886e-01
-1.374083459377288818e-01
-1.455559134483337402e-01
-1.342604607343673706e-01
-1.384812295436859131e-01
-1.322228610515594482e-01
-1.419754326343536377e-01
-1.442679762840270996e-01
-1.404760777950286865e-01
-1.387114375829696655e-01
-1.416168808937072754e-01
-1.405048221349716187e-01
-1.323304027318954468e-01
-1.306317746639251709e-01
-1.451148837804794312e-01
-1.382789909839630127e-01
-1.377170532941818237e-01
-1.534151732921600342e-01
-1.474003791809082031e-01
-1.374949961900711060e-01
-1.454831361770629883e-01
-1.470759510993957520e-01
-1.500378996133804321e-01
-1.302430778741836548e-01
-1.471743732690811157e-01
-1.402143239974975586e-01
-1.458718180656433105e-01
-1.499683260917663574e-01
-1.450315862894058228e-01
-1.363328397274017334e-01
-1.481181532144546509e-01
-1.384103447198867798e-01
-1.331575214862823486e-01
-1.349574178457260132e-01
-1.394012868404388428e-01
-1.286912858486175537e-01
-1.398501545190811157e-01
-1.451366245746612549e-01
-1.412546485662460327e-01
-1.426392197608947754e-01
-1.454714387655258179e-01
-1.534756273031234741e-01
-1.436326950788497925e-01
-1.513852477073669434e-01
-1.324979215860366821e-01
-1.410137414932250977e-01
-1.341637820005416870e-01
-1.338238865137100220e-01
-1.373556256294250488e-01
-1.359243243932723999e-01
-1.355753391981124878e-01
-1.474848836660385132e-01
-1.361420452594757080e-01
-1.321012377738952637e-01
-1.379083991050720215e-01
-1.314629167318344116e-01
-1.430239528417587280e-01
-1.412324905395507812e-01
-1.366541534662246704e-01
-1.325297504663467407e-01
-1.259110122919082642e-01
-1.259916871786117554e-01
-1.336228996515274048e-01
-1.367579698562622070e-01
-1.371028423309326172e-01
-1.279059648513793945e-01
-1.285144835710525513e-01
-1.398347020149230957e-01
-1.351187080144882202e-01
-1.496987044811248779e-01
-1.426960825920104980e-01
-1.433656960725784302e-01
-1.452968865633010864e-01
-1.540316045284271240e-01
-1.432058364152908325e-01
-1.487103402614593506e-01
-1.479165703058242798e-01
-1.525633037090301514e-01
-1.372302174568176270e-01
-1.511216163635253906e-01
-1.510265320539474487e-01
-1.526494175195693970e-01
-1.463628411293029785e-01
-1.422768384218215942e-01
-1.444424688816070557e-01
-1.403520107269287109e-01
-1.482158452272415161e-01
-1.488722264766693115e-01
-1.534201502799987793e-01
-1.602157801389694214e-01
-1.622790545225143433e-01
-1.521831601858139038e-01
-1.651408225297927856e-01
-1.714849323034286499e-01
-1.619359552860260010e-01
-1.553737670183181763e-01
-1.466283500194549561e-01
-1.509451121091842651e-01
-1.615857332944869995e-01
-1.524583995342254639e-01
-1.416592299938201904e-01
-1.447940915822982788e-01
-1.477800905704498291e-01
-1.408701837062835693e-01
-1.285743862390518188e-01
-1.356649398803710938e-01
-1.319321393966674805e-01
-1.312336772680282593e-01
-1.346244961023330688e-01
-1.513531357049942017e-01
-1.592321693897247314e-01
-1.393607258796691895e-01
-1.493565887212753296e-01
-1.364499479532241821e-01
-1.323587447404861450e-01
-1.367428004741668701e-01
-1.474603563547134399e-01
-1.477299630641937256e-01
-1.510778367519378662e-01
-1.474384069442749023e-01
-1.515963971614837646e-01
-1.422339528799057007e-01
-1.459669321775436401e-01
-1.406431347131729126e-01
-1.270062178373336792e-01
-1.493534743785858154e-01
-1.657984852790832520e-01
-1.605456173419952393e-01
-1.633365005254745483e-01
-1.420969069004058838e-01
-1.388406455516815186e-01
-1.486337780952453613e-01
-1.538165062665939331e-01
-1.409509778022766113e-01
-1.471817493438720703e-01
-1.505476236343383789e-01
-1.453813761472702026e-01
-1.476710140705108643e-01
-1.559312641620635986e-01
-1.509703993797302246e-01
-1.405490487813949585e-01
-1.444016247987747192e-01
-1.321841478347778320e-01
-1.420060843229293823e-01
-1.289173364639282227e-01
-1.355169415473937988e-01
-1.368982642889022827e-01
-1.445486247539520264e-01
-1.484917700290679932e-01
-1.453449279069900513e-01
-1.425849050283432007e-01
-1.321756392717361450e-01
-1.386750042438507080e-01
-1.332028508186340332e-01
-1.389643251895904541e-01
-1.375363916158676147e-01
-1.387468725442886353e-01
-1.332274377346038818e-01
-1.416804045438766479e-01
-1.380626112222671509e-01
-1.456893235445022583e-01
-1.442370563745498657e-01
-1.454956829547882080e-01
-1.502952128648757935e-01
-1.480635851621627808e-01
-1.474520117044448853e-01
-1.501995474100112915e-01
-1.478111743927001953e-01
-1.507155001163482666e-01
-1.492146402597427368e-01
-1.546725034713745117e-01
-1.362383365631103516e-01
-1.395967900753021240e-01
-1.475983411073684692e-01
-1.613533198833465576e-01
-1.506127715110778809e-01
-1.453959792852401733e-01
-1.543708890676498413e-01
-1.347060054540634155e-01
-1.547131240367889404e-01
-1.504003405570983887e-01
-1.486663371324539185e-01
-1.451356858015060425e-01
-1.532661616802215576e-01
-1.447008997201919556e-01
-1.381909102201461792e-01
-1.564136445522308350e-01
-1.466825455427169800e-01
-1.398930549621582031e-01
-1.487594097852706909e-01
-1.314304023981094360e-01
-1.359506845474243164e-01
-1.382352560758590698e-01
-1.289097815752029419e-01
-1.353010535240173340e-01
-1.320644021034240723e-01
-1.220536530017852783e-01
-1.170038506388664246e-01
-1.310777813196182251e-01
-1.292197704315185547e-01
-1.351092159748077393e-01
-1.343506276607513428e-01
-1.458481550216674805e-01
-1.493667960166931152e-01
-1.526550501585006714e-01
-1.465269774198532104e-01
-1.353871971368789673e-01
-1.236179247498512268e-01
-1.291462033987045288e-01
-1.344260126352310181e-01
-1.391631215810775757e-01
-1.363505423069000244e-01
-1.348980367183685303e-01
-1.382808387279510498e-01
-1.349302083253860474e-01
-1.512649208307266235e-01
-1.464809626340866089e-01
-1.371484696865081787e-01
-1.317408233880996704e-01
-1.448892056941986084e-01
-1.632270067930221558e-01
-1.479470282793045044e-01
-1.432318687438964844e-01
-1.586584001779556274e-01
-1.545978784561157227e-01
-1.455030590295791626e-01
-1.365579962730407715e-01
-1.455015689134597778e-01
-1.510689705610275269e-01
-1.478724181652069092e-01
-1.298632770776748657e-01
-1.404225230216979980e-01
-1.439716219902038574e-01
-1.308119595050811768e-01
-1.203733012080192566e-01
-1.348944306373596191e-01
-1.330624520778656006e-01
-1.402711272239685059e-01
-1.369188725948333740e-01
-1.285596042871475220e-01
-1.278377920389175415e-01
-1.284098029136657715e-01
-1.258085072040557861e-01
-1.447190195322036743e-01
-1.433070600032806396e-01
-1.453099250793457031e-01
-1.336749196052551270e-01
-1.311213076114654541e-01
-1.315211355686187744e-01
-1.507912427186965942e-01
-1.466802507638931274e-01
-1.367167085409164429e-01
-1.373422890901565552e-01
-1.451918035745620728e-01
-1.443234980106353760e-01
-1.529832184314727783e-01
-1.543604880571365356e-01
-1.547942310571670532e-01
-1.544103175401687622e-01
-1.646919548511505127e-01
-1.559851914644241333e-01
-1.594479829072952271e-01
-1.580197513103485107e-01
-1.558598875999450684e-01
-1.492753028869628906e-01
-1.552684307098388672e-01
-1.519081294536590576e-01
-1.706483811140060425e-01
-1.423667073249816895e-01
-1.581755876541137695e-01
-1.670757979154586792e-01
-1.552290320396423340e-01
-1.551364660263061523e-01
-1.464117318391799927e-01
-1.538019627332687378e-01
-1.421307623386383057e-01
-1.494323909282684326e-01
-1.477450728416442871e-01
-1.467827558517456055e-01
-1.336732059717178345e-01
-1.530981361865997314e-01
-1.475329548120498657e-01
-1.570623815059661865e-01
-1.434099525213241577e-01
-1.635848730802536011e-01
-1.482464820146560669e-01
-1.610247045755386353e-01
-1.529150456190109253e-01
-1.538681387901306152e-01
-1.339809596538543701e-01
-1.296855360269546509e-01
-1.418320536613464355e-01
-1.487409174442291260e-01
-1.557487696409225464e-01
-1.585773527622222900e-01
-1.521948277950286865e-01
-1.540666669607162476e-01
-1.688165068626403809e-01
-1.622507572174072266e-01
-1.708396673202514648e-01
-1.590340584516525269e-01
-1.502855271100997925e-01
-1.597440093755722046e-01
-1.561391353607177734e-01
-1.465930342674255371e-01
-1.492651998996734619e-01
-1.437969356775283813e-01
-1.544805169105529785e-01
-1.576175391674041748e-01
-1.508826464414596558e-01
-1.563548594713211060e-01
-1.527230441570281982e-01
-1.566944718360900879e-01
-1.539234369993209839e-01
-1.454719156026840210e-01
-1.709954291582107544e-01
-1.575943529605865479e-01
-1.530946344137191772e-01
-1.473301202058792114e-01
-1.336142271757125854e-01
-1.236857548356056213e-01
-1.338340640068054199e-01
-1.321435123682022095e-01
-1.262945830821990967e-01
-1.197253540158271790e-01
-1.367436498403549194e-01
-1.345534324645996094e-01
-1.318919360637664795e-01
-1.462861150503158569e-01
-1.372924298048019409e-01
-1.383883357048034668e-01
-1.385420560836791992e-01
-1.406499147415161133e-01
-1.433947533369064331e-01
-1.385025829076766968e-01
-1.384475678205490112e-01
-1.434600055217742920e-01
-1.425821334123611450e-01
-1.402733474969863892e-01
-1.471190750598907471e-01
-1.425461024045944214e-01
-1.386085599660873413e-01
-1.347580552101135254e-01
-1.440689563751220703e-01
-1.450270265340805054e-01
-1.322268694639205933e-01
-1.329802125692367554e-01
-1.377698332071304321e-01
-1.449222564697265625e-01
-1.411191374063491821e-01
-1.380235999822616577e-01
-1.409487277269363403e-01
-1.541216671466827393e-01
-1.495710164308547974e-01
-1.509195715188980103e-01
-1.502732783555984497e-01
-1.507444232702255249e-01
-1.671028435230255127e-01
-1.687526404857635498e-01
-1.703472733497619629e-01
-1.414752900600433350e-01
-1.465039253234863281e-01
-1.697469055652618408e-01
-1.539070755243301392e-01
-1.677035242319107056e-01
-1.528144031763076782e-01
-1.823014169931411743e-01
-1.610534191131591797e-01
-1.548750847578048706e-01
-1.626873910427093506e-01
-1.643204838037490845e-01
-1.600796431303024292e-01
-1.593894511461257935e-01
-1.635436117649078369e-01
-1.553837805986404419e-01
-1.516425162553787231e-01
-1.500194370746612549e-01
-1.650962680578231812e-01
-1.638936102390289307e-01
-1.709576100111007690e-01
-1.590011864900588989e-01
-1.570969074964523315e-01
-1.605484783649444580e-01
-1.613487303256988525e-01
-1.736597716808319092e-01
-1.598824411630630493e-01
-1.448650211095809937e-01
-1.522265970706939697e-01
-1.640204936265945435e-01
-1.683072000741958618e-01
-1.566437184810638428e-01
-1.449878215789794922e-01
-1.389117389917373657e-01
-1.473824530839920044e-01
-1.645885556936264038e-01
-1.774829030036926270e-01
-1.604818254709243774e-01
-1.672285497188568115e-01
-1.686167716979980469e-01
-1.678517907857894897e-01
-1.635124236345291138e-01
-1.589940786361694336e-01
-1.699929535388946533e-01
-1.627885252237319946e-01
-1.579748094081878662e-01
-1.896830648183822632e-01
-1.715752929449081421e-01
-1.699684262275695801e-01
-1.563013941049575806e-01
-1.750975251197814941e-01
-1.681153923273086548e-01
-1.543627679347991943e-01
-1.609953045845031738e-01
-1.622737646102905273e-01
-1.570419371128082275e-01
-1.551086306571960449e-01
-1.592046469449996948e-01
-1.623741984367370605e-01
-1.625852286815643311e-01
-1.634718030691146851e-01
-1.713075190782546997e-01
-1.657565832138061523e-01
-1.677604019641876221e-01
-1.765981167554855347e-01
-1.753706932067871094e-01
-1.666782349348068237e-01
-1.648391336202621460e-01
-1.517058461904525757e-01
-1.709254235029220581e-01
-1.735794991254806519e-01
-1.705660372972488403e-01
-1.647167652845382690e-01
-1.672125458717346191e-01
-1.639522612094879150e-01
-1.601957976818084717e-01
-1.626022309064865112e-01
-1.447372734546661377e-01
-1.547513008117675781e-01
-1.618020087480545044e-01
-1.484627723693847656e-01
-1.635436415672302246e-01
-1.666477322578430176e-01
-1.754054278135299683e-01
-1.617463231086730957e-01
-1.527157872915267944e-01
-1.717695891857147217e-01
-1.435084789991378784e-01
-1.586253643035888672e-01
-1.585434377193450928e-01
-1.553710103034973145e-01
-1.466917991638183594e-01
-1.328292489051818848e-01
-1.465452015399932861e-01
-1.660759598016738892e-01
-1.466480493545532227e-01
-1.617840677499771118e-01
-1.456965506076812744e-01
-1.434456110000610352e-01
-1.344646960496902466e-01
-1.375596672296524048e-01
-1.266637295484542847e-01
-1.487463563680648804e-01
-1.401643306016921997e-01
-1.502896100282669067e-01
-1.521322429180145264e-01
-1.476970762014389038e-01
-1.418491601943969727e-01
-1.342015713453292847e-01
-1.345858573913574219e-01
-1.336528509855270386e-01
-1.367871761322021484e-01
-1.308981776237487793e-01
-1.326551288366317749e-01
-1.203153729438781738e-01
-1.343578547239303589e-01
-1.360918730497360229e-01
-1.267847716808319092e-01
-1.334119439125061035e-01
-1.265235692262649536e-01
-1.319223046302795410e-01
-1.226640343666076660e-01
-1.125084161758422852e-01
-1.198512390255928040e-01
-1.291952282190322876e-01
-1.184528395533561707e-01
-1.314831674098968506e-01
-1.320406347513198853e-01
-1.465889662504196167e-01
-1.446262300014495850e-01
-1.298456937074661255e-01
-1.377236396074295044e-01
-1.292230039834976196e-01
-1.346192359924316406e-01
-1.317332684993743896e-01
-1.500714421272277832e-01
-1.385352909564971924e-01
-1.307206749916076660e-01
-1.443552523851394653e-01
-1.443250924348831177e-01
-1.368920356035232544e-01
-1.380932033061981201e-01
-1.355579048395156860e-01
-1.411184221506118774e-01
-1.456063985824584961e-01
-1.283810287714004517e-01
-1.351292580366134644e-01
-1.485818028450012207e-01
-1.343388855457305908e-01
-1.403115540742874146e-01
-1.330926567316055298e-01
-1.523377001285552979e-01
-1.459608078002929688e-01
-1.544306576251983643e-01
-1.378474682569503784e-01
-1.440253704786300659e-01
-1.348675042390823364e-01
-1.306050568819046021e-01
-1.373413950204849243e-01
-1.316649019718170166e-01
-1.382232010364532471e-01
-1.333317458629608154e-01
-1.442706137895584106e-01
-1.441024243831634521e-01
-1.403248608112335205e-01
-1.594212353229522705e-01
-1.487260907888412476e-01
-1.212650686502456665e-01
-1.226741522550582886e-01
-1.232195124030113220e-01
-1.259890645742416382e-01
-1.253714859485626221e-01
-1.192841082811355591e-01
-1.256375908851623535e-01
-1.387561857700347900e-01
-1.226532161235809326e-01
-1.340161114931106567e-01
-1.175169944763183594e-01
-1.201846227049827576e-01
-1.244377940893173218e-01
-1.198163926601409912e-01
-1.237000524997711182e-01
-1.253239065408706665e-01
-1.302036345005035400e-01
-1.192886903882026672e-01
-1.106895506381988525e-01
-1.150607913732528687e-01
-1.286616325378417969e-01
-1.161064580082893372e-01
-1.155899986624717712e-01
-1.124932914972305298e-01
-1.008404269814491272e-01
-1.180199533700942993e-01
-1.198601424694061279e-01
-1.160274073481559753e-01
-1.197045594453811646e-01
-1.256022304296493530e-01
-1.301452219486236572e-01
-1.222931221127510071e-01
-1.084488630294799805e-01
-1.140407845377922058e-01
-1.200259178876876831e-01
-1.056880578398704529e-01
-9.850059449672698975e-02
-1.208521649241447449e-01
-1.307155936956405640e-01
-1.126561760902404785e-01
-1.189270168542861938e-01
-1.285898983478546143e-01
-1.329506337642669678e-01
-1.266116797924041748e-01
-1.232882738113403320e-01
-1.223414391279220581e-01
-1.319230794906616211e-01
-1.017653793096542358e-01
-1.231882944703102112e-01
-1.055396348237991333e-01
-1.146976426243782043e-01
-1.310483366250991821e-01
-1.330161839723587036e-01
-1.427136212587356567e-01
-1.390921324491500854e-01
-1.278259754180908203e-01
-1.486050933599472046e-01
-1.424670666456222534e-01
-1.487155854701995850e-01
-1.501291543245315552e-01
-1.624313741922378540e-01
-1.539760082960128784e-01
-1.583578884601593018e-01
-1.563504338264465332e-01
-1.367664784193038940e-01
-1.356988698244094849e-01
-1.445545107126235962e-01
-1.413893848657608032e-01
-1.360708624124526978e-01
-1.536693274974822998e-01
-1.369649767875671387e-01
-1.282183080911636353e-01
-1.355899274349212646e-01
-1.362577825784683228e-01
-1.304548084735870361e-01
-1.357353478670120239e-01
-1.367729008197784424e-01
-1.357455998659133911e-01
-1.312841922044754028e-01
-1.395467072725296021e-01
-1.620280593633651733e-01
-1.452807039022445679e-01
-1.396494954824447632e-01
-1.350638419389724731e-01
-1.438060104846954346e-01
-1.457120925188064575e-01
-1.458232700824737549e-01
-1.418707519769668579e-01
-1.488275378942489624e-01
-1.320457160472869873e-01
-1.340689659118652344e-01
-1.475822180509567261e-01
-1.393993347883224487e-01
-1.343981176614761353e-01
-1.502973586320877075e-01
-1.458267271518707275e-01
-1.543765962123870850e-01
-1.352182626724243164e-01
-1.533395051956176758e-01
-1.384212821722030640e-01
-1.541959345340728760e-01
-1.539175808429718018e-01
-1.440625339746475220e-01
-1.544371247291564941e-01
-1.404885500669479370e-01
-1.482537388801574707e-01
-1.338883489370346069e-01
-1.539870649576187134e-01
-1.420827060937881470e-01
-1.491267681121826172e-01
-1.547487527132034302e-01
-1.560637205839157104e-01
-1.666776984930038452e-01
-1.675594449043273926e-01
-1.767057031393051147e-01
-1.704727858304977417e-01
-1.535599827766418457e-01
-1.618260741233825684e-01
-1.632178723812103271e-01
-1.548911631107330322e-01
-1.566995233297348022e-01
-1.524897515773773193e-01
-1.587673425674438477e-01
-1.617749631404876709e-01
-1.729082167148590088e-01
-1.635662913322448730e-01
-1.570842862129211426e-01
-1.678852885961532593e-01
-1.733904331922531128e-01
-1.738848239183425903e-01
-1.622724682092666626e-01
-1.783422082662582397e-01
-1.695284098386764526e-01
-1.717820763587951660e-01
-1.762092560529708862e-01
-1.770985722541809082e-01
-1.629851758480072021e-01
-1.614823490381240845e-01
-1.677366495132446289e-01
-1.525947004556655884e-01
-1.654150187969207764e-01
-1.725029051303863525e-01
-1.743243932723999023e-01
-1.698983460664749146e-01
-1.828798055648803711e-01
-1.755792647600173950e-01
-1.730570197105407715e-01
-1.626168936491012573e-01
-1.635731011629104614e-01
-1.601584553718566895e-01
-1.684840619564056396e-01
-1.690297871828079224e-01
-1.798388510942459106e-01
-1.771408766508102417e-01
-1.879584640264511108e-01
-1.834438443183898926e-01
-1.624083220958709717e-01
-1.771660000085830688e-01
-1.796546876430511475e-01
-1.708732247352600098e-01
-1.689248383045196533e-01
-1.525002419948577881e-01
-1.778715997934341431e-01
-1.588210910558700562e-01
-1.625954508781433105e-01
-1.661967784166336060e-01
-1.700772643089294434e-01
-1.670945584774017334e-01
-1.819993555545806885e-01
-1.605287790298461914e-01
-1.453312635421752930e-01
-1.478792876005172729e-01
-1.471082270145416260e-01
-1.558335274457931519e-01
-1.610423475503921509e-01
-1.567277163267135620e-01
-1.667365431785583496e-01
-1.678918153047561646e-01
-1.716861575841903687e-01
-1.607914566993713379e-01
-1.535232663154602051e-01
-1.569193750619888306e-01
-1.750485599040985107e-01
-1.730055660009384155e-01
-1.824577152729034424e-01
-1.688990443944931030e-01
-1.574029922485351562e-01
-1.613799184560775757e-01
-1.485503017902374268e-01
-1.531876921653747559e-01
-1.547845005989074707e-01
-1.845723539590835571e-01
-1.624639779329299927e-01
-1.621125340461730957e-01
-1.629131287336349487e-01
-1.685019880533218384e-01
-1.597091108560562134e-01
-1.500402539968490601e-01
-1.564434468746185303e-01
-1.589006185531616211e-01
-1.524851620197296143e-01
-1.520491093397140503e-01
-1.606294661760330200e-01
-1.502225846052169800e-01
-1.649616956710815430e-01
-1.625901907682418823e-01
-1.679330766201019287e-01
-1.539789587259292603e-01
-1.449955999851226807e-01
-1.556606888771057129e-01
-1.674669981002807617e-01
-1.668179035186767578e-01
-1.500263214111328125e-01
-1.563822627067565918e-01
-1.511276662349700928e-01
-1.503131091594696045e-01
-1.461885124444961548e-01
-1.672993302345275879e-01
-1.417049914598464966e-01
-1.463393121957778931e-01
-1.468098163604736328e-01
-1.615722626447677612e-01
-1.425985693931579590e-01
-1.469164192676544189e-01
-1.413529068231582642e-01
-1.389665007591247559e-01
-1.498054713010787964e-01
-1.505903601646423340e-01
-1.512594074010848999e-01
-1.352813541889190674e-01
-1.569326221942901611e-01
-1.403819620609283447e-01
-1.387545466423034668e-01
-1.387845873832702637e-01
-1.517850607633590698e-01
-1.430349647998809814e-01
-1.413961797952651978e-01
-1.411365270614624023e-01
-1.498148739337921143e-01
-1.530271619558334351e-01
-1.550619602203369141e-01
-1.378535777330398560e-01
-1.423593610525131226e-01
-1.231641918420791626e-01
-1.373656243085861206e-01
-1.286334693431854248e-01
-1.307686120271682739e-01
-1.366442143917083740e-01
-1.604952514171600342e-01
-1.389685273170471191e-01
-1.383378654718399048e-01
-1.524573713541030884e-01
-1.396183818578720093e-01
-1.324288845062255859e-01
-1.376703828573226929e-01
-1.470503360033035278e-01
-1.474326550960540771e-01
-1.406533122062683105e-01
-1.416973620653152466e-01
-1.476541310548782349e-01
-1.521548181772232056e-01
-1.452945172786712646e-01
-1.594860404729843140e-01
-1.485987305641174316e-01
-1.556286215782165527e-01
-1.485640406608581543e-01
-1.467816680669784546e-01
-1.675688922405242920e-01
-1.500174850225448608e-01
-1.490378528833389282e-01
-1.714826822280883789e-01
-1.467257291078567505e-01
-1.529532819986343384e-01
-1.436174064874649048e-01
-1.418399363756179810e-01
-1.479543745517730713e-01
-1.398936212062835693e-01
-1.604257225990295410e-01
-1.354236006736755371e-01
-1.494997292757034302e-01
-1.359086930751800537e-01
-1.336752027273178101e-01
-1.278285682201385498e-01
-1.200646087527275085e-01
-1.232686266303062439e-01
-1.363464444875717163e-01
-1.350871920585632324e-01
-1.157738938927650452e-01
-1.220286935567855835e-01
-1.158928871154785156e-01
-1.211936324834823608e-01
-1.165018379688262939e-01
-1.142336726188659668e-01
-1.413267403841018677e-01
-1.314385980367660522e-01
-1.247613355517387390e-01
-1.307189762592315674e-01
-1.269347965717315674e-01
-1.145980060100555420e-01
-1.281139701604843140e-01
-1.353996992111206055e-01
-1.164132803678512573e-01
-1.229018270969390869e-01
-1.311345547437667847e-01
-1.279385983943939209e-01
-1.293258666992187500e-01
-1.307221800088882446e-01
-1.318964809179306030e-01
-1.333501487970352173e-01
-1.349806934595108032e-01
-1.311268359422683716e-01
-1.273960322141647339e-01
-1.392740160226821899e-01
-1.333131939172744751e-01
-1.375233829021453857e-01
-1.392866969108581543e-01
-1.556530147790908813e-01
-1.381596177816390991e-01
-1.403271853923797607e-01
-1.399444788694381714e-01
-1.439748555421829224e-01
-1.409685611724853516e-01
-1.315327733755111694e-01
-1.296487897634506226e-01
-1.335845440626144409e-01
-1.079120934009552002e-01
-1.178272217512130737e-01
-1.301321983337402344e-01
-1.134680137038230896e-01
-1.254448294639587402e-01
-1.224582493305206299e-01
-1.438747346401214600e-01
-1.241179034113883972e-01
-1.048580110073089600e-01
-1.012415066361427307e-01
-1.129535287618637085e-01
-9.732070565223693848e-02
-1.088132262229919434e-01
-1.197529807686805725e-01
-1.077895909547805786e-01
-1.238493546843528748e-01
-1.191050484776496887e-01
-1.048801839351654053e-01
-9.736388921737670898e-02
-1.009059175848960876e-01
-1.131975725293159485e-01
-9.940180182456970215e-02
-1.070141941308975220e-01
-1.074503511190414429e-01
-1.137200146913528442e-01
-9.682623296976089478e-02
-1.079806610941886902e-01
-8.953305333852767944e-02
-9.996601939201354980e-02
-1.065982356667518616e-01
-1.069906130433082581e-01
-1.065182909369468689e-01
-1.101950630545616150e-01
-1.228710487484931946e-01
-1.225651502609252930e-01
-1.051983907818794250e-01
-1.192151159048080444e-01
-1.219098120927810669e-01
-1.022725924849510193e-01
-1.119213923811912537e-01
-1.103445291519165039e-01
-1.265583187341690063e-01
-1.094135716557502747e-01
-1.128282025456428528e-01
-1.117423847317695618e-01
-1.139880567789077759e-01
-1.148007661104202271e-01
-1.170090064406394958e-01
-1.055899411439895630e-01
-1.135038807988166809e-01
-1.232359185814857483e-01
-1.006978154182434082e-01
-1.176269575953483582e-01
-1.168669238686561584e-01
-1.115288138389587402e-01
-1.248858124017715454e-01
-1.130741685628890991e-01
-1.126811876893043518e-01
-1.217490732669830322e-01
-1.217574700713157654e-01
-1.176954656839370728e-01
-1.318321377038955688e-01
-1.103583648800849915e-01
-1.299620866775512695e-01
-1.260870844125747681e-01
-1.113980039954185486e-01
-1.131022498011589050e-01
-1.194224953651428223e-01
-1.249018386006355286e-01
-1.215015500783920288e-01
-1.265488415956497192e-01
-1.258753687143325806e-01
-1.165050864219665527e-01
-1.241428926587104797e-01
-1.229551807045936584e-01
-1.413806974887847900e-01
-1.419981867074966431e-01
-1.182953193783760071e-01
-1.190480962395668030e-01
-1.134627386927604675e-01
-1.116734147071838379e-01
-1.147500500082969666e-01
-1.069926247000694275e-01
-1.149750649929046631e-01
-1.186817958950996399e-01
-1.039429605007171631e-01
-1.092671304941177368e-01
-1.064507663249969482e-01
-1.039423793554306030e-01
-9.512613713741302490e-02
-1.080120950937271118e-01
-9.466818720102310181e-02
-1.054682731628417969e-01
-1.047236844897270203e-01
-1.209317594766616821e-01
-1.254619956016540527e-01
-1.183681190013885498e-01
-1.147577837109565735e-01
-1.038897857069969177e-01
-1.019033268094062805e-01
-1.182707697153091431e-01
-1.007710695266723633e-01
-1.271729022264480591e-01
-1.001608893275260925e-01
-1.035882011055946350e-01
-1.216988787055015564e-01
-1.198558211326599121e-01
-1.315830200910568237e-01
-1.262702047824859619e-01
-1.231194362044334412e-01
-1.297240704298019409e-01
-1.209013685584068298e-01
-1.252180486917495728e-01
-1.231973767280578613e-01
-1.376840621232986450e-01
-1.095135286450386047e-01
-1.295084506273269653e-01
-1.156080663204193115e-01
-1.125280857086181641e-01
-1.218873411417007446e-01
-1.140165030956268311e-01
-1.235585957765579224e-01
-1.091625764966011047e-01
-1.218015849590301514e-01
-1.169129312038421631e-01
-1.065998449921607971e-01
-1.266251951456069946e-01
-1.315234452486038208e-01
-1.155068501830101013e-01
-1.340056061744689941e-01
-1.204495429992675781e-01
-1.340614706277847290e-01
-1.287476420402526855e-01
-1.249079853296279907e-01
-1.289612650871276855e-01
-1.243360787630081177e-01
-1.209238544106483459e-01
-1.120408102869987488e-01
-1.329740881919860840e-01
-1.128915101289749146e-01
-1.328494846820831299e-01
-1.101036816835403442e-01
-1.207983791828155518e-01
-1.263131350278854370e-01
-1.254509240388870239e-01
-1.276233643293380737e-01
-1.272450685501098633e-01
-1.264917105436325073e-01
-1.202953383326530457e-01
-1.116786822676658630e-01
-1.074247658252716064e-01
-1.219539120793342590e-01
-1.132490411400794983e-01
-1.229932680726051331e-01
-1.472338885068893433e-01
-1.142465174198150635e-01
-1.103798151016235352e-01
-1.151340082287788391e-01
-1.301173120737075806e-01
-1.189191490411758423e-01
-1.264335811138153076e-01
-1.349533945322036743e-01
-1.213891729712486267e-01
-1.225019097328186035e-01
-1.191193908452987671e-01
-1.173039376735687256e-01
-1.163016185164451599e-01
-1.209529191255569458e-01
-1.334409713745117188e-01
-1.313659697771072388e-01
-1.231702566146850586e-01
-1.255622804164886475e-01
-1.193001940846443176e-01
-1.106100603938102722e-01
-1.121743917465209961e-01
-1.068804860115051270e-01
-9.362836182117462158e-02
-1.144669502973556519e-01
-1.234314292669296265e-01
-1.162868887186050415e-01
-9.878873080015182495e-02
-1.139288693666458130e-01
-1.008390858769416809e-01
-1.049934625625610352e-01
-9.791396558284759521e-02
-8.905874192714691162e-02
-9.978061914443969727e-02
-1.075431779026985168e-01
-9.954699873924255371e-02
-1.107624173164367676e-01
-1.132248938083648682e-01
-1.020498499274253845e-01
-1.030661463737487793e-01
-9.951978921890258789e-02
-1.024879217147827148e-01
-1.110348105430603027e-01
-8.867407590150833130e-02
-1.156186461448669434e-01
-1.042885631322860718e-01
-1.094367727637290955e-01
-1.094781607389450073e-01
-9.294541180133819580e-02
-7.917766273021697998e-02
-1.130878627300262451e-01
-9.634295850992202759e-02
-9.993564337491989136e-02
-9.761123359203338623e-02
-1.086714118719100952e-01
-1.010817214846611023e-01
-1.019228696823120117e-01
-1.040699854493141174e-01
-1.020153462886810303e-01
-1.132984459400177002e-01
-9.969717264175415039e-02
-1.070343852043151855e-01
-1.037342250347137451e-01
-9.015073627233505249e-02
-1.067177653312683105e-01
-1.050952523946762085e-01
-1.034719049930572510e-01
-1.088924184441566467e-01
-1.134347319602966309e-01
-1.017417609691619873e-01
-1.043153107166290283e-01
-1.068260222673416138e-01
-1.153072789311408997e-01
-9.942471235990524292e-02
-1.155779585242271423e-01
-1.122377961874008179e-01
-1.089448332786560059e-01
-1.101276800036430359e-01
-1.105492934584617615e-01
-1.221858263015747070e-01
-1.164372563362121582e-01
-1.351111233234405518e-01
-1.238488331437110901e-01
-1.154339537024497986e-01
-1.094624996185302734e-01
-1.022721454501152039e-01
-1.162972450256347656e-01
-1.143172979354858398e-01
-1.121223047375679016e-01
-1.190142557024955750e-01
-1.228980496525764465e-01
-1.263829767704010010e-01
-1.156426668167114258e-01
-1.053534522652626038e-01
-1.057919412851333618e-01
-1.189876720309257507e-01
-1.112011596560478210e-01
-1.037844642996788025e-01
-9.338507056236267090e-02
-9.067733585834503174e-02
-9.286039322614669800e-02
-1.087398231029510498e-01
-9.330540895462036133e-02
-1.074458956718444824e-01
-7.908922433853149414e-02
-1.094969511032104492e-01
-8.569987863302230835e-02
-9.538539499044418335e-02
-1.015003323554992676e-01
-7.992935925722122192e-02
-8.543840050697326660e-02
-1.096696257591247559e-01
-9.281729161739349365e-02
-1.105162650346755981e-01
-1.216093450784683228e-01
-1.074060201644897461e-01
-1.077989563345909119e-01
-1.173242405056953430e-01
-1.164612844586372375e-01
-1.204901412129402161e-01
-1.224410682916641235e-01
-1.173400357365608215e-01
-1.160979494452476501e-01
-1.178798452019691467e-01
-1.065281629562377930e-01
-1.224445551633834839e-01
-1.164480671286582947e-01
-1.400198042392730713e-01
-1.152972206473350525e-01
-1.175336912274360657e-01
-1.271933019161224365e-01
-1.054410487413406372e-01
-1.202636361122131348e-01
-1.165759786963462830e-01
-1.089758053421974182e-01
-9.209413826465606689e-02
-1.040562465786933899e-01
-9.500641375780105591e-02
-9.904801845550537109e-02
-9.999296814203262329e-02
-9.019613265991210938e-02
-1.045510619878768921e-01
-9.996112436056137085e-02
-9.818776696920394897e-02
-1.094492897391319275e-01
-1.179387792944908142e-01
-9.766452014446258545e-02
-1.127894669771194458e-01
-1.110245883464813232e-01
-1.009064018726348877e-01
-1.163588762283325195e-01
-1.372045576572418213e-01
-1.435463577508926392e-01
-1.017547696828842163e-01
-1.115859746932983398e-01
-1.136022955179214478e-01
-1.298141032457351685e-01
-1.106671988964080811e-01
-1.247427836060523987e-01
-1.172382533550262451e-01
-1.274785846471786499e-01
-1.180065721273422241e-01
-1.260794103145599365e-01
-1.131296083331108093e-01
-9.738115221261978149e-02
-9.122943878173828125e-02
-1.134309768676757812e-01
-1.088708937168121338e-01
-9.760028123855590820e-02
-9.604567289352416992e-02
-9.804423898458480835e-02
-1.070971190929412842e-01
-1.131145060062408447e-01
-1.142003610730171204e-01
-1.112572550773620605e-01
-1.038621142506599426e-01
-1.346015036106109619e-01
-1.209744065999984741e-01
-1.136414259672164917e-01
-1.187933683395385742e-01
-1.181325390934944153e-01
-1.270191818475723267e-01
-1.042976006865501404e-01
-1.215248107910156250e-01
-1.188829094171524048e-01
-1.320561468601226807e-01
-1.257786154747009277e-01
-1.413193345069885254e-01
-1.251019686460494995e-01
-1.304627358913421631e-01
-1.094367206096649170e-01
-1.275236457586288452e-01
-1.210462823510169983e-01
-1.135481223464012146e-01
-1.131143271923065186e-01
-1.098219603300094604e-01
-1.234135553240776062e-01
-1.029531806707382202e-01
-1.269104927778244019e-01
-1.258190274238586426e-01
-1.284687370061874390e-01
-1.222190558910369873e-01
-1.159171685576438904e-01
-1.257099360227584839e-01
-1.331474483013153076e-01
-1.453687101602554321e-01
-1.288273930549621582e-01
-1.328035593032836914e-01
-1.314170807600021362e-01
-1.085934489965438843e-01
-1.216652393341064453e-01
-1.152697429060935974e-01
-1.399551928043365479e-01
-1.349017322063446045e-01
-1.417089104652404785e-01
-1.312125623226165771e-01
-1.274671554565429688e-01
-1.409920454025268555e-01
-1.370511054992675781e-01
-1.578636616468429565e-01
-1.333344727754592896e-01
-1.376938372850418091e-01
-1.258139163255691528e-01
-1.434869170188903809e-01
-1.148235648870468140e-01
-1.083754599094390869e-01
-1.094327494502067566e-01
-1.306835412979125977e-01
-1.215711459517478943e-01
-1.151231154799461365e-01
-1.187270507216453552e-01
-1.287433356046676636e-01
-1.207916811108589172e-01
-1.277941465377807617e-01
-1.192908063530921936e-01
-1.123445034027099609e-01
-1.364415884017944336e-01
-1.219374164938926697e-01
-1.014590114355087280e-01
-1.122754663228988647e-01
-1.194831058382987976e-01
-1.288013905286788940e-01
-1.265693008899688721e-01
-1.236902326345443726e-01
-1.389162391424179077e-01
-1.417477726936340332e-01
-1.262547224760055542e-01
-1.155867725610733032e-01
-1.280380189418792725e-01
-1.329775750637054443e-01
-1.253426671028137207e-01
-1.330625265836715698e-01
-1.303646713495254517e-01
-1.437429338693618774e-01
-1.370306760072708130e-01
-1.358637213706970215e-01
-1.319677531719207764e-01
-1.349951922893524170e-01
-1.202514022588729858e-01
-1.291040927171707153e-01
-1.263047605752944946e-01
-1.351228654384613037e-01
-1.294359713792800903e-01
-1.424276530742645264e-01
-1.158347651362419128e-01
-1.356898695230484009e-01
-1.246383488178253174e-01
-1.454206258058547974e-01
-1.280906200408935547e-01
-1.216986775398254395e-01
-1.386447548866271973e-01
-1.656336486339569092e-01
-1.468828767538070679e-01
-1.422952115535736084e-01
-1.457110494375228882e-01
-1.330155581235885620e-01
-1.413859724998474121e-01
-1.274910271167755127e-01
-1.380001008510589600e-01
-1.208113804459571838e-01
-1.394279301166534424e-01
-1.313845664262771606e-01
-1.352620571851730347e-01
-1.350535154342651367e-01
-1.382470428943634033e-01
-1.312770843505859375e-01
-1.274734586477279663e-01
-1.378146559000015259e-01
-1.379870921373367310e-01
-1.406629979610443115e-01
-1.365034729242324829e-01
-1.340752243995666504e-01
-1.337696164846420288e-01
-1.282951533794403076e-01
-1.328848004341125488e-01
-1.255858987569808960e-01
-1.273455023765563965e-01
-1.203598156571388245e-01
-1.177147924900054932e-01
-1.052885577082633972e-01
-1.265852451324462891e-01
-1.161390095949172974e-01
-1.133538559079170227e-01
-1.130603924393653870e-01
-1.134794652462005615e-01
-1.100696623325347900e-01
-1.302428841590881348e-01
-1.127954050898551941e-01
-1.298490911722183228e-01
-1.186080724000930786e-01
-1.222281903028488159e-01
-1.222964078187942505e-01
-1.369109749794006348e-01
-1.177617013454437256e-01
-1.413353532552719116e-01
-1.412195563316345215e-01
-1.365929245948791504e-01
-1.427814215421676636e-01
-1.226617991924285889e-01
-1.467654556035995483e-01
-1.411247253417968750e-01
-1.419986188411712646e-01
-1.309067904949188232e-01
-1.318286359310150146e-01
-1.149329170584678650e-01
-1.339379251003265381e-01
-1.195194721221923828e-01
-1.307982951402664185e-01
-1.458834558725357056e-01
-1.284028142690658569e-01
-1.418007165193557739e-01
-1.368589997291564941e-01
-1.411124169826507568e-01
-1.443415880203247070e-01
-1.445152759552001953e-01
-1.432942897081375122e-01
-1.324785947799682617e-01
-1.330011487007141113e-01
-1.229801848530769348e-01
-1.273725926876068115e-01
-1.349790394306182861e-01
-1.308038830757141113e-01
-1.084118559956550598e-01
-1.220827251672744751e-01
-1.167452782392501831e-01
-1.339003741741180420e-01
-1.452354490756988525e-01
-1.412052959203720093e-01
-1.274609118700027466e-01
-1.415678560733795166e-01
-1.374218165874481201e-01
-1.329476833343505859e-01
-1.175041720271110535e-01
-1.342293620109558105e-01
-1.256025880575180054e-01
-1.259040981531143188e-01
-1.369112879037857056e-01
-1.391383111476898193e-01
-1.171145588159561157e-01
-1.226993054151535034e-01
-1.275276243686676025e-01
-1.221250146627426147e-01
-1.307107806205749512e-01
-1.374146640300750732e-01
-1.240357756614685059e-01
-1.326265186071395874e-01
-1.356268078088760376e-01
-1.337030827999114990e-01
-1.364370435476303101e-01
-1.368092596530914307e-01
-1.410599499940872192e-01
-1.228022873401641846e-01
-1.258309483528137207e-01
-1.306984871625900269e-01
-1.284652352333068848e-01
-1.347993016242980957e-01
-1.259200423955917358e-01
-1.404869705438613892e-01
-1.156653091311454773e-01
-1.157205179333686829e-01
-1.316069215536117554e-01
-1.280105412006378174e-01
-1.331284344196319580e-01
-1.360880136489868164e-01
-1.104585826396942139e-01
-1.135393828153610229e-01
-1.154761165380477905e-01
-1.233715862035751343e-01
-1.044770777225494385e-01
-1.265079081058502197e-01
-1.135305613279342651e-01
-1.060555800795555115e-01
-1.066912859678268433e-01
-1.233197301626205444e-01
-1.165223717689514160e-01
-1.132452040910720825e-01
-1.151975318789482117e-01
-1.273464411497116089e-01
-1.159590706229209900e-01
-1.249869093298912048e-01
-1.290154904127120972e-01
-1.305453181266784668e-01
-1.153007224202156067e-01
-1.190539598464965820e-01
-1.165828928351402283e-01
-1.203795820474624634e-01
-1.219529509544372559e-01
-1.160879731178283691e-01
-1.116744726896286011e-01
-1.352473199367523193e-01
-1.228714436292648315e-01
-1.085647642612457275e-01
-1.136473491787910461e-01
-1.288291811943054199e-01
-1.226867288351058960e-01
-1.114984825253486633e-01
-1.345844119787216187e-01
-1.318091452121734619e-01
-1.350041329860687256e-01
-1.294537037611007690e-01
-1.358318775892257690e-01
-1.319706141948699951e-01
-1.135885119438171387e-01
-1.152431368827819824e-01
-1.347311586141586304e-01
-1.512529700994491577e-01
-1.369987428188323975e-01
-1.343330740928649902e-01
-1.461275070905685425e-01
-1.376906186342239380e-01
-1.374519914388656616e-01
-1.349190473556518555e-01
-1.276490092277526855e-01
-1.381839066743850708e-01
-1.411816924810409546e-01
-1.386634856462478638e-01
-1.435138732194900513e-01
-1.222512423992156982e-01
-1.212432458996772766e-01
-1.403619498014450073e-01
-1.332265883684158325e-01
-1.263524740934371948e-01
-1.108583435416221619e-01
-1.280858069658279419e-01
-1.180309429764747620e-01
-1.148810684680938721e-01
-1.309803277254104614e-01
-1.264723390340805054e-01
-1.379040181636810303e-01
-1.238728091120719910e-01
-1.289006173610687256e-01
-1.334108561277389526e-01
-1.354873776435852051e-01
-1.271135509014129639e-01
-1.524026840925216675e-01
-1.253997832536697388e-01
-1.345406472682952881e-01
-1.403883695602416992e-01
-1.437424719333648682e-01
-1.363146603107452393e-01
-1.321102678775787354e-01
-1.402244567871093750e-01
-1.437704265117645264e-01
-1.406448334455490112e-01
-1.352770775556564331e-01
-1.489627659320831299e-01
-1.587312519550323486e-01
-1.547907888889312744e-01
-1.424038708209991455e-01
-1.416397988796234131e-01
-1.531732380390167236e-01
-1.478574872016906738e-01
-1.465823650360107422e-01
-1.566448360681533813e-01
-1.653170138597488403e-01
-1.661903560161590576e-01
-1.681430786848068237e-01
-1.748296916484832764e-01
-1.588207036256790161e-01
-1.639128178358078003e-01
-1.605076044797897339e-01
-1.488171666860580444e-01
-1.495443284511566162e-01
-1.463426053524017334e-01
-1.520996540784835815e-01
-1.300783455371856689e-01
-1.442305594682693481e-01
-1.249437704682350159e-01
-1.447886526584625244e-01
-1.348190009593963623e-01
-1.368472129106521606e-01
-1.429902315139770508e-01
-1.398696899414062500e-01
-1.348045915365219116e-01
-1.249020099639892578e-01
-1.378247737884521484e-01
-1.225235983729362488e-01
-1.395347565412521362e-01
-1.487684100866317749e-01
-1.286155134439468384e-01
-1.298686116933822632e-01
-1.277741640806198120e-01
-1.269356161355972290e-01
-1.242249906063079834e-01
-1.130247339606285095e-01
-1.331131160259246826e-01
-1.393223851919174194e-01
-1.176599189639091492e-01
-1.303174644708633423e-01
-1.238421872258186340e-01
-1.276801228523254395e-01
-1.289941668510437012e-01
-1.394872367382049561e-01
-1.501789242029190063e-01
-1.221429258584976196e-01
-1.251093894243240356e-01
-1.202579140663146973e-01
-1.308512687683105469e-01
-1.369019895792007446e-01
-1.373951584100723267e-01
-1.332305520772933960e-01
-1.322169899940490723e-01
-1.562212407588958740e-01
-1.386170685291290283e-01
-1.322917193174362183e-01
-1.276190131902694702e-01
-1.200071126222610474e-01
-1.071519702672958374e-01
-1.197354048490524292e-01
-1.213827878236770630e-01
-1.212079450488090515e-01
-1.142031997442245483e-01
-1.301889568567276001e-01
-1.256575435400009155e-01
-1.457892358303070068e-01
-1.406273692846298218e-01
-1.205071806907653809e-01
-1.211551725864410400e-01
-1.145250126719474792e-01
-1.213165298104286194e-01
-1.189392879605293274e-01
-1.278482377529144287e-01
-1.161103844642639160e-01
-1.244831979274749756e-01
-1.192470863461494446e-01
-1.244326978921890259e-01
-1.141241639852523804e-01
-1.202497705817222595e-01
-1.227846071124076843e-01
-1.343879997730255127e-01
-1.398795843124389648e-01
-1.190761625766754150e-01
-1.241703033447265625e-01
-1.420629620552062988e-01
-1.298068165779113770e-01
-1.344534307718276978e-01
-1.325137466192245483e-01
-1.325226277112960815e-01
-1.040014177560806274e-01
-1.222204118967056274e-01
-1.016443967819213867e-01
-1.080604493618011475e-01
-1.262658089399337769e-01
-1.084663867950439453e-01
-1.289549469947814941e-01
-1.196265518665313721e-01
-1.199507862329483032e-01
-1.097639054059982300e-01
-1.104773804545402527e-01
-1.198538392782211304e-01
-1.259577423334121704e-01
-1.350716799497604370e-01
-1.265890300273895264e-01
-1.313887685537338257e-01
-1.289559006690979004e-01
-1.284683048725128174e-01
-1.383914202451705933e-01
-1.242849826812744141e-01
-1.295621097087860107e-01
-1.269057244062423706e-01
-1.421603113412857056e-01
-1.167104244232177734e-01
-1.319296061992645264e-01
-1.440774649381637573e-01
-1.450017541646957397e-01
-1.275732666254043579e-01
-1.281891912221908569e-01
-1.508658677339553833e-01
-1.400960385799407959e-01
-1.263409405946731567e-01
-1.198581680655479431e-01
-1.394058614969253540e-01
-1.406709253787994385e-01
-1.403806209564208984e-01
-1.156139448285102844e-01
-1.229279115796089172e-01
-1.302106678485870361e-01
-1.449603736400604248e-01
-1.406785994768142700e-01
-1.504686921834945679e-01
-1.449330300092697144e-01
-1.400953531265258789e-01
-1.460578143596649170e-01
-1.398192644119262695e-01
-1.389195770025253296e-01
-1.478865593671798706e-01
-1.366755664348602295e-01
-1.314234435558319092e-01
-1.340730041265487671e-01
-1.254661530256271362e-01
-1.338525265455245972e-01
-1.368986964225769043e-01
-1.442683190107345581e-01
-1.227776035666465759e-01
-1.257557123899459839e-01
-1.185466125607490540e-01
-1.297689229249954224e-01
-1.261614561080932617e-01
-1.144925132393836975e-01
-1.191306784749031067e-01
-1.377956271171569824e-01
-1.288774013519287109e-01
-1.189499869942665100e-01
-1.227521821856498718e-01
-1.199745386838912964e-01
-1.167142391204833984e-01
-1.266225576400756836e-01
-1.164914220571517944e-01
-1.098577082157135010e-01
-1.085827350616455078e-01
-1.231350526213645935e-01
-1.256680637598037720e-01
-1.181632652878761292e-01
-1.190372407436370850e-01
-1.185161545872688293e-01
-1.144535169005393982e-01
-1.219218894839286804e-01
-1.261148601770401001e-01
-1.294333934783935547e-01
-1.362087875604629517e-01
-1.282300055027008057e-01
-1.303451657295227051e-01
-1.394813954830169678e-01
-1.305477917194366455e-01
-1.454293578863143921e-01
-1.310523450374603271e-01
-1.409861445426940918e-01
-1.440734863281250000e-01
-1.275073140859603882e-01
-1.280924826860427856e-01
-1.156199276447296143e-01
-1.171072646975517273e-01
-1.147321760654449463e-01
-1.225970312952995300e-01
-1.159601509571075439e-01
-1.353560835123062134e-01
-1.268040686845779419e-01
-1.411510258913040161e-01
-1.421279609203338623e-01
-1.369307935237884521e-01
-1.293881088495254517e-01
-1.520934700965881348e-01
-1.542875021696090698e-01
-1.472576856613159180e-01
-1.491609960794448853e-01
-1.525847315788269043e-01
-1.523790359497070312e-01
-1.340957134962081909e-01
-1.353080272674560547e-01
-1.289483755826950073e-01
-1.392261236906051636e-01
-1.306099742650985718e-01
-1.155578941106796265e-01
-1.317806988954544067e-01
-1.312029063701629639e-01
-1.429170519113540649e-01
-1.430015265941619873e-01
-1.484219431877136230e-01
-1.601393222808837891e-01
-1.538532227277755737e-01
-1.484709978103637695e-01
-1.346498280763626099e-01
-1.350155025720596313e-01
-1.336732208728790283e-01
-1.340067386627197266e-01
-1.242854520678520203e-01
-1.356310546398162842e-01
-1.238624379038810730e-01
-1.268049627542495728e-01
-1.335763335227966309e-01
-1.253583133220672607e-01
-1.359157413244247437e-01
-1.363880485296249390e-01
-1.386606544256210327e-01
-1.313764005899429321e-01
-1.321027725934982300e-01
-1.266372501850128174e-01
-1.196083873510360718e-01
-1.133010983467102051e-01
-1.333008259534835815e-01
-1.279863119125366211e-01
-1.324218362569808960e-01
-1.419871002435684204e-01
-1.492414474487304688e-01
-1.474947035312652588e-01
-1.246002763509750366e-01
-1.534032374620437622e-01
-1.529485732316970825e-01
-1.464576274156570435e-01
-1.425962001085281372e-01
-1.538158804178237915e-01
-1.558903157711029053e-01
-1.498619616031646729e-01
-1.478298008441925049e-01
-1.711905151605606079e-01
-1.648360192775726318e-01
-1.489861160516738892e-01
-1.558040678501129150e-01
-1.565129160881042480e-01
-1.348819881677627563e-01
-1.538681834936141968e-01
-1.387962400913238525e-01
