2.253020897889748575e+00
2.183153890952085785e+00
2.149425456157097347e+00
2.128938158964499561e+00
2.115349622261829765e+00
2.101864123038756471e+00
2.091570274035135846e+00
2.081801025684063333e+00
2.072594690628540626e+00
2.064830243893158723e+00
2.056939006157410432e+00
2.052657772333194242e+00
2.045916666128696715e+00
2.040774918213868805e+00
2.036780291031568435e+00
2.033560838760473999e+00
2.030585890244215097e+00
2.026613978544871131e+00
2.022299871689233974e+00
2.020044095088274094e+00
2.019086188536423965e+00
2.015006526311238666e+00
2.013396035707913700e+00
2.013250913069798198e+00
2.010369534981556239e+00
2.008501358826955130e+00
2.008251089621813090e+00
2.006111739537654870e+00
2.004342357928936114e+00
2.003836168081332580e+00
2.002977158473087993e+00
2.002137005329132080e+00
2.002413474902128510e+00
1.998132086717165468e+00
1.997828640081943607e+00
1.996472418308258057e+00
1.996334460759774165e+00
1.995133979198260077e+00
1.994701339036990539e+00
1.992412105584755899e+00
1.992314486625867076e+00
1.991039041983775570e+00
1.990876295016362096e+00
1.989378433044140193e+00
1.989350453706888011e+00
1.987668293867355773e+00
1.987376123819595719e+00
1.985079060151026864e+00
1.985152093263772732e+00
1.983299357157487064e+00
1.984442701095189721e+00
1.982126663281367440e+00
1.981115493407616279e+00
1.979065498938927359e+00
1.980445050887572389e+00
1.976543454634837715e+00
1.977784141516074179e+00
1.979223806735796787e+00
1.976515687428987977e+00
1.974613617628048656e+00
1.975403175904200559e+00
1.972300310929616218e+00
1.972500917850396496e+00
1.970416122827774341e+00
1.969764598210652640e+00
1.970927573473025607e+00
1.968014798714564417e+00
1.968059117671770997e+00
1.965316271170591600e+00
1.966981302469204662e+00
1.966854390119894935e+00
1.965341555155240671e+00
1.964020837575961353e+00
1.965225962492135769e+00
1.962697064876556485e+00
1.962638344825842429e+00
1.962225675888550569e+00
1.958716678313719983e+00
1.959072430011553623e+00
1.955955604406503623e+00
1.955681139994890350e+00
1.955101219813028868e+00
1.955197768027965743e+00
1.953743198284735971e+00
1.952362165695581631e+00
1.949240841926672463e+00
1.949967715067741247e+00
1.947154095234014948e+00
1.950038292163457587e+00
1.948688414157965232e+00
1.949405203110132545e+00
1.946307104673141053e+00
1.947701981740120214e+00
1.946531997277186399e+00
1.944004000761569984e+00
1.945009546707838100e+00
1.943984777499467853e+00
1.939394618303347917e+00
1.939952563322507428e+00
1.939520694964971259e+00
1.937780792896564241e+00
1.936899216664142998e+00
1.936723034809797239e+00
1.936467922956515597e+00
1.938063272451743035e+00
1.937287682142013079e+00
1.931607963182987220e+00
1.936297099101237817e+00
1.929501334826151604e+00
1.930387170192522817e+00
1.929522816951458219e+00
1.931456503806969982e+00
1.927775824069976718e+00
1.925542536454323050e+00
1.923158447253398462e+00
1.923911002049079277e+00
1.923693584478818552e+00
1.921288191966521453e+00
1.919661828799125391e+00
1.922740533718696021e+00
1.919965425821451133e+00
1.917980378713363354e+00
1.916157430563217634e+00
1.917884067694346051e+00
1.915975029651935335e+00
1.915646183490753218e+00
1.915822275785299400e+00
1.911603743907732911e+00
1.910774606924790620e+00
1.909035299374507000e+00
1.910153002005356981e+00
1.910752796515440277e+00
1.908525138023572154e+00
1.908398632819835905e+00
1.904307791514274317e+00
1.905635224244533354e+00
1.904971948953775307e+00
1.903577651427342365e+00
1.900801252401792096e+00
1.902456398804982518e+00
1.901382604929117148e+00
1.902304572325486332e+00
1.898136894213847681e+00
1.898904846876095398e+00
1.898130865891774599e+00
1.896061757588997976e+00
1.898688840560424085e+00
1.894847313257364219e+00
1.897649632967435496e+00
1.893990259598463011e+00
1.892383404572804739e+00
1.889451999847705510e+00
1.892923871370462363e+00
1.890885135760674185e+00
1.892604582737653640e+00
1.893854424280998039e+00
1.887123636710338115e+00
1.885439932346343994e+00
1.882727687175457243e+00
1.884264379892593766e+00
1.884997469339615206e+00
1.883912164125687072e+00
1.885659637206640094e+00
1.881011907565288022e+00
1.885234604737697550e+00
1.877666594431950386e+00
1.879953378591781910e+00
1.874898680968162257e+00
1.882168442163711930e+00
1.877574098721528584e+00
1.876674330540192503e+00
1.874910856210268539e+00
1.877902687512911228e+00
1.873711302035894199e+00
1.874457860909975571e+00
1.873369946846595191e+00
1.874035037480867860e+00
1.874295554405603692e+00
1.869759624737959536e+00
1.870205077146872563e+00
1.869967029950557524e+00
1.866865567060617348e+00
1.870497219990461257e+00
1.867934001103425556e+00
1.867003620282197573e+00
1.865381007622449738e+00
1.864158881016266589e+00
1.871752375517135913e+00
1.866573583162747907e+00
1.861548616030277437e+00
1.864465460410484887e+00
1.867987782832903676e+00
1.857503082507695913e+00
1.863091484399942210e+00
1.865131615981077573e+00
1.861717784404754550e+00
1.861204079481271645e+00
1.864369255457168917e+00
1.857486547567905433e+00
1.856221465269724424e+00
1.852497959442627629e+00
1.854476169133797647e+00
1.852920880990150732e+00
1.858575029862232775e+00
1.860891357140663338e+00
1.855449204567151122e+00
1.855808201508644339e+00
1.848146764743022530e+00
1.850141206765786306e+00
1.844202033678690622e+00
1.851680662081791828e+00
1.849633912245432610e+00
1.847488802824264864e+00
1.846964486745687584e+00
1.846723185441432769e+00
1.847606151837569044e+00
1.842470424908858151e+00
1.845031356811523526e+00
1.849277588037344211e+00
1.848339870342841529e+00
1.848593694735795934e+00
1.849063595747336253e+00
1.846287590112441590e+00
1.846539005560752678e+00
1.841493307627164455e+00
1.838424056921249772e+00
1.835886092675037773e+00
1.832622468165862273e+00
1.838600751375540687e+00
1.833493095177870513e+00
1.833219603086129190e+00
1.831407037453773645e+00
1.832915303645989757e+00
1.830391155756436961e+00
1.830681594212850039e+00
1.832345246351682277e+00
1.835286528330582811e+00
1.834296723512502725e+00
1.832145653932522489e+00
1.827989263106615025e+00
1.831876473549084894e+00
1.826358370903210737e+00
1.828010903260646636e+00
1.834202923835852150e+00
1.833807988655872911e+00
1.830576536288628153e+00
1.830988458181038947e+00
1.825465932564857674e+00
1.823544635528173252e+00
1.823365512261023946e+00
1.822802054882049605e+00
1.823552639667804343e+00
1.821281303503574422e+00
1.818965273637038083e+00
1.826670565360631660e+00
1.824099935629428959e+00
1.828884041615021605e+00
1.824103696224016913e+00
1.821196902103913162e+00
1.825405778946020741e+00
1.824259367967263179e+00
1.823448202854547784e+00
1.825599154142232949e+00
1.820815171339573046e+00
1.817082715645814472e+00
1.823842705213106541e+00
1.813591800286219691e+00
1.819965816461122987e+00
1.818903977137345640e+00
1.821186044582953745e+00
1.817272931795853808e+00
1.817629873446929167e+00
1.818321776084410812e+00
1.821077454395783279e+00
1.818801861542921783e+00
1.812959030958322337e+00
1.808344324735494668e+00
1.809498362052134990e+00
1.807223445635575576e+00
1.803562350150866411e+00
1.811116425196329649e+00
1.809149785225208085e+00
1.806768052394573498e+00
1.805461064974466900e+00
1.801852232676286025e+00
1.803474525610605950e+00
1.801425314866579530e+00
1.807303609909155506e+00
1.798748189975053924e+00
1.805826625151512044e+00
1.806130867737990142e+00
1.799599032524304532e+00
1.801851956355266182e+00
1.803320643535027079e+00
1.798937738553071597e+00
1.800497239369612368e+00
1.798375874910599137e+00
1.796258470645317740e+00
1.793070819439032126e+00
1.800552267294663666e+00
1.800385319880950075e+00
1.798995603964878898e+00
1.793567659916021961e+00
1.801164711438692612e+00
1.801788698098598429e+00
1.795745611190795898e+00
1.800756994577554559e+00
1.797573136671995586e+00
1.803400153074508960e+00
1.804700436958899923e+00
1.807440375364743668e+00
1.802772075396317675e+00
1.801483975618313416e+00
1.804268196912912181e+00
1.804634175850794886e+00
1.800079703636658479e+00
1.800463690207554812e+00
1.795023534236810159e+00
1.795294267397660404e+00
1.793690497752947755e+00
1.792810406134678791e+00
1.792787068318097976e+00
1.793451647880749844e+00
1.791653136106637900e+00
1.789500715182377633e+00
1.794852530344938524e+00
1.792522845818446342e+00
1.790391904268509249e+00
1.792965379739418941e+00
1.801693346561529685e+00
1.794787205793918705e+00
1.793717187490218690e+00
1.786972801501934383e+00
1.791881708304087217e+00
1.794368183307158748e+00
1.792881560019957687e+00
1.789158848004463342e+00
1.793513540121225214e+00
1.790865141306168029e+00
1.791122479316515692e+00
1.792537056788420013e+00
1.794409222174913499e+00
1.787355257914616580e+00
1.789366900003873440e+00
1.790396540592878338e+00
1.793870408107072878e+00
1.786092632856124407e+00
1.783361261013226562e+00
1.781646593106098742e+00
1.793024837359403989e+00
1.792472108816489218e+00
1.789278727617019227e+00
1.795460675618587354e+00
1.789706366795760006e+00
1.785428667374146183e+00
1.791617738894927259e+00
1.788177713369711874e+00
1.793363019441946982e+00
1.792054988176394748e+00
1.787639168286934810e+00
1.786594505799122379e+00
1.791602267363132661e+00
1.792126629291436624e+00
1.794077006975809629e+00
1.790632347877209041e+00
1.787007912611350058e+00
1.800517679789127357e+00
1.790157416233649545e+00
1.794457465563064957e+00
1.787224107522230820e+00
1.792767446163373135e+00
1.784785505441518927e+00
1.791748020893488169e+00
1.787545140889974737e+00
1.787439851271800606e+00
1.793721569807101623e+00
1.792198313810886567e+00
1.798025509638664143e+00
1.790843484034905009e+00
1.792226180969140437e+00
1.785296366764948850e+00
1.786518019896287113e+00
1.782607567004668381e+00
1.786734724350464543e+00
1.792827432583539826e+00
1.783426751845922142e+00
1.793420291252625365e+00
1.791244023579817490e+00
1.783552203422937632e+00
1.784064203347915267e+00
1.783896231345641237e+00
1.785190599392622035e+00
1.784783295790354440e+00
1.778634813504341272e+00
1.775338956942924984e+00
1.781706555990072438e+00
1.780764128917302846e+00
1.780361306361663010e+00
1.783391951291989130e+00
1.785194099560762027e+00
1.782171457853072738e+00
1.781186175040709641e+00
1.784308834870656391e+00
1.782118120560279184e+00
1.777032939592997129e+00
1.779249966755891421e+00
1.782702935658968313e+00
1.780510694552690509e+00
1.785655714304019259e+00
1.781254824919578317e+00
1.781789366709880307e+00
1.774817268665020320e+00
1.779918650174752370e+00
1.783138475662622735e+00
1.770322645627535385e+00
1.781037065310355993e+00
1.775186365078657014e+00
1.777927461342933890e+00
1.780843367943397038e+00
1.774385381050598953e+00
1.771977075246664146e+00
1.770571997838142675e+00
1.765222988678858851e+00
1.779731084138919117e+00
1.770102688899406917e+00
1.773449884928189890e+00
1.767934159743480116e+00
1.768704253587967345e+00
1.769553158527765513e+00
1.768040711757464356e+00
1.762862344888540322e+00
1.761344860150263925e+00
1.771575798438145499e+00
1.761824286901033876e+00
1.765111037095387747e+00
1.767739349756485279e+00
1.764375623984214547e+00
1.765127803117801042e+00
1.764064531754224729e+00
1.762705444066952509e+00
1.767482351034115551e+00
1.765344440325712583e+00
1.765122753840226322e+00
1.772457182713043977e+00
1.773783113100589892e+00
1.772243268061906907e+00
1.765580083162356706e+00
1.758105083612295338e+00
1.771171558514619493e+00
1.762210413737174797e+00
1.765872450669606630e+00
1.770488625612014477e+00
1.767778324163877146e+00
1.760405265062283231e+00
1.771363407220595931e+00
1.768434964082179928e+00
1.769839301170446966e+00
1.766430345865396268e+00
1.765366462560800320e+00
1.763428325225145477e+00
1.767545170661730669e+00
1.763289657617226558e+00
1.769739523606422615e+00
1.764656698092436082e+00
1.766951579314011811e+00
1.771455460939651783e+00
1.765253344865945762e+00
1.776500100050216968e+00
1.774616732352819248e+00
1.777449992986825711e+00
1.768020264918987561e+00
1.767432531943688101e+00
1.777356546658735992e+00
1.774023844034243957e+00
1.768360761495736844e+00
1.777537098297706120e+00
1.772373019426296992e+00
1.768825643796187119e+00
1.771850280578319836e+00
1.760871462638561535e+00
1.766270815714811704e+00
1.763656204480391176e+00
1.771333331939501710e+00
1.773613720673781202e+00
1.766476996128375720e+00
1.762102044545687196e+00
1.766871345348847155e+00
1.760971661103077457e+00
1.761833242880992412e+00
1.756929202568836779e+00
1.764008692289010138e+00
1.756571732117579554e+00
1.758539498769319920e+00
1.754956925220978459e+00
1.759533511369656189e+00
1.765073383771456283e+00
1.759416593649448579e+00
1.758207012139833880e+00
1.759615889879373452e+00
1.752706559499104921e+00
1.754596534142127462e+00
1.755316606546059699e+00
1.757336052258809511e+00
1.759334065669622138e+00
1.755595428515703160e+00
1.748098742656218674e+00
1.757364130631471344e+00
1.764918713691907115e+00
1.756956933706234736e+00
1.758675901706402200e+00
1.755487842131883580e+00
1.752294112474490406e+00
1.747343290157807205e+00
1.751193081415616470e+00
1.751843649301773498e+00
1.749960270600441126e+00
1.748529625550294453e+00
1.748121621669867176e+00
1.754004321648524378e+00
1.752651650172013520e+00
1.750207219979701856e+00
1.759218896352327866e+00
1.757653647814041431e+00
1.750793506854619652e+00
1.746578678717980004e+00
1.746885679624019527e+00
1.757665642102559378e+00
1.750149026895180704e+00
1.754051868732158903e+00
1.757325376302768083e+00
1.748333164973136622e+00
1.752747696179610015e+00
1.750598055582780033e+00
1.755048972521072725e+00
1.749396675366621690e+00
1.757826364040374845e+00
1.761647282808255000e+00
1.763085836019271380e+00
1.760664892502320056e+00
1.769500542909671070e+00
1.756260789663363742e+00
1.757984683452508357e+00
1.762255528951302663e+00
1.758288488632593349e+00
1.762675793354327780e+00
1.758381612789936543e+00
1.759738867710798127e+00
1.755681620500026519e+00
1.752792553412608534e+00
1.752357098383781286e+00
1.753811850608923528e+00
1.751962892214457224e+00
1.749816386516277689e+00
1.749671363219236664e+00
1.753811062299288182e+00
1.750838673114776700e+00
1.752490348082322402e+00
1.743563272097171879e+00
1.745267548927893930e+00
1.741817906269660376e+00
1.750607763803922134e+00
1.753767064290169042e+00
1.750973069362151247e+00
1.748166326070443199e+00
1.743663193629338082e+00
1.742412292040311339e+00
1.742694470209953161e+00
1.747132241114591977e+00
1.742641977774791240e+00
1.744853693094009062e+00
1.739666400505946342e+00
1.740317854820153665e+00
1.736769613241538002e+00
1.737378909954657935e+00
1.738768716347523169e+00
1.740603901484073734e+00
1.737923443928742984e+00
1.733007893195519067e+00
1.743835976184942682e+00
1.737521071006090212e+00
1.738734619739728204e+00
1.740534625603602503e+00
1.733064228449112232e+00
1.741251936631325048e+00
1.734098402047768550e+00
1.746070864567389913e+00
1.739605721449240638e+00
1.745637923326247787e+00
1.739298319510924618e+00
1.735116840631533819e+00
1.729187372097602315e+00
1.735946033551142742e+00
1.738232109485528420e+00
1.743192702378982162e+00
1.739523714322310122e+00
1.742076427202958300e+00
1.747075800100962306e+00
1.751494005093207740e+00
1.753410067008091877e+00
1.752931506511492543e+00
1.746720762436206442e+00
1.750345655893668084e+00
1.751646000605363129e+00
1.745091208127828697e+00
1.746392688078758137e+00
1.751534777421217770e+00
1.752243784757760769e+00
1.753287143585009478e+00
1.747288152804741479e+00
1.753292977809906006e+00
1.759237363399603460e+00
1.742441340287526508e+00
1.749873716097611664e+00
1.748959942047412675e+00
1.747692331289633749e+00
1.750010044758136374e+00
1.748775655184036548e+00
1.750507390193450252e+00
1.747464391512748572e+00
1.739905578967852362e+00
1.745583127400814005e+00
1.747936771466181760e+00
1.746801127531589559e+00
1.739201143766060831e+00
1.752278847266466100e+00
1.750869678839659160e+00
1.750373861117240804e+00
1.740930594236422824e+00
1.743157226305741547e+00
1.748252473427699183e+00
1.742710325045463415e+00
1.746342776066217573e+00
1.738394309618534139e+00
1.743345974653195185e+00
1.735915548067826553e+00
1.744413272234109691e+00
1.736978544027377502e+00
1.744365045046194940e+00
1.743240111607771592e+00
1.743418353337508053e+00
1.739989604399754475e+00
1.737024958928426122e+00
1.745548053276844591e+00
1.743895604060246463e+00
1.740169422137431532e+00
1.739896291647201831e+00
1.748325656621884105e+00
1.742192684992765805e+00
1.745692900510934731e+00
1.748969480624565698e+00
1.749661484742776052e+00
1.744375952390524009e+00
1.741306483745574951e+00
1.744723729292551706e+00
1.744183551653837538e+00
1.741319189010522406e+00
1.753913739400032146e+00
1.749091110474024102e+00
1.745947753160427718e+00
1.760659008454053875e+00
1.754108940943693407e+00
1.751518903328822319e+00
1.752649789895766919e+00
1.738657067372248788e+00
1.741044675692533739e+00
1.746854322078900568e+00
1.737832110050397061e+00
1.739282248570368949e+00
1.740792722885425192e+00
1.743525017836154989e+00
1.741251219235933734e+00
1.743907289015941053e+00
1.745495113042684787e+00
1.744510064369592994e+00
1.742419132513877589e+00
1.744970154150938368e+00
1.741008335199111468e+00
1.741502057589017438e+00
1.740218828885983227e+00
1.740285395658933254e+00
1.738592652174142605e+00
1.734834347627101758e+00
1.743536410881922905e+00
1.740956879884768771e+00
1.734929956533969975e+00
1.736622570722531123e+00
1.730538322986700628e+00
1.737273594354971751e+00
1.742072324875073575e+00
1.733801502753526735e+00
1.737744910900409501e+00
1.736636484891940446e+00
1.734739066698612220e+00
1.726298607618380831e+00
1.733133432192680123e+00
1.739418751765520188e+00
1.737245433147136975e+00
1.738678201039632221e+00
1.738959983984629254e+00
1.735204097246512367e+00
1.728758472968370485e+00
1.734379065036773637e+00
1.741417778760959045e+00
1.737240448059179876e+00
1.737120801057570940e+00
1.731990218468201448e+00
1.741564805079729217e+00
1.738314590087303824e+00
1.737920528497451489e+00
1.738807215446080967e+00
1.739515664638617176e+00
1.738667975939237165e+00
1.740059920457693199e+00
1.736166354020436620e+00
1.740640980158096651e+00
1.741299332410861211e+00
1.729856524100670478e+00
1.740416144713377244e+00
1.740246818615839963e+00
1.743183636054014496e+00
1.744575772529993296e+00
1.743269447179941034e+00
1.739335586474491935e+00
1.736790501460050873e+00
1.737072182924319641e+00
1.739548616837232498e+00
1.738534523279239075e+00
1.742011594466674085e+00
1.740945246892097620e+00
1.739474144348731377e+00
1.732938471207251974e+00
1.737832793516990382e+00
1.739071882382417389e+00
1.740395644994882529e+00
1.743195621783916849e+00
1.736561064536754850e+00
1.739274284167167561e+00
1.739615948077959828e+00
1.739465214044619845e+00
1.734102364075489566e+00
1.739392930422073658e+00
1.740612660310207227e+00
1.731500382912464664e+00
1.737890246281257101e+00
1.736058865143702556e+00
1.738864659957396697e+00
1.738668804596631867e+00
1.741652145752540015e+00
1.731950231393178274e+00
1.728038548506223293e+00
1.739277742459223841e+00
1.726507723942781070e+00
1.728210120934706495e+00
1.730145860940982105e+00
1.733819739635173995e+00
1.736636137351011522e+00
1.726545790831248040e+00
1.730378142381325812e+00
1.730717048278221704e+00
1.731676289668449886e+00
1.733635509625459425e+00
1.734095283349355032e+00
1.736046752868554588e+00
1.728496044721358871e+00
1.727773444469158370e+00
1.726663191196246006e+00
1.740316078296074487e+00
1.728927376025762408e+00
1.733308704388447197e+00
1.727444050556574018e+00
1.730276263982821749e+00
1.734604870050381331e+00
1.737292882723685983e+00
1.737788683634537978e+00
1.736354351960695652e+00
1.738927996158599942e+00
1.736797447693653629e+00
1.738018771623953684e+00
1.734706051533038806e+00
1.733027084362812609e+00
1.725004972555698401e+00
1.732815798735007240e+00
1.735287640950618604e+00
1.729533703204912953e+00
1.723242334830455302e+00
1.725925924839117664e+00
1.724376749992370561e+00
1.723787583754612829e+00
1.733077777960361665e+00
1.726373999546735760e+00
1.725589271386464452e+00
1.730397763007726519e+00
1.728225598579798072e+00
1.731180610412206500e+00
1.731526097578880208e+00
1.725009283347007649e+00
1.725419072615794747e+00
1.722040691742530161e+00
1.727258705787169557e+00
1.727579232056935643e+00
1.726959373400761555e+00
1.730507315427828985e+00
1.731560547535236028e+00
1.729314060394580466e+00
1.735532731581956867e+00
1.730100285395597792e+00
1.721621855099995990e+00
1.725559756389031030e+00
1.727522388482705118e+00
1.725673500696818019e+00
1.720147777520693255e+00
1.713621870676676373e+00
1.723778292765984155e+00
1.726424854535322906e+00
1.727294823450920003e+00
1.717773547539344303e+00
1.727077072705978100e+00
1.717946760165385722e+00
1.726744538698441023e+00
1.718165298608633096e+00
1.719752337382389973e+00
1.722067175156030805e+00
1.723530853405977004e+00
1.718143755350357349e+00
1.728743193088433605e+00
1.719501200394752738e+00
1.728905520378015037e+00
1.724807119675171752e+00
1.726539548849448158e+00
1.724337460138858802e+00
1.726698717398521321e+00
1.723788604063865471e+00
1.726135794016031122e+00
1.731008365826729012e+00
1.737584578990936324e+00
1.733269051405099681e+00
1.733196386618491847e+00
1.734165504651191902e+00
1.726071263887943408e+00
1.735295778665787214e+00
1.736836463671464159e+00
1.735732839963374907e+00
1.732394703840598016e+00
1.724401216934888792e+00
1.724588848994328405e+00
1.723881282867529396e+00
1.721941025440509421e+00
1.727667690240419773e+00
1.723513726087716913e+00
1.720641363584078265e+00
1.729544717837602663e+00
1.725445468609149602e+00
1.721055771143008561e+00
1.721647664828178215e+00
1.717584609679686736e+00
1.720802000241401952e+00
1.721630488297878125e+00
1.726019580547626164e+00
1.724453691641489650e+00
1.727302382542536874e+00
1.724621218595749239e+00
1.716428392667036729e+00
1.722413142827840860e+00
1.726369702510344606e+00
1.720652421621175820e+00
1.727334329103812127e+00
1.731186121549361800e+00
1.728733363824012992e+00
1.720665092345995850e+00
1.722178160227262111e+00
1.721237746263161617e+00
1.719896255089686576e+00
1.718187208664722965e+00
1.720161310220376105e+00
1.720057757389851005e+00
1.717979405476496746e+00
1.719659576354882757e+00
1.707234020416553255e+00
1.714384379753699728e+00
1.713489094147315317e+00
1.713026231068831118e+00
1.715544321903815561e+00
1.716473013009780502e+00
1.708574815285511583e+00
1.711676913041334958e+00
1.713140715391207936e+00
1.715305405091016810e+00
1.713116164390857454e+00
1.716706392703912121e+00
1.722588123725010689e+00
1.717596236864725734e+00
1.709450028187189385e+00
1.716613101347898906e+00
1.713448130778777223e+00
1.713721561126219983e+00
1.716964837220998907e+00
1.711953903467227311e+00
1.716394385619041341e+00
1.727611422538757324e+00
1.718663045076223472e+00
1.718285936575669526e+00
1.729879508874355265e+00
1.727763537871531918e+00
1.715630059975844057e+00
1.730312531728010805e+00
1.722661608304732805e+00
1.719327175922882756e+00
1.718371499807406666e+00
1.725005039190634637e+00
1.726507779268118048e+00
1.727536346056522509e+00
1.727356472382178598e+00
1.724899282516577204e+00
1.719526519225193839e+00
1.727260166253798968e+00
1.723822611723190734e+00
1.717300556561885738e+00
1.728681526734278773e+00
1.723033739664615815e+00
1.730125028964800693e+00
1.730350923538207963e+00
1.732808484480931277e+00
1.726910448380005736e+00
1.725841353489802499e+00
1.727854324915470308e+00
1.729762644339830402e+00
1.719790819363716361e+00
1.725261313792986639e+00
1.724011714336199708e+00
1.723237128746815117e+00
1.722678770774449974e+00
1.725390244752932789e+00
1.720955441548274178e+00
1.720554256439208896e+00
1.717514675397139312e+00
1.720545466129596468e+00
1.714252546811715128e+00
1.725934699254158211e+00
1.725937117674411825e+00
1.721849911946516709e+00
1.729502139947353356e+00
1.719487230900006436e+00
1.720119931453313544e+00
1.721702341238657619e+00
1.723179521316137164e+00
1.715835399199754807e+00
1.714407863983741231e+00
1.716689866017072630e+00
1.722292804718017489e+00
1.714272892169463436e+00
1.713297548355200428e+00
1.722997094729007861e+00
1.722600947587918041e+00
1.717677378654479892e+00
1.723517651741321322e+00
1.722200184296339032e+00
1.725881642561692519e+00
1.727249534619160087e+00
1.724343350300422184e+00
1.724970593819251441e+00
1.724588047541104840e+00
1.723195947133577821e+00
1.730774925305293088e+00
1.723912754425635629e+00
1.717661856993650815e+00
1.726405954666626830e+00
1.721173022649227002e+00
1.724558783494509084e+00
1.724035678765712731e+00
1.726005263817615987e+00
1.719213224374330995e+00
1.719318596827678292e+00
1.719473352799048893e+00
1.724377881257961986e+00
1.713619607534164091e+00
1.726155699522067266e+00
1.714675983710166829e+00
1.713647786776224757e+00
1.716236417110149626e+00
1.718342742553124136e+00
1.712523216773302215e+00
1.709391587208478835e+00
1.714846633642147733e+00
1.712450940792377141e+00
1.718738385041554739e+00
1.716203081302153821e+00
1.715778729548821158e+00
1.714516337406940982e+00
1.713795776244921631e+00
1.711387899288764336e+00
1.712141699668688677e+00
1.714101342665843575e+00
1.716253587527152735e+00
1.717717368174821901e+00
1.713979619894272277e+00
1.715137514701256416e+00
1.724667280148237225e+00
1.722249830074799259e+00
1.721507840278821089e+00
1.722131890822679479e+00
1.713328384741758637e+00
1.718523037127959396e+00
1.712681487890390208e+00
1.711380243912721255e+00
1.713746299193455558e+00
1.713662736232464123e+00
1.721189834215702152e+00
1.713266407220791487e+00
1.722804847130408712e+00
1.734012137620877025e+00
1.725580220956068667e+00
1.725663200708535960e+00
1.729526715400891534e+00
1.733600611258775848e+00
1.727104712143922471e+00
1.725732140357677746e+00
1.719670717227153256e+00
1.716253503163655658e+00
1.722631782751816942e+00
1.711027086698091892e+00
1.720431132194323309e+00
1.723062830704909176e+00
1.727837652426499560e+00
1.717250558657523962e+00
1.724500922056344754e+00
1.717135860675420567e+00
1.721818499687390425e+00
1.725583368081312852e+00
1.725271165982270816e+00
1.719579872412559274e+00
1.722081124476897429e+00
1.725891452569227935e+00
1.726572235425313240e+00
1.727765087286631251e+00
1.718429867732219174e+00
1.726157838564652769e+00
1.727247298986483770e+00
1.728624029954274555e+00
1.728726028173397822e+00
1.730948934493920843e+00
1.733134688780857857e+00
1.728189178307851126e+00
1.721757430296677827e+00
1.721917267029102083e+00
1.720346380197084857e+00
1.720644833491398629e+00
1.724016795097253363e+00
1.731445475113697618e+00
1.727782828991229813e+00
1.722238461176554436e+00
1.713992512226104825e+00
1.715916321827815061e+00
1.722035595086904625e+00
1.720167294526711466e+00
1.725052368946564441e+00
1.722598771865551326e+00
1.724332009523342757e+00
1.717060447350526431e+00
1.719426890214284187e+00
1.714941491224826864e+00
1.711063005374028112e+00
1.714594334516769791e+00
1.713784742966676378e+00
1.709157899098518563e+00
1.714049766308222145e+00
1.719240206632858703e+00
1.712569164312802927e+00
1.713986827471317476e+00
1.711123223793812320e+00
1.711266484016027212e+00
1.705890283829126552e+00
1.718037378787994340e+00
1.725544324593666357e+00
1.722181959641285509e+00
1.721487481471819736e+00
1.724536545460040760e+00
1.721843964625627610e+00
1.725061770585867071e+00
1.724828503376398370e+00
1.727525653900244373e+00
1.718218742578457636e+00
1.718749568401238825e+00
1.721179619813576700e+00
1.724564380829150867e+00
1.725266154301472232e+00
1.722479602923760122e+00
1.731031919137025588e+00
1.732855768387134177e+00
1.742480895763788507e+00
1.733998829584855406e+00
1.736251684946891638e+00
1.736546260271316866e+00
1.732767683114760926e+00
1.736089573762355620e+00
1.731312935474591308e+00
1.738813045697334525e+00
1.730858250459035297e+00
1.733037837652059654e+00
1.728653421463110407e+00
1.730520896422557353e+00
1.731027420361836766e+00
1.725052171792739397e+00
1.733285015668624585e+00
1.723612112876696356e+00
1.728123187407469175e+00
1.731769261299035412e+00
1.731249188765501268e+00
1.736833020356985280e+00
1.728194408844678787e+00
1.736689344124916268e+00
1.728842184482476618e+00
1.734497292225177567e+00
1.732772717414758246e+00
1.737237159105447626e+00
1.731641221046447798e+00
1.734797706053807120e+00
1.735026967525482133e+00
1.737730333743951361e+00
1.737941643824944205e+00
1.737661784428816469e+00
1.740787878403296851e+00
1.737602204542893602e+00
1.732049929484342998e+00
1.735822331905364946e+00
1.731561170785854920e+00
1.732033739640162606e+00
1.731860457016871635e+00
1.728117062800969883e+00
1.732533641044910144e+00
1.726876776340680264e+00
1.723060432152870414e+00
1.721143242029043341e+00
1.720608502167921827e+00
1.716541973138466792e+00
1.714870144465030721e+00
1.724377970817761563e+00
1.719415741700392575e+00
1.719279372080778412e+00
1.719010860186356737e+00
1.713373479170676950e+00
1.713918829881228012e+00
1.712238773932823754e+00
1.715209128000797278e+00
1.714060380825629615e+00
1.708176086193476051e+00
1.703028926176902491e+00
1.713862149532024759e+00
1.708082196040031198e+00
1.702038260300954287e+00
1.705819921004466444e+00
1.706937525211236428e+00
1.704754564089652868e+00
1.705654724133320421e+00
1.709852544466654356e+00
1.713369546792446130e+00
1.706874622137118713e+00
1.710544008169418762e+00
1.706068956240629486e+00
1.700929290209061140e+00
1.705342544347812073e+00
1.702922225304138948e+00
1.707860294977823878e+00
1.703342662713466460e+00
1.713855188320844603e+00
1.720289981976533600e+00
1.703897227690770011e+00
1.713770629198123174e+00
1.706886736246255643e+00
1.711539400846530334e+00
1.703492123041397521e+00
1.705532028736212347e+00
1.713656482024070504e+00
1.714362547336480525e+00
1.727871315601544611e+00
1.713922209923083972e+00
1.718498123609102590e+00
1.714142690866421459e+00
1.721368920803070024e+00
1.713003147259736680e+00
1.715721017275101179e+00
1.710479257656977836e+00
1.711472203181340079e+00
1.720849897922613669e+00
1.714937111964592642e+00
1.708254647560608630e+00
1.701825490058996637e+00
1.714738019307454397e+00
1.710616079354897456e+00
1.712087458830613418e+00
1.711486571263044265e+00
1.708681635978894331e+00
1.714790746493217277e+00
1.703436064720153853e+00
1.703464722633361905e+00
1.704563045196044069e+00
1.706660885382921267e+00
1.705797610221764904e+00
1.702132028799790531e+00
1.706022749497340341e+00
1.705308571839943887e+00
