1.851322673834287169e+00
1.701831223414494332e+00
1.535660163561503033e+00
1.440465622070508100e+00
1.373054977258046483e+00
1.328856913095865400e+00
1.278939354114043470e+00
1.250204681585996624e+00
1.230409682255524828e+00
1.208173332306054837e+00
1.185534189603267619e+00
1.169575494527816728e+00
1.155209293732276432e+00
1.145586548401759330e+00
1.130887254690512655e+00
1.122021995905118086e+00
1.111377253287877842e+00
1.099569850548719696e+00
1.099376779641860535e+00
1.090908504143739410e+00
1.083708326633159968e+00
1.075918094622783094e+00
1.071431549542989581e+00
1.064631326687641710e+00
1.060647446986956455e+00
1.054747273218937353e+00
1.051652149359385113e+00
1.047875425448784537e+00
1.044829869575989445e+00
1.041285751874630350e+00
1.031063807927645071e+00
1.032643410334220357e+00
1.025731015969545412e+00
1.020023110585335013e+00
1.021238393661303423e+00
1.009310248112067265e+00
1.009232127207976060e+00
1.008219179893151241e+00
1.004123274943767408e+00
1.001013112068176225e+00
1.002673087364587934e+00
9.989081777059114486e-01
9.904404317721342554e-01
9.829379518826802942e-01
9.819141571338360075e-01
9.799533084417000328e-01
9.796387099302732437e-01
9.797937205204596545e-01
9.785284745387542449e-01
9.736973617321406094e-01
9.774250470674954450e-01
9.692500100686000097e-01
9.650806986368619667e-01
9.567077658115289429e-01
9.566283620320833458e-01
9.562389123134124036e-01
9.537096489698458912e-01
9.537601742988978115e-01
9.489913940429687278e-01
9.483330058745849112e-01
9.426497650452149157e-01
9.415807911982903011e-01
9.328968083247159981e-01
9.332789894862052460e-01
9.338187576868595130e-01
9.315015884546132829e-01
9.345031744394547424e-01
9.309107369337326077e-01
9.264115750789642112e-01
9.173736188656244073e-01
9.204995824740482835e-01
9.195963202378688583e-01
9.282096740527030487e-01
9.206155521747393378e-01
9.200753956268995504e-01
9.158513128757477251e-01
9.145715068548153637e-01
9.152691614933502473e-01
9.089454432328542000e-01
9.035186151663462395e-01
9.111025313536326165e-01
9.029783956515483601e-01
8.976895861136607868e-01
8.962166651701315434e-01
9.016348687502053760e-01
9.022861173519721723e-01
8.907556180770580534e-01
8.941620138975290288e-01
8.899640908608069667e-01
8.857952099580030936e-01
8.830932798293921193e-01
8.796218570990440577e-01
8.833576425527914777e-01
8.809061960532115210e-01
8.778943492816044802e-01
8.798530413554265239e-01
8.755961650457138035e-01
8.655281977775769464e-01
8.702251808001444378e-01
8.708470326203566758e-01
8.696515874220774878e-01
8.637656349402207390e-01
8.706664326099249340e-01
8.588775445253421514e-01
8.572370150914558895e-01
8.590834832344299565e-01
8.596478806092189284e-01
8.621356274837103095e-01
8.548886896708072225e-01
8.479945396765684595e-01
8.540576896606347779e-01
8.483793037059980113e-01
8.455219103739811670e-01
8.481371537997172139e-01
8.445673106572566535e-01
8.473064954464252230e-01
8.351311987791305569e-01
8.368137864730297304e-01
8.436899399146055023e-01
8.353620302218657256e-01
8.351351632521702983e-01
8.367299925058315768e-01
8.290152228795565348e-01
8.294856808124444481e-01
8.269129709555552710e-01
8.265804970111602090e-01
8.214113761981328699e-01
8.236850540607403293e-01
8.251846773502153898e-01
8.315261267698728087e-01
8.191699371123924989e-01
8.220040347331609709e-01
8.164650011521119577e-01
8.229146433182251696e-01
8.151253279967185517e-01
8.100507156971173961e-01
8.013595467958695151e-01
8.097159601939030171e-01
7.990897641732142009e-01
8.111835772410417311e-01
8.097629566223193409e-01
8.046835375901980614e-01
8.060184435966687433e-01
8.068182308704424655e-01
8.008616334352738342e-01
8.035432811730947034e-01
7.949537091530286537e-01
7.986754832359460599e-01
8.013685581775812361e-01
7.972105557337785253e-01
7.930191040039062944e-01
7.885611421786822284e-01
7.932114059344316237e-01
7.913554535462306028e-01
7.929486742386451237e-01
7.930394142101973021e-01
7.788718996903835068e-01
7.831369257126099548e-01
7.884957843866103877e-01
7.778892524731464420e-01
7.832752909415807707e-01
7.750378365700061334e-01
7.777644998752153427e-01
7.788339066963929636e-01
7.821371454458970751e-01
7.720838733208484905e-01
7.734195111653743293e-01
7.709321474417661912e-01
7.776706372316066762e-01
7.723328393239241585e-01
7.675291571861658779e-01
7.687187699935374985e-01
7.617423630677736535e-01
7.720148240144436569e-01
7.697190926625178120e-01
7.664136563356106491e-01
7.622971581342893321e-01
7.658205059858468333e-01
7.678942759067584056e-01
7.612792211465346792e-01
7.525349827148974935e-01
7.510276764631271806e-01
7.539202959109575497e-01
7.551903257003197423e-01
7.553198960347052848e-01
7.486169604918895271e-01
7.510843921930362432e-01
7.507326385149588610e-01
7.529796069249128365e-01
7.508634154613201828e-01
7.592976909417372688e-01
7.487543386526597233e-01
7.463465200784878961e-01
7.478779626198304165e-01
7.417681239354304568e-01
7.446821798880894905e-01
7.429529319971035495e-01
7.391072381001252412e-01
7.493747611076403414e-01
7.472358242823526897e-01
7.285680223733951300e-01
7.439363170128602265e-01
7.376095618192965997e-01
7.298775451305584694e-01
7.346402472410447082e-01
7.323263286015926354e-01
7.282863465639261014e-01
7.306870813553150157e-01
7.262473000165743375e-01
7.301598443434789143e-01
7.238894396103345841e-01
7.127656621046555285e-01
7.289125639658707856e-01
7.279787178222949517e-01
7.213599649759439014e-01
7.224415257191046935e-01
7.230525544056525256e-01
7.278785340296916040e-01
7.200368764308783254e-01
7.168640327759278064e-01
7.213061539026407454e-01
7.130509264194048180e-01
7.119572444603993189e-01
7.085084617902071003e-01
7.186778155656960987e-01
7.094451398421556254e-01
7.080115925807218824e-01
7.086424701488934774e-01
7.069995765502635754e-01
7.099707845693979946e-01
7.001342915571653336e-01
7.104817247543580017e-01
7.064107463910029860e-01
7.017927949245159613e-01
6.999077668556800136e-01
7.013746297512298833e-01
7.035556375980377419e-01
7.001131598766033859e-01
6.997166090286695006e-01
7.088041625725917116e-01
6.980704770638392898e-01
6.995310951501895191e-01
6.961889612369048796e-01
6.935848163488583795e-01
6.969506806288010559e-01
6.967229483219293806e-01
6.888397792975108347e-01
6.907192918734672560e-01
6.983615710949286903e-01
6.903739074865976599e-01
6.886320211948492309e-01
6.925112991760938863e-01
6.791683294070072208e-01
6.861936435485497254e-01
6.878950884708991964e-01
6.859218736489613999e-01
6.834752259346155157e-01
6.862575791585139307e-01
6.864313663580479119e-01
6.840860801629531363e-01
6.835585240370187776e-01
6.783215311093208078e-01
6.802934522812182916e-01
6.800517249565858346e-01
6.801757285228142713e-01
6.708177686501771708e-01
6.746705023906169885e-01
6.711241976572916990e-01
6.672343374062806864e-01
6.768449771862763420e-01
6.665457834800084802e-01
6.791869819928437746e-01
6.649162151874640214e-01
6.617295123827763303e-01
6.628243898734068607e-01
6.658449332683514799e-01
6.660853308744919543e-01
6.549828581320933374e-01
6.670578244404915536e-01
6.587747311744934775e-01
6.696860775733605164e-01
6.569200140543473010e-01
6.615274798411588941e-01
6.627609281967847821e-01
6.632550473396594537e-01
6.579296252666375633e-01
6.591884462497172859e-01
6.547851942288569482e-01
6.645490537851285184e-01
6.505705387164384401e-01
6.559337777969164174e-01
6.454222173262864626e-01
6.558718619438318465e-01
6.567315611319664015e-01
6.548654835193584711e-01
6.452939510345458984e-01
6.477657577166190395e-01
6.497631732469949517e-01
6.541498765731469378e-01
6.492532151631820181e-01
6.439443980271999379e-01
6.406323785965258866e-01
6.518976790018570222e-01
6.421310078639250740e-01
6.408565279765007228e-01
6.401724218558042523e-01
6.365635540240850432e-01
6.490239787560242446e-01
6.332993395053423402e-01
6.401679897919679840e-01
6.432063565040245789e-01
6.434909208462789021e-01
6.458872832548924192e-01
6.364724821769274232e-01
6.331931069111212951e-01
6.279487716081815218e-01
6.422803216255628111e-01
6.338926527744684902e-01
6.361520437093881597e-01
6.359574786363504373e-01
6.402673497413977621e-01
6.252468840434001196e-01
6.343442544723167931e-01
6.248040793797908776e-01
6.275944373546502586e-01
6.236829958665065510e-01
6.178156557755593026e-01
6.199358532061943761e-01
6.306498820200944211e-01
6.324706473411657592e-01
6.322168206557249315e-01
6.290072758228351102e-01
6.148298158095433230e-01
6.174806402279779949e-01
6.133468685241846297e-01
6.180129881852712836e-01
6.160877638138257950e-01
6.176257147238805034e-01
6.065896592843227353e-01
6.211490770945182760e-01
6.074782139979876261e-01
6.148359699891163821e-01
6.090996280694619402e-01
6.117923278839160206e-01
6.158004450492370330e-01
6.176971754966638084e-01
6.098195419097558467e-01
6.095511610691364268e-01
6.143558840721081715e-01
6.204235086074242345e-01
5.993995038362649463e-01
6.108894912860332038e-01
6.070647878524584318e-01
6.036938960735614979e-01
6.084156062358464512e-01
6.087706210521551808e-01
6.112897257010142527e-01
6.014115409973340709e-01
6.078936825195948579e-01
6.066472522723369565e-01
6.039581528076758410e-01
6.094320666331510816e-01
6.002551822326122055e-01
5.989601190273577958e-01
6.010214060544967207e-01
5.996490088792947315e-01
6.013118039339017118e-01
6.088574185585364784e-01
6.048954220918508762e-01
5.955039427066460833e-01
6.009379105690197953e-01
5.995068977276484246e-01
5.894956260155408412e-01
6.007400397306833506e-01
6.025722572436699176e-01
5.996345515434559070e-01
5.975660689366169009e-01
5.969155812874819000e-01
5.875800481209387804e-01
5.939792173031048783e-01
5.954544930121837831e-01
5.928993222041007982e-01
6.002418485971597883e-01
5.926715918840506081e-01
5.845818372873159419e-01
5.919276057145534953e-01
5.888540747073980341e-01
5.886913537979125977e-01
5.894329185669239246e-01
5.827704433447274956e-01
5.848404525182185898e-01
5.874669833825184595e-01
5.837190849658769887e-01
5.858680933331832374e-01
5.898297292299760075e-01
5.894829257940634726e-01
5.891976976241820596e-01
5.814546264134921039e-01
5.793060387556369095e-01
5.823146324891310677e-01
5.720104877765361806e-01
5.864377067639277019e-01
5.820860307950239676e-01
5.677802251699642921e-01
5.779847497359300590e-01
5.778320019825911036e-01
5.738341258122370281e-01
5.830287678119463468e-01
5.832094092399645602e-01
5.823659863991614838e-01
5.800730973482132180e-01
5.750412047291413309e-01
5.741956289762105703e-01
5.787656980447279942e-01
5.818580126915222639e-01
5.821468394536238877e-01
5.798208017379810064e-01
5.804290692011515596e-01
5.734139605210377688e-01
5.703012642952112188e-01
5.726449961081528928e-01
5.743105196799986878e-01
5.746069446588173424e-01
5.664004134062009532e-01
5.777417409114348201e-01
5.828402977723341483e-01
5.780538133321664329e-01
5.736895537529236311e-01
5.710662267911128520e-01
5.751729358465244024e-01
5.752868464359870426e-01
5.705381508821095737e-01
5.767701465349931444e-01
5.716517548530529735e-01
5.751412229660229913e-01
5.733516505895517312e-01
5.721705843240786349e-01
5.743901679913202551e-01
5.774354491478357332e-01
5.701784086533081553e-01
5.672257971305113555e-01
5.630432648536486395e-01
5.659579496353100980e-01
5.622988787217018114e-01
5.559374727499790669e-01
5.597043962814869378e-01
5.572299515589689278e-01
5.556401696724769801e-01
5.654506840002841983e-01
5.574210121081425440e-01
5.564877283114653128e-01
5.553161220672803156e-01
5.689659298994602654e-01
5.554261063153926870e-01
5.548233120105205973e-01
5.506214306904719802e-01
5.679050588454955806e-01
5.585297889434374108e-01
5.585609643887250453e-01
5.435150300845121851e-01
5.425438351738147702e-01
5.486025624550305846e-01
5.489766393716518644e-01
5.512752632300058631e-01
5.497968333653914241e-01
5.474291582902272024e-01
5.532800153279915367e-01
5.395860976897752792e-01
5.507391759218314142e-01
5.436758887309294241e-01
5.434189221033682848e-01
5.493596288638237235e-01
5.475712290941140425e-01
5.409417189084566591e-01
5.462384646519636844e-01
5.454376431611868137e-01
5.520642554148649239e-01
5.502538381478725427e-01
5.370930132957605352e-01
5.500197632954670901e-01
5.403678463055536785e-01
5.381162945276651843e-01
5.353967942488498943e-01
5.416818154928011442e-01
5.349407060788228252e-01
5.330490835966208429e-01
5.344548935309434423e-01
5.407234496795214618e-01
5.421844601631164995e-01
5.334822316964467070e-01
5.329650710026423432e-01
5.375053063417092325e-01
5.297996947398552203e-01
5.320815748129135159e-01
5.375752170880635505e-01
5.309787456805888928e-01
5.338831514884263552e-01
5.291073892361078945e-01
5.344567910983012426e-01
5.316381935125742420e-01
5.373140263251768856e-01
5.270748933538412784e-01
5.285276237970742974e-01
5.233372342892181894e-01
5.238628283525124107e-01
5.207200861130005798e-01
5.218593552326544760e-01
5.324519676275741853e-01
5.172578425743641350e-01
5.212583477680500232e-01
5.243327915668487549e-01
5.239756876077407144e-01
5.216345405731446228e-01
5.291243147391538892e-01
5.137918120011305545e-01
5.242292732000350952e-01
5.080165898952728742e-01
5.118499892644393645e-01
5.053844698728658935e-01
5.087162413658239402e-01
5.275579047508728303e-01
5.152851006159415714e-01
5.157279100173558506e-01
5.110777949675535670e-01
5.120951929153539917e-01
5.171836096506852165e-01
5.150708995568447079e-01
5.091597526883467895e-01
5.144663356435604795e-01
5.066722858410614982e-01
5.133093286783266818e-01
5.191993421468978909e-01
5.127313403364939237e-01
5.037259511458568317e-01
5.085193675297957627e-01
5.101697832345962746e-01
5.094028875613824114e-01
5.062361689714285351e-01
5.122365764700449464e-01
5.030801024956580436e-01
5.088943401208290140e-01
5.052977919196470769e-01
5.055073695305066783e-01
5.020857110237464394e-01
5.043609072000552196e-01
5.141633568665919807e-01
5.083690851162641078e-01
4.949505638617735515e-01
4.986364503701528061e-01
5.035624271019910614e-01
5.011734312925583135e-01
5.034900589631153833e-01
4.996982489258814941e-01
5.054075327439185861e-01
5.012918933843955038e-01
5.049661174034461020e-01
4.993194555624937414e-01
4.999552745085495964e-01
5.036470232865749574e-01
4.955820111892162427e-01
5.030801763901343593e-01
4.998880192255362731e-01
4.965845808004721862e-01
5.017245790515190151e-01
5.021039595970741010e-01
5.047269549125280585e-01
4.986981238310153608e-01
4.921958098044762475e-01
4.976086017413017260e-01
5.028555826498911641e-01
4.944104200754410039e-01
4.948429608192199125e-01
5.000102884494341815e-01
5.002284296430073995e-01
4.910183805685777170e-01
4.951301722954480899e-01
4.930518781527494787e-01
5.000523346356856580e-01
4.980007391709547759e-01
4.986828574385398505e-01
4.873273321451285223e-01
4.962902262424811473e-01
4.913177969364019293e-01
4.922579335096554654e-01
4.911944011083015926e-01
4.973517162295488236e-01
4.888354481794895401e-01
4.900419282607543225e-01
4.959191673077069651e-01
4.816623289615680203e-01
4.830908962931388384e-01
4.888684865755912323e-01
4.877010542612809640e-01
4.897444572968360776e-01
4.858496231910510166e-01
4.850306378343166580e-01
4.909864670191055880e-01
4.789557833702136058e-01
4.853815662937286390e-01
4.871886170063263188e-01
4.839581565979199640e-01
4.843837277247355355e-01
4.874791091069197169e-01
4.876887854857322457e-01
4.868704926509123676e-01
4.808612424593705637e-01
4.867990821599960105e-01
4.824591348950679759e-01
4.945587453933862343e-01
4.802752475707958713e-01
4.748452559495583425e-01
4.853524331098947875e-01
4.874507698493126262e-01
4.841354438127615789e-01
4.934448892489457505e-01
4.856859178497240914e-01
4.831420609584221593e-01
4.798642118007708790e-01
4.818762736824842574e-01
4.773520093697767863e-01
4.817940514057110768e-01
4.794467716644971733e-01
4.807930430540671707e-01
4.763142526149749534e-01
4.765695085892310279e-01
4.835941419005393982e-01
4.730871403064483283e-01
4.891759314598181363e-01
4.810431812436152810e-01
4.771857376282031549e-01
4.749817962065721044e-01
4.824028639457164647e-01
4.862875493673177729e-01
4.887281935566510915e-01
4.819299537401933176e-01
4.759034760487385052e-01
4.819758640649990933e-01
4.770602074571144713e-01
4.839169748318500885e-01
4.763845838415317058e-01
4.725785584785999194e-01
4.771094750899534942e-01
4.834690715640019287e-01
4.795826309766524909e-01
4.804463322728108055e-01
4.747275302043327816e-01
4.721507773949549791e-01
4.770771993276400336e-01
4.753834758049402254e-01
4.771739520705663429e-01
4.689852189177121655e-01
4.728348306356331965e-01
4.677469072433618202e-01
4.823243579039206974e-01
4.681698637130932705e-01
4.621285054164054884e-01
4.625612768607261782e-01
4.694115015176626438e-01
4.717169221395101086e-01
4.699647697118612411e-01
4.677685029231585245e-01
4.677575106422106610e-01
4.724435899884272816e-01
4.650998046000798802e-01
4.627371216431642176e-01
4.755601875292949088e-01
4.648618096724534410e-01
4.710791200399399026e-01
4.802625805903703582e-01
4.719152129231354853e-01
4.783581026853659379e-01
4.767369123605581516e-01
4.679611175488203045e-01
4.703793346881866566e-01
4.737396870668117987e-01
4.728757266050729879e-01
4.705989380677541023e-01
4.692653890603628031e-01
4.697303440326299206e-01
4.637724446180539473e-01
4.710824978275176544e-01
4.694198981309548602e-01
4.698096679189266434e-01
4.755666961654638758e-01
4.705150436132382041e-01
4.651749435143592848e-01
4.656596748110575779e-01
4.668751161832075947e-01
4.660469249272957692e-01
4.677757403025260552e-01
4.636177713290238755e-01
4.600583883050160527e-01
4.549333054285782940e-01
4.637008164173517244e-01
4.681821214847075585e-01
4.668305617112379902e-01
4.589540830789468062e-01
4.674220962402148016e-01
4.613622291730000158e-01
4.686401571218783979e-01
4.583061295060010809e-01
4.600503403406877023e-01
4.603701123060324196e-01
4.629284607676359409e-01
4.617729448355161193e-01
4.537602001275771735e-01
4.553834188060882915e-01
4.531200881951894521e-01
4.547300522908186426e-01
4.597633960919502716e-01
4.618404251642716507e-01
4.636714239533130666e-01
4.600984646723820792e-01
4.590124171895858529e-01
4.589099954336117726e-01
4.576702289092234865e-01
4.628927376789924164e-01
4.576887485690606105e-01
4.556778984956252332e-01
4.543451608755649795e-01
4.608236348781830083e-01
4.592431569710755945e-01
4.601759774562639849e-01
4.485019268515782476e-01
4.428756121641550525e-01
4.553275566834669719e-01
4.610481434143506307e-01
4.572392728084173075e-01
4.547579921590976237e-01
4.614904864094196424e-01
4.611180084638106247e-01
4.572571497697096587e-01
4.596759684574909799e-01
4.547921208999095577e-01
4.598091621429492015e-01
4.531304480173649063e-01
4.564182502719072443e-01
4.429630222993019562e-01
4.551426315536865608e-01
4.491173326587065695e-01
4.518826974126008977e-01
4.603027593631010550e-01
4.475277195756252047e-01
4.558301491615099899e-01
4.564392973215152249e-01
4.545707991872078302e-01
4.584213505188624027e-01
4.466104766497245304e-01
4.549421801398961795e-01
4.503842775638287055e-01
4.463026809386718141e-01
4.521618606188358425e-01
4.509912218038852338e-01
4.470697525220039825e-01
4.551437731354664451e-01
4.596411471947645655e-01
4.546784287461867469e-01
4.670701943146876589e-01
4.661997729387039047e-01
4.519541081709739228e-01
4.445000011187333344e-01
4.564142297093685130e-01
4.433636946173814541e-01
4.535214674014311775e-01
4.418325837606038586e-01
4.470633755891750827e-01
4.413638761410346167e-01
4.554569728863545053e-01
4.506546188623477001e-01
4.533103627272141445e-01
4.429675357846113437e-01
4.552675034373234730e-01
4.465331231172268156e-01
4.395181286793488629e-01
4.428073797852565274e-01
4.415432990361482513e-01
4.500191402740967850e-01
4.450957845036800364e-01
4.526913333779726267e-01
4.554784890168752653e-01
4.414440679244506227e-01
4.485517231317666664e-01
4.533596969949893474e-01
4.476253206149125585e-01
4.457582099697528499e-01
4.458534805056376116e-01
4.555583864450454823e-01
4.549504244174712997e-01
4.465183499531868438e-01
4.526163660562955160e-01
4.440573131044705524e-01
4.512865361112814444e-01
4.498255718594942332e-01
4.469213957969959128e-01
4.422453899796192633e-01
4.501018909689707415e-01
4.512841121508525122e-01
4.396119730594830743e-01
4.449643028088104968e-01
4.501178331100023633e-01
4.528519503963299164e-01
4.353962925000068318e-01
4.364145127244484779e-01
4.458584908491525778e-01
4.423650464950463768e-01
4.532899236831909318e-01
4.523680531825775009e-01
4.404218598436086540e-01
4.405313304601571334e-01
4.375663632001632330e-01
4.504856521120438329e-01
4.490610956763609884e-01
4.420026589280519613e-01
4.430800175055479295e-01
4.423271959408735521e-01
4.521962485252282726e-01
4.479011001877295506e-01
4.466237969123399987e-01
4.498502872311151979e-01
4.495789156510279772e-01
4.501806755478565680e-01
4.425285913241215341e-01
4.412523871048902868e-01
4.399238888651896828e-01
4.487882409722376842e-01
4.387262086837719899e-01
4.460448884429075722e-01
4.494013121876961336e-01
4.512350494280839563e-01
4.395785790987503661e-01
4.483346417546272278e-01
4.417599760569058676e-01
4.352075341802377206e-01
4.417441666126251110e-01
4.426863784209275621e-01
4.429159195759357348e-01
4.393307234996404187e-01
4.527010632249025002e-01
4.381023713793509855e-01
4.431138289280426856e-01
4.457372037264016873e-01
4.425012648487702260e-01
4.472478204812759262e-01
4.354539150228867173e-01
4.324828340074954869e-01
4.362096507197771311e-01
4.459091250713054788e-01
4.333790193001429425e-01
4.364772531848687409e-01
4.389432177711755645e-01
4.386233000801159632e-01
4.355766750681094868e-01
4.359602144513374800e-01
4.369802714158327328e-01
4.289508234231900197e-01
4.324234125323784816e-01
4.335979332526525010e-01
4.335768925837981125e-01
4.317350548811447752e-01
4.375035991653418166e-01
4.342270199304971712e-01
4.379398255011974217e-01
4.327604369475291368e-01
4.328452036930964808e-01
4.327173110002126566e-01
4.363363346992394920e-01
4.365378847106909377e-01
4.261352054965801828e-01
4.398942787295732626e-01
4.306782297216928956e-01
4.240099515288304199e-01
4.331942641964325325e-01
4.328280420257494820e-01
4.286844790746003886e-01
4.272272074069732306e-01
4.231602115890918392e-01
4.338706309978778708e-01
4.256450458214833255e-01
4.253305468421715863e-01
4.354539505946330435e-01
4.350241991189809920e-01
4.322228939869465214e-01
4.246344534250406366e-01
4.222645508937346581e-01
4.257672124948256864e-01
4.251037298486782801e-01
4.318987113925126797e-01
4.354001220220174440e-01
4.254309501403417126e-01
4.207516902532332792e-01
4.220993380133922224e-01
4.327867384140308138e-01
4.314289829669854526e-01
4.246949044939798967e-01
4.304304794623301511e-01
4.258651271462440269e-01
4.196287578115096562e-01
4.309223533822940100e-01
4.232483651775580391e-01
4.238822462084965714e-01
4.269135594750061991e-01
4.224184066057204978e-01
4.278210778266955394e-01
4.203928784682200437e-01
4.223048861210162985e-01
4.244985695450733676e-01
4.327104419087752230e-01
4.218153616174673548e-01
4.294606946599789365e-01
4.241410046433791159e-01
4.206834487808056577e-01
4.254382587396181581e-01
4.291278736713605158e-01
4.205219701696664703e-01
4.166211653596315623e-01
4.269959993087328320e-01
4.240110058432970397e-01
4.079498163018471235e-01
4.258221964041392082e-01
4.177251727153093452e-01
4.062649869383909706e-01
4.204885619191022772e-01
4.211379761497179852e-01
4.178212825304422617e-01
4.234052335604643336e-01
4.228051742682090164e-01
4.292911587999417300e-01
4.252677386387800351e-01
4.233751705823800560e-01
4.214475606496517202e-01
4.243123915715095174e-01
4.176165943726515284e-01
4.248372546755350698e-01
4.232494893746498454e-01
4.118375329635082238e-01
4.176913965206879853e-01
4.209189175031123886e-01
4.259506692106906911e-01
4.092792780353473048e-01
4.278991749271368605e-01
4.189010206705484629e-01
4.246116100977628816e-01
4.229230850552901377e-01
4.263500628180992846e-01
4.230130210518837086e-01
4.120914627344180459e-01
4.213761185606320625e-01
4.216819281761463034e-01
4.224345125449009419e-01
4.182677564330590236e-01
4.144644046059021703e-01
4.094842068277872449e-01
4.143946445905245524e-01
4.199837556252112858e-01
4.144965710166172990e-01
4.167279612559538493e-01
4.192127303435252417e-01
4.199060308627592941e-01
4.160012849248372335e-01
4.251074952574876442e-01
4.205225177682362925e-01
4.190097940655855280e-01
4.213771164417267068e-01
4.166381512314845104e-01
4.213495105504989624e-01
4.249608755111694558e-01
4.179236990901140092e-01
4.132799232617402896e-01
4.137336489863884803e-01
4.179115797846745251e-01
4.141097379036438597e-01
4.171248411138852585e-01
4.154690608000143892e-01
4.204373943117948875e-01
4.148066928371405004e-01
4.146130804450083862e-01
4.165973939192600950e-01
4.308296269713303706e-01
4.228864228878265741e-01
4.187733104213690050e-01
4.169452448685964097e-01
4.242532775188103678e-01
4.155950498504516477e-01
4.166037710813375594e-01
4.124770365846462949e-01
4.121663240668101413e-01
4.145445343393545645e-01
4.099040885384266364e-01
4.152232872752043003e-01
4.148816846502133004e-01
4.106142886174030671e-01
4.170591786885872732e-01
4.118877664208412392e-01
4.167685494208946961e-01
4.209405419536125792e-01
4.198032327569448108e-01
4.261679423161042202e-01
4.048139134660745375e-01
4.192108534467525738e-01
4.186214746955113641e-01
4.221551735431720020e-01
4.162229997225296851e-01
4.135151204390403734e-01
4.059670774600444565e-01
4.152009038206858627e-01
4.194607514983568208e-01
4.151968713372181652e-01
4.222482190300256844e-01
4.117879608120673662e-01
4.120766575519855257e-01
4.121794241743210185e-01
4.165505954852470882e-01
4.128647881440627443e-01
4.186320252525500551e-01
4.131582690737186092e-01
4.148783600101104141e-01
4.166139436455873479e-01
4.108658223198010107e-01
4.231760107553922401e-01
4.159797236705437551e-01
4.124018254570471775e-01
4.115885974505008593e-01
4.170947011082600242e-01
4.172793096838853244e-01
4.100302845621720538e-01
4.033593317637076958e-01
4.264036596967623605e-01
4.078108199895956743e-01
4.116527601694449645e-01
4.133551239967346302e-01
4.137155104141969075e-01
4.062445426216492184e-01
4.106744377658917422e-01
4.128348772342388395e-01
4.104250819255144123e-01
4.128496248752642761e-01
4.133610906891333481e-01
4.120507341928971168e-01
4.059186049760916126e-01
4.130323168558951985e-01
4.150835067415848956e-01
4.168945714831352456e-01
4.164476076379800551e-01
4.106613013224724162e-01
4.092035964895517353e-01
4.016152446850752011e-01
4.055897812048593898e-01
4.018803334388977300e-01
4.119915572496560818e-01
4.122317050894101498e-01
4.073435690922614927e-01
4.056857540821418029e-01
3.995959003384296770e-01
4.169339732099802132e-01
4.122292405901811230e-01
4.096284850285603629e-01
4.090274900580063711e-01
4.083155892980404600e-01
4.100559986554659364e-01
4.065845362268961649e-01
4.151653702442462679e-01
4.099344061735348821e-01
4.068700187481366637e-01
4.125475057806723966e-01
4.106980422750497461e-01
4.070552788483791096e-01
4.128919413456549892e-01
4.036259457468986400e-01
4.127454875371395215e-01
4.094375249284964435e-01
4.072965770195692281e-01
4.054527549789502250e-01
4.168577663027323021e-01
3.972101097305615891e-01
4.127030388667033423e-01
3.953146094313034764e-01
3.972854289106833581e-01
3.973410939558958410e-01
4.061835502966856248e-01
4.086429582956509488e-01
4.046345356183174147e-01
4.061780212399286882e-01
3.990823526795093668e-01
4.015581243695356961e-01
4.040861660853410364e-01
4.082049568494161007e-01
4.077270988088387838e-01
4.020610125401081203e-01
4.029934262235959630e-01
4.063049849409323677e-01
4.000349795971161471e-01
4.001527538666358463e-01
4.037216032926853049e-01
3.976738610328772183e-01
4.050528880495291584e-01
4.084515592608696233e-01
4.060604133285009021e-01
4.027200152476628769e-01
3.987570742766062271e-01
4.035366882116366849e-01
4.014163243082853327e-01
3.919633958202142221e-01
4.086233348418504829e-01
4.004669236449094893e-01
4.087437273218081368e-01
4.051322873586263307e-01
4.072990063673410654e-01
4.035499778695595396e-01
4.040001437450066457e-01
4.013953179503098601e-01
3.974752320311008558e-01
3.999333636882977383e-01
4.000157228647134300e-01
3.981250573045168051e-01
3.952845213122856971e-01
4.022461115549772481e-01
3.995869703781910198e-01
3.987608227592248089e-01
3.971466589432496308e-01
3.948671954182478294e-01
4.044116094708442577e-01
3.973828279055081625e-01
3.939139063159624587e-01
4.015834432763931150e-01
3.942482494773009161e-01
3.994580530203305502e-01
4.040091692637174381e-01
3.971586614465102416e-01
3.909330316843130926e-01
3.983339315805679570e-01
3.970440160005520580e-01
3.908875515827766045e-01
4.023599349917509893e-01
3.881703913975984577e-01
3.974840441957498416e-01
3.963376020391782273e-01
3.950472672016192566e-01
3.942186295222013248e-01
3.966521794979389059e-01
4.019882085995796217e-01
4.006153384462380895e-01
4.067629921512725955e-01
3.922413481351657016e-01
3.930990588206511038e-01
3.971907539627491102e-01
3.974599131788962847e-01
4.018397653332123620e-01
4.014032941980239522e-01
3.962628925075897812e-01
4.030735628345074040e-01
3.969483842452367073e-01
4.032175574929286466e-01
4.006343574860157242e-01
3.953367505700160489e-01
3.969834838922207121e-01
3.900508333475161682e-01
3.938893336898241504e-01
3.973503839893218759e-01
3.906005504039617438e-01
3.990240755371558534e-01
4.064936138116396203e-01
3.906771601392672877e-01
4.086246674259503830e-01
3.985657166976195320e-01
3.931393996263161661e-01
3.950186052383520829e-01
3.928261473774909973e-01
3.995755281203832165e-01
3.981168834062723261e-01
4.057760190505247944e-01
3.973572822335438848e-01
3.947702074280152185e-01
3.994333235499186174e-01
4.011964628329643956e-01
3.895740428796181098e-01
4.051350651643215173e-01
4.026703121570440191e-01
3.983573876512356282e-01
3.995060491638305900e-01
3.986867864162493835e-01
3.917631371663166662e-01
4.088184573711493019e-01
3.874430057712090480e-01
3.990071669603005300e-01
4.019081046183903827e-01
4.036495610689505575e-01
3.925631813896007793e-01
4.006797159329438807e-01
4.059770176808039088e-01
3.928376185206266524e-01
4.006628032678212770e-01
3.979110446495887632e-01
3.940617905213282812e-01
3.942749309998292429e-01
3.936409756159170992e-01
4.049950100672550790e-01
3.938625823610868437e-01
3.950007722545892941e-01
3.937406933078398952e-01
3.973731804352540475e-01
