-3.554817289113998413e-02
-2.228938415646553040e-02
-3.518798574805259705e-02
-4.327899590134620667e-02
-4.144342988729476929e-02
-4.200684651732444763e-02
-3.704323247075080872e-02
-3.398904204368591309e-02
-3.323702141642570496e-02
-3.458052873611450195e-02
-2.995316311717033386e-02
-3.015462681651115417e-02
-2.903795801103115082e-02
-2.933218702673912048e-02
-2.198184467852115631e-02
-2.119629830121994019e-02
-1.834041066467761993e-02
-1.572988927364349365e-02
-1.163006573915481567e-02
-9.123351424932479858e-03
-6.020315922796726227e-03
-1.288594561628997326e-03
-3.001322736963629723e-03
-1.750124501995742321e-03
-1.949332654476165771e-03
1.627822639420628548e-03
2.062723273411393166e-03
3.040164941921830177e-03
5.353534128516912460e-03
6.446047686040401459e-03
4.402772057801485062e-03
5.190961994230747223e-03
5.854916293174028397e-03
7.007300853729248047e-03
4.444510675966739655e-03
4.748578183352947235e-03
5.015068687498569489e-03
6.705017760396003723e-03
6.491946987807750702e-03
6.090466398745775223e-03
7.071472704410552979e-03
7.323807105422019958e-03
6.922357715666294098e-03
7.299649063497781754e-03
6.511843297630548477e-03
6.388413254171609879e-03
6.603130139410495758e-03
7.299793884158134460e-03
7.118379697203636169e-03
5.982459988445043564e-03
5.281760357320308685e-03
5.304831545799970627e-03
5.461482796818017960e-03
5.441255867481231689e-03
5.547220353037118912e-03
4.797924775630235672e-03
4.573087207973003387e-03
4.454461857676506042e-03
4.460706375539302826e-03
4.137926734983921051e-03
3.674869891256093979e-03
2.946477383375167847e-03
2.976758405566215515e-03
3.156013088300824165e-03
3.411183133721351624e-03
2.906562061980366707e-03
2.864814363420009613e-03
2.699394477531313896e-03
2.200812799856066704e-03
2.495957072824239731e-03
2.224753610789775848e-03
2.137218602001667023e-03
2.082814229652285576e-03
1.969850389286875725e-03
1.784453750587999821e-03
1.499720383435487747e-03
1.540844794362783432e-03
1.469779992476105690e-03
1.330636674538254738e-03
1.201518345624208450e-03
9.971016552299261093e-04
9.606279199942946434e-04
8.701745537109673023e-04
8.433111943304538727e-04
7.968636346049606800e-04
7.446873351000249386e-04
7.190264877863228321e-04
5.981237045489251614e-04
5.209647933952510357e-04
5.000312812626361847e-04
3.534987918101251125e-04
3.601457865443080664e-04
2.750142593868076801e-04
2.007117436733096838e-04
1.720095024211332202e-04
1.207248715218156576e-04
9.698059875518083572e-05
1.072488812496885657e-04
6.708164437441155314e-05
6.556770676979795098e-05
3.921964525943621993e-05
4.373493993625743315e-06
-8.381311999983154237e-06
-2.421435056021437049e-05
-4.667717803386040032e-05
-3.749200550373643637e-05
-5.085123848402872682e-05
-4.549046207102946937e-05
-4.515935142990201712e-05
-5.698648965335451066e-05
-7.342440221691504121e-05
-7.304994505830109119e-05
-6.896363629493862391e-05
-7.787753565935418010e-05
-8.382930536754429340e-05
-7.966999692143872380e-05
-8.044603600865229964e-05
-8.667055953992530704e-05
-9.099461749428883195e-05
-8.610135409981012344e-05
-9.480677545070648193e-05
-9.625480015529319644e-05
-9.017723641591146588e-05
-9.621792560210451484e-05
-8.844031981425359845e-05
-8.534067455912008882e-05
-9.377007518196478486e-05
-9.119151218328624964e-05
-9.043384488904848695e-05
-9.188157855533063412e-05
-8.977487595984712243e-05
-8.893501944839954376e-05
-9.100850729737430811e-05
-8.925842848839238286e-05
-8.504548168275505304e-05
-8.451753819826990366e-05
-7.998212095117196441e-05
-8.018108928808942437e-05
-7.956862100400030613e-05
-7.669142360100522637e-05
-7.356447895290330052e-05
-7.208258466562256217e-05
-6.943249172763898969e-05
-6.802425195928663015e-05
-6.551557453349232674e-05
-6.427089829230681062e-05
-6.186623795656487346e-05
-6.105145439505577087e-05
-5.878823139937594533e-05
-5.758425322710536420e-05
-5.621086529572494328e-05
-5.414972110884264112e-05
-5.231384784565307200e-05
-5.062641866970807314e-05
-4.921312574879266322e-05
-4.796439316123723984e-05
-4.703447484644129872e-05
-4.494252425502054393e-05
-4.344444823800586164e-05
-4.175250069238245487e-05
-4.086560511495918036e-05
-3.961984839406795800e-05
-3.826052488875575364e-05
-3.680170630104839802e-05
-3.554223803803324699e-05
-3.447523704380728304e-05
-3.307632505311630666e-05
-3.184060187777504325e-05
-3.080733586102724075e-05
-2.960417441499885172e-05
-2.867894909286405891e-05
-2.773280721157789230e-05
-2.667051739990711212e-05
-2.575540020188782364e-05
-2.484343713149428368e-05
-2.399095865257550031e-05
-2.313554068678058684e-05
-2.236054933746345341e-05
-2.156019581889268011e-05
-2.078668512695003301e-05
-2.009560921578668058e-05
-1.935053296620026231e-05
-1.860642805695533752e-05
-1.791618524293880910e-05
-1.728039569570682943e-05
-1.659802910580765456e-05
-1.595501817064359784e-05
-1.536355375719722360e-05
-1.475498720537871122e-05
-1.418927513441303745e-05
-1.364437048323452473e-05
-1.314476321567781270e-05
-1.264542243006872013e-05
-1.217200315295485780e-05
-1.170870109490351751e-05
-1.124986829381668940e-05
-1.083148254110710695e-05
-1.042148869601078331e-05
-1.003154466161504388e-05
-9.651045729697216302e-06
-9.286761269322596490e-06
-8.936819540394935757e-06
-8.599020475230645388e-06
-8.280036126961931586e-06
-7.970318620209582150e-06
-7.665709745197091252e-06
-7.375334917014697567e-06
-7.091445695550646633e-06
-6.826684966654283926e-06
-6.564199793501757085e-06
-6.313657650025561452e-06
-6.072154064895585179e-06
-5.847964530403260142e-06
-5.624551249638898298e-06
-5.409932327893329784e-06
-5.202791271585738286e-06
-5.004561444366117939e-06
-4.813442046724958345e-06
-4.632028776541119441e-06
-4.453863311937311664e-06
-4.282914233044721186e-06
-4.118529432162176818e-06
-3.960455615015234798e-06
-3.808448354902793653e-06
-3.662276640170603059e-06
-3.521713324516895227e-06
-3.386545813555130735e-06
-3.256565605624928139e-06
-3.131574203507625498e-06
-3.011380613315850496e-06
-2.895799980251467787e-06
-2.784656544463359751e-06
-2.677777956705540419e-06
-2.575001417426392436e-06
-2.476169584042509086e-06
-2.381131253059720621e-06
-2.289740677952067927e-06
-2.201856432293425314e-06
-2.117346866725711152e-06
-2.036081014011870138e-06
-1.957933818630408496e-06
-1.882786023088556249e-06
-1.810522348932863679e-06
-1.741032406243903097e-06
-1.674209443081053905e-06
-1.609950345482502598e-06
-1.548158479636185803e-06
-1.488738121224741917e-06
-1.431598434464831371e-06
-1.376652562612434849e-06
-1.323814672105072532e-06
-1.273005068469501566e-06
-1.224145876221882645e-06
-1.177161607301968616e-06
-1.131980752688832581e-06
-1.088533622350951191e-06
-1.046754277922445908e-06
-1.006578827400517184e-06
-9.679449703980935737e-07
-9.307941013503295835e-07
-8.950690926212701015e-07
-8.607152039985521697e-07
-8.276797984763106797e-07
-7.959122285683406517e-07
-7.653642910554481205e-07
-7.359885785263031721e-07
-7.077404688971000724e-07
-6.805765906392480247e-07
-6.544553343701409176e-07
-6.293366823229007423e-07
-6.051820378161210101e-07
-5.819543957841233350e-07
-5.596183427769574337e-07
-5.381394316827936564e-07
-5.174850912226247601e-07
-4.976233753950509708e-07
-4.785239298144006170e-07
-4.601575653850886738e-07
-4.424961161930696107e-07
-4.255125531926751137e-07
-4.091808989414857933e-07
-3.934760570700746030e-07
-3.783739259688445600e-07
-3.638515124748664675e-07
-3.498864487028185977e-07
-3.364573615272092866e-07
-3.235436452087014914e-07
-3.111257456112070940e-07
-2.991843359723134199e-07
-2.877012832414038712e-07
-2.766589943803410279e-07
-2.660405300503043691e-07
-2.558295761900808429e-07
-2.460105008594837273e-07
-2.365683116067884839e-07
-2.274884991493308917e-07
-2.187572363254730590e-07
-2.103610654557996895e-07
-2.022871825602123863e-07
-1.945231815625447780e-07
-1.870571253448360949e-07
-1.798776594341688906e-07
-1.729737135747200227e-07
-1.663347717340002418e-07
-1.599506447291787481e-07
-1.538115697030661977e-07
-1.479081106481316965e-07
-1.422312294607763761e-07
-1.367722290979145328e-07
-1.315227393661189126e-07
-1.264747311324754264e-07
-1.216204594811642892e-07
-1.169524708188873774e-07
-1.124636952454238781e-07
-1.081471694419633423e-07
-1.039963493099094194e-07
-1.000048612809223414e-07
-9.616655916033778340e-08
-9.247556675973100937e-08
-8.892624947520744172e-08
-8.551312902227437007e-08
-8.223101843896074570e-08
-7.907490129355210229e-08
-7.603991036830848316e-08
-7.312142003002009005e-08
-7.031493254316956154e-08
-6.761616333506026422e-08
-6.502099836325214710e-08
-6.252539463957873522e-08
-6.012557918211314245e-08
-5.781786782677045267e-08
-5.559874693972233217e-08
-5.346480591583713249e-08
-5.141275849496196315e-08
-4.943948184177315852e-08
-4.754193483336166537e-08
-4.571720424451086728e-08
-4.396249764226922707e-08
-4.227516470223235956e-08
-4.065258707441898878e-08
-3.909228851739499078e-08
-3.759188160756821162e-08
-3.614905708104743098e-08
-3.476161225535179256e-08
-3.342741550227401603e-08
-3.214441690602143353e-08
-3.091067313221174118e-08
-2.972428525538362010e-08
-2.858343606249036384e-08
-2.748636873661780555e-08
-2.643140994962323020e-08
-2.541694321678278357e-08
-2.444140889679147222e-08
-2.350331662626103935e-08
-2.260122933250841015e-08
-2.173376500991253124e-08
-2.089959849627121002e-08
-2.009744726194639952e-08
-1.932608029164839536e-08
-1.858431808443583577e-08
-1.787102910100202280e-08
-1.718511200010652828e-08
-1.652552406028462428e-08
-1.589125275813785265e-08
-1.528132642647506145e-08
-1.469481336613398526e-08
-1.413080674694811023e-08
-1.358844858856400606e-08
-1.306690489144557432e-08
-1.256538073590718341e-08
-1.208310695943737301e-08
-1.161934282123411322e-08
-1.117337777856164394e-08
-1.074453148675047487e-08
-1.033214402923476882e-08
-9.935583911158119008e-09
-9.554238289410932339e-09
-9.187536065269341634e-09
-8.834905251831060014e-09
-8.495810277509008301e-09
-8.169731557927661925e-09
-7.856169048636729713e-09
-7.554638692397475097e-09
-7.264684409591382064e-09
-6.985856781938082349e-09
-6.717730371974539594e-09
-6.459896617627691739e-09
-6.211956282697883580e-09
-5.973533667713581963e-09
-5.744261510898240886e-09
-5.523791202222128049e-09
-5.311780792993658906e-09
-5.107907874446482310e-09
-4.911861140044493368e-09
-4.723336388678944786e-09
-4.542049847344742375e-09
-4.367717743036791944e-09
-4.200079395388911507e-09
-4.038875456302548628e-09
-3.883859012177026671e-09
-3.734791143017446302e-09
-3.591446029460598766e-09
-3.453602070990768880e-09
-3.321048769322487715e-09
-3.193582953642248867e-09
-3.071007670385483834e-09
-2.953138400485499915e-09
-2.839793289410863508e-09
-2.730799142369733090e-09
-2.625987649551575487e-09
-2.525198494751634826e-09
-2.428278689237117760e-09
-2.335078352899699894e-09
-2.245455155147624282e-09
-2.159272094459652180e-09
-2.076396388162038420e-09
-1.996702359008395433e-09
-1.920066106109175053e-09
-1.846371722180606412e-09
-1.775505742429572820e-09
-1.707359587044265936e-09
-1.641829006082673459e-09
-1.578813746405671736e-09
-1.518216774520908530e-09
-1.459945941917339951e-09
-1.403911431552273825e-09
-1.350027756252814015e-09
-1.298212093381323484e-09
-1.248385061991541534e-09
-1.200470944873188728e-09
-1.154395357083615181e-09
-1.110088354572269509e-09
-1.067481880667742189e-09
-1.026510543233882800e-09
-9.871120587590098694e-10
-9.492255870213739399e-10
-9.127930078456358842e-10
-8.777589211028669069e-10
-8.440694809763726880e-10
-8.116731176066593889e-10
-7.805202595356774964e-10
-7.505628896176119724e-10
-7.217552666638482606e-10
-6.940534258426112046e-10
-6.674148456120576611e-10
-6.417987252760326555e-10
-6.171656519171619948e-10
-5.934781555083645799e-10
-5.706996542009790119e-10
-5.487956200589394484e-10
-5.277320802576923597e-10
-5.074771158852797726e-10
-4.879994741635584887e-10
-4.692695121377710166e-10
-4.512581697202477926e-10
-4.339383297136123474e-10
-4.172831802318199834e-10
-4.012673249231824002e-10
-3.858662556144309974e-10
-3.710562690439900280e-10
-3.568147166621571387e-10
-3.431196160530447514e-10
-3.299502893128192227e-10
-3.172863916045542965e-10
-3.051086050476214950e-10
-2.933981946284802689e-10
-2.821371747341316905e-10
-2.713084479299965324e-10
-2.608953053595541860e-10
-2.508817598112500491e-10
-2.412526012296467570e-10
-2.319929942595777561e-10
-2.230887141685400366e-10
-2.145262578689965949e-10
-2.062924830958934308e-10
-1.983747333067498175e-10
-1.907608931928095330e-10
-1.834392360233749741e-10
-1.763986040570486580e-10
-1.696281309859770658e-10
-1.631176027583336463e-10
-1.568569302223821182e-10
-1.508365793378985131e-10
-1.450472936204150187e-10
-1.394802190413102494e-10
-1.341267930055067836e-10
-1.289788414959858187e-10
-1.240284264181212848e-10
-1.192680676442847698e-10
-1.146904238247259400e-10
-1.102884658599201373e-10
-1.060554699616744756e-10
-1.019849274475070899e-10
-9.807063494626788724e-11
-9.430656255915437214e-11
-9.068695794312020553e-11
-8.720629079972397335e-11
-8.385916960840233969e-11
-8.064054979328716399e-11
-7.754545616744934478e-11
-7.456914946635251340e-11
-7.170707777559570673e-11
-6.895486265312555929e-11
-6.630828525144849550e-11
-6.376329325652463353e-11
-6.131594537661655409e-11
-5.896257093684909023e-11
-5.669953742626354654e-11
-5.452334070343844985e-11
-5.243067091598163643e-11
-5.041831188656864526e-11
-4.848319315464699741e-11
-4.662234834307277254e-11
-4.483292556645146476e-11
-4.311219437003188659e-11
-4.145749368800188961e-11
-3.986630817132130744e-11
-3.833617451265425302e-11
-3.686478552977767720e-11
-3.544986873493805035e-11
-3.408924878489649757e-11
-3.278086829761051035e-11
-3.152269764661319584e-11
-3.031281822774012369e-11
-2.914938082576590261e-11
-2.803060041023375248e-11
-2.695474746183812442e-11
-2.592019134051160023e-11
-2.492534130482670918e-11
-2.396867253284806765e-11
-2.304872612213237915e-11
-2.216408827304672258e-11
-2.131340937072678798e-11
-2.049537102533083299e-11
-1.970873464429701016e-11
-1.895228765591561171e-11
-1.822487473435163707e-11
-1.752538392185698513e-11
-1.685272928153569438e-11
-1.620590467377169830e-11
-1.558390742839588228e-11
-1.498577650860255517e-11
-1.441060638873725708e-11
-1.385750975774202587e-11
-1.332564180528406084e-11
-1.281418807869139087e-11
-1.232235841142070853e-11
-1.184940860710081978e-11
-1.139461268395702831e-11
-1.095727328315199145e-11
-1.053672253614745813e-11
-1.013230905427819906e-11
-9.743417010710242465e-12
-9.369454864738280264e-12
-9.009844086083074188e-12
-8.664034767402739590e-12
-8.331496083313627565e-12
-8.011723229284228864e-12
-7.704226145932580039e-12
-7.408526916941049478e-12
-7.124178851014573155e-12
-6.850744364156335919e-12
-6.587804086966020378e-12
-6.334955563597199912e-12
-6.091811083352993705e-12
-5.858000282771280709e-12
-5.633162339369057747e-12
-5.416955078940688395e-12
-5.209046301940523094e-12
-5.009117686610720099e-12
-4.816862186896031517e-12
-4.631985767167279278e-12
-4.454204366455272179e-12
-4.283246934216888846e-12
-4.118850659845518791e-12
-3.960764442118014372e-12
-3.808745853428607830e-12
-3.662561139788911291e-12
-3.521987172391827237e-12
-3.386808628685900047e-12
-3.256818642896619487e-12
-3.131818155505117218e-12
-3.011615479567297804e-12
-2.896025650192535217e-12
-2.784872809788452308e-12
-2.677986304933099859e-12
-2.575201336896260074e-12
-2.476361780565095039e-12
-2.381316714997194772e-12
-2.289918688697101246e-12
-2.202028490105867320e-12
-2.117512328675408284e-12
-2.036240100145025878e-12
-1.958086687584015273e-12
-1.882933045593837562e-12
-1.810663706643123039e-12
-1.741167756849626436e-12
-1.674339811762182162e-12
-1.610076546913752349e-12
-1.548279950427944307e-12
-1.488855371455100052e-12
-1.431711303331861806e-12
-1.376760467783344488e-12
-1.323918622300745973e-12
-1.273104993822216091e-12
-1.224241736631770383e-12
-1.177254040779507349e-12
-1.132069698400739455e-12
-1.088619537396862125e-12
-1.046837096174701998e-12
-1.006658189965647932e-12
-9.680213445065199984e-13
-9.308673623587004897e-13
-8.951392686980252922e-13
-8.607826907855442577e-13
-8.277446111350228453e-13
-7.959746685555491030e-13
-7.654243992100129290e-13
-7.360464776735853309e-13
-7.077961263965426575e-13
-6.806301399223113613e-13
-6.545065054167076291e-13
-6.293857037105443641e-13
-6.052290829963724583e-13
-5.819996719801101559e-13
-5.596619088304999323e-13
-5.381814785487826214e-13
-5.175254755990232880e-13
-4.976623496980026040e-13
-4.785613095040219811e-13
-4.601934610291846806e-13
-4.425305337018431429e-13
-4.255456664131740396e-13
-4.092127569958747824e-13
-3.935066519595437073e-13
-3.784034446462775092e-13
-3.638798789194763739e-13
-3.499136202143870999e-13
-3.364833368532660351e-13
-3.235686729403247641e-13
-3.111497062606438657e-13
-2.992073819610419072e-13
-2.877234041298581957e-13
-2.766802629020070903e-13
-2.660609091983262564e-13
-2.558491613013913479e-13
-2.460292711746470129e-13
-2.365863310382215756e-13
-2.275058938981666667e-13
-2.187739599939300672e-13
-2.103771529812087371e-13
-2.023026250642587232e-13
-1.945380298908408467e-13
-1.870714141320034551e-13
-1.798913801124082945e-13
-1.729869367325317930e-13
-1.663474588110835928e-13
-1.599628497153324225e-13
-1.538233109681444444e-13
-1.479193286954560982e-13
-1.422419853343986906e-13
-1.367825530574837134e-13
-1.315326428504015599e-13
-1.264842451696029935e-13
-1.216296079695547427e-13
-1.169613180179024381e-13
-1.124722060277805191e-13
-1.081553873153937029e-13
-1.040042482474898278e-13
-1.000124191363055415e-13
-9.617381489714776910e-14
-9.248255373323077677e-14
-8.893296391193974970e-14
-8.551961086988510430e-14
-8.223727010784817604e-14
-7.908091363825406339e-14
-7.604568965638089373e-14
-7.312692254035982331e-14
-7.032022804765586388e-14
-6.762124226452476128e-14
-6.502584522271107059e-14
-6.253007958428521973e-14
-6.013011676032561925e-14
-5.782224335839150631e-14
-5.560295943834482613e-14
-5.346884976334224937e-14
-5.141664478620737444e-14
-4.944321726129893846e-14
-4.754551109374324791e-14
-4.572065992404679424e-14
-4.396584143842932613e-14
-4.227838578904109801e-14
-4.065569089066814468e-14
-3.909527324270911652e-14
-3.759474760038454544e-14
-3.615181342220968874e-14
-3.476426842252168525e-14
-3.342995097323914200e-14
-3.214686885287011686e-14
-3.091303322805445675e-14
-2.972656029751746809e-14
-2.858561030569771455e-14
-2.748846716384405892e-14
-2.643342833573252004e-14
-2.541888276469742025e-14
-2.444327529824760065e-14
-2.350509991180284308e-14
-2.260294375440712739e-14
-2.173541260982927298e-14
-2.090118680073745766e-14
-2.009897206078827686e-14
-1.932754527440589537e-14
-1.858573245392541873e-14
-1.787239010486805363e-14
-1.718642216660005301e-14
-1.652678848266218858e-14
-1.589247091945186069e-14
-1.528250047127741040e-14
-1.469593862563327996e-14
-1.413189176276011608e-14
-1.358949167388698309e-14
-1.306790996079146630e-14
-1.256634702437135764e-14
-1.208403545277644472e-14
-1.162023578624377454e-14
-1.117423736413060073e-14
-1.074535663084848908e-14
-1.033293882992921200e-14
-9.936347839629381534e-15
-9.554978878424658095e-15
-9.188250034680277983e-15
-8.835592949288633563e-15
-8.496472297427060116e-15
-8.170368000865943503e-15
-7.856779463133456431e-15
-7.555228110614400222e-15
-7.265249769253679518e-15
-6.986399323237512185e-15
-6.718253679608744700e-15
-6.460399062772643336e-15
-6.212441602408734845e-15
-5.974001404240175672e-15
-5.744711703000804706e-15
-5.524222250566932294e-15
-5.312195504309077596e-15
-5.108307474124915842e-15
-4.912244757823962943e-15
-4.723705811676996366e-15
-4.542405185580791413e-15
-4.368061241080386028e-15
-4.200410974445657752e-15
-4.039193076012378633e-15
-3.884164023808213059e-15
-3.735084954542035318e-15
-3.591728016351034003e-15
-3.453871921877738928e-15
-3.321308089258888721e-15
-3.193831536521247842e-15
-3.071248293119895056e-15
-2.953370741257013536e-15
-2.840016557090706793e-15
-2.731013792932682205e-15
-2.626193253951725724e-15
-2.525396968503174425e-15
-2.428469294282970328e-15
-2.335261788767107119e-15
-2.245631726903972447e-15
-2.159441677597874303e-15
-2.076559927225514642e-15
-1.996858997328331692e-15
-1.920216703403684021e-15
-1.846516366663087348e-15
-1.775644590570728005e-15
-1.707492213755528593e-15
-1.641956321714397714e-15
-1.578936011647493701e-15
-1.518334510040592750e-15
-1.460059278544207327e-15
-1.404020214028573257e-15
-1.350132189682491483e-15
-1.298311878639775863e-15
-1.248481247990160595e-15
-1.200562794218971909e-15
-1.154483672492745937e-15
-1.110173155560386943e-15
-1.067563480786114585e-15
-1.026589108995635061e-15
-9.871874656299699582e-16
-9.492975643169169683e-16
-9.128624420907732392e-16
-8.778257712605463600e-16
-8.441336593549672758e-16
-8.117348608807271014e-16
-7.805795067730562399e-16
-7.506199514286716369e-16
-7.218102962497439500e-16
-6.941062837647791420e-16
-6.674657211450921081e-16
-6.418472625949449978e-16
-6.172123681152377403e-16
-5.935229212233438922e-16
-5.707426583212091287e-16
-5.488367451788776167e-16
-5.277716710553736080e-16
-5.075150898800238290e-16
-4.880360320106942942e-16
-4.693043748381982728e-16
-4.512919545170395591e-16
-4.339709513088567698e-16
-4.173146307362521909e-16
-4.012975818108081936e-16
-3.858952670468340047e-16
-3.710841018707045124e-16
-3.568414281510806640e-16
-3.431454347895706615e-16
-3.299751312509503591e-16
-3.173102946236040604e-16
-3.051315754986429251e-16
-2.934201538627701465e-16
-2.821583214334321896e-16
-2.713287405049899428e-16
-2.609147351162943371e-16
-2.509005292787027611e-16
-2.412706381711482223e-16
-2.320104240055109821e-16
-2.231055931008061244e-16
-2.145425929298775802e-16
-2.063081621331448994e-16
-1.983897937397462803e-16
-1.907753381208445440e-16
-1.834531088687455414e-16
-1.764119754411267588e-16
-1.696410719934616997e-16
-1.631300753117057023e-16
-1.568689268796101218e-16
-1.508481108114081482e-16
-1.450583626842391876e-16
-1.394908415917162732e-16
-1.341370110299178577e-16
-1.289886124276082117e-16
-1.240379033742538390e-16
-1.192772341035498490e-16
-1.146991930772077667e-16
-1.102969180048658522e-16
-1.060635929182766684e-16
-1.019927393388827001e-16
-9.807813686847754856e-17
-9.431375039731202683e-17
-9.069384921810236754e-17
-8.721289452946691563e-17
-8.386555267081592917e-17
-8.064671497468628067e-17
-7.755139188762305027e-17
-7.457485855396733506e-17
-7.171259525885214530e-17
-6.896018816652889805e-17
-6.631340211226132179e-17
-6.376820045466015776e-17
-6.132069213612395650e-17
-5.896715153517377919e-17
-5.670390596988989038e-17
-5.452754414742612139e-17
-5.243471433194040734e-17
-5.042220375393359228e-17
-4.848693199280452873e-17
-4.662593112451537643e-17
-4.483637880881610445e-17
-4.311549571884853462e-17
-4.146067458132189978e-17
-3.986936767994953663e-17
-3.833913979500808904e-17
-3.686763842483545620e-17
-3.545261694688794409e-17
-3.409190483923821356e-17
-3.278342422418753141e-17
-3.152515347231881805e-17
-3.031517683333340065e-17
-2.915164804010406086e-17
-2.803277045634033351e-17
-2.695683512689668403e-17
-2.592219596235413191e-17
-2.492727139338147575e-17
-2.397053113584549246e-17
-2.305051604314563849e-17
-2.216580832771199795e-17
-2.131505803078488431e-17
-2.049695986135768888e-17
-1.971025815926055616e-17
-1.895375351260528428e-17
-1.822628952289552409e-17
-1.752674122449820348e-17
-1.685404320878435415e-17
-1.620716646307196013e-17
-1.558511837062595779e-17
-1.498694271065823582e-17
-1.441172627577253570e-17
-1.385858729143587588e-17
-1.332667376161732675e-17
-1.281518083958087421e-17
-1.232331856784153013e-17
-1.185033421204187125e-17
-1.139550729786836388e-17
-1.095813389461972539e-17
-1.053754729472223804e-17
-1.013310312447872303e-17
-9.744181825610378139e-18
-9.370188655256777736e-18
-9.010550377253422576e-18
-8.664714434951127235e-18
-8.332152259938470330e-18
-8.012356790499956853e-18
-7.704832545448667543e-18
-7.409110513377284831e-18
-7.124739880851967317e-18
-6.851281001377143069e-18
-6.588319457465923018e-18
-6.335450757798768734e-18
-6.092287368258699124e-18
-5.858459539111902985e-18
-5.633604551659775813e-18
-5.417379953128720655e-18
-5.209455284864022577e-18
-5.009508360017092174e-18
-4.817237257664347592e-18
-4.632345433556188570e-18
-4.454550819103734525e-18
-4.283580031114536682e-18
-4.119171680515028284e-18
-3.961073063628074381e-18
-3.809043470895422042e-18
-3.662846328661881101e-18
-3.522261193294206176e-18
-3.387071550267061513e-18
-3.257071638403074545e-18
-3.132061693584313717e-18
-3.011849189523207311e-18
-2.896251319304381108e-18
-2.785089618710676793e-18
-2.678193688535908441e-18
-2.575400367404249969e-18
-2.476552904589622576e-18
-2.381499719244775922e-18
-2.290094607196441258e-18
-2.202197981716250261e-18
-2.117675219159509925e-18
-2.036396038579743149e-18
-1.958236569680220117e-18
-1.883076457681814364e-18
-1.810801138069687294e-18
-1.741300802617522494e-18
-1.674467711050534932e-18
-1.610199603165497739e-18
-1.548398251264670244e-18
-1.488968839770338556e-18
-1.431820482212698411e-18
-1.376865394049242619e-18
-1.324019719845373616e-18
-1.273201982310754930e-18
-1.224335046853265991e-18
-1.177343743434741041e-18
-1.132155693751581693e-18
-1.088701931620216335e-18
-1.046915972398911020e-18
-1.006733916385346026e-18
-9.680941386238861514e-19
-9.309373923031572865e-19
-8.952067053584698413e-19
-8.608476906645484543e-19
-8.278073569634014470e-19
-7.960351428400865158e-19
-7.654821929396747473e-19
-7.361020300514983184e-19
-7.078494694345965199e-19
-6.806814459983283098e-19
-6.545560320253949066e-19
-6.294334711476054802e-19
-6.052750926713231768e-19
-5.820438802641362482e-19
-5.597040066657634916e-19
-5.382219710613965092e-19
-5.175643243350151880e-19
-4.976994268281893747e-19
-4.785971381473491683e-19
-4.602281450795372210e-19
-4.425640132911970224e-19
-4.255779111112088836e-19
-4.092436789527008153e-19
-3.935363721503255150e-19
-3.784320024663189451e-19
-3.639072537471647671e-19
-3.499400247608713297e-19
-3.365088863596946811e-19
-3.235932882752917069e-19
-3.111734298717494192e-19
-2.992301825974025291e-19
-2.877453226293807278e-19
-2.767012982290614057e-19
-2.660812038926755102e-19
-2.558685477067602654e-19
-2.460480009805892980e-19
-2.366043642704069462e-19
-2.275232653130701010e-19
-2.187905903393770764e-19
-2.103931820077094508e-19
-2.023180509975107276e-19
-1.945528412983808957e-19
-1.870856751137115766e-19
-1.799050106890182414e-19
-1.730000300528523449e-19
-1.663600444807360535e-19
-1.599749856336509483e-19
-1.538349402689434641e-19
-1.479305250565399526e-19
-1.422528090307642552e-19
-1.367929516988197114e-19
-1.315426683298837200e-19
-1.264939197623780310e-19
-1.216389253286658176e-19
-1.169702791773253160e-19
-1.124808210261791140e-19
-1.081636749363853646e-19
-1.040122170006951079e-19
-1.000200947304978782e-19
-9.618120120642756136e-20
-9.248962984192264583e-20
-8.893978424315132756e-20
-8.552617787620690718e-20
-8.224357623877557256e-20
-7.908697747309079210e-20
-7.605152189305381678e-20
-7.313257599476464252e-20
-7.032567429538519009e-20
-6.762648055904809166e-20
-6.503089765678179551e-20
-6.253494478188839021e-20
-6.013477683698921128e-20
-5.782673613281312581e-20
-5.560728776471117672e-20
-5.347299699443670827e-20
-5.142064880359327412e-20
-4.944706048552710580e-20
-4.754922704816916299e-20
-4.572423720350417119e-20
-4.396928306109342499e-20
-4.228168597746893041e-20
-4.065885778204219145e-20
-3.909832662649835240e-20
-3.759768528600791321e-20
-3.615463316449221080e-20
-3.476698598814622231e-20
-3.343257887021053162e-20
-3.214940202029057630e-20
-3.091546503503740062e-20
-2.972889383337568913e-20
-2.858785633949560759e-20
-2.749062064398962309e-20
-2.643548876478001448e-20
-2.542086288619136194e-20
-2.444517427311665573e-20
-2.350693820097984852e-20
-2.260471679723177587e-20
-2.173712227252442400e-20
-2.090282661423373317e-20
-2.010054543058825874e-20
-1.932906056888904567e-20
-1.858718941935408454e-20
-1.787379137746684717e-20
-1.718777753749908991e-20
-1.652808968987811309e-20
-1.589372132381950160e-20
-1.528370147145578597e-20
-1.469709147666217458e-20
-1.413299630416649092e-20
-1.359055484602637020e-20
-1.306892538134505437e-20
-1.256732192698190467e-20
-1.208497223228692040e-20
-1.162113555055921181e-20
-1.117510587022126781e-20
-1.074619010439264847e-20
-1.033373717145839504e-20
-9.937112145674887735e-21
-9.555714836421885433e-21
-9.188952323221249539e-21
-8.836269651892487935e-21
-8.497123177365045749e-21
-8.170992680581809555e-21
-7.857381368499107367e-21
-7.555805372770338342e-21
-7.265801019888075296e-21
-6.986931293532600271e-21
-6.718764428042380460e-21
-6.460890064285407136e-21
-6.212913595104227023e-21
-5.974454549728808407e-21
-5.745148209363675024e-21
-5.524643183807205229e-21
-5.312599795864498095e-21
-5.108696139799125514e-21
-4.912615964429628005e-21
-4.724064021207286689e-21
-4.542747888860866999e-21
-4.368390494196906349e-21
-4.200725669235095928e-21
-4.039496535621146808e-21
-3.884455100730006468e-21
-3.735364681046559639e-21
-3.591995459301010094e-21
-3.454130542920632747e-21
-3.321557482197320716e-21
-3.194072309255420057e-21
-3.071479941948513235e-21
-2.953592770220676967e-21
-2.840229848312915279e-21
-2.731218308401901660e-21
-2.626390937219278221e-21
-2.525586781896830909e-21
-2.428651957760056452e-21
-2.335437426895853253e-21
-2.245800411791263552e-21
-2.159603183643123001e-21
-2.076715081841978034e-21
-1.997007667210684186e-21
-1.920360174610982984e-21
-1.846654464233708529e-21
-1.775777848876271809e-21
-1.707621276407135072e-21
-1.642081349249729189e-21
-1.579056083466227188e-21
-1.518449856493141800e-21
-1.460169772070274196e-21
-1.404126468034280942e-21
-1.350234419241261596e-21
-1.298410826850604160e-21
-1.248576628066943765e-21
-1.200654577630441168e-21
-1.154571873145875332e-21
-1.110257933650334324e-21
-1.067644803509998785e-21
-1.026667455342729535e-21
-9.872622754051295537e-22
-9.493700928184200220e-22
-9.129324435231932007e-22
-8.778929839181545843e-22
-8.441983491407877818e-22
-8.117970423511999654e-22
-7.806392832708280686e-22
-7.506774120792222585e-22
-7.218653845430665953e-22
-6.941590244516687022e-22
-6.675162255653515025e-22
-6.418961438218862731e-22
-6.172595507461781836e-22
-5.935683790663848888e-22
-5.707863285590917386e-22
-5.488789670235076462e-22
-5.278123166427229324e-22
-5.075542676224514809e-22
-4.880736189361699904e-22
-4.693406841702931837e-22
-4.513269381144882691e-22
-4.340043604294017962e-22
-4.173467735547549109e-22
-4.013285300447970677e-22
-3.859250679263833052e-22
-3.711127087505825096e-22
-3.568688847846181180e-22
-3.431718613328294812e-22
-3.300004338140842583e-22
-3.173346345811494952e-22
-3.051550008577715790e-22
-2.934428019306169420e-22
-2.821801401234679300e-22
-2.713497740923800324e-22
-2.609350178514860144e-22
-2.509200941826814558e-22
-2.412894783033516071e-22
-2.320284784679976322e-22
-2.231229582891979705e-22
-2.145592105198635017e-22
-2.063241463798547988e-22
-1.984051440946883256e-22
-1.907901246261833379e-22
-1.834673623458446308e-22
-1.764256869832542745e-22
-1.696542311905819445e-22
-1.631427082216235588e-22
-1.568810837656647061e-22
-1.508597778958723825e-22
-1.450695767168736064e-22
-1.395016576083043862e-22
-1.341474251417414337e-22
-1.289986751637704503e-22
-1.240475695524371601e-22
-1.192864847559535072e-22
-1.147081253886680077e-22
-1.103054863657422991e-22
-1.060718402813766565e-22
-1.020006427455013663e-22
-9.808574064305570487e-23
-9.432108814406205819e-23
-9.070092340846869203e-23
-8.721973703171354285e-23
-8.387213951609214069e-23
-8.065302535382589516e-23
-7.755745943109174362e-23
-7.458070858245835999e-23
-7.171821003644994594e-23
-6.896559034820795619e-23
-6.631860860150592257e-23
-6.377321951762187173e-23
-6.132554821178935807e-23
-5.897179552988883719e-23
-5.670837688796698482e-23
-5.453184023070255380e-23
-5.243882501063930262e-23
-5.042615054060738017e-23
-4.849072764130194097e-23
-4.662958388483211224e-23
-4.483988883826996099e-23
-4.311888148844721368e-23
-4.146392703994043213e-23
-3.987249482696566733e-23
-3.834213306982949238e-23
-3.687050989569607398e-23
-3.545537547326372178e-23
-3.409455254643402581e-23
-3.278597114419168612e-23
-3.152760862717571605e-23
-3.031754333022099720e-23
-2.915392616336569152e-23
-2.803495536830227423e-23
-2.695893647180633060e-23
-2.592420813281146516e-23
-2.492920682900352987e-23
-2.397239585933915421e-23
-2.305230478709100621e-23
-2.216753259529141335e-23
-2.131671613229615372e-23
-2.049854904444618132e-23
-1.971178493151124697e-23
-1.895521683630636250e-23
-1.822769144418809480e-23
-1.752809172811465093e-23
-1.685533852636768852e-23
-1.620841263065766205e-23
-1.558631376535675125e-23
-1.498809056421325960e-23
-1.441282637085532028e-23
-1.385963923879089619e-23
-1.332768982001683218e-23
-1.281616006577441407e-23
-1.232426032629751561e-23
-1.185124039486527163e-23
-1.139637609716668923e-23
-1.095896850243974261e-23
-1.053834944549770955e-23
-1.013387600470283495e-23
-9.744923402218183752e-24
-9.370902358947555867e-24
-9.011237006430139954e-24
-8.665371986588660422e-24
-8.332784284642955740e-24
-8.012960352143727029e-24
-7.705411884190642483e-24
-7.409667930823285157e-24
-7.125275685882058191e-24
-6.851796542703658702e-24
-6.588816743743298270e-24
-6.335930814495693295e-24
-6.092750240965022427e-24
-5.858901891943116130e-24
-5.634030385592172336e-24
-5.417789017544346411e-24
-5.209848043941255973e-24
-5.009887581685833901e-24
-4.817602736038212273e-24
-4.632697289728480600e-24
-4.454888436122117150e-24
-4.283902440485010231e-24
-4.119481345301152572e-24
-3.961370742928610396e-24
-3.809327269778123023e-24
-3.663120972895818527e-24
-3.522527026923708919e-24
-3.387327706251953200e-24
-3.257318498690872823e-24
-3.132298441924862735e-24
-3.012076631614859452e-24
-2.896469854815625393e-24
-2.785298842886449083e-24
-2.678395765669744753e-24
-2.575595751236321210e-24
-2.476741027405134252e-24
-2.381681316173739277e-24
-2.290269100552859955e-24
-2.202365738238403694e-24
-2.117836334015577700e-24
-2.036551120265473118e-24
-1.958385062534612416e-24
-1.883219634471986137e-24
-1.810939465170205709e-24
-1.741433719672087580e-24
-1.674595112894521692e-24
-1.610322276211187145e-24
-1.548516207578478701e-24
-1.489082342295382993e-24
-1.431929566927346993e-24
-1.376969726268212253e-24
-1.324119891315317415e-24
-1.273298316357358950e-24
-1.224427791633238353e-24
-1.177432882318893864e-24
-1.132241210426271455e-24
-1.088784638094682662e-24
-1.046995717716731088e-24
-1.006810650166706984e-24
-9.681682001168425678e-25
-9.310086113535673488e-25
-8.952753817145448718e-25
-8.609136853668622764e-25
-8.278707672374829076e-25
-7.960960909246660441e-25
-7.655408949637077123e-25
-7.361584886497801435e-25
-7.079038083036725873e-25
-6.807336637908241935e-25
-6.546063440908714009e-25
-6.294817159052610907e-25
-6.053215194800900437e-25
-5.820884811375865671e-25
-5.597472993522420207e-25
-5.382636586746792904e-25
-5.176044269468790938e-25
-4.977380990364391667e-25
-4.786344024061216528e-25
-4.602638040757873403e-25
-4.425983980909140362e-25
-4.256110673578847680e-25
-4.092754589920844963e-25
-3.935669950459349290e-25
-3.784614180466005199e-25
-3.639356291607002664e-25
-3.499674416752748275e-25
-3.365352112192372016e-25
-3.236185753204713714e-25
-3.111976398930237945e-25
-2.992535462308790311e-25
-2.877678300584742518e-25
-2.767229145687650010e-25
-2.661019871637087560e-25
-2.558886543276188924e-25
-2.460673607095205836e-25
-2.366229946926981895e-25
-2.275411102618248503e-25
-2.188077790915427576e-25
-2.104096645021730185e-25
-2.023338365704409950e-25
-1.945680063225575410e-25
-1.871002175854279005e-25
-1.799190811797329452e-25
-1.730136023566061572e-25
-1.663731314938270528e-25
-1.599875366591441997e-25
-1.538469940690972675e-25
-1.479421360004367567e-25
-1.422639521825108459e-25
-1.368037035156038838e-25
-1.315530206785495410e-25
-1.265038548249242346e-25
-1.216485022349504155e-25
-1.169794810559801282e-25
-1.124896422360598072e-25
-1.081721325460753452e-25
-1.040203452759455159e-25
-1.000278709308153989e-25
-9.618866363140357356e-26
-9.249681924687252647e-26
-8.894668016541762566e-26
-8.553281680533965464e-26
-8.224995982231076994e-26
-7.909309255401183167e-26
-7.605737090144671707e-26
-7.313820344762800696e-26
-7.033106040532650257e-26
-6.763166466932170872e-26
-6.503588088283703714e-26
-6.253972776349145053e-26
-6.013939042925110667e-26
-5.783115876867113797e-26
-5.561150755958133804e-26
-5.347706565420705146e-26
-5.142454818643513137e-26
-4.945081820157215984e-26
-4.755283735253787155e-26
-4.572770595920799709e-26
-4.397262294907141967e-26
-4.228490126466973020e-26
-4.066195245615767225e-26
-3.910130208874269710e-26
-3.760052811292674336e-26
-3.615737179807103367e-26
-3.476960522841590089e-26
-3.343509909581483048e-26
-3.215181037378281646e-26
-3.091778539898427243e-26
-2.973111981189018829e-26
-2.858999861612097350e-26
-2.749266844505525792e-26
-2.643746837670900200e-26
-2.542277446695309843e-26
-2.444701669769688273e-26
-2.350871133251119897e-26
-2.260641777579764550e-26
-2.173875398022813005e-26
-2.090439336525695867e-26
-2.010205711340105825e-26
-1.933051417023997647e-26
-1.858858894813565936e-26
-1.787513821507311865e-26
-1.718906804284394240e-26
-1.652932456258256190e-26
-1.589490937220580683e-26
-1.528483947707006192e-26
-1.469818889005806580e-26
-1.413405627595584524e-26
-1.359157419591644824e-26
-1.306991527043576602e-26
-1.256827831265693351e-26
-1.208589140985824030e-26
-1.162201962717290823e-26
-1.117595191126546951e-26
-1.074700263107572230e-26
-1.033452005191048596e-26
-9.937868616888112697e-27
-9.556444354378042676e-27
-9.189655618701360137e-27
-8.836944660546170537e-27
-8.497772219528045451e-27
-8.171615983446067059e-27
-7.857980603118538965e-27
-7.556378433083542321e-27
-7.266356494618157248e-27
-6.987466431231330398e-27
-6.719279916103430051e-27
-6.461384800226357337e-27
-6.213390119821401648e-27
-5.974912229643641046e-27
-5.745588284491552976e-27
-5.525065068813336819e-27
-5.313003618938780421e-27
-5.109083074939148869e-27
-4.912990280605484799e-27
-4.724425176052452679e-27
-4.543095790300483404e-27
-4.368725174623574089e-27
-4.201048706247365929e-27
-4.039807540187333279e-27
-3.884754772224605694e-27
-3.735652742604045792e-27
-3.592273036034249244e-27
-3.454398022431500294e-27
-3.321813538385983081e-27
-3.194318324218509139e-27
-3.071716705446728724e-27
-2.953820518715075204e-27
-2.840448919201770617e-27
-2.731428573211820112e-27
-2.626593080398028631e-27
-2.525780855238062087e-27
-2.428838208522358376e-27
-2.335617036238194122e-27
-2.245973471418723597e-27
-2.159770387851906430e-27
-2.076876051929546534e-27
-1.997163159682319913e-27
-1.920509799744746855e-27
-1.846798490390219739e-27
-1.775915986938008594e-27
-1.707754244718233298e-27
-1.642208300548924745e-27
-1.579178294962466458e-27
-1.518567353682655758e-27
-1.460283032072162059e-27
-1.404235485499079696e-27
-1.350339395266872313e-27
-1.298511657498439603e-27
-1.248673212769564468e-27
-1.200747601661454736e-27
-1.154661349946732034e-27
-1.110343968589431789e-27
-1.067727664855511569e-27
-1.026747053423359429e-27
-9.873391563837939060e-28
-9.494440773155445566e-28
-9.130033642447992283e-28
-8.779611652031706913e-28
-8.442639393382049805e-28
-8.118601680238897372e-28
-7.806997770816708935e-28
-7.507356293761595716e-28
-7.219214544404418682e-28
-6.942132447752885351e-28
-6.675686299219230529e-28
-6.419464912760327542e-28
-6.173078287562437975e-28
-5.936148459873975834e-28
-5.708311428935451929e-28
-5.489219564391904366e-28
-5.278537272950523667e-28
-5.075940516898166682e-28
-4.881120184478759259e-28
-4.693778238033407472e-28
-4.513625306587967140e-28
-4.340385982160390888e-28
-4.173796412348297664e-28
-4.013600689210327015e-28
-3.859552534454840423e-28
-3.711417947593594838e-28
-3.568968224445694277e-28
-3.431987179374881273e-28
-3.300263682311002373e-28
-3.173595269868653871e-28
-3.051789589794640091e-28
-2.934657419471924987e-28
-2.822021332604381886e-28
-2.713708717720745080e-28
-2.609553463363311172e-28
-2.509395717346696020e-28
-2.413082368240320839e-28
-2.320465600920953909e-28
-2.231403859537682767e-28
-2.145759440099483728e-28
-2.063402342335110651e-28
-1.984205454868233981e-28
-1.908049370042301707e-28
-1.834816245018841636e-28
-1.764393774007971688e-28
-1.696674466044670749e-28
-1.631553959800077337e-28
-1.568932588399569412e-28
-1.508714777569656757e-28
-1.450807841931765736e-28
-1.395124031302805207e-28
-1.341577521429628413e-28
-1.290085978807112799e-28
-1.240570921790024586e-28
-1.192956276145560479e-28
-1.147169217647698333e-28
-1.103139209112224968e-28
-1.060798963361708354e-28
-1.020084322854876092e-28
-9.809323939419817845e-29
-9.432829913122633318e-29
-9.070786379939429270e-29
-8.722639033158086750e-29
-8.387854029072145921e-29
-8.065916783274590818e-29
-7.756337989188925559e-29
-7.458639173594591440e-29
-7.172367742954657461e-29
-6.897084946353667904e-29
-6.632364671791427094e-29
-6.377805483245151816e-29
-6.133016778047996034e-29
-5.897622999860804237e-29
-5.671264240525219060e-29
-5.453593832651250801e-29
-5.244277145911062177e-29
-5.042994596304506432e-29
-4.849439840599804471e-29
-4.663312253169699599e-29
-4.484327759347394698e-29
-4.312214321528245071e-29
-4.146705619712128421e-29
-3.987550380226612977e-29
-3.834503047003789364e-29
-3.687330702891008252e-29
-3.545806750193250331e-29
-3.409714521791772035e-29
-3.278843369098906012e-29
-3.152997990781229243e-29
-3.031981881799103467e-29
-2.915609972321935225e-29
-2.803705618462637749e-29
-2.696096389305877619e-29
-2.592617076173612868e-29
-2.493109241235262265e-29
-2.397420766117874599e-29
-2.305404648199913438e-29
-2.216920655707303086e-29
-2.131831867058059764e-29
-2.050009636150429481e-29
-1.971327724295088728e-29
-1.895665610407236399e-29
-1.822908190080039976e-29
-1.752942465392543613e-29
-1.685662359734529107e-29
-1.620964504834762550e-29
-1.558750046320317190e-29
-1.498922838157250572e-29
-1.441392000526311921e-29
-1.386069662873788571e-29
-1.332870813448229054e-29
-1.281713449763720007e-29
-1.232519857537739867e-29
-1.185214353742005292e-29
-1.139724415077047949e-29
-1.095980452277299160e-29
-1.053914832099790014e-29
-1.013464284736581850e-29
-9.745661422328436332e-30
-9.371611972891131448e-30
-9.011918977019741259e-30
-8.666027977538869910e-30
-8.333416114561271647e-30
-8.013570308312699558e-30
-7.705998543877673466e-30
-7.410234385097787087e-30
-7.125819671294863928e-30
-6.852321820547801385e-30
-6.589321792630418330e-30
-6.336416345960608686e-30
-6.093216909125764637e-30
-5.859351461673737945e-30
-5.634462277163686372e-30
-5.418204794691496890e-30
-5.210247242731593414e-30
-5.010272143769705864e-30
-4.817971800404562995e-30
-4.633052809246199566e-30
-4.455230042384880122e-30
-4.284233794396751997e-30
-4.119800378389038737e-30
-3.961677768372924042e-30
-3.809623342314398192e-30
-3.663406139083411625e-30
-3.522799711448221935e-30
-3.387590777713815926e-30
-3.257572074716256613e-30
-3.132541793585394824e-30
-3.012310914829618337e-30
-2.896694932855622085e-30
-2.785516300996657869e-30
-2.678605183828918886e-30
-2.575797200222386147e-30
-2.476934739894501399e-30
-2.381866775331070996e-30
-2.290447921390785236e-30
-2.202537871067929971e-30
-2.118001583571482737e-30
-2.036710412799689543e-30
-1.958538721916334503e-30
-1.883367644932662467e-30
-1.811081889362744785e-30
-1.741570300460767701e-30
-1.674726613537416881e-30
-1.610448513564396753e-30
-1.548636976897594047e-30
-1.489198434186683309e-30
-1.432041008793204270e-30
-1.377077432016551882e-30
-1.324223632500755336e-30
-1.273398454115833861e-30
-1.224523938076440923e-30
-1.177525134862768092e-30
-1.132330010180996979e-30
-1.088869915161039563e-30
-1.047077799605124939e-30
-1.006889810660116443e-30
-9.682441643429348526e-31
-9.310819918964909896e-31
-8.953458351569166599e-31
-8.609812452258817753e-31
-8.279356539960175631e-31
-7.961582801113685005e-31
-7.656004110860365118e-31
-7.362156384030511331e-31
-7.079587760595667557e-31
-6.807864248041510208e-31
-6.546571131961069181e-31
-6.295305923088622924e-31
-6.053683529474842055e-31
-5.821332965102607062e-31
-5.597903462457632573e-31
-5.383048956003036507e-31
-5.176440307320588623e-31
-4.977762483924268549e-31
-4.786710327480602818e-31
-4.602991374995106845e-31
-4.426322097230362296e-31
-4.256433541078901029e-31
-4.093065687190321156e-31
-3.935968860564508022e-31
-3.784901849760672894e-31
-3.639632847292833617e-31
-3.499939684728684779e-31
-3.365607951898636394e-31
-3.236431937291294561e-31
-3.112213452559110645e-31
-2.992763008012732091e-31
-2.877896051039079800e-31
-2.767438608474232074e-31
-2.661220938933930175e-31
-2.559079178505669475e-31
-2.460858161935141434e-31
-2.366407190846570632e-31
-2.275581679434805930e-31
-2.188241508773229310e-31
-2.104253377802457526e-31
-2.023489392737121111e-31
-1.945826361769253891e-31
-1.871143091431286088e-31
-1.799326381617233515e-31
-1.730266088506424124e-31
-1.663856064958978662e-31
-1.599995218460726413e-31
-1.538585512782808798e-31
-1.479532790827724952e-31
-1.422746539530461558e-31
-1.368140007407927932e-31
-1.315629146614040280e-31
-1.265133200686897111e-31
-1.216575880043130058e-31
-1.169881953044286496e-31
-1.124980419831576758e-31
-1.081802396436042658e-31
-1.040281584976297818e-31
-1.000354391207962754e-31
-9.619598657489473296e-32
-9.250385873598174779e-32
-8.895343674106038938e-32
-8.553929568370161288e-32
-8.225617522668548853e-32
-7.909908539649277575e-32
-7.606316552398282436e-32
-7.314378416141339455e-32
-7.033643916542083697e-32
-6.763683410415289615e-32
-6.504085474738169408e-32
-6.254449853684268088e-32
-6.014396862578270056e-32
-5.783555045205315468e-32
-5.561575279743210106e-32
-5.348116085083040096e-32
-5.142850086048101429e-32
-4.945461074658022910e-32
-4.755648712106169446e-32
-4.573120888046361698e-32
-4.397599010317454783e-32
-4.228813596839522692e-32
-4.066504569487445994e-32
-3.910426543815490537e-32
-3.760339425102500868e-32
-3.616013698076478935e-32
-3.477226900431531622e-32
-3.343765973816572387e-32
-3.215428439329672093e-32
-3.092016520046304889e-32
-2.973341255249576092e-32
-2.859220443315108248e-32
-2.749479523331804248e-32
-2.643951868975435031e-32
-2.542473498784060890e-32
-2.444889982187342545e-32
-2.351052325276313272e-32
-2.260816089182615783e-32
-2.174043006383234605e-32
-2.090600539890114526e-32
-2.010360266945428212e-32
-1.933200083073483996e-32
-1.859001557218436533e-32
-1.787651107238637620e-32
-1.719039265222666932e-32
-1.653060530552538168e-32
-1.589614251524462169e-32
-1.528602862107320686e-32
-1.469933204373811052e-32
-1.413515793816476922e-32
-1.359263203042975887e-32
-1.307093000511956533e-32
-1.256925252607562947e-32
-1.208682817513022415e-32
-1.162291859489423912e-32
-1.117681775407321175e-32
-1.074783725378794173e-32
-1.033532395998975343e-32
-9.938640901677295024e-33
-9.557184168627831560e-33
-9.190367483033890424e-33
-8.837629546342953972e-33
-8.498429631153643952e-33
-8.172249050583660031e-33
-7.858589688901841264e-33
-7.556965920004504192e-33
-7.266922974514674445e-33
-6.988009756475223968e-33
-6.719800883867948947e-33
-6.461887137721969373e-33
-6.213872523377851987e-33
-5.975375372513564179e-33
-5.746033485932258830e-33
-5.525493480644719991e-33
-5.313418504051040150e-33
-5.109484193178789282e-33
-4.913375735947137794e-33
-4.724794483322579896e-33
-4.543450969821225602e-33
-4.369067484902693147e-33
-4.201377705628124354e-33
-4.040124492608276850e-33
-3.885059155319554793e-33
-3.735946594891793727e-33
-3.592557222584598673e-33
-3.454670633207190452e-33
-3.322075605118405685e-33
-3.194569732884712159e-33
-3.071958508925247249e-33
-2.954051833762963912e-33
-2.840671546535315646e-33
-2.731642241444640688e-33
-2.626798430926862338e-33
-2.525979219192711794e-33
-2.429029036911697420e-33
-2.335800212605997165e-33
-2.246148931888627617e-33
-2.159938910883290315e-33
-2.077037722804525436e-33
-1.997318267325650321e-33
-1.920659137920744105e-33
-1.846941866799762980e-33
-1.776054414657394196e-33
-1.707887680924202059e-33
-1.642336605792581828e-33
-1.579301455913705925e-33
-1.518685344839127667e-33
-1.460396437072689066e-33
-1.404344733828155288e-33
-1.350444277081122454e-33
-1.298612690391536846e-33
-1.248770352384229486e-33
-1.200840855926396924e-33
-1.154750916292105085e-33
-1.110429636478319999e-33
-1.067809976572846331e-33
-1.026826182360434961e-33
-9.874151628552253487e-34
-9.495170413137224835e-34
-9.130733185248737250e-34
-8.780285258489996467e-34
-8.443284803433670338e-34
-8.119218459656235690e-34
-7.807593988898285692e-34
-7.507929713982471679e-34
-7.219765998250522905e-34
-6.942662949675842594e-34
-6.676195369911219244e-34
-6.419954590998749796e-34
-6.173548934547320416e-34
-5.936600956667721761e-34
-5.708746988795168186e-34
-5.489637596866778535e-34
-5.278939877208980088e-34
-5.076326436277969608e-34
-4.881490084339098613e-34
-4.694131437674892053e-34
-4.513964428714817784e-34
-4.340712632615440254e-34
-4.174109726437901288e-34
-4.013902244212804829e-34
-3.859843148455485882e-34
-3.711698717828222359e-34
-3.569239134001878887e-34
-3.432246746850561027e-34
-3.300513319386730534e-34
-3.173834976808916666e-34
-3.052019553341408829e-34
-2.934879245394563929e-34
-2.822235662517095069e-34
-2.713914776443782855e-34
-2.609751512870283298e-34
-2.509584700500839124e-34
-2.413263958710491621e-34
-2.320639825229243660e-34
-2.231570184626790749e-34
-2.145920038723780641e-34
-2.063557373994486222e-34
-1.984355687042949862e-34
-1.908193640219872813e-34
-1.834954946828245019e-34
-1.764527108385272941e-34
-1.696802332977341138e-34
-1.631676731699420880e-34
-1.569051007421291341e-34
-1.508828847666356826e-34
-1.450918072555348753e-34
-1.395230405217585252e-34
-1.341679520286677812e-34
-1.290184258142896807e-34
-1.240665410670805971e-34
-1.193047098791704763e-34
-1.147256313286147580e-34
-1.103222914793943757e-34
-1.060879863402897959e-34
-1.020162070705108210e-34
-9.810068589744466825e-35
-9.433548221243361744e-35
-9.071477594090865594e-35
-8.723303973394477463e-35
-8.388492991360928041e-35
-8.066528647296179615e-35
-7.756925361014296806e-35
-7.459203292047854109e-35
-7.172910724550124407e-35
-6.897606274167698353e-35
-6.632865775702696225e-35
-6.378288596803128788e-35
-6.133482714694771615e-35
-5.898071603843376943e-35
-5.671697679785779594e-35
-5.454010819692877227e-35
-5.244678119891097122e-35
-5.043381599974992235e-35
-4.849811315145029347e-35
-4.663669660996471467e-35
-4.484671947491228821e-35
-4.312544964028231387e-35
-4.147023822598248458e-35
-3.987856262572771053e-35
-3.834797197971427531e-35
-3.687613596222716992e-35
-3.546079025431424886e-35
-3.409975663280101480e-35
-3.279097166888316786e-35
-3.153242359122299705e-35
-3.032216950510490987e-35
-2.915836696088723661e-35
-2.803923951569117115e-35
-2.696305377452673139e-35
-2.592818252719636792e-35
-2.493303300181359059e-35
-2.397607125860663545e-35
-2.305583940907399439e-35
-2.217092835232149323e-35
-2.131998351478080160e-35
-2.050169767556129560e-35
-1.971481957602782259e-35
-1.895813813557479906e-35
-1.823049967078174026e-35
-1.753079211118735800e-35
-1.685794069450067830e-35
-1.621091083646029628e-35
-1.558871817534176848e-35
-1.499040274322431839e-35
-1.441505048993524851e-35
-1.386178754333143046e-35
-1.332975438056601053e-35
-1.281814170132909643e-35
-1.232616459911446282e-35
-1.185306758347324749e-35
-1.139813247212690238e-35
-1.096065686702278162e-35
-1.053997209095448483e-35
-1.013543816530816102e-35
-9.746428025836606384e-36
-9.372347611674048932e-36
-9.012625820828756154e-36
-8.666708052999711429e-36
-8.334069841408074980e-36
-8.014198916176840513e-36
-7.706604531373413762e-36
-7.410816747544798755e-36
-7.126380691999087944e-36
-6.852861581059158338e-36
-6.589838262879347899e-36
-6.336912544488034088e-36
-6.093692690096917973e-36
-5.859805976735264582e-36
-5.634898694249902902e-36
-5.418624307135799263e-36
-5.210650987916601548e-36
-5.010660540947418593e-36
-4.818345173823158380e-36
-4.633411084702596711e-36
-4.455573081322274198e-36
-4.284562473109447345e-36
-4.120115591745068793e-36
-3.961979889614704067e-36
-3.809915016005752174e-36
-3.663685642459308261e-36
-3.523069713615521561e-36
-3.387849478903423713e-36
-3.257819384653879836e-36
-3.132779616916264927e-36
-3.012539330050125660e-36
-2.896914673696942620e-36
-2.785727537216706264e-36
-2.678808240180968430e-36
-2.575992303781180527e-36
-2.477122782589338176e-36
