7.295907020568847656e+00
7.871478080749511719e+00
8.510498046875000000e+00
9.120164871215820312e+00
9.670967102050781250e+00
1.020185661315917969e+01
1.069214439392089844e+01
1.112652206420898438e+01
1.157788372039794922e+01
1.197863864898681641e+01
1.241567611694335938e+01
1.284430885314941406e+01
1.324319648742675781e+01
1.348533439636230469e+01
1.380358219146728516e+01
1.412785434722900391e+01
1.442058181762695312e+01
1.469092941284179688e+01
1.493487167358398438e+01
1.519510459899902344e+01
1.541176223754882812e+01
1.562132453918457031e+01
1.584279823303222656e+01
1.604462623596191406e+01
1.619942092895507812e+01
1.635169219970703125e+01
1.651320648193359375e+01
1.664586067199707031e+01
1.671409988403320312e+01
1.684900283813476562e+01
1.697311210632324219e+01
1.711017990112304688e+01
1.717446136474609375e+01
1.716527175903320312e+01
1.722682380676269531e+01
1.727834320068359375e+01
1.726954269409179688e+01
1.734975624084472656e+01
1.731328392028808594e+01
1.730692481994628906e+01
1.727670288085937500e+01
1.723545455932617188e+01
1.722283744812011719e+01
1.717191314697265625e+01
1.714689064025878906e+01
1.708458328247070312e+01
1.699964332580566406e+01
1.696231460571289062e+01
1.684806823730468750e+01
1.677010536193847656e+01
1.670525741577148438e+01
1.658651351928710938e+01
1.658337402343750000e+01
1.646912765502929688e+01
1.645176696777343750e+01
1.638141632080078125e+01
1.631698226928710938e+01
1.623716926574707031e+01
1.615931701660156250e+01
1.608768463134765625e+01
1.603998184204101562e+01
1.605591392517089844e+01
1.600299453735351562e+01
1.598248863220214844e+01
1.593240547180175781e+01
1.589442157745361328e+01
1.582096099853515625e+01
1.568973255157470703e+01
1.569126987457275391e+01
1.564412498474121094e+01
1.560433959960937500e+01
1.557595443725585938e+01
1.555881404876708984e+01
1.549001884460449219e+01
1.547928047180175781e+01
1.539072990417480469e+01
1.531765556335449219e+01
1.530694007873535156e+01
1.536319065093994141e+01
1.535836410522460938e+01
1.528655242919921875e+01
1.533777141571044922e+01
1.527339172363281250e+01
1.529477977752685547e+01
1.529169082641601562e+01
1.522397804260253906e+01
1.522890377044677734e+01
1.523522949218750000e+01
1.527562046051025391e+01
1.523904418945312500e+01
1.524804210662841797e+01
1.522988319396972656e+01
1.525679588317871094e+01
1.518918037414550781e+01
1.523859596252441406e+01
1.528975200653076172e+01
1.529285240173339844e+01
1.521387386322021484e+01
1.522042083740234375e+01
1.527278614044189453e+01
1.522674274444580078e+01
1.524385833740234375e+01
1.517184925079345703e+01
1.517805290222167969e+01
1.513756561279296875e+01
1.517026805877685547e+01
1.521746444702148438e+01
1.514371490478515625e+01
1.516975784301757812e+01
1.517905712127685547e+01
1.522625541687011719e+01
1.528242397308349609e+01
1.538249874114990234e+01
1.527576923370361328e+01
1.529760360717773438e+01
1.532739639282226562e+01
1.526308441162109375e+01
1.527411842346191406e+01
1.524405288696289062e+01
1.527644920349121094e+01
1.530391693115234375e+01
1.531929397583007812e+01
1.539592647552490234e+01
1.536449432373046875e+01
1.536645603179931641e+01
1.534690856933593750e+01
1.538350868225097656e+01
1.541696834564208984e+01
1.550845909118652344e+01
1.556152725219726562e+01
1.557151985168457031e+01
1.549593639373779297e+01
1.553657531738281250e+01
1.557929229736328125e+01
1.558734798431396484e+01
1.555289649963378906e+01
1.555146789550781250e+01
1.559871101379394531e+01
1.563734817504882812e+01
1.568761539459228516e+01
1.566027450561523438e+01
1.558588695526123047e+01
1.569898986816406250e+01
1.563453102111816406e+01
1.573041343688964844e+01
1.575329303741455078e+01
1.574879455566406250e+01
1.566426467895507812e+01
1.580910778045654297e+01
1.595266246795654297e+01
1.598519325256347656e+01
1.601367378234863281e+01
1.603083038330078125e+01
1.605119323730468750e+01
1.599434757232666016e+01
1.604599380493164062e+01
1.594911003112792969e+01
1.591906929016113281e+01
1.597845840454101562e+01
1.606024932861328125e+01
1.601159667968750000e+01
1.609814071655273438e+01
1.611776733398437500e+01
1.614825248718261719e+01
1.622104644775390625e+01
1.631210327148437500e+01
1.630658912658691406e+01
1.631197357177734375e+01
1.636949539184570312e+01
1.635489273071289062e+01
1.626467323303222656e+01
1.633107757568359375e+01
1.630099296569824219e+01
1.639495849609375000e+01
1.642253112792968750e+01
1.637497901916503906e+01
1.648299407958984375e+01
1.644825553894042969e+01
1.638529396057128906e+01
1.642031860351562500e+01
1.657248115539550781e+01
1.663316345214843750e+01
1.656410217285156250e+01
1.659127044677734375e+01
1.653035545349121094e+01
1.656587982177734375e+01
1.648364830017089844e+01
1.650046539306640625e+01
1.663273239135742188e+01
1.654099082946777344e+01
1.662842178344726562e+01
1.667537307739257812e+01
1.678111267089843750e+01
1.672044563293457031e+01
1.669820213317871094e+01
1.668471908569335938e+01
1.660898017883300781e+01
1.654725074768066406e+01
1.661073684692382812e+01
1.669224739074707031e+01
1.678907012939453125e+01
1.679924774169921875e+01
1.672126770019531250e+01
1.673220825195312500e+01
1.675361061096191406e+01
1.672204017639160156e+01
1.674948310852050781e+01
1.681514739990234375e+01
1.683368301391601562e+01
1.694885444641113281e+01
1.693622970581054688e+01
1.699165916442871094e+01
1.692160034179687500e+01
1.687382888793945312e+01
1.708247375488281250e+01
1.701759719848632812e+01
1.704360198974609375e+01
1.714605331420898438e+01
1.704251289367675781e+01
1.706664657592773438e+01
1.708738327026367188e+01
1.709941864013671875e+01
1.710880470275878906e+01
1.708554267883300781e+01
1.713747024536132812e+01
1.712516403198242188e+01
1.710354614257812500e+01
1.715723419189453125e+01
1.711592102050781250e+01
1.706134414672851562e+01
1.710794448852539062e+01
1.718127632141113281e+01
1.712384033203125000e+01
1.719986343383789062e+01
1.713607025146484375e+01
1.712767410278320312e+01
1.728287124633789062e+01
1.723197937011718750e+01
1.723665237426757812e+01
1.731191253662109375e+01
1.736894607543945312e+01
1.719250106811523438e+01
1.723955345153808594e+01
1.735114288330078125e+01
1.740771865844726562e+01
1.753232192993164062e+01
1.767725372314453125e+01
1.766629981994628906e+01
1.757436752319335938e+01
1.759733390808105469e+01
1.762465858459472656e+01
1.769271850585937500e+01
1.760160446166992188e+01
1.779140472412109375e+01
1.778820228576660156e+01
1.772374343872070312e+01
1.774154281616210938e+01
1.783595848083496094e+01
1.785942077636718750e+01
1.785609245300292969e+01
1.781783294677734375e+01
1.774066543579101562e+01
1.769379043579101562e+01
1.771689987182617188e+01
1.776175880432128906e+01
1.776680755615234375e+01
1.769100379943847656e+01
1.785759353637695312e+01
1.770939254760742188e+01
1.787333488464355469e+01
1.790968704223632812e+01
1.796689414978027344e+01
1.791216278076171875e+01
1.790230941772460938e+01
1.780989837646484375e+01
1.785989761352539062e+01
1.785021209716796875e+01
1.780013275146484375e+01
1.776103973388671875e+01
1.794357299804687500e+01
1.794416046142578125e+01
1.796644020080566406e+01
1.802126884460449219e+01
1.799938011169433594e+01
1.790417671203613281e+01
1.800043678283691406e+01
1.808716392517089844e+01
1.803803062438964844e+01
1.809362792968750000e+01
1.813645362854003906e+01
1.816402244567871094e+01
1.822968292236328125e+01
1.824873161315917969e+01
1.823940658569335938e+01
1.820313262939453125e+01
1.830035591125488281e+01
1.837244224548339844e+01
1.824612426757812500e+01
1.832473373413085938e+01
1.842152786254882812e+01
1.838821220397949219e+01
1.841272735595703125e+01
1.826400375366210938e+01
1.832878875732421875e+01
1.831920623779296875e+01
1.836344146728515625e+01
1.828582572937011719e+01
1.828163909912109375e+01
1.822859573364257812e+01
1.816277503967285156e+01
1.837168502807617188e+01
1.828402709960937500e+01
1.832732009887695312e+01
1.829624938964843750e+01
1.841166305541992188e+01
1.847012710571289062e+01
1.835987281799316406e+01
1.832457923889160156e+01
1.835908126831054688e+01
1.839760398864746094e+01
1.845277786254882812e+01
1.845333862304687500e+01
1.855877113342285156e+01
1.847149848937988281e+01
1.851492691040039062e+01
1.864715957641601562e+01
1.864895629882812500e+01
1.857950782775878906e+01
1.854761886596679688e+01
1.859096336364746094e+01
1.856648826599121094e+01
1.852094650268554688e+01
1.857331848144531250e+01
1.874201202392578125e+01
1.876231002807617188e+01
1.878340911865234375e+01
1.877232360839843750e+01
1.884323501586914062e+01
1.880368614196777344e+01
1.866184997558593750e+01
1.873343658447265625e+01
1.869481277465820312e+01
1.868706893920898438e+01
1.857609939575195312e+01
1.856675720214843750e+01
1.863306808471679688e+01
1.868123626708984375e+01
1.862723922729492188e+01
1.867669868469238281e+01
1.872845077514648438e+01
1.880377769470214844e+01
1.887878036499023438e+01
1.892103576660156250e+01
1.885805320739746094e+01
1.886489677429199219e+01
1.886042022705078125e+01
1.886432838439941406e+01
1.890565299987792969e+01
1.904568862915039062e+01
1.898048782348632812e+01
1.902621841430664062e+01
1.908345222473144531e+01
1.911120605468750000e+01
1.907681274414062500e+01
1.909435462951660156e+01
1.904672622680664062e+01
1.900809478759765625e+01
1.896536254882812500e+01
1.900504684448242188e+01
1.909981918334960938e+01
1.908115959167480469e+01
1.901324844360351562e+01
1.908403015136718750e+01
1.905969619750976562e+01
1.911492919921875000e+01
1.913070678710937500e+01
1.911286163330078125e+01
1.903589630126953125e+01
1.904036331176757812e+01
1.893467330932617188e+01
1.894899749755859375e+01
1.896622848510742188e+01
1.893465042114257812e+01
1.903449630737304688e+01
1.912954711914062500e+01
1.916828918457031250e+01
1.912854957580566406e+01
1.922120285034179688e+01
1.916995620727539062e+01
1.915530395507812500e+01
1.920373153686523438e+01
1.926225662231445312e+01
1.922087478637695312e+01
1.914796447753906250e+01
1.926744270324707031e+01
1.923868560791015625e+01
1.913076019287109375e+01
1.917839813232421875e+01
1.920516204833984375e+01
1.915877914428710938e+01
1.924233245849609375e+01
1.914442443847656250e+01
1.918964195251464844e+01
1.916275024414062500e+01
1.920151519775390625e+01
1.929150390625000000e+01
1.926010894775390625e+01
1.929277420043945312e+01
1.935257530212402344e+01
1.936483573913574219e+01
1.920680236816406250e+01
1.931184387207031250e+01
1.928984832763671875e+01
1.926422119140625000e+01
1.917541885375976562e+01
1.923880195617675781e+01
1.934349060058593750e+01
1.926687049865722656e+01
1.943773269653320312e+01
1.948221778869628906e+01
1.939934158325195312e+01
1.953613662719726562e+01
1.945081329345703125e+01
1.948006248474121094e+01
1.942912864685058594e+01
1.941739654541015625e+01
1.944474792480468750e+01
1.949385643005371094e+01
1.950758743286132812e+01
1.944262886047363281e+01
1.954606628417968750e+01
1.953494071960449219e+01
1.944906234741210938e+01
1.955987930297851562e+01
1.925694465637207031e+01
1.929073333740234375e+01
1.935135269165039062e+01
1.944486999511718750e+01
1.951101493835449219e+01
1.936361885070800781e+01
1.928536224365234375e+01
1.934770202636718750e+01
1.941341590881347656e+01
1.951514244079589844e+01
1.951146125793457031e+01
1.954127883911132812e+01
1.948781585693359375e+01
1.945663642883300781e+01
1.940148544311523438e+01
1.950157165527343750e+01
1.944493865966796875e+01
1.949201202392578125e+01
1.956978988647460938e+01
1.962157821655273438e+01
1.950146865844726562e+01
1.952657699584960938e+01
1.955352020263671875e+01
1.966008186340332031e+01
1.965004158020019531e+01
1.971492767333984375e+01
1.961978340148925781e+01
1.977105712890625000e+01
1.976443862915039062e+01
1.981149101257324219e+01
1.974212455749511719e+01
1.958147048950195312e+01
1.972443389892578125e+01
1.963888549804687500e+01
1.973510932922363281e+01
1.960601425170898438e+01
1.970998001098632812e+01
1.970016098022460938e+01
1.967606353759765625e+01
1.972929191589355469e+01
1.972268676757812500e+01
1.971483039855957031e+01
1.985675811767578125e+01
1.991275024414062500e+01
2.004944610595703125e+01
1.980302429199218750e+01
1.988877105712890625e+01
1.986657905578613281e+01
1.981189727783203125e+01
1.977325057983398438e+01
1.973464584350585938e+01
1.974173736572265625e+01
1.975871849060058594e+01
1.979103660583496094e+01
1.972982025146484375e+01
1.985913085937500000e+01
1.985914611816406250e+01
1.990137100219726562e+01
1.982054328918457031e+01
1.991269111633300781e+01
1.992420196533203125e+01
1.984541320800781250e+01
1.991786003112792969e+01
1.996740722656250000e+01
2.005531311035156250e+01
1.991851425170898438e+01
2.005134201049804688e+01
2.011540222167968750e+01
2.003821563720703125e+01
2.006258583068847656e+01
2.006790161132812500e+01
1.999313163757324219e+01
2.001145362854003906e+01
1.991314315795898438e+01
1.995321273803710938e+01
1.992100906372070312e+01
1.993160820007324219e+01
1.998055267333984375e+01
1.998659515380859375e+01
2.003317070007324219e+01
2.004906845092773438e+01
2.003076934814453125e+01
2.006745147705078125e+01
2.015050315856933594e+01
2.007781982421875000e+01
1.999768066406250000e+01
2.007072830200195312e+01
1.998047828674316406e+01
1.989628982543945312e+01
1.991536331176757812e+01
1.995807456970214844e+01
2.001173210144042969e+01
2.006009674072265625e+01
2.005678176879882812e+01
2.005882263183593750e+01
2.004322052001953125e+01
2.015966415405273438e+01
2.009154701232910156e+01
2.010760498046875000e+01
2.014348220825195312e+01
2.018422698974609375e+01
2.014870452880859375e+01
2.008910942077636719e+01
2.008536148071289062e+01
2.036000061035156250e+01
2.023592376708984375e+01
2.018260574340820312e+01
2.028812980651855469e+01
2.021118736267089844e+01
2.008344841003417969e+01
2.020130920410156250e+01
2.013245201110839844e+01
2.016911125183105469e+01
2.022271156311035156e+01
2.031991195678710938e+01
2.019313240051269531e+01
2.014521026611328125e+01
2.012314224243164062e+01
2.022021865844726562e+01
2.016809082031250000e+01
2.020581436157226562e+01
2.022510910034179688e+01
2.031217956542968750e+01
2.018666839599609375e+01
2.030702590942382812e+01
2.019161033630371094e+01
2.001531028747558594e+01
2.005654335021972656e+01
2.008018875122070312e+01
2.010422134399414062e+01
2.011642646789550781e+01
2.017928123474121094e+01
2.019129562377929688e+01
2.031081008911132812e+01
2.040454483032226562e+01
2.024516868591308594e+01
2.029225540161132812e+01
2.044982147216796875e+01
2.037280273437500000e+01
2.030378723144531250e+01
2.039875602722167969e+01
2.029246902465820312e+01
2.024384117126464844e+01
2.023376655578613281e+01
2.038564682006835938e+01
2.037957000732421875e+01
2.030188369750976562e+01
2.033370780944824219e+01
2.031948661804199219e+01
2.046567344665527344e+01
2.045667648315429688e+01
2.045072364807128906e+01
2.059303855895996094e+01
2.053557014465332031e+01
2.058425331115722656e+01
2.058307266235351562e+01
2.046588134765625000e+01
2.037390899658203125e+01
2.052052879333496094e+01
2.052539443969726562e+01
2.035411834716796875e+01
2.038461494445800781e+01
2.033355712890625000e+01
2.040431976318359375e+01
2.046535491943359375e+01
2.048500823974609375e+01
2.047044372558593750e+01
2.047969055175781250e+01
2.066157531738281250e+01
2.060721969604492188e+01
2.057281875610351562e+01
2.061662101745605469e+01
2.063555526733398438e+01
2.057304954528808594e+01
2.062617683410644531e+01
2.066733932495117188e+01
2.071379661560058594e+01
2.077032661437988281e+01
2.095515823364257812e+01
2.084996604919433594e+01
2.088493919372558594e+01
2.077581787109375000e+01
2.080772972106933594e+01
2.079932212829589844e+01
2.077296257019042969e+01
2.092112541198730469e+01
2.083641433715820312e+01
2.084037780761718750e+01
2.075526046752929688e+01
2.092260551452636719e+01
2.079864501953125000e+01
2.072906875610351562e+01
2.091763305664062500e+01
2.077800941467285156e+01
2.076765060424804688e+01
2.077738952636718750e+01
2.071999740600585938e+01
2.071443748474121094e+01
2.058775329589843750e+01
2.061695861816406250e+01
2.073339271545410156e+01
2.071855926513671875e+01
2.065983772277832031e+01
2.064840698242187500e+01
2.075001907348632812e+01
2.071441841125488281e+01
2.063250732421875000e+01
2.084827041625976562e+01
2.092449951171875000e+01
2.107627677917480469e+01
2.095074272155761719e+01
2.098557662963867188e+01
2.099691581726074219e+01
2.096554183959960938e+01
2.106651687622070312e+01
2.097028350830078125e+01
2.097723770141601562e+01
2.098292160034179688e+01
2.122527313232421875e+01
2.116545867919921875e+01
2.102233123779296875e+01
2.101502037048339844e+01
2.105936241149902344e+01
2.098073196411132812e+01
2.098638534545898438e+01
2.090327453613281250e+01
2.089133453369140625e+01
2.091646194458007812e+01
2.117250442504882812e+01
2.121650695800781250e+01
2.130351638793945312e+01
2.121933746337890625e+01
2.106111145019531250e+01
2.134134864807128906e+01
2.135977172851562500e+01
2.126064491271972656e+01
2.128284835815429688e+01
2.124174118041992188e+01
2.131284523010253906e+01
2.137743186950683594e+01
2.143861579895019531e+01
2.130840682983398438e+01
2.130628204345703125e+01
2.132843208312988281e+01
2.125376319885253906e+01
2.138627815246582031e+01
2.138543128967285156e+01
2.123598670959472656e+01
2.120329475402832031e+01
2.135991096496582031e+01
2.131790542602539062e+01
2.134167098999023438e+01
2.127654266357421875e+01
2.131936073303222656e+01
2.133765602111816406e+01
2.143577957153320312e+01
2.129491996765136719e+01
2.122527694702148438e+01
2.128522491455078125e+01
2.135980415344238281e+01
2.122438049316406250e+01
2.120101547241210938e+01
2.118705749511718750e+01
2.115193557739257812e+01
2.129949569702148438e+01
2.117604255676269531e+01
2.126284599304199219e+01
2.135146713256835938e+01
2.123041915893554688e+01
2.123273086547851562e+01
2.121633148193359375e+01
2.133272171020507812e+01
2.139585876464843750e+01
2.151171302795410156e+01
2.141947937011718750e+01
2.138771438598632812e+01
2.139708328247070312e+01
2.126764106750488281e+01
2.121406173706054688e+01
2.122803878784179688e+01
2.137201309204101562e+01
2.134168624877929688e+01
2.120211029052734375e+01
2.130886840820312500e+01
2.121020126342773438e+01
2.107696342468261719e+01
2.108682632446289062e+01
2.112009048461914062e+01
2.107601928710937500e+01
2.102817153930664062e+01
2.107559013366699219e+01
2.097756195068359375e+01
2.106832313537597656e+01
2.110553169250488281e+01
2.102447319030761719e+01
2.103079223632812500e+01
2.105554962158203125e+01
2.111195755004882812e+01
2.111967468261718750e+01
2.089615631103515625e+01
2.087823677062988281e+01
2.098729515075683594e+01
2.106615638732910156e+01
2.093700790405273438e+01
2.101219558715820312e+01
2.108436965942382812e+01
2.103556060791015625e+01
2.114254760742187500e+01
2.109243202209472656e+01
2.108787155151367188e+01
2.105893325805664062e+01
2.095133209228515625e+01
2.116780471801757812e+01
2.113159561157226562e+01
2.117298889160156250e+01
2.107122993469238281e+01
2.124100494384765625e+01
2.118576812744140625e+01
2.118321990966796875e+01
2.112865447998046875e+01
2.095757293701171875e+01
2.101462554931640625e+01
2.114212226867675781e+01
2.119599914550781250e+01
2.111869812011718750e+01
2.121150207519531250e+01
2.130817794799804688e+01
2.113264465332031250e+01
2.100441741943359375e+01
2.111824035644531250e+01
2.105669021606445312e+01
2.122849273681640625e+01
2.104784393310546875e+01
2.115698242187500000e+01
2.116273880004882812e+01
2.112788009643554688e+01
2.109139633178710938e+01
2.112246704101562500e+01
2.121070098876953125e+01
2.129957962036132812e+01
2.110243988037109375e+01
2.139567756652832031e+01
2.138871574401855469e+01
2.140678215026855469e+01
2.135250091552734375e+01
2.123352432250976562e+01
2.122260284423828125e+01
2.124454498291015625e+01
2.126881027221679688e+01
2.128766632080078125e+01
2.117621231079101562e+01
2.105602264404296875e+01
2.109359550476074219e+01
2.108978271484375000e+01
2.108862304687500000e+01
2.111356353759765625e+01
2.113889122009277344e+01
2.113445281982421875e+01
2.119816780090332031e+01
2.126046943664550781e+01
2.135800361633300781e+01
2.146271133422851562e+01
2.142259407043457031e+01
2.140348434448242188e+01
2.141677474975585938e+01
2.148967933654785156e+01
2.143502807617187500e+01
2.150770568847656250e+01
2.148749923706054688e+01
2.158706283569335938e+01
2.148779869079589844e+01
2.134386444091796875e+01
2.133415222167968750e+01
2.147192764282226562e+01
2.137286376953125000e+01
2.149356079101562500e+01
2.138460540771484375e+01
2.146909332275390625e+01
2.146032333374023438e+01
2.152949523925781250e+01
2.162624359130859375e+01
2.170291519165039062e+01
2.164820480346679688e+01
2.144332885742187500e+01
2.150460624694824219e+01
2.164690780639648438e+01
2.160718536376953125e+01
2.166555404663085938e+01
2.158250427246093750e+01
2.159518432617187500e+01
2.162624168395996094e+01
2.161031341552734375e+01
2.173787307739257812e+01
2.167590141296386719e+01
2.175391769409179688e+01
2.180462646484375000e+01
2.171996688842773438e+01
2.165561866760253906e+01
2.160070037841796875e+01
2.172975540161132812e+01
2.178994750976562500e+01
2.169700622558593750e+01
2.166507339477539062e+01
2.174787139892578125e+01
2.168873977661132812e+01
2.165540695190429688e+01
2.157507514953613281e+01
2.174752807617187500e+01
2.180343818664550781e+01
2.168162345886230469e+01
2.163770294189453125e+01
2.166374015808105469e+01
2.160721778869628906e+01
2.157699203491210938e+01
2.155728149414062500e+01
2.146875572204589844e+01
2.150770950317382812e+01
2.153483200073242188e+01
2.156930541992187500e+01
2.159537124633789062e+01
2.161350250244140625e+01
2.166146087646484375e+01
2.158755493164062500e+01
2.175727462768554688e+01
2.169370460510253906e+01
2.167576408386230469e+01
2.149880790710449219e+01
2.152334594726562500e+01
2.149911880493164062e+01
2.165952873229980469e+01
2.166644477844238281e+01
2.154785537719726562e+01
2.157855606079101562e+01
2.152764320373535156e+01
2.151940917968750000e+01
2.164540100097656250e+01
2.164004898071289062e+01
2.150804328918457031e+01
2.145480728149414062e+01
2.156456184387207031e+01
2.157975387573242188e+01
2.163516426086425781e+01
2.179379272460937500e+01
2.177206420898437500e+01
2.157006835937500000e+01
2.148676490783691406e+01
2.169123077392578125e+01
2.169721794128417969e+01
2.159001350402832031e+01
2.147609710693359375e+01
2.163232803344726562e+01
2.162233734130859375e+01
2.158898353576660156e+01
2.154298019409179688e+01
2.158244323730468750e+01
2.164492797851562500e+01
2.147837638854980469e+01
2.146805953979492188e+01
2.138783454895019531e+01
2.143651580810546875e+01
2.141513061523437500e+01
2.159422302246093750e+01
2.156447410583496094e+01
2.162383270263671875e+01
2.150248336791992188e+01
2.149427604675292969e+01
2.169041442871093750e+01
2.174857139587402344e+01
2.171597290039062500e+01
2.169493675231933594e+01
2.154806137084960938e+01
2.157612991333007812e+01
2.151711845397949219e+01
2.169771957397460938e+01
2.178952407836914062e+01
2.172816467285156250e+01
2.186629486083984375e+01
2.164441299438476562e+01
2.177596664428710938e+01
2.180392456054687500e+01
2.184246253967285156e+01
2.156545257568359375e+01
2.186634063720703125e+01
2.176326751708984375e+01
2.177225112915039062e+01
2.174328613281250000e+01
2.172193717956542969e+01
2.153126907348632812e+01
2.152891540527343750e+01
2.174451828002929688e+01
2.175374603271484375e+01
2.168610000610351562e+01
2.160819435119628906e+01
2.147631454467773438e+01
2.156755638122558594e+01
2.163124084472656250e+01
2.190961647033691406e+01
2.181477355957031250e+01
2.180039215087890625e+01
2.165825462341308594e+01
2.172968292236328125e+01
2.172256851196289062e+01
2.164866256713867188e+01
2.184534454345703125e+01
2.179340362548828125e+01
2.182133102416992188e+01
2.163633537292480469e+01
2.167498970031738281e+01
2.177369117736816406e+01
2.167813301086425781e+01
2.172978973388671875e+01
2.170092964172363281e+01
2.170104598999023438e+01
2.167619705200195312e+01
2.154140853881835938e+01
2.160817527770996094e+01
2.185385131835937500e+01
2.170939254760742188e+01
2.179160690307617188e+01
2.176780319213867188e+01
2.169841003417968750e+01
2.172344207763671875e+01
2.181760215759277344e+01
2.169110870361328125e+01
2.177873611450195312e+01
2.166920089721679688e+01
2.184759140014648438e+01
2.202967834472656250e+01
2.189148521423339844e+01
2.198218345642089844e+01
2.190794563293457031e+01
2.201359939575195312e+01
2.199105834960937500e+01
2.202282333374023438e+01
2.188643264770507812e+01
2.186255073547363281e+01
2.194173431396484375e+01
2.191753387451171875e+01
2.193705368041992188e+01
2.191920471191406250e+01
2.193629837036132812e+01
2.202750968933105469e+01
2.202544593811035156e+01
2.214634895324707031e+01
2.207515716552734375e+01
2.221255683898925781e+01
2.219084548950195312e+01
2.213883018493652344e+01
2.214044570922851562e+01
2.209149169921875000e+01
2.211451148986816406e+01
2.208205795288085938e+01
2.210032653808593750e+01
2.219582748413085938e+01
2.212135314941406250e+01
2.210596084594726562e+01
2.220221710205078125e+01
2.218267631530761719e+01
2.209746360778808594e+01
2.215131950378417969e+01
2.220293807983398438e+01
2.207832717895507812e+01
2.201258468627929688e+01
2.193851470947265625e+01
2.199041175842285156e+01
2.211049652099609375e+01
2.206214523315429688e+01
2.195550537109375000e+01
2.206339645385742188e+01
2.202898597717285156e+01
2.200221443176269531e+01
2.216217041015625000e+01
2.213521957397460938e+01
2.220628547668457031e+01
2.217214965820312500e+01
2.232007217407226562e+01
2.233955383300781250e+01
2.232106781005859375e+01
2.220457077026367188e+01
2.220211029052734375e+01
2.222657775878906250e+01
2.227913093566894531e+01
2.220622634887695312e+01
2.220311355590820312e+01
2.213603782653808594e+01
2.223075103759765625e+01
2.214421272277832031e+01
2.216153335571289062e+01
2.226918029785156250e+01
2.219029998779296875e+01
2.217417907714843750e+01
2.208223342895507812e+01
2.208647155761718750e+01
2.202362442016601562e+01
2.200577926635742188e+01
2.192444229125976562e+01
2.188161087036132812e+01
2.194207191467285156e+01
2.200983047485351562e+01
2.204043197631835938e+01
2.210924148559570312e+01
2.217774581909179688e+01
2.212314987182617188e+01
2.215190505981445312e+01
2.225760650634765625e+01
2.216016387939453125e+01
2.212833786010742188e+01
2.218133926391601562e+01
2.206035041809082031e+01
2.196808624267578125e+01
2.206044769287109375e+01
2.199506568908691406e+01
2.188522338867187500e+01
2.203016853332519531e+01
2.196111869812011719e+01
2.208914375305175781e+01
2.212601280212402344e+01
2.219359588623046875e+01
2.223110198974609375e+01
2.206176185607910156e+01
2.217864608764648438e+01
2.218164825439453125e+01
2.205330657958984375e+01
2.207217979431152344e+01
2.214344787597656250e+01
2.216706085205078125e+01
2.197986602783203125e+01
2.197153663635253906e+01
2.176486206054687500e+01
2.185535812377929688e+01
2.179702186584472656e+01
2.180553627014160156e+01
2.177354049682617188e+01
2.171795654296875000e+01
2.184781646728515625e+01
2.180880546569824219e+01
2.192992401123046875e+01
2.196272850036621094e+01
2.193470764160156250e+01
2.188172149658203125e+01
2.171986961364746094e+01
2.175699996948242188e+01
2.176995086669921875e+01
2.162748718261718750e+01
2.160985183715820312e+01
2.155200195312500000e+01
2.171473693847656250e+01
2.176180076599121094e+01
2.161662483215332031e+01
2.182686233520507812e+01
2.189421844482421875e+01
2.172896194458007812e+01
2.173553657531738281e+01
2.180188369750976562e+01
2.175235939025878906e+01
2.178189086914062500e+01
2.201595687866210938e+01
2.194247436523437500e+01
2.192904663085937500e+01
2.192609214782714844e+01
2.200709724426269531e+01
2.197564888000488281e+01
2.187767982482910156e+01
2.179390907287597656e+01
2.185750198364257812e+01
2.174632263183593750e+01
2.174249267578125000e+01
2.155708312988281250e+01
2.177771377563476562e+01
2.205829620361328125e+01
2.205922508239746094e+01
2.214667892456054688e+01
2.211610031127929688e+01
2.201820945739746094e+01
2.207156372070312500e+01
2.200215721130371094e+01
2.212122344970703125e+01
2.199502372741699219e+01
2.190767669677734375e+01
2.188428115844726562e+01
2.194916725158691406e+01
2.193413543701171875e+01
2.183482933044433594e+01
2.189821815490722656e+01
2.180427742004394531e+01
2.188584899902343750e+01
2.165466880798339844e+01
2.177174186706542969e+01
2.195527076721191406e+01
2.189871025085449219e+01
2.174207305908203125e+01
2.177712631225585938e+01
2.171024131774902344e+01
2.183670425415039062e+01
2.205914688110351562e+01
2.200360679626464844e+01
2.213639068603515625e+01
2.211616897583007812e+01
2.206553268432617188e+01
2.216457748413085938e+01
2.216193389892578125e+01
2.202706909179687500e+01
2.208998489379882812e+01
2.201799774169921875e+01
2.207542610168457031e+01
2.207579040527343750e+01
2.202248764038085938e+01
2.213875198364257812e+01
2.248089408874511719e+01
2.247860336303710938e+01
2.232803726196289062e+01
2.238075828552246094e+01
2.232411384582519531e+01
2.227500152587890625e+01
2.232168960571289062e+01
2.221253204345703125e+01
2.231264114379882812e+01
2.220437240600585938e+01
2.218778610229492188e+01
2.227404403686523438e+01
2.227997589111328125e+01
2.227298736572265625e+01
2.212202072143554688e+01
2.237413024902343750e+01
2.218443679809570312e+01
2.231937980651855469e+01
2.221022415161132812e+01
2.223165130615234375e+01
2.225553512573242188e+01
2.227521896362304688e+01
2.225908470153808594e+01
2.215529251098632812e+01
2.220139503479003906e+01
2.202733230590820312e+01
2.216292572021484375e+01
2.221994590759277344e+01
2.223994064331054688e+01
2.220495986938476562e+01
2.206431961059570312e+01
2.209599304199218750e+01
2.199750900268554688e+01
2.191973876953125000e+01
2.184686088562011719e+01
2.194077682495117188e+01
2.195693969726562500e+01
2.203049850463867188e+01
2.216048049926757812e+01
2.212509155273437500e+01
2.220587730407714844e+01
2.215016365051269531e+01
2.212523078918457031e+01
2.206688690185546875e+01
2.209695053100585938e+01
2.213333892822265625e+01
2.229576683044433594e+01
2.231667327880859375e+01
2.227581405639648438e+01
2.230877685546875000e+01
2.233792686462402344e+01
2.238053512573242188e+01
2.261283874511718750e+01
2.254199218750000000e+01
2.257451820373535156e+01
2.250342941284179688e+01
2.251852416992187500e+01
2.243247222900390625e+01
2.250488090515136719e+01
2.242333984375000000e+01
2.238475990295410156e+01
2.239831733703613281e+01
2.238017272949218750e+01
2.239248275756835938e+01
2.241913223266601562e+01
2.221666717529296875e+01
2.220271110534667969e+01
2.209234237670898438e+01
2.215620803833007812e+01
2.198044204711914062e+01
2.206220245361328125e+01
2.213238525390625000e+01
2.208702850341796875e+01
2.210277938842773438e+01
2.206128120422363281e+01
2.204375457763671875e+01
2.204325675964355469e+01
2.212291336059570312e+01
2.212161254882812500e+01
2.206973457336425781e+01
2.205838775634765625e+01
2.205163192749023438e+01
2.201373672485351562e+01
2.204919815063476562e+01
2.196989250183105469e+01
2.197277641296386719e+01
2.202024841308593750e+01
2.204330444335937500e+01
2.197869110107421875e+01
2.204794311523437500e+01
2.189148521423339844e+01
2.185671424865722656e+01
2.192137718200683594e+01
2.202144432067871094e+01
2.195430564880371094e+01
2.205245399475097656e+01
2.198912048339843750e+01
2.205369186401367188e+01
2.208868026733398438e+01
2.219567489624023438e+01
2.226341629028320312e+01
2.214665985107421875e+01
2.219058799743652344e+01
2.220677947998046875e+01
2.210683059692382812e+01
2.217116165161132812e+01
2.214151000976562500e+01
2.215243148803710938e+01
2.230940628051757812e+01
2.228320884704589844e+01
2.229849624633789062e+01
2.229956817626953125e+01
2.239876937866210938e+01
2.228842353820800781e+01
2.221019172668457031e+01
2.222834014892578125e+01
2.234460449218750000e+01
2.221364974975585938e+01
2.211071014404296875e+01
2.215932083129882812e+01
2.220814514160156250e+01
2.222276115417480469e+01
2.211529541015625000e+01
2.220166778564453125e+01
2.215451812744140625e+01
2.206060218811035156e+01
2.214345169067382812e+01
2.202476882934570312e+01
2.204396438598632812e+01
2.219186401367187500e+01
2.218445396423339844e+01
2.217055511474609375e+01
2.210838127136230469e+01
2.210522460937500000e+01
2.226725769042968750e+01
2.219140625000000000e+01
2.219440078735351562e+01
2.234494018554687500e+01
2.237453842163085938e+01
2.232624816894531250e+01
2.219058227539062500e+01
2.232493591308593750e+01
2.241716003417968750e+01
2.237851715087890625e+01
2.241869354248046875e+01
2.230751609802246094e+01
2.237467575073242188e+01
2.238710975646972656e+01
2.228937149047851562e+01
2.238947677612304688e+01
2.234102249145507812e+01
2.230583953857421875e+01
2.235755538940429688e+01
2.238213729858398438e+01
2.245609474182128906e+01
2.232894134521484375e+01
2.231962585449218750e+01
2.219046020507812500e+01
2.231853485107421875e+01
2.225725173950195312e+01
2.238521575927734375e+01
2.221091270446777344e+01
2.218301582336425781e+01
2.214115524291992188e+01
2.212761306762695312e+01
2.220656776428222656e+01
2.232513427734375000e+01
2.229816818237304688e+01
2.231487274169921875e+01
2.241627502441406250e+01
2.236519241333007812e+01
2.232002258300781250e+01
2.231209945678710938e+01
2.229807472229003906e+01
2.233600616455078125e+01
2.236013984680175781e+01
2.235974884033203125e+01
2.231875610351562500e+01
2.219994735717773438e+01
2.212859725952148438e+01
2.211183547973632812e+01
2.213249206542968750e+01
2.233968353271484375e+01
2.233414840698242188e+01
2.231585693359375000e+01
2.252570724487304688e+01
2.240789031982421875e+01
2.229521369934082031e+01
2.251716613769531250e+01
2.252439117431640625e+01
2.244401550292968750e+01
2.250164794921875000e+01
2.237596130371093750e+01
2.260551452636718750e+01
2.258876800537109375e+01
2.252814483642578125e+01
2.231394195556640625e+01
2.233621788024902344e+01
2.233440399169921875e+01
2.237723731994628906e+01
2.245947265625000000e+01
2.239869880676269531e+01
2.228595924377441406e+01
2.224153518676757812e+01
2.216125679016113281e+01
2.208868408203125000e+01
2.231967163085937500e+01
2.225894927978515625e+01
2.200817298889160156e+01
2.197663116455078125e+01
2.201821899414062500e+01
2.211432456970214844e+01
2.200439453125000000e+01
2.195112991333007812e+01
2.203766632080078125e+01
2.195705223083496094e+01
2.198567199707031250e+01
2.213661384582519531e+01
2.211009597778320312e+01
2.222678756713867188e+01
2.216398239135742188e+01
2.227344894409179688e+01
2.213848495483398438e+01
2.209728622436523438e+01
2.227450370788574219e+01
2.222306060791015625e+01
2.228516769409179688e+01
2.233708572387695312e+01
2.240842819213867188e+01
2.224681472778320312e+01
2.218409347534179688e+01
2.213224792480468750e+01
2.221063613891601562e+01
2.231033706665039062e+01
2.243583297729492188e+01
2.237158012390136719e+01
2.250094223022460938e+01
2.243374824523925781e+01
2.253907012939453125e+01
2.244075202941894531e+01
2.230332946777343750e+01
2.249274063110351562e+01
2.240322875976562500e+01
2.236058807373046875e+01
2.223316192626953125e+01
2.219247436523437500e+01
2.229251861572265625e+01
2.228395462036132812e+01
2.229766845703125000e+01
2.220070266723632812e+01
2.216081809997558594e+01
2.227642631530761719e+01
2.223932266235351562e+01
2.234505462646484375e+01
2.227315139770507812e+01
2.237904739379882812e+01
2.237697601318359375e+01
2.246728324890136719e+01
2.233652687072753906e+01
2.235941886901855469e+01
2.242297363281250000e+01
2.251382064819335938e+01
2.244433593750000000e+01
2.244702911376953125e+01
2.241861534118652344e+01
2.224145126342773438e+01
2.240870094299316406e+01
2.226485252380371094e+01
2.227482795715332031e+01
2.240147209167480469e+01
2.241746520996093750e+01
2.252074050903320312e+01
2.242355918884277344e+01
2.236696052551269531e+01
2.225662612915039062e+01
2.243354034423828125e+01
2.254800033569335938e+01
2.238394546508789062e+01
2.228841018676757812e+01
2.233667182922363281e+01
2.226071166992187500e+01
2.230373382568359375e+01
2.210466003417968750e+01
2.212562942504882812e+01
2.192971229553222656e+01
2.204377365112304688e+01
2.215408325195312500e+01
2.205056762695312500e+01
2.227451705932617188e+01
2.241957664489746094e+01
2.234594154357910156e+01
2.228114700317382812e+01
2.244633293151855469e+01
2.247446250915527344e+01
2.256272315979003906e+01
2.256621932983398438e+01
2.248618316650390625e+01
2.247960662841796875e+01
2.229823875427246094e+01
2.239799499511718750e+01
2.232266807556152344e+01
2.231020736694335938e+01
2.247649955749511719e+01
2.233833312988281250e+01
2.248230361938476562e+01
2.242002105712890625e+01
2.232371139526367188e+01
2.241086959838867188e+01
2.238606643676757812e+01
2.248809432983398438e+01
2.247137069702148438e+01
2.240787506103515625e+01
2.254406738281250000e+01
2.239511680603027344e+01
2.247312164306640625e+01
2.239085388183593750e+01
2.248295593261718750e+01
2.255021667480468750e+01
2.248013305664062500e+01
2.252372932434082031e+01
2.242862319946289062e+01
2.253080749511718750e+01
2.257668685913085938e+01
2.252896118164062500e+01
2.250414085388183594e+01
2.261353683471679688e+01
2.258309745788574219e+01
2.248276138305664062e+01
2.235412597656250000e+01
2.240068435668945312e+01
2.239222335815429688e+01
2.241632080078125000e+01
2.251222991943359375e+01
2.248643302917480469e+01
2.254177474975585938e+01
2.255612182617187500e+01
2.256688690185546875e+01
2.259549903869628906e+01
2.251979446411132812e+01
2.259399795532226562e+01
2.264657592773437500e+01
2.254869270324707031e+01
2.258821487426757812e+01
2.247862243652343750e+01
2.257342910766601562e+01
2.263347816467285156e+01
2.263034820556640625e+01
2.259026145935058594e+01
2.248337173461914062e+01
2.249601745605468750e+01
2.254019927978515625e+01
2.264066314697265625e+01
2.268743705749511719e+01
2.241928863525390625e+01
2.249213790893554688e+01
2.231189727783203125e+01
2.237232589721679688e+01
2.239559364318847656e+01
2.239280700683593750e+01
2.240384292602539062e+01
2.242207145690917969e+01
2.222447967529296875e+01
2.229270172119140625e+01
2.229555892944335938e+01
2.250260543823242188e+01
2.243709373474121094e+01
2.234489631652832031e+01
2.245682144165039062e+01
2.235849189758300781e+01
2.247435760498046875e+01
2.243280410766601562e+01
2.240796661376953125e+01
2.247631835937500000e+01
2.236896705627441406e+01
2.233822250366210938e+01
2.242717742919921875e+01
2.236188507080078125e+01
2.241120338439941406e+01
2.239658355712890625e+01
2.232351303100585938e+01
2.248934173583984375e+01
2.244677734375000000e+01
2.250335311889648438e+01
2.247551727294921875e+01
2.239857864379882812e+01
2.233744812011718750e+01
2.244520759582519531e+01
2.238452529907226562e+01
2.238695526123046875e+01
2.252282905578613281e+01
2.253600883483886719e+01
2.252276611328125000e+01
2.259132003784179688e+01
2.265974235534667969e+01
2.268777084350585938e+01
2.265380096435546875e+01
2.265914535522460938e+01
2.265111923217773438e+01
2.281373977661132812e+01
2.262605094909667969e+01
2.257625389099121094e+01
2.260773849487304688e+01
2.268061447143554688e+01
2.264183807373046875e+01
2.261546134948730469e+01
2.248543739318847656e+01
2.245452880859375000e+01
2.254092979431152344e+01
2.241138648986816406e+01
2.248592758178710938e+01
2.254799652099609375e+01
2.264697074890136719e+01
2.254791259765625000e+01
2.256813812255859375e+01
2.265497207641601562e+01
2.259630584716796875e+01
2.264612579345703125e+01
2.270954895019531250e+01
2.253361511230468750e+01
2.253315353393554688e+01
2.255242538452148438e+01
2.271202468872070312e+01
2.248010635375976562e+01
2.270213317871093750e+01
2.272450637817382812e+01
2.278181457519531250e+01
2.262008666992187500e+01
2.249577331542968750e+01
2.260369491577148438e+01
2.251643753051757812e+01
2.249307823181152344e+01
2.255059432983398438e+01
2.252022171020507812e+01
2.248269081115722656e+01
2.250465202331542969e+01
2.243512535095214844e+01
2.257807731628417969e+01
2.254998207092285156e+01
2.255516052246093750e+01
2.254031181335449219e+01
2.252675819396972656e+01
2.240975761413574219e+01
2.258597373962402344e+01
2.260214805603027344e+01
2.254229736328125000e+01
2.252328491210937500e+01
2.262045669555664062e+01
2.265637207031250000e+01
2.277025604248046875e+01
2.266665077209472656e+01
2.248664855957031250e+01
2.253284263610839844e+01
2.266965675354003906e+01
2.276628112792968750e+01
2.278140258789062500e+01
2.262041854858398438e+01
2.296706008911132812e+01
2.280286598205566406e+01
2.273774719238281250e+01
2.254802322387695312e+01
2.263152313232421875e+01
2.267292022705078125e+01
2.265664672851562500e+01
2.260230636596679688e+01
2.257866668701171875e+01
2.253581237792968750e+01
2.242508697509765625e+01
2.250427627563476562e+01
2.243650054931640625e+01
2.242938804626464844e+01
2.262159347534179688e+01
2.253364181518554688e+01
2.252029800415039062e+01
2.261555099487304688e+01
2.265155601501464844e+01
2.261539459228515625e+01
2.269593048095703125e+01
2.269580078125000000e+01
2.259074592590332031e+01
2.249756622314453125e+01
2.252155685424804688e+01
2.245632362365722656e+01
2.255617141723632812e+01
2.262988471984863281e+01
2.262148284912109375e+01
2.260974121093750000e+01
2.269246673583984375e+01
2.262027740478515625e+01
2.262423706054687500e+01
2.275342178344726562e+01
2.264136886596679688e+01
2.272067070007324219e+01
2.280509185791015625e+01
2.271020317077636719e+01
2.271658706665039062e+01
2.268337821960449219e+01
2.277584838867187500e+01
2.264690399169921875e+01
2.270032501220703125e+01
2.266221427917480469e+01
2.260308837890625000e+01
2.246646690368652344e+01
2.262520980834960938e+01
2.252171707153320312e+01
2.247171783447265625e+01
2.266656875610351562e+01
2.262585449218750000e+01
2.280323219299316406e+01
2.280703353881835938e+01
2.285849380493164062e+01
2.267824935913085938e+01
2.272034454345703125e+01
2.281515502929687500e+01
2.284292221069335938e+01
2.278828811645507812e+01
2.276715087890625000e+01
2.277292633056640625e+01
2.281745529174804688e+01
2.292390251159667969e+01
2.285504150390625000e+01
2.281845664978027344e+01
2.274519729614257812e+01
2.274231910705566406e+01
2.280383682250976562e+01
2.282500076293945312e+01
2.261451721191406250e+01
2.277118110656738281e+01
2.258196258544921875e+01
2.263856887817382812e+01
2.271758079528808594e+01
2.262364959716796875e+01
2.262947845458984375e+01
2.263908004760742188e+01
2.263637161254882812e+01
2.263089561462402344e+01
2.272520637512207031e+01
2.273147010803222656e+01
2.276250648498535156e+01
2.277899742126464844e+01
2.269494247436523438e+01
2.276468658447265625e+01
2.279225158691406250e+01
2.289218139648437500e+01
2.277942848205566406e+01
2.286838912963867188e+01
2.275167083740234375e+01
2.291208648681640625e+01
2.288201522827148438e+01
2.294844436645507812e+01
2.301681137084960938e+01
2.305873680114746094e+01
2.302292251586914062e+01
2.297483825683593750e+01
2.298447036743164062e+01
2.282270812988281250e+01
2.301823043823242188e+01
2.282624816894531250e+01
2.282240676879882812e+01
2.295231628417968750e+01
2.285595130920410156e+01
2.285309410095214844e+01
2.291255950927734375e+01
2.284174728393554688e+01
2.278855895996093750e+01
2.288146209716796875e+01
2.279588699340820312e+01
2.272173309326171875e+01
2.281398773193359375e+01
2.265868377685546875e+01
2.268108749389648438e+01
2.259165763854980469e+01
2.266229248046875000e+01
2.257689285278320312e+01
2.284444427490234375e+01
2.287681961059570312e+01
2.285297393798828125e+01
2.268816757202148438e+01
2.257066726684570312e+01
2.262313270568847656e+01
2.267540168762207031e+01
2.265658950805664062e+01
2.271960067749023438e+01
2.267953872680664062e+01
2.262664413452148438e+01
2.267782020568847656e+01
2.273007583618164062e+01
2.273834609985351562e+01
2.281914138793945312e+01
2.280742263793945312e+01
2.289304542541503906e+01
2.293037796020507812e+01
2.297785758972167969e+01
2.305837631225585938e+01
2.283646011352539062e+01
2.285345077514648438e+01
2.296854782104492188e+01
2.292122459411621094e+01
2.282605552673339844e+01
2.284917449951171875e+01
2.284959793090820312e+01
2.293337249755859375e+01
2.286795425415039062e+01
2.274938964843750000e+01
2.278905868530273438e+01
2.306708908081054688e+01
2.288835906982421875e+01
2.296137237548828125e+01
2.290008926391601562e+01
2.298806190490722656e+01
2.306352996826171875e+01
2.301216316223144531e+01
2.291383743286132812e+01
2.283348464965820312e+01
2.299313354492187500e+01
2.306345558166503906e+01
2.293983078002929688e+01
2.297100067138671875e+01
2.301153564453125000e+01
2.306331062316894531e+01
2.298357963562011719e+01
2.308425140380859375e+01
2.322971534729003906e+01
2.319827270507812500e+01
2.314732360839843750e+01
2.328823089599609375e+01
2.330382156372070312e+01
2.335118484497070312e+01
2.316351509094238281e+01
2.307449531555175781e+01
2.303861808776855469e+01
2.298590278625488281e+01
2.295570373535156250e+01
2.277026748657226562e+01
2.285469818115234375e+01
2.276793289184570312e+01
2.280928039550781250e+01
2.294081115722656250e+01
2.295825576782226562e+01
2.298549652099609375e+01
2.277826309204101562e+01
2.301207351684570312e+01
2.297600364685058594e+01
2.286575317382812500e+01
2.276581001281738281e+01
2.275230407714843750e+01
2.283970069885253906e+01
2.293903350830078125e+01
2.287617492675781250e+01
2.280979156494140625e+01
2.293140220642089844e+01
2.283424377441406250e+01
2.286715316772460938e+01
2.307680892944335938e+01
2.288080787658691406e+01
2.293245124816894531e+01
2.287661743164062500e+01
2.287863540649414062e+01
2.288410186767578125e+01
2.290779685974121094e+01
2.293425750732421875e+01
2.303991317749023438e+01
2.285942268371582031e+01
2.281455802917480469e+01
2.279139328002929688e+01
2.280122375488281250e+01
2.290420913696289062e+01
2.281767272949218750e+01
2.268299102783203125e+01
2.266621208190917969e+01
2.276130676269531250e+01
2.277798461914062500e+01
2.283225250244140625e+01
2.278239440917968750e+01
2.299066734313964844e+01
2.290990447998046875e+01
2.297508621215820312e+01
2.303640747070312500e+01
2.298226165771484375e+01
2.306543922424316406e+01
2.292752075195312500e+01
2.300168991088867188e+01
2.295758819580078125e+01
2.299678611755371094e+01
2.300934791564941406e+01
2.311246871948242188e+01
2.298213577270507812e+01
2.286229324340820312e+01
2.284883880615234375e+01
2.290666961669921875e+01
2.281498336791992188e+01
2.292421340942382812e+01
2.297252655029296875e+01
2.295820999145507812e+01
2.297381591796875000e+01
2.279119110107421875e+01
2.284677886962890625e+01
2.278377914428710938e+01
2.284829902648925781e+01
2.283358383178710938e+01
2.275517463684082031e+01
2.278477287292480469e+01
2.267921257019042969e+01
2.273509788513183594e+01
2.270843887329101562e+01
2.264209365844726562e+01
2.283069229125976562e+01
2.279234313964843750e+01
2.269563102722167969e+01
2.287957191467285156e+01
2.267877578735351562e+01
2.267411613464355469e+01
2.274645996093750000e+01
2.276543426513671875e+01
2.276998138427734375e+01
2.277282333374023438e+01
2.283294677734375000e+01
2.276422500610351562e+01
2.268000411987304688e+01
2.280579757690429688e+01
2.288267135620117188e+01
2.268023681640625000e+01
2.265695571899414062e+01
2.261520004272460938e+01
2.265785598754882812e+01
2.251316452026367188e+01
2.250174331665039062e+01
2.252679443359375000e+01
2.256164932250976562e+01
2.268418121337890625e+01
2.286904525756835938e+01
2.284389114379882812e+01
2.303991889953613281e+01
2.292329788208007812e+01
2.284069252014160156e+01
2.279906082153320312e+01
2.281172752380371094e+01
2.279664230346679688e+01
2.281956863403320312e+01
2.272176361083984375e+01
2.278264999389648438e+01
2.274905014038085938e+01
2.259777641296386719e+01
2.270919799804687500e+01
2.258922195434570312e+01
2.265403366088867188e+01
2.269938850402832031e+01
2.262321090698242188e+01
2.261443138122558594e+01
2.264357376098632812e+01
2.263300514221191406e+01
2.264231109619140625e+01
2.272029876708984375e+01
2.277718925476074219e+01
2.274919128417968750e+01
2.282015228271484375e+01
2.291069412231445312e+01
2.287205886840820312e+01
2.279101943969726562e+01
2.267716789245605469e+01
2.267539215087890625e+01
2.262086105346679688e+01
2.273217010498046875e+01
2.275470733642578125e+01
2.277658653259277344e+01
2.275208663940429688e+01
2.279540443420410156e+01
2.289157295227050781e+01
2.293850135803222656e+01
2.289405059814453125e+01
2.301023483276367188e+01
2.314208030700683594e+01
2.304839324951171875e+01
2.304528236389160156e+01
2.298484802246093750e+01
2.288021469116210938e+01
2.289165878295898438e+01
2.290070724487304688e+01
2.282347679138183594e+01
2.288228607177734375e+01
2.291720008850097656e+01
2.291433715820312500e+01
2.284792900085449219e+01
2.286678695678710938e+01
2.293055915832519531e+01
2.299451446533203125e+01
2.287163925170898438e+01
2.281293869018554688e+01
2.273719215393066406e+01
2.268497085571289062e+01
2.272365570068359375e+01
2.285587310791015625e+01
2.275536155700683594e+01
2.295945358276367188e+01
2.290028762817382812e+01
2.298648071289062500e+01
2.305005645751953125e+01
2.302220153808593750e+01
2.287198638916015625e+01
2.301599311828613281e+01
2.319672584533691406e+01
2.317053222656250000e+01
2.313192367553710938e+01
2.315687179565429688e+01
2.308822250366210938e+01
2.310303497314453125e+01
2.315530395507812500e+01
2.315861892700195312e+01
2.314100646972656250e+01
2.312948989868164062e+01
2.305594825744628906e+01
2.309075927734375000e+01
2.299999427795410156e+01
2.295203208923339844e+01
2.294840240478515625e+01
2.295104980468750000e+01
2.282972908020019531e+01
2.279786682128906250e+01
2.282067871093750000e+01
2.295530700683593750e+01
2.300779533386230469e+01
2.307343673706054688e+01
2.295870208740234375e+01
2.311489677429199219e+01
2.296755981445312500e+01
2.315059089660644531e+01
2.293592453002929688e+01
2.291276550292968750e+01
2.297495269775390625e+01
2.274212646484375000e+01
2.271798515319824219e+01
2.272380256652832031e+01
2.282244491577148438e+01
2.275178146362304688e+01
2.281921386718750000e+01
2.288941574096679688e+01
2.277699851989746094e+01
2.283119583129882812e+01
2.283860397338867188e+01
2.284390640258789062e+01
2.279531478881835938e+01
2.279805755615234375e+01
2.278527259826660156e+01
2.280491638183593750e+01
2.283375167846679688e+01
2.267168235778808594e+01
2.273262786865234375e+01
2.258861541748046875e+01
2.260348129272460938e+01
2.253679275512695312e+01
2.263070106506347656e+01
2.269138336181640625e+01
2.248170661926269531e+01
2.246950912475585938e+01
2.245446777343750000e+01
2.261651992797851562e+01
2.269125366210937500e+01
2.258676719665527344e+01
2.279649734497070312e+01
