1.772616553612244461e+00
1.556269069818349893e+00
1.332325296677075999e+00
1.224549258672274155e+00
1.150486741310510874e+00
1.096175481722905021e+00
1.060859426779624748e+00
1.026319128427749972e+00
9.956699165014120112e-01
9.773090133300194049e-01
9.618621859795007945e-01
9.481438986766033139e-01
9.320747392299847389e-01
9.176755929604555329e-01
9.101343031112963944e-01
8.947538536328535352e-01
8.882377514472374891e-01
8.813634953437707864e-01
8.693941926344846971e-01
8.591420132380265251e-01
8.526785104702681028e-01
8.468476954178932870e-01
8.384189105950868859e-01
8.302086747609651596e-01
8.233021691823616539e-01
8.170541118352840915e-01
8.084022583105625603e-01
8.071172974048517190e-01
8.010794103909761876e-01
7.968169163434933866e-01
7.916160039412669658e-01
7.859082040878442310e-01
7.787350809726959477e-01
7.726790678042632088e-01
7.713882787105365013e-01
7.618723926635888599e-01
7.679790405890880578e-01
7.582561491391597297e-01
7.552200695643058737e-01
7.498134175172218585e-01
7.476327140361834767e-01
7.382310782487575551e-01
7.399588004900858884e-01
7.319052440233719814e-01
7.298524343050443175e-01
7.311899399146055689e-01
7.267872385489635434e-01
7.203272612431110833e-01
7.200784409657502438e-01
7.136247717417203429e-01
7.153460087684484492e-01
7.126867481531240500e-01
7.105461884003418938e-01
7.012047752355917707e-01
7.005186323936168913e-01
7.037566227026474941e-01
6.977819231840279857e-01
6.951496689747541646e-01
6.904257806447836598e-01
6.912539168046071270e-01
6.875867748107665767e-01
6.880312413741380695e-01
6.797738532225291452e-01
6.852838312968229095e-01
6.753049644904258741e-01
6.830665229986875309e-01
6.701143668248102925e-01
6.685218400680101869e-01
6.658396739226121186e-01
6.654021969972512274e-01
6.655680272823725208e-01
6.609646888879628923e-01
6.634954039102946011e-01
6.560735396849803891e-01
6.514039146594512442e-01
6.574105835113770446e-01
6.574464946221082462e-01
6.581768075625101799e-01
6.527751072094990503e-01
6.556971598894167919e-01
6.478639523952435253e-01
6.468355694642433651e-01
6.500818479519624438e-01
6.423603494197894781e-01
6.382873944747142758e-01
6.406289394085223909e-01
6.399639400916221632e-01
6.348548750846814137e-01
6.315818859980656397e-01
6.336144198973973074e-01
6.332490944709533442e-01
6.283220200966566082e-01
6.257215092579523352e-01
6.265099633962679659e-01
6.250887177693538188e-01
6.283897621509356712e-01
6.230946202308703663e-01
6.266062963467378122e-01
6.180225151471602230e-01
6.201788371190046778e-01
6.199935595194498994e-01
6.150500052250348348e-01
6.220279694367677470e-01
6.121667398856236453e-01
6.044435696724134166e-01
6.065839918760153049e-01
6.035010889554635050e-01
6.061414552804751388e-01
6.093304846531305552e-01
6.069016356498767584e-01
6.021963926462027272e-01
6.051701551064466722e-01
6.066337719941750084e-01
5.996308076076019011e-01
6.006613632807364933e-01
6.000738156147492619e-01
5.994997500609129393e-01
6.001713716066801041e-01
5.956732509992062052e-01
6.017008604911657788e-01
5.909118702778449750e-01
5.943224324629856614e-01
5.969418575366337576e-01
5.873213347716209620e-01
5.911786211606783192e-01
5.881657105225782667e-01
5.891253394194138071e-01
5.878970428919181312e-01
5.872160930664110934e-01
5.864272685387195150e-01
5.788821646036246271e-01
5.827199046428387375e-01
5.849380861490200978e-01
5.799520027943146916e-01
5.822904527951509035e-01
5.762669117786944906e-01
5.816063317732933502e-01
5.789866401599004231e-01
5.755349922638672844e-01
5.746964422556070096e-01
5.767790918930982835e-01
5.748536410240027150e-01
5.698457731650425906e-01
5.695897919245255236e-01
5.716078706276722654e-01
5.741181819866865155e-01
5.677687045091237561e-01
5.707528773026588897e-01
5.664475518159377554e-01
5.670029149605677610e-01
5.687923231950172687e-01
5.601632369634432784e-01
5.616297334432601707e-01
5.626978471493109257e-01
5.637369602918624878e-01
5.648792442602988961e-01
5.577191322277753605e-01
5.583478001447824690e-01
5.608172977582002172e-01
5.555746436883242101e-01
5.593408429469817200e-01
5.535678960573978680e-01
5.585718817435778583e-01
5.583629903885034551e-01
5.532256160791103605e-01
5.563069342802732242e-01
5.586063848092005513e-01
5.477738281091054651e-01
5.491359198704743871e-01
5.514639160571954690e-01
5.505989149594918697e-01
5.511380511216628086e-01
5.539973958944662824e-01
5.508141672764068630e-01
5.438503971466651654e-01
5.423467685778935454e-01
5.441000989614388494e-01
5.480767280627519833e-01
5.473450743999236368e-01
5.391407104638906711e-01
5.445155291985243062e-01
5.493330929523859707e-01
5.386049018456385840e-01
5.413761526346206887e-01
5.457545073368610389e-01
5.405115991830825584e-01
5.393618660095410577e-01
5.368813073787933599e-01
5.405003747878930342e-01
5.409520140825173629e-01
5.433323002014405212e-01
5.357681335547030965e-01
5.331756299122786258e-01
5.369289685518313648e-01
5.332772010411971353e-01
5.410428932844064676e-01
5.401083067441597718e-01
5.322672094290072931e-01
5.377120727911973708e-01
5.290577753996237309e-01
5.285258608750807996e-01
5.259872514467972549e-01
5.313733543340976029e-01
5.320752309683042247e-01
5.255713186202904952e-01
5.257729655657059631e-01
5.260394698534256452e-01
5.283008259458419342e-01
5.296385257672040492e-01
5.287554150208448878e-01
5.293672719062902932e-01
5.328709234029819219e-01
5.276363416359974856e-01
5.236558042275599734e-01
5.304687054875569796e-01
5.217649031908083712e-01
5.191211472719143849e-01
5.223480110749220140e-01
5.170683011794701134e-01
5.196708223758599310e-01
5.249366875642385022e-01
5.173593515004867305e-01
5.174143503109613906e-01
5.255324291113095958e-01
5.176286308047098883e-01
5.134467831788919190e-01
5.206609580761346612e-01
5.137527432197179778e-01
5.068296818396984538e-01
5.143497417370478386e-01
5.138730920278109515e-01
5.154977727394837173e-01
5.107186748431279399e-01
5.183513888945946446e-01
5.103108616593556857e-01
5.131848347492706797e-01
5.169440948810333225e-01
5.095163198617788103e-01
5.148708068407499283e-01
5.089698903071574465e-01
5.079488790952242372e-01
5.097102177448761262e-01
5.105669690248293424e-01
5.105850960199649347e-01
5.083144590640679139e-01
5.089092988998461520e-01
5.084583086845202438e-01
4.990791083528445249e-01
5.080908833405910485e-01
5.120840723697955843e-01
5.048391031913268545e-01
5.052416160320624128e-01
5.046990621930513843e-01
5.067285897258000382e-01
4.981999354866834540e-01
4.965653424079601308e-01
5.043807140909708497e-01
5.043841819732617360e-01
5.016820784180592296e-01
5.012015568904387708e-01
4.986820489168167225e-01
5.000360249708860616e-01
5.009810992540457697e-01
4.928073104375447766e-01
4.940322299798329819e-01
5.052338678103226455e-01
4.976571582066707244e-01
4.946285236340302593e-01
4.943931583410654529e-01
4.986164708168078774e-01
4.951304322633987565e-01
4.983307943894312864e-01
4.969893714556327113e-01
4.882842935430697917e-01
4.901073254835911497e-01
5.001446211185210933e-01
4.951147269744139434e-01
4.874155168349926237e-01
4.906739925726866236e-01
4.959742781443473580e-01
4.922509524302605133e-01
4.878412189009861955e-01
4.892338620164455310e-01
4.985611548408483973e-01
4.914902030275418165e-01
4.878480949845069303e-01
4.865004353034190765e-01
4.870608181525499236e-01
4.890180452511860842e-01
4.936323351967029094e-01
4.857760113019209403e-01
4.863744807931092984e-01
4.874418782882201095e-01
4.796404148141543144e-01
4.857941256119654994e-01
4.824407522494976175e-01
4.845905572175979725e-01
4.820878904981490964e-01
4.853517140333469260e-01
4.876202120230748172e-01
4.783976409679804309e-01
4.886326925876813276e-01
4.830805834287252298e-01
4.863221074526126730e-01
4.797108350655971409e-01
4.776204051115574001e-01
4.820412576962739837e-01
4.834915205836295971e-01
4.846101444883224030e-01
4.712470333927716859e-01
4.741854784580377680e-01
4.760921277296848997e-01
4.794364860042547583e-01
4.768153636119304428e-01
4.797514975835115436e-01
4.776167018291277988e-01
4.763574536794271119e-01
4.755770672208223804e-01
4.791324421381338849e-01
4.785981050286537419e-01
4.766054249726808800e-01
4.708515233336350581e-01
4.775877456634472495e-01
4.736194435602579245e-01
4.702422768641740802e-01
4.703432005567428353e-01
4.690630893294627790e-01
4.703596096772413859e-01
4.667373039019413472e-01
4.797089616457620997e-01
4.754747201234866272e-01
4.650725045265295399e-01
4.734048736783174616e-01
4.655950454565194740e-01
4.680535039840600375e-01
4.598435812271558509e-01
4.638679260244736313e-01
4.682973182354218111e-01
4.744462165312889335e-01
4.613943455310968167e-01
4.657247520792178741e-01
4.632708029105113146e-01
4.662850741392526865e-01
4.687934834605608225e-01
4.717403335066941983e-01
4.678647371438833247e-01
4.657892265380957353e-01
4.700375779316975366e-01
4.626278849366383672e-01
4.556799666621746403e-01
4.647536438245039592e-01
4.569937584109795559e-01
4.575858095517525426e-01
4.688690698299652349e-01
4.586440955981230250e-01
4.549536455136078961e-01
4.532138563119448293e-01
4.570572330019412877e-01
4.573039999757057550e-01
4.536182201443574313e-01
4.596811829851223941e-01
4.522942605691078199e-01
4.580838290544656521e-01
4.523303684515830869e-01
4.545519152130836349e-01
4.510522512289193986e-01
4.543427747411605822e-01
4.582797891054398165e-01
4.594855561088292961e-01
4.508465573573723906e-01
4.534673480651317257e-01
4.427308607942018748e-01
4.537797677593353729e-01
4.519969973426598564e-01
4.520887913994299789e-01
4.423576997640805142e-01
4.533923479609000551e-01
4.569921562686944383e-01
4.450427917333749650e-01
4.517284815510114182e-01
4.474668902464402076e-01
4.469171049503179449e-01
4.492127238557888647e-01
4.431682112507330795e-01
4.437367905408908242e-01
4.503397039113900546e-01
4.390006242272181392e-01
4.401505464544663293e-01
4.540401748357674738e-01
4.392873943616182331e-01
4.484381496906280629e-01
4.461259606939095845e-01
4.457397119357035531e-01
4.375710413241997720e-01
4.366220784110900754e-01
4.381798482094055314e-01
4.419312608547699694e-01
4.413436993574484934e-01
4.420535254172789918e-01
4.436488083921946157e-01
4.358539290153063406e-01
4.392032300050441873e-01
4.428879428750429614e-01
4.391595684947111611e-01
4.389169638737653867e-01
4.295022940788513766e-01
4.417899257861651052e-01
4.411382200626226546e-01
4.395828970349752174e-01
4.349579275418550273e-01
4.328920034643931047e-01
4.430525334981771368e-01
4.371556367629613749e-01
4.407371300917405366e-01
4.284112720153270826e-01
4.393327614817864046e-01
4.388903041298573005e-01
4.412218446532885086e-01
4.351563074267827402e-01
4.368356627531540526e-01
4.332474215290485486e-01
4.360982490273622170e-01
4.322795448394922135e-01
4.234244241164280553e-01
4.324419331474181893e-01
4.352045133327826498e-01
4.230413761658546323e-01
4.298234317165154916e-01
4.225688695143430818e-01
4.299966354782764899e-01
4.298325132865172260e-01
4.245292799977155584e-01
4.311455577229842406e-01
4.238507263553448201e-01
4.206511288117139591e-01
4.277458742643013845e-01
4.204991782704989300e-01
4.259623228357388158e-01
4.238426497349372379e-01
4.225845397282869120e-01
4.291092184109565610e-01
4.229573722451160922e-01
4.290930994046039948e-01
4.290420307562901603e-01
4.171378588447203772e-01
4.216879129027709117e-01
4.256643112271260021e-01
4.281819392473269481e-01
4.288953021168708801e-01
4.292577296495437844e-01
4.240413700922941453e-01
4.179638021267377268e-01
4.153528483632283330e-01
4.195909145168769117e-01
4.267034134803673884e-01
4.238358049438549768e-01
4.184999300883366358e-01
4.185612030136279804e-01
4.257724520105581889e-01
4.164971528527064426e-01
4.220842855481001243e-01
4.245314769255809084e-01
4.117508164583108532e-01
4.165778004970305815e-01
4.189176340515796682e-01
4.149406369297932162e-01
4.089962788117237347e-01
4.198671102141722788e-01
4.192908189999751678e-01
4.163832308390201797e-01
4.082744347361417780e-01
4.200835150785935390e-01
4.075400269566438194e-01
4.005465224767342791e-01
4.104331184274110922e-01
4.086798258316822752e-01
4.147939103918197867e-01
4.121460218460131775e-01
4.125788208383780464e-01
4.144512154352970601e-01
4.132937776354643211e-01
4.101280896709515456e-01
4.085629455936260479e-01
4.146490251406645400e-01
4.100748114478893758e-01
4.095931327495819230e-01
4.095590445857781869e-01
4.162375834889900927e-01
4.095875709484785299e-01
4.122262819073139184e-01
4.030148979945060717e-01
4.050479560708388216e-01
4.021133064077450636e-01
4.103269089873020636e-01
4.123511170729612929e-01
4.054562899928826347e-01
4.068226448618448843e-01
4.042663035484460599e-01
4.075564148334356318e-01
4.101233057486705080e-01
4.006488678547052151e-01
4.068527939227911117e-01
4.012860621015230667e-01
3.971373391457093116e-01
4.005807886903102744e-01
4.034643618724285119e-01
4.077905951784207006e-01
4.078550909574215066e-01
4.140348342366707568e-01
4.009388469732724780e-01
4.016462933176603300e-01
3.984107398451903204e-01
4.003026457169117092e-01
4.064547323645689714e-01
3.993172339521921521e-01
3.989313614674103725e-01
3.900252796518496878e-01
4.056145641666192292e-01
3.931336591259027013e-01
4.045473603483958347e-01
3.935480550313606996e-01
3.984056502580642922e-01
4.040309984332475790e-01
3.954181808691758504e-01
3.956847822819000715e-01
4.023049051562945233e-01
3.976873165139785393e-01
3.941841148031063335e-01
3.939661999925588853e-01
3.895905640644904966e-01
3.942858711649209758e-01
3.975316039644755106e-01
3.964204199803181283e-01
4.040414397533123037e-01
3.935277096354044546e-01
3.956997984876999275e-01
3.919843744391049989e-01
3.963634527646578420e-01
3.949362638287055027e-01
3.957294694124123824e-01
3.915726633408130875e-01
3.996866651452504748e-01
3.959493228640311724e-01
3.920230530393429280e-01
3.938237678164090982e-01
3.934089914728433612e-01
3.982689661857409247e-01
3.883620715676209811e-01
3.981322654164754504e-01
3.878017791188680397e-01
3.965303605183577162e-01
3.987730490091519475e-01
3.910750951140354870e-01
3.822212151992015472e-01
3.909815526925600748e-01
3.927173720720486538e-01
3.873704859461539751e-01
3.977798913915951973e-01
3.805634299149879829e-01
3.904479742432251932e-01
3.875509579976399999e-01
3.947657155302854437e-01
3.907704576467856405e-01
3.890976883279971821e-01
3.848559851065659898e-01
3.903367324899404411e-01
3.827970074155391811e-01
3.899010862677525502e-01
3.850747216206330537e-01
3.828000311668102729e-01
3.890837111534216630e-01
3.922892934236770768e-01
3.894085862315618263e-01
3.812868997454643138e-01
3.866726417572070584e-01
3.900841077932944434e-01
3.851564254898291462e-01
3.883567570493771659e-01
3.886383456679490811e-01
3.866965607572824259e-01
3.958483725404128295e-01
3.876469752345329534e-01
3.849367207823655712e-01
3.838810905814170615e-01
3.876670461052503236e-01
3.862358803932483542e-01
3.854731026750344292e-01
3.850866487010931594e-01
3.874459262459706288e-01
3.859646123571273679e-01
3.744578102460274227e-01
3.804533882018847346e-01
3.867307817706694961e-01
3.801231853472880617e-01
3.781085149982036930e-01
3.810310330910560150e-01
3.799772706551429735e-01
3.832480385517462729e-01
3.771518541834293359e-01
3.822173717694404838e-01
3.690088652647458556e-01
3.837800093950369251e-01
3.758297342138412489e-01
3.867383249677144308e-01
3.796474728828821421e-01
3.801596238827094076e-01
3.793996086869484419e-01
3.852433475164266929e-01
3.789756134916574259e-01
3.877585239135302175e-01
3.865288750101358306e-01
3.771997954982977408e-01
3.849666910675855758e-01
3.784285980157363061e-01
3.837202161932602995e-01
3.791634483215136631e-01
3.896821284523376838e-01
3.744093809754420743e-01
3.712422742293431388e-01
3.891371333828338996e-01
3.775592914758584273e-01
3.789470020395058758e-01
3.784852649156864035e-01
3.659776550072890156e-01
3.854016072092912304e-01
3.808672828934131505e-01
3.868562625386776088e-01
3.820438640239910977e-01
3.784702829061410423e-01
3.798609029406156412e-01
3.827411047159097190e-01
3.762257695580140116e-01
3.693190886042057031e-01
3.748823716472357015e-01
3.756576637427012089e-01
3.779206696993265280e-01
3.708526680484796056e-01
3.751116654047599308e-01
3.767990116507579090e-01
3.768434281532581087e-01
3.742067065376502022e-01
3.765224484296945673e-01
3.661802166547530879e-01
3.644593022190607545e-01
3.757729109663229816e-01
3.655155446284856779e-01
3.775742019216219436e-01
3.808157762655844936e-01
3.749228556186725014e-01
3.766680826361362699e-01
3.690288659089651091e-01
3.717780089149108069e-01
3.762012038857509011e-01
3.687820838812069790e-01
3.707237521425271742e-01
3.626756707827250015e-01
3.730454975977922083e-01
3.787130868587738619e-01
3.723860624508980033e-01
3.738351184588212250e-01
3.739829724033673641e-01
3.638922823927341343e-01
3.667510413779662137e-01
3.733997199015739454e-01
3.669096805346317991e-01
3.743825183464930539e-01
3.759231083286114217e-01
3.784841258174334033e-01
3.694489836692810281e-01
3.791019663214683644e-01
3.703253116363134367e-01
3.724485256733038319e-01
3.660677774212299229e-01
3.698725775648386005e-01
3.748271359082980259e-01
3.733556669491988056e-01
3.688665134402421830e-01
3.728774566680956859e-01
3.623578611474770894e-01
3.727726809107340111e-01
3.656510542982663869e-01
3.690582585258361803e-01
3.660657572822693107e-01
3.684655991120215912e-01
3.692575674026440380e-01
3.638140262510531908e-01
3.681730076670646779e-01
3.725930510423122177e-01
3.667136119344295841e-01
3.676814853762969126e-01
3.638978467728847255e-01
3.595823237911248693e-01
3.643253753582636478e-01
3.668081568219722643e-01
3.662508164078761563e-01
3.683162139394344226e-01
3.723877028012886892e-01
3.637421526587926168e-01
3.767361783064328562e-01
3.656685380599437596e-01
3.654181002806394796e-01
3.588474587752268907e-01
3.589509682586559669e-01
3.631222224388366837e-01
3.678399085998534934e-01
3.610641808846057899e-01
3.581621230030671010e-01
3.681637231738139615e-01
3.629744176681224954e-01
3.664858808693213232e-01
3.673236326147348296e-01
3.668453654799705976e-01
3.625316668779421936e-01
3.614185939614589227e-01
3.631009491590352911e-01
3.616479181326352488e-01
3.639469407689877034e-01
3.596992734533089875e-01
3.577246408049876703e-01
3.719137377845935233e-01
3.552708397691066722e-01
3.617270934658172732e-01
3.588764900198349594e-01
3.579432193667460571e-01
3.554484359728984355e-01
3.704732486070730912e-01
3.618284576596357827e-01
3.662205592370950114e-01
3.622318595647812112e-01
3.596027033069195133e-01
3.650015751902873640e-01
3.609531153471041698e-01
3.566933886745037308e-01
3.607207310505402553e-01
3.589575030864813332e-01
3.582872455318769078e-01
3.621480284593044385e-01
3.619828762916418308e-01
3.633947950525161508e-01
3.523171981557821630e-01
3.650845678953024143e-01
3.565705506847454687e-01
3.582816781523900374e-01
3.542086201218458408e-01
3.568506262623346581e-01
3.534510145202661158e-01
3.639465064192429766e-01
3.643153707186381207e-01
3.544626096120247483e-01
3.595198832643337616e-01
3.530528764694165211e-01
3.569022301680002673e-01
3.557411492635041972e-01
3.659261287404940721e-01
3.553189354447218173e-01
3.558290347839013212e-01
3.557089961874179140e-01
3.525324763013766294e-01
3.560177448468330730e-01
3.540159692366918187e-01
3.530058604975541692e-01
3.591627819415850742e-01
3.523487945015613687e-01
3.531350695551970231e-01
3.536044024122066975e-01
3.510553537844083305e-01
3.584185056961499694e-01
3.636027783155441062e-01
3.484892950608179940e-01
3.510470210359646903e-01
3.538518625956315056e-01
3.519117077955832840e-01
3.556224944881903882e-01
3.599507864087055919e-01
3.580373020317310084e-01
3.487133603447523100e-01
3.485631515200321440e-01
3.455351721399869680e-01
3.547613641008352525e-01
3.496421772318008547e-01
3.551633077936294791e-01
3.517670872501837964e-01
3.541116258272757888e-01
3.501167500248322240e-01
3.556995663123252993e-01
3.535544899029609556e-01
3.490399692303094992e-01
3.543876594839951988e-01
3.504195470458422168e-01
3.562932382791470509e-01
3.493905355150883074e-01
3.531938834832265006e-01
3.564529773898613696e-01
3.464594816932311527e-01
3.497816880926107874e-01
3.558476916108375687e-01
3.434661631209727783e-01
3.468195588542865027e-01
3.511831489128944273e-01
3.515783099409861556e-01
3.574442394650899635e-01
3.583552715487969276e-01
3.512047655307329874e-01
3.541548344187247510e-01
3.492945119738578574e-01
3.501678866835740700e-01
3.358309121850209245e-01
3.559070877157725077e-01
3.615864246319501762e-01
3.473604947710648427e-01
3.521400934610611211e-01
3.541916244687178250e-01
3.515966039437514179e-01
3.518282847144664771e-01
3.481783101956049675e-01
3.419270873451843995e-01
3.504814361150447866e-01
3.491565685623731485e-01
3.502908629484665637e-01
3.467065733594771881e-01
3.405736865523533718e-01
3.538472766868578923e-01
3.465844556116141062e-01
3.452036771254661796e-01
3.483040809249266512e-01
3.456937627914624112e-01
3.430673008927931922e-01
3.458488363486069694e-01
3.435564136657959233e-01
3.520683684410192971e-01
3.449126022939498770e-01
3.510651976634294735e-01
3.414248880285483123e-01
3.536440301017883536e-01
3.532251752721957683e-01
3.369947581146007787e-01
3.514271680743266124e-01
3.409358742909553985e-01
3.473515823865548358e-01
3.459439282998060805e-01
3.488699722748536125e-01
3.381894710163275142e-01
3.453927829479560008e-01
3.431725824490571841e-01
3.450046032667160034e-01
3.499160230159759633e-01
3.502706875785803198e-01
3.429053187752381104e-01
3.391857862090453257e-01
3.506198522372123705e-01
3.451639611369524130e-01
3.350812052304927846e-01
3.406942633864207259e-01
3.379078814998651148e-01
3.481276292831469998e-01
3.369373728067446838e-01
3.430901264915099391e-01
3.484174728393554799e-01
3.370560226532129389e-01
3.451937547861001487e-01
3.454329515496889491e-01
3.437689488896956691e-01
3.423106797421590075e-01
3.410761089661182299e-01
3.437790893209285992e-01
3.410040022853093045e-01
3.402041321763625281e-01
3.461913197086407545e-01
3.439880229723759064e-01
3.418583019421650993e-01
3.462417381696211716e-01
3.418967196192496671e-01
3.374167861082614794e-01
3.444674898416568154e-01
3.322052726569847958e-01
3.429283425593987467e-01
3.346630063194495075e-01
3.390697640104171628e-01
3.372861536267476312e-01
3.381841470415775652e-01
3.447513702970284588e-01
3.389485426820241232e-01
3.483283778795829289e-01
3.380053929411447888e-01
3.512387780042794949e-01
3.398128667703041450e-01
3.334184070428212743e-01
3.400290220211713565e-01
3.368284109884347455e-01
3.413046596141962041e-01
3.419178095765603165e-01
3.448490854448232890e-01
3.338632434606552124e-01
3.410789850430611114e-01
3.335984965165456062e-01
3.370001596709092384e-01
3.332400696973005783e-01
3.453638179562030786e-01
3.368465074743979826e-01
3.397096287745695609e-01
3.386592965859633320e-01
3.441927342842786564e-01
3.475589815622721068e-01
3.471749183459159616e-01
3.361174162954856381e-01
3.330348952076374047e-01
3.376491180215126509e-01
3.412903089171800963e-01
3.294311996835928569e-01
3.383854218782522683e-01
3.292475991524183021e-01
3.372674092650413402e-01
3.405493666346256498e-01
3.386487160737697844e-01
3.285908516400899426e-01
3.376355996116613967e-01
3.351763217877118950e-01
3.380023743097598787e-01
3.325751736760139687e-01
3.378345826688485265e-01
3.332704957097004650e-01
3.370559523885066633e-01
3.403481317827334873e-01
3.345620731894786704e-01
3.374342413666920892e-01
3.454758877173448317e-01
3.339774796404899604e-01
3.384954410103651057e-01
3.342033776335227024e-01
3.339064039480991730e-01
3.366708474663587802e-01
3.336877965774291410e-01
3.373365816779625992e-01
3.310750776758560887e-01
3.371905952692031971e-01
3.381297695522125224e-01
3.310744606913664234e-01
3.402406924046003089e-01
3.392622984754733451e-01
3.351906187641314760e-01
3.367723887165387509e-01
3.307554251872576456e-01
3.383712029992005932e-01
3.346942184063104730e-01
3.303054659221416611e-01
3.284817817119451422e-01
3.354297250509262196e-01
3.286513055555331242e-01
3.367599866711176171e-01
3.331968586605328908e-01
3.389436579285523554e-01
3.333312083131227954e-01
3.298873999179938177e-01
3.362138071503394943e-01
3.258543140995197041e-01
3.329205845793088425e-01
3.404900940182881697e-01
3.332468580168027050e-01
3.302899126058969625e-01
3.347038539174275740e-01
3.250780586630870328e-01
3.302773730112956163e-01
3.337861302953499809e-01
3.249791005483040340e-01
3.410856476578956742e-01
3.342153352804673183e-01
3.328762797017892350e-01
3.274055597109672422e-01
3.363001777575566065e-01
3.253174588848383175e-01
3.318432130492650622e-01
3.290908233286478635e-01
3.309699275172673927e-01
3.298700651679283280e-01
3.345579855335064634e-01
3.313835079471270095e-01
3.263776031442177650e-01
3.356981311853115546e-01
3.304144102029311081e-01
3.248309157979794026e-01
3.332461350812361833e-01
3.289777165804153580e-01
3.175485415336413153e-01
3.266311775415371432e-01
3.351623577185166014e-01
3.320545530472046036e-01
3.318486053592119567e-01
3.299893385706803572e-01
3.246235449535724293e-01
3.284092672742330299e-01
3.372045403489699611e-01
3.208030275045297142e-01
3.213690223220067033e-01
3.247213154649123412e-01
3.276622192981915593e-01
3.190400143655446885e-01
3.312178661425908555e-01
3.333131212072494853e-01
3.225573386137302045e-01
3.293556724603359243e-01
3.338758524029682984e-01
3.340239561139008995e-01
3.196160592329807537e-01
3.229553272326787239e-01
3.321437512452785623e-01
3.285292258629431972e-01
3.338027034432460294e-01
3.238906595951471790e-01
3.277646763011430875e-01
3.259364121617415178e-01
3.246342909259674059e-01
3.301037925176131260e-01
3.246552874644597630e-01
3.236197290894312628e-01
3.243594633463101617e-01
3.237499015453534357e-01
3.244332710710855494e-01
3.290261891025763052e-01
3.299464569259912272e-01
3.221651957585261461e-01
3.245125298316662299e-01
3.265087985075437182e-01
3.169838203451572078e-01
3.278164480741207476e-01
3.249524422180958272e-01
3.270667528112729538e-01
3.294928399416116593e-01
3.332084982441022025e-01
3.202184938849547136e-01
3.273307013205992710e-01
3.284637215427863022e-01
3.297480199199456230e-01
3.154985248660430175e-01
3.332402431812042098e-01
3.263369092956567297e-01
3.233611509777032378e-01
3.221500256504767901e-01
3.250688377099159587e-01
3.226557273131150372e-01
3.240470386850528017e-01
3.253057437256360873e-01
3.272817231332644239e-01
3.337054295799671277e-01
3.233636325559555158e-01
3.270418487680263886e-01
3.297971446544696317e-01
3.100308267351908342e-01
3.218444860134369034e-01
3.174161367691480384e-01
3.312058306275270092e-01
3.192241872732455854e-01
3.175637757548919193e-01
3.185048815149527091e-01
3.190245500168739090e-01
3.227001561950414432e-01
3.230654650773757686e-01
3.239797094311469561e-01
3.219533122884921661e-01
3.292475680892283929e-01
3.285713886603330858e-01
3.174368491539588111e-01
3.171589890733743089e-01
3.312068709578269710e-01
3.279594230346190575e-01
3.152411813155198694e-01
3.178609994741586342e-01
3.223004570183081730e-01
3.226800375641920571e-01
3.173885543376971374e-01
3.286360392585778722e-01
3.219019583402535911e-01
3.243707661827405220e-01
3.157901891913169612e-01
3.237077545661192768e-01
3.248735015973066576e-01
3.214557476341724507e-01
3.097389004742487906e-01
3.185557925930390111e-01
3.164559257909273504e-01
3.174850953695101397e-01
3.222966072842096685e-01
3.200928394993146076e-01
3.241877024754499792e-01
3.231614785698743719e-01
3.178937504306817430e-01
3.261056157067800387e-01
3.201833368111879352e-01
3.170486001250071295e-01
3.255321736901234386e-01
3.222439203124780049e-01
3.179524297897632357e-01
3.253767603291914945e-01
3.200415557393661015e-01
3.202013862438691238e-01
3.260111622703381062e-01
3.167117125903948782e-01
3.154149066943388591e-01
3.178448150173211473e-01
3.260265928621475240e-01
3.223257216887596144e-01
3.047322082022825840e-01
3.160987409643638002e-01
3.218459498423796306e-01
3.242635188958583603e-01
3.151982268079733251e-01
3.139306664466857688e-01
3.098416377145510325e-01
3.208747939230540136e-01
3.183045358229906197e-01
3.244078360306911213e-01
3.110745572508910040e-01
3.176621721341059690e-01
3.249572218228609088e-01
3.162814356195621235e-01
3.054200821580030922e-01
3.209903817910414459e-01
3.087380219346437804e-01
3.111716221922483094e-01
3.127740575717045668e-01
3.126453782503421652e-01
3.172464111294501787e-01
3.144047137445364348e-01
3.215043444281969198e-01
3.156529882779487983e-01
3.107595806320508358e-01
3.195786164548152786e-01
3.095238249080303206e-01
3.116820008135758879e-01
3.210279885583963155e-01
3.171497474496181024e-01
3.175715473408882161e-01
3.095639157753724557e-01
3.130800426770479206e-01
3.158727927085681064e-01
3.121134101389310134e-01
3.158656154496547463e-01
3.156009394006851210e-01
3.026540052814361559e-01
3.134430925051371331e-01
3.210593743202013739e-01
3.013302317223487958e-01
3.180103775400381916e-01
3.126452346260730764e-01
3.107586728074611671e-01
3.181420357945637933e-01
3.172856935705893888e-01
3.217848824766966209e-01
3.140141316331349630e-01
3.175812762899276609e-01
3.131033316445656078e-01
3.149991563115364657e-01
3.189598545432090759e-01
3.134034325679143085e-01
3.116859132662797571e-01
3.222454924614001626e-01
3.090824612440207231e-01
3.154243074930631052e-01
3.056246747764257421e-01
3.101541970784847391e-01
3.124868239729832187e-01
3.114897271188405981e-01
3.122786253117598165e-01
3.131942801368542417e-01
3.202219963073730247e-01
3.089046726624171124e-01
3.093697798557770717e-01
3.161132579430555589e-01
3.115096159470386872e-01
3.143165466112968209e-01
3.072894790233710038e-01
3.149709181143687253e-01
3.183102929821381433e-01
3.108961045742034690e-01
3.165818619040342563e-01
3.153960873683293586e-01
3.109539328477321507e-01
3.122985867926707515e-01
3.071586984854478009e-01
3.068075823096128585e-01
3.050375575056442634e-01
3.077295881242324005e-01
2.985647140023036106e-01
3.029853451328399783e-01
3.080439210702211605e-01
3.171696544839785470e-01
3.139666686455408473e-01
3.032818425160188069e-01
3.105032531114724770e-01
3.194574360664074186e-01
3.007091199358304379e-01
3.150860819296958937e-01
3.101312472652166252e-01
3.087402991759471416e-01
3.104569926857948525e-01
3.120623814371916160e-01
3.095888285682751317e-01
3.123749447174561378e-01
3.170112423407726032e-01
2.990822722323430161e-01
3.140062523958010443e-01
