2.029514566751626781e+00
1.853279306338383670e+00
1.732940111710475017e+00
1.656841217554532619e+00
1.601135371281550590e+00
1.560738367912096747e+00
1.529431040776081607e+00
1.505576847761105341e+00
1.485592196537898202e+00
1.465366043494297887e+00
1.451485851177802378e+00
1.435979773448063712e+00
1.428122617953862861e+00
1.418591650938376469e+00
1.406103267425145908e+00
1.397430664453751081e+00
1.391668066611656762e+00
1.385793105761210064e+00
1.381360816649901624e+00
1.376026661273760610e+00
1.373100575728294137e+00
1.366093045320266430e+00
1.360155033453916973e+00
1.354873013496398881e+00
1.350368480498974177e+00
1.346262903702564628e+00
1.343877096970875984e+00
1.337302776177724306e+00
1.338950020839006383e+00
1.333097107288164995e+00
1.326839766899744699e+00
1.323495163367344851e+00
1.318916293596610112e+00
1.320774869124094586e+00
1.317514213843223425e+00
1.313884135392995978e+00
1.310405376171454472e+00
1.304724827943704035e+00
1.305365065733591790e+00
1.297818110539362912e+00
1.293519778587879365e+00
1.295592705255899757e+00
1.287681656464552349e+00
1.288148760642760848e+00
1.285011512193924288e+00
1.283300506762969251e+00
1.281132410428462931e+00
1.283595107763241483e+00
1.279040339818367622e+00
1.271327145894368460e+00
1.267675574620564793e+00
1.265426564369446227e+00
1.261370475781269596e+00
1.259657475123038717e+00
1.259983917077382332e+00
1.256614527488366218e+00
1.252274125203108213e+00
1.254061135726097342e+00
1.253120537446095417e+00
1.244592205989055067e+00
1.240481851651118461e+00
1.243314626889351127e+00
1.235802229398336172e+00
1.233959588637718818e+00
1.237783783979904850e+00
1.233005478748908423e+00
1.227452952892352345e+00
1.222827987181834608e+00
1.219980705395723009e+00
1.225773126192581941e+00
1.216321901480356793e+00
1.215917746531657739e+00
1.211904387596326016e+00
1.212765367825826113e+00
1.214063437932576983e+00
1.210971452486820699e+00
1.206702169546714165e+00
1.200870907612336058e+00
1.204010940362245652e+00
1.203522010185779756e+00
1.196707067122826151e+00
1.197110090194604348e+00
1.196039110880631640e+00
1.193771938482920403e+00
1.190577397591028541e+00
1.194540922152690365e+00
1.182993405140363219e+00
1.186994682214199015e+00
1.176100781330695622e+00
1.184824736454547889e+00
1.177462469767301512e+00
1.177666484086941523e+00
1.170784286046639533e+00
1.173637691675088357e+00
1.169159201780954893e+00
1.169471446367410516e+00
1.173534656029481260e+00
1.164177455046238041e+00
1.158740884524125381e+00
1.158034935058691595e+00
1.157114103818551065e+00
1.163810331852008106e+00
1.158259613086015660e+00
1.150852792538129332e+00
1.155073626988973423e+00
1.148635247884652655e+00
1.149989314415515995e+00
1.144629918611966612e+00
1.146621283659568169e+00
1.148912328176009412e+00
1.146079428532184696e+00
1.152606655237002231e+00
1.139918436453892570e+00
1.140150417272861150e+00
1.134027586686305433e+00
1.137837322400166329e+00
1.133865586610940834e+00
1.132312155686892030e+00
1.128883371139184133e+00
1.133237467515162855e+00
1.125279057484406708e+00
1.119020082706060126e+00
1.118210805073762470e+00
1.121341861822666264e+00
1.120142440154002328e+00
1.112714664752666671e+00
1.124281183267251016e+00
1.111074029023830789e+00
1.120334965907610281e+00
1.111983024004178144e+00
1.108745299852811339e+00
1.110840886372786329e+00
1.105988040337195777e+00
1.103614127483123486e+00
1.100717849303514573e+00
1.101803138470038412e+00
1.107213887190207524e+00
1.106458026017898222e+00
1.093728462396523993e+00
1.094822628834308809e+00
1.094806664417951492e+00
1.084352044570140450e+00
1.094223942053623722e+00
1.085686675249001976e+00
1.090059234545781131e+00
1.083743197184342533e+00
1.089312214117783784e+00
1.084203861004267022e+00
1.080442866453757755e+00
1.074764003509130150e+00
1.077333460098657936e+00
1.082128623662850897e+00
1.072940387939795404e+00
1.076701471285942180e+00
1.070715464384127902e+00
1.074552705807563679e+00
1.064938064110584781e+00
1.072968526069934647e+00
1.073669968507228845e+00
1.070786233131702181e+00
1.065769533774791666e+00
1.068054666733130320e+00
1.063694403874568373e+00
1.060969226941084198e+00
1.057750120988258935e+00
1.056972472637127680e+00
1.060949330910658128e+00
1.052566748551833298e+00
1.056262365824137017e+00
1.053878006873986584e+00
1.058410131167142776e+00
1.054083205950565816e+00
1.050314337626481631e+00
1.047152302662531564e+00
1.049866679998544550e+00
1.049623113106458616e+00
1.050067204848313951e+00
1.045028366798009589e+00
1.039111373669061811e+00
1.041963663926491312e+00
1.035710623172613198e+00
1.041777068835038511e+00
1.035388852388430925e+00
1.030993834367165185e+00
1.034397926850196603e+00
1.032655590008466628e+00
1.028499752435928727e+00
1.030289010054025844e+00
1.031182702076740787e+00
1.028488777692501355e+00
1.028563623092113355e+00
1.024893885698074047e+00
1.025048798169845288e+00
1.024290231710825116e+00
1.025053158173194312e+00
1.022208420894084924e+00
1.024479815898797552e+00
1.024340861577254014e+00
1.017686986923217685e+00
1.016510997980068831e+00
1.017172014407622616e+00
1.010314807219383049e+00
1.014441582636955497e+00
1.017761848828731441e+00
1.012735916406680481e+00
1.010535008632219789e+00
1.014741611022215606e+00
1.008410027088262995e+00
1.011078584041350981e+00
1.005708835216668984e+00
1.005033867328594788e+00
1.001189727660937168e+00
1.006920532538340574e+00
9.979845322095430848e-01
1.002872425317764327e+00
9.954804811722193225e-01
1.001605106622744934e+00
9.976693581312130465e-01
9.942631547267620773e-01
9.893996067536182659e-01
9.902016311119764547e-01
1.000581468221468873e+00
9.955574058569394147e-01
9.901415965495965477e-01
9.809886955297910660e-01
9.879946014820001343e-01
9.868527620266644984e-01
9.808553672753848041e-01
9.815212575288919661e-01
9.823618532755435950e-01
9.821018656094868682e-01
9.864049194714962221e-01
9.808644420061356506e-01
9.782590803427574366e-01
9.786611509628785344e-01
9.776930754001323942e-01
9.698247797978230000e-01
9.800699027685019216e-01
9.759397294276800361e-01
9.720471715315793793e-01
9.709916730721791511e-01
9.676478674778571376e-01
9.719040696437541982e-01
9.627016527530474210e-01
9.659084188632476309e-01
9.705055550122871910e-01
9.668681129431113686e-01
9.676295994183956584e-01
9.657011377505767546e-01
9.602969348430633323e-01
9.546651973174168360e-01
9.654252929565233510e-01
9.632736886158967948e-01
9.644332330960493360e-01
9.538382415588085861e-01
9.618479176973685485e-01
9.543520008906339891e-01
9.513731638590494644e-01
9.519595438089125672e-01
9.539650623614971403e-01
9.460552531939286913e-01
9.484004833759405173e-01
9.530634184678395959e-01
9.477214597738705670e-01
9.403617872641636399e-01
9.457554878332675719e-01
9.453519426859342545e-01
9.515110769332983942e-01
9.461422467843080275e-01
9.428589015434949427e-01
9.460071513286003597e-01
9.452671628731947884e-01
9.439258280472877516e-01
9.410948602052835454e-01
9.414456329284570657e-01
9.409011917236523859e-01
9.358794397268539456e-01
9.413569924158927682e-01
9.290234030821384881e-01
9.330462555090586196e-01
9.296508770722609061e-01
9.342073344267332047e-01
9.341664549631950587e-01
9.415200134118397735e-01
9.278908277169252150e-01
9.269092052410810023e-01
9.301177163918813440e-01
9.288051360692732850e-01
9.275446995710715514e-01
9.277168681988349208e-01
9.233005158412150859e-01
9.265556518848125922e-01
9.303228375239249726e-01
9.283938880150134354e-01
9.287548523682814805e-01
9.178161848814059276e-01
9.167254632864243469e-01
9.176206266268706058e-01
9.215507212357643141e-01
9.193963937270335229e-01
9.213263540695875164e-01
9.106912369911487337e-01
9.207642167042463521e-01
9.159132092426984784e-01
9.191636725878103986e-01
9.049198489922744004e-01
9.200727377182398303e-01
9.130509323034531333e-01
9.045702082988543724e-01
9.150680057513408405e-01
9.146785619931343536e-01
9.135832141607235224e-01
9.128579500393989576e-01
9.028168817361196252e-01
9.072142442067464563e-01
9.075541360255999779e-01
9.052780253764910467e-01
9.097405115763346206e-01
9.072713841230440890e-01
9.019376453680869599e-01
8.951356794589605537e-01
8.975648319109892359e-01
8.966124663750331125e-01
9.016567566455938598e-01
9.012256422103979148e-01
9.033249118389227172e-01
9.050919055938720925e-01
9.006911646097134350e-01
8.935803579978454092e-01
9.009397214803940290e-01
8.973981380462646706e-01
8.947117508986057732e-01
8.958240785659887795e-01
8.861078459482926162e-01
8.969066793337846510e-01
8.882360016688322091e-01
8.885591338842343534e-01
8.924115445369329436e-01
8.852712456996624235e-01
8.812288640401302331e-01
8.879054865775963812e-01
8.836423799013479741e-01
8.918567260106404770e-01
8.906669149032006016e-01
8.848339102207085638e-01
8.806002921018845075e-01
8.815802768254891175e-01
8.690032242200314005e-01
8.770269253315069458e-01
8.817953702731010646e-01
8.822734346756568868e-01
8.766033391157785903e-01
8.735251069068908913e-01
8.707564022296514494e-01
8.720822124909132222e-01
8.780824687236394865e-01
8.678168044640467427e-01
8.737951280214847349e-01
8.697626754259452087e-01
8.755124521561158391e-01
8.628352619134462831e-01
8.659927571431184079e-01
8.769981095424065343e-01
8.678519536287356839e-01
8.736626910857665518e-01
8.744765050900288328e-01
8.734243637476212241e-01
8.703258572480617739e-01
8.785684049129486306e-01
8.653128319825881265e-01
8.621958096822103235e-01
8.705917347700168341e-01
8.721461852391561020e-01
8.564198590241945963e-01
8.609594308412992225e-01
8.595526713591356005e-01
8.615299735313807217e-01
8.634943925417386534e-01
8.633533711616809825e-01
8.596445153921078441e-01
8.581530517492539367e-01
8.617513940884516943e-01
8.624419322380653119e-01
8.613194138575822612e-01
8.577305607306651147e-01
8.544532198172348769e-01
8.521868938054794063e-01
8.532227722498086919e-01
8.508687007885712417e-01
8.487684428691864014e-01
8.569302804959125774e-01
8.589975260771237631e-01
8.440623934452350374e-01
8.459140930420313564e-01
8.511271678484403358e-01
8.519235031727032670e-01
8.492971670933259221e-01
8.527466274224795306e-01
8.476193561003758647e-01
8.378804530852880239e-01
8.458394076579656140e-01
8.560781941964076269e-01
8.504047262362944837e-01
8.546565832235873961e-01
8.479723979265262335e-01
8.464600122891939860e-01
8.427646638491215203e-01
8.507879163974371162e-01
8.497558532617031091e-01
8.430294051384314979e-01
8.393748245178125345e-01
8.489531750862414627e-01
8.475336765631651392e-01
8.391152432331672184e-01
8.482881741646008944e-01
8.384134118373577360e-01
8.450047058172714953e-01
8.334753027329078190e-01
8.374752697272178636e-01
8.401493304815047525e-01
8.391017550077193299e-01
8.357176173955965792e-01
8.339718769758175387e-01
8.250049596413587816e-01
8.390368924691127273e-01
8.329148136652433365e-01
8.358365246882805133e-01
8.274625033904344784e-01
8.322667717933655007e-01
8.297855556011199951e-01
8.266104277891990204e-01
8.338832309612861371e-01
8.294464789904081314e-01
8.354657411575316939e-01
8.268846201591002476e-01
8.223780616735800741e-01
8.329196867270347582e-01
8.247996649680993109e-01
8.245087044361310014e-01
8.284211476643880134e-01
8.284169125251280574e-01
8.269045695280416997e-01
8.329699144913600417e-01
8.267324574482746158e-01
8.185830343992281932e-01
8.284131884574890137e-01
8.235998124648362673e-01
8.208715299765269036e-01
8.314479129436688210e-01
8.261515401876889930e-01
8.227177580961814174e-01
8.207561673262180335e-01
8.298287251820930521e-01
8.257233738899231179e-01
8.241652641540918589e-01
8.221505976640260949e-01
8.170795017328017495e-01
8.213226336699265273e-01
8.191355822942195664e-01
8.192575740508544202e-01
8.156379520893096702e-01
8.163460350953615219e-01
8.090611908680352959e-01
8.140725549979087594e-01
8.206863863345904564e-01
8.118256343480868553e-01
8.148483018080393547e-01
8.186124144456325968e-01
8.162190145406967856e-01
8.108944518443865768e-01
8.117968624983078474e-01
8.235193720994851141e-01
8.126401810309825668e-01
8.110372497485234256e-01
8.179036481258196156e-01
8.171875622792121874e-01
8.081778871707426815e-01
8.098082807583686371e-01
8.186972466798928538e-01
8.127702451669253092e-01
8.091745457588097601e-01
8.054777698639111749e-01
8.060442224527016863e-01
7.990858673285214930e-01
8.115693509578705278e-01
8.106926234104694373e-01
8.114610930283864265e-01
8.088973971513601091e-01
8.093524083113059486e-01
8.125962822101054917e-01
8.041157545187533895e-01
8.135774403046338588e-01
8.091892056740247474e-01
7.931932605994053143e-01
8.094953501835847609e-01
8.080565123985975484e-01
8.041760767881687144e-01
8.077923189371060131e-01
8.134244104226430183e-01
8.062623024750978917e-01
8.030013785148277794e-01
8.200996085619315368e-01
8.027647286653518677e-01
8.103933305312425173e-01
8.017288041420471689e-01
8.087659524801450450e-01
8.061759017981016129e-01
8.042484874908740755e-01
7.991352980717634225e-01
8.074898247535412521e-01
8.051654890561714684e-01
8.059395019824687756e-01
7.972238251796135433e-01
7.879877328872680886e-01
8.045103815885690235e-01
8.048404803642860150e-01
7.986191855791288097e-01
7.977435591129156123e-01
7.965903778870900842e-01
8.025671458397156677e-01
7.916619847982357960e-01
7.956672572172605040e-01
7.985682473732874653e-01
7.989204456408818267e-01
7.934010373476224620e-01
7.909531840911278033e-01
7.860421424492811671e-01
7.924239574334560610e-01
7.896618696359487544e-01
7.950597494840622170e-01
7.979345097755774496e-01
7.978089525913580893e-01
7.924534650949331960e-01
7.878422672931965076e-01
7.860842602375226473e-01
7.954620841986094204e-01
7.799423656402489913e-01
7.806107793098840952e-01
7.831952539009925385e-01
7.909651462848369396e-01
7.869556922179001823e-01
7.800884738182409794e-01
7.792366884457759824e-01
7.813855013022056317e-01
7.728004067372052921e-01
7.710328436814821718e-01
7.642550033636582585e-01
7.880139566384829486e-01
7.724766538693355056e-01
7.745958544504948362e-01
7.809510204272392953e-01
7.786376799528414994e-01
7.747785324469590451e-01
7.734217779758648659e-01
7.720483042490787762e-01
7.752139640160096157e-01
7.758066522769438977e-01
7.779080415383363700e-01
7.772750534308262571e-01
7.728878981027847983e-01
7.750747308517114131e-01
7.846001981924741742e-01
7.764583965142567434e-01
7.790552475513555786e-01
7.668088730329122304e-01
7.818265545826691421e-01
7.702678872224612006e-01
7.765548540995671489e-01
7.827158951606505433e-01
7.609642919821616447e-01
7.800231108298668614e-01
7.644906325218004950e-01
7.750729715976959477e-01
7.681310639167443499e-01
7.676998958373680848e-01
7.715436598429312731e-01
7.670235533744861334e-01
7.712570813985971663e-01
7.731022386978834149e-01
7.600833683441846622e-01
7.510097802449495763e-01
7.721099824477464235e-01
7.717065282357045142e-01
7.718053121597339139e-01
7.753512940345665960e-01
7.709624599187802074e-01
7.589350675161068427e-01
7.647000485505812684e-01
7.701151754611578193e-01
7.601128162481846084e-01
7.595344412021147740e-01
7.636264597758268824e-01
7.700406543719462427e-01
7.535944588673419986e-01
7.573367885290047674e-01
7.653645506271948840e-01
7.565521580286515002e-01
7.611374427110720875e-01
7.519960038937054669e-01
7.566548935877971394e-01
7.562105395855047707e-01
7.513889046815726003e-01
7.526736432161086343e-01
7.554706040865335481e-01
7.594554589344905127e-01
7.499141827607765931e-01
7.558567640108939667e-01
7.458386010084396833e-01
7.559835942891928173e-01
7.584380910182610958e-01
7.614043792088825979e-01
7.493965910031245015e-01
7.551337100756474463e-01
7.537142699345563690e-01
7.519829975488858675e-01
7.561341207761030914e-01
7.509339144596687277e-01
7.551185649174910752e-01
7.526112643572000493e-01
7.539300484535021996e-01
7.491585410558260216e-01
7.540436571989304060e-01
7.533227294683456643e-01
7.559489232607377041e-01
7.483984702672713540e-01
7.597253360809423928e-01
7.531189440152583625e-01
7.535451787404524593e-01
7.484651104762003460e-01
7.445058014912483424e-01
7.601288554760126104e-01
7.490023884253623754e-01
7.589681535195081930e-01
7.504079601703546043e-01
7.490512076860819102e-01
7.508176873891782011e-01
7.559449255466461626e-01
7.534943038836503515e-01
7.444604192788784047e-01
7.540776425447219822e-01
7.552433002453583510e-01
7.553550231151091587e-01
7.473472731235699662e-01
7.559199751187593019e-01
7.513916920392941234e-01
7.508785613072224141e-01
7.593990780604191748e-01
7.553668434039140234e-01
7.525019137523113466e-01
7.415967769347704408e-01
7.491226767118160934e-01
7.501833288333354943e-01
7.575249240184441790e-01
7.573562661806741980e-01
7.505141566197077729e-01
7.566347220769295001e-01
7.496499877709609239e-01
7.566117252294833895e-01
7.373123784859975105e-01
7.393013912133681309e-01
7.413008401027092464e-01
7.427395002964215509e-01
7.442641409543844233e-01
7.386586517095565796e-01
7.427041409107354442e-01
7.458858663455033566e-01
7.464678931694764819e-01
7.423961629470189338e-01
7.446529598572315667e-01
7.441019262258823375e-01
7.438895662625630845e-01
7.327685703833898279e-01
7.269432837382341361e-01
7.381608862907458324e-01
7.407929338705845357e-01
7.519201737947952546e-01
7.308636006636497484e-01
7.312114743850169907e-01
7.323035137011454365e-01
7.299293590661807274e-01
7.333937450097157695e-01
7.323210341043960847e-01
7.343238790829976770e-01
7.298672099908193323e-01
7.302842555137780689e-01
7.273697325052359552e-01
7.313523220710265171e-01
7.313438651653436651e-01
7.200688343017529469e-01
7.236357365663235175e-01
7.309929009431447300e-01
7.302477952761528002e-01
7.128033537895251959e-01
7.216057514533018580e-01
7.294928229772127404e-01
7.253431329360374713e-01
7.242595004729736052e-01
7.218476155629525159e-01
7.286779721577961721e-01
7.235539523454812549e-01
7.104663271170396088e-01
7.216040798486806906e-01
7.168079740726031046e-01
7.195690043461628882e-01
7.220624418594898675e-01
7.228379316819020239e-01
7.200563076214913094e-01
7.195240396719712050e-01
7.223587551178076716e-01
7.122826635837554710e-01
7.197079148812172145e-01
7.226975191097992912e-01
7.209875693688025944e-01
7.202075578463382755e-01
7.153601218492556812e-01
7.179403966053937713e-01
7.233351556154398176e-01
7.086421125974410318e-01
7.166913829552821191e-01
7.066424252895208147e-01
7.105496819966878874e-01
7.094400236239799540e-01
7.099492231240639439e-01
7.183917050942396632e-01
7.082297771404950648e-01
7.139077117045720122e-01
7.099793002391472374e-01
7.174199718695420946e-01
7.210916882906204251e-01
7.110433372167440647e-01
7.100089183984659158e-01
7.070788458371773944e-01
7.109922865262398028e-01
7.135862184640688888e-01
6.985872421509180530e-01
7.049072871605555068e-01
7.154747127722471678e-01
7.013811298669913041e-01
7.104419323878410353e-01
7.012606049195314606e-01
7.074660525872157324e-01
7.034372385495748503e-01
6.972490199101276653e-01
7.107349788531278634e-01
7.062168791508063315e-01
7.007598625543790538e-01
6.997847182628436080e-01
7.080286239202205900e-01
7.082702156060781684e-01
7.039249384250396702e-01
6.909410181717995370e-01
6.940985179100280789e-01
6.889384269714355913e-01
6.987294890177555562e-01
6.983094120636964552e-01
6.980296160166080677e-01
7.020330471106064341e-01
6.915357159498410899e-01
6.996831407913794987e-01
7.120534954926907023e-01
7.098742444545794728e-01
7.019667125665224328e-01
6.898562258634811650e-01
6.875207632015912784e-01
6.942318861301128852e-01
6.949695207369632755e-01
7.000039080014595072e-01
6.895447630912829862e-01
6.987297599896405975e-01
6.894277960062027422e-01
6.907728021725629830e-01
6.888782346095794207e-01
6.985160432564906374e-01
6.954233677723469231e-01
6.904094586005578016e-01
6.910379830079200758e-01
6.897251167358495749e-01
6.867132386335960126e-01
7.009161459329801280e-01
6.925739333415642518e-01
6.933932686463381012e-01
6.983742442650672233e-01
6.958075417157930653e-01
6.983532833747374546e-01
6.903644570173361750e-01
6.929167726101019831e-01
6.978584598272274953e-01
6.868969190579193862e-01
6.859184402685899462e-01
6.913742348169669150e-01
6.928137146509610877e-01
6.910026288185364685e-01
6.848858557450465678e-01
6.861666922385876166e-01
6.919309883545606832e-01
6.734550207089154972e-01
6.858014089174759853e-01
6.788632149879748612e-01
6.872707852950462604e-01
6.877614768651815202e-01
6.830490806928047887e-01
6.939247655562865713e-01
6.840317041446001278e-01
6.931249150098898193e-01
6.919668410068903208e-01
6.828964934135094422e-01
6.866349608470232457e-01
6.821841008388078720e-01
6.870018917016493809e-01
6.828891633412776940e-01
6.879502665538054229e-01
6.822865298925302469e-01
6.906798198437079650e-01
6.787109851837158647e-01
6.826446211490875271e-01
6.921952165090120568e-01
6.842447272478006104e-01
6.878650189974369056e-01
6.868281517273340242e-01
6.857955250984583140e-01
6.734477335825944655e-01
6.789923716049928171e-01
6.847699810297060985e-01
6.755682111550600499e-01
6.890926700371962088e-01
6.818547696639329914e-01
6.816500041729364190e-01
6.801165426388765534e-01
6.818881245759816911e-01
6.817662866451801307e-01
6.917201295877114520e-01
6.855113508609624873e-01
6.826249095109793164e-01
6.837019406068018945e-01
6.831006376407084968e-01
6.799101970898799863e-01
6.824750266014001365e-01
6.822178843693855743e-01
6.743403469904875047e-01
6.880592609063173049e-01
6.762434319043770792e-01
6.799343015138920032e-01
6.911531822039530537e-01
6.831861616709293816e-01
6.851109904356491587e-01
6.764829676884871468e-01
6.770164925318498117e-01
6.724230306270795321e-01
6.819937060276667351e-01
6.857834251263202896e-01
6.713759766175196875e-01
6.701712463146600740e-01
6.824691068667632088e-01
6.802240194418491814e-01
6.832933477866344196e-01
6.846026943280146826e-01
6.795351535081863847e-01
6.801709509812868815e-01
6.868106958957819197e-01
6.840136054998788850e-01
6.748619834582011423e-01
6.733883085159154680e-01
6.749475288849610122e-01
6.709680302020830656e-01
6.836730600931705260e-01
6.765307044371580147e-01
6.810113702064904961e-01
6.765117301390721760e-01
6.751712839572857616e-01
6.822974845384940368e-01
6.781059855834031813e-01
6.741242620425346166e-01
6.853386884316420291e-01
6.764701421444232476e-01
6.788839351672392164e-01
6.733194510906170827e-01
6.723367208089583436e-01
6.780004543371689341e-01
6.773031631341347447e-01
6.833255906135607960e-01
6.708836212372168983e-01
6.828521413680834762e-01
6.809335535153364649e-01
6.775376153297912873e-01
6.710678029518860610e-01
6.767460411939865139e-01
6.749547574000480665e-01
6.798449468918336125e-01
6.738715427044110751e-01
6.834346781938503979e-01
6.809551541621868820e-01
6.727758450385851186e-01
6.772203952838212748e-01
6.866609958501962430e-01
6.757641829741306561e-01
6.702953272140943497e-01
6.827762764233809012e-01
6.892795740793913328e-01
6.795762632901851674e-01
6.821190099685620067e-01
6.889506114599032172e-01
6.844098720030906691e-01
6.747362918578660995e-01
6.758925400483302148e-01
6.743780602247286815e-01
6.764666260817111532e-01
6.680180827776590613e-01
6.752938459316889519e-01
6.729467115341088990e-01
6.740806835584151058e-01
6.781335959067711361e-01
6.740347106487323270e-01
6.771485558687112549e-01
6.837106911799846198e-01
6.751974286177219176e-01
6.797685234974591983e-01
6.796867745809066497e-01
6.810806376047623401e-01
6.815646432913267105e-01
6.833835252584554709e-01
6.759859960048626437e-01
6.807124163095767955e-01
6.698927903022521280e-01
6.872802040515801902e-01
6.801908542712529204e-01
6.771147055503649037e-01
6.750115000284635514e-01
6.774628235743596072e-01
6.770828772049684030e-01
6.790972728759814281e-01
6.717599379710662566e-01
6.746379601649749036e-01
6.694246564920132148e-01
6.757201185593237902e-01
6.723625338230377890e-01
6.770692703051445216e-01
6.704144994417826631e-01
6.707515865564346313e-01
6.698218021637354358e-01
6.779667417208353752e-01
6.696330529757035244e-01
6.782380451758702744e-01
6.699728891635552408e-01
6.744737068047890194e-01
6.789219408463209593e-01
6.684226905688260834e-01
6.709918246819422949e-01
6.704527909939105301e-01
6.668976415426303150e-01
6.707841084553645139e-01
6.805669871660379178e-01
6.618746999746714099e-01
6.701307393801517742e-01
6.681715755890577091e-01
6.712281052118692637e-01
6.752336939940085658e-01
6.671835950551888716e-01
6.690795685236270440e-01
6.735784341127444286e-01
6.679298231234916949e-01
6.647444276473460922e-01
6.736477378087165624e-01
6.648760448663663114e-01
6.783840598968359226e-01
6.674796283245086892e-01
6.656414028161611318e-01
6.644015433696600637e-01
6.657320938049218206e-01
6.629632838261433347e-01
6.733131495041725367e-01
6.734716315300036671e-01
6.667274671487318782e-01
6.705536107222239695e-01
6.642370956830488948e-01
6.658742369749607315e-01
6.690917255786749118e-01
6.675605094585663757e-01
6.652669574969853894e-01
6.721472666049614908e-01
6.725241030638035022e-01
6.679718519632632523e-01
6.653546500664491159e-01
6.645310430954664005e-01
6.606379467707413911e-01
6.504760513703028435e-01
6.587532939819189526e-01
6.696122685304054523e-01
6.606804193594516539e-01
6.528814477798265958e-01
6.546080301205317031e-01
6.581652833101077071e-01
6.633033045591452126e-01
6.606301473501401400e-01
6.596579663264445781e-01
6.564479297552353598e-01
6.634533814894847392e-01
6.640562175176082382e-01
6.636399311132920031e-01
6.657841473053662806e-01
6.620088252501610260e-01
6.655214915672937881e-01
6.681790914290990369e-01
6.513798142090821974e-01
6.653064647546180765e-01
6.632034384287320838e-01
6.574307515835150495e-01
6.474600648268674652e-01
6.573253032488700631e-01
6.490699980503473743e-01
6.599687884251276282e-01
6.585413379546923851e-01
6.562713504601747072e-01
6.643524432793641576e-01
6.536776935442899505e-01
6.541145158883853172e-01
6.560103852779437528e-01
6.633396517771941170e-01
6.531080922255149135e-01
6.532534341781567333e-01
6.570770497505481478e-01
6.576355462655042450e-01
6.509200351360516779e-01
6.532984229998710646e-01
6.527692227027355187e-01
6.514952572492452854e-01
6.538081412131969694e-01
6.519111189322593924e-01
6.594851524401933451e-01
6.545159119061935149e-01
6.486014669522260911e-01
6.451740177013934874e-01
6.585321057301301018e-01
6.506364435721666561e-01
6.545348344705044230e-01
6.576942211542373684e-01
6.483329651447442554e-01
6.501308791912518981e-01
6.530179324822548148e-01
6.521495768657097347e-01
6.487700703052373674e-01
6.544965779934174277e-01
6.454435445559330020e-01
6.507392693024415253e-01
6.588274219861397496e-01
6.550147495972804546e-01
6.501231480867434298e-01
6.549289008745780016e-01
6.438022254369197839e-01
6.446011089361630697e-01
6.394881840699758735e-01
6.433909535408020020e-01
6.525039916619276292e-01
6.387559192302899591e-01
6.451800412856615319e-01
6.502563420014503270e-01
6.488274302238072888e-01
6.440565386643776202e-01
6.523379519199713483e-01
6.462330554540340888e-01
6.464398031051342697e-01
6.439171245464911930e-01
6.436535415741113653e-01
6.489996984983101846e-01
6.432290299580647464e-01
6.319388733460352681e-01
6.420497328807146520e-01
6.310740894232040876e-01
6.222873572355661631e-01
6.327119986216227510e-01
6.440024515757194479e-01
6.419205837524853964e-01
6.361936077093466313e-01
6.394694335185564515e-01
6.327634851901958735e-01
6.356988025017273891e-01
6.356211975598946573e-01
6.439749916394551521e-01
6.390339937729713204e-01
6.333488481167035555e-01
6.322188471372310881e-01
6.307499038103299149e-01
6.329776771557636961e-01
6.389387740538670091e-01
6.358096397840059533e-01
6.332283804049858578e-01
6.252477529721381933e-01
6.313171996520116069e-01
6.306521445512771606e-01
6.314287151281650079e-01
6.235365698734919304e-01
6.251551859653913246e-01
6.288962880006203626e-01
6.374772845934598697e-01
6.256113486412243629e-01
6.253303189308215826e-01
6.338543661893942804e-01
6.319702753653893001e-01
6.266094565391540083e-01
6.259342535183980427e-01
6.290775662813431479e-01
6.160476727363390914e-01
6.342482597399980992e-01
6.254264719211137802e-01
6.236851128248067644e-01
6.274439779611734602e-01
6.218876433678162119e-01
6.260231847182298193e-01
6.306796765480285893e-01
6.233264509684000032e-01
6.303916844037863454e-01
6.224948491041476517e-01
6.263362082151265886e-01
6.296279085752291005e-01
6.258165593330676790e-01
6.175425703708942171e-01
6.189653440163686016e-01
6.206466794013977273e-01
6.220159721680176279e-01
6.155980570194048429e-01
6.190407628432298415e-01
6.170392384895911908e-01
6.208908864320852317e-01
6.116382490365933622e-01
6.262591518652744771e-01
6.209604435242139786e-01
6.211532316146752830e-01
6.229297835857440235e-01
6.285005289010512364e-01
6.147157623981818197e-01
6.085998774338990946e-01
6.234617635225638832e-01
6.192982880732952333e-01
6.124177819643265019e-01
6.128560727987534262e-01
6.162607820370258338e-01
6.162149895460177218e-01
6.086576527509933721e-01
6.131322470995096419e-01
6.208643680963761291e-01
6.227077020284457198e-01
6.180818095421179992e-01
6.093282490204542379e-01
6.123789235567435041e-01
6.146242207441574568e-01
6.133638371259738653e-01
6.132996453688694949e-01
6.209939492054474819e-01
6.128254253130692719e-01
6.181090924984369295e-01
6.152583381304373988e-01
6.157782889329470599e-01
6.124936394202403767e-01
6.166678695342480143e-01
6.247480119650180574e-01
6.257188162742517434e-01
6.158798051950259422e-01
6.159340518407332432e-01
6.160397251447041755e-01
6.121891172268452141e-01
6.023642176236861934e-01
6.122953687722866301e-01
6.060343322081443995e-01
6.152435191930868408e-01
6.065061028951254096e-01
6.120021610687940150e-01
6.126375541473045860e-01
6.064817327719468354e-01
6.074087020678398119e-01
6.096642878575202484e-01
6.103215504151123794e-01
6.162262830978785244e-01
6.053302787817441688e-01
6.061814404450930338e-01
6.064201936507835899e-01
6.061427359397594250e-01
6.021687771265323841e-01
6.073045817705301497e-01
6.122740071553450791e-01
6.078418898276793936e-01
6.099709603266838531e-01
6.086232089843505166e-01
6.048235143606479625e-01
5.999392774624702218e-01
5.982830222600545866e-01
5.962218480996596126e-01
5.985218396553626530e-01
6.033285912030782461e-01
6.009242734083762860e-01
6.074700842301050674e-01
6.038550593914129294e-01
6.063450548129204476e-01
6.059590568527196686e-01
5.978892811597922297e-01
5.955524552326936227e-01
6.088814441974346181e-01
6.029899070660272864e-01
6.054917243046638031e-01
5.897892339107317916e-01
6.020672894441164713e-01
5.972898480983880320e-01
5.965211260013091321e-01
5.896808121448907647e-01
5.911508552539043171e-01
5.974015972553154974e-01
5.918746466055894162e-01
5.963279778376603391e-01
5.943303404710231774e-01
6.000126123428344282e-01
6.012847867531654344e-01
5.922669832140970980e-01
5.912046830623577387e-01
6.020595542895488261e-01
6.043638525100855086e-01
5.995286160554641475e-01
6.000553676715263407e-01
5.992939846637921342e-01
6.111414084831873206e-01
5.977058288378592765e-01
6.095352237041179455e-01
6.006421403242991897e-01
6.016739709255022328e-01
5.955151677895814677e-01
6.050547258976178844e-01
5.957506068241902319e-01
5.956456089631104733e-01
5.949314738695438143e-01
5.986757730826353097e-01
6.019704173772763012e-01
5.993772221681399337e-01
6.082020176526827804e-01
6.109836181769003893e-01
6.037048560686600895e-01
5.974243003588456391e-01
5.888848278002861703e-01
6.005921335556567708e-01
5.925551772881776369e-01
5.986349503963421803e-01
6.011945490653698432e-01
5.951253163508879451e-01
5.980376526331290243e-01
5.961809751314994799e-01
5.974302100829589346e-01
6.008527004565947793e-01
6.087050311076335207e-01
5.971670297475961675e-01
6.097103180029452840e-01
5.930294616864277835e-01
5.958350889957868546e-01
5.975780054544791442e-01
5.932849231820840341e-01
6.032879500817029950e-01
5.961830241557879440e-01
5.937316789841040610e-01
5.912083375148283748e-01
6.014273803203533664e-01
5.956218299193259957e-01
5.932268553055249916e-01
6.033842774537893083e-01
5.916721342465816047e-01
5.888584644366533505e-01
5.927182470376675116e-01
5.885261612060742609e-01
5.992310313078073047e-01
5.872851777535218476e-01
5.985840575817303888e-01
5.921368428529837358e-01
5.850132003044470341e-01
5.944965861546687158e-01
5.979436909541105960e-01
5.812858410370655982e-01
5.871331940094629553e-01
5.824249700858042944e-01
5.889125166795192712e-01
5.886151848695216904e-01
5.957265844711890912e-01
5.931241130981690368e-01
5.912481907086494237e-01
5.910016620770478513e-01
5.854275896763190268e-01
5.889256404760556673e-01
5.805525499276625867e-01
5.988326333272151469e-01
5.803211039457565334e-01
5.984071836257591759e-01
5.965477804342905754e-01
5.804613542098265855e-01
5.840091245296673561e-01
5.818456869858962266e-01
5.944170680565711296e-01
5.928793003161748620e-01
5.816832823631090665e-01
5.801005497956887025e-01
5.865521495158855236e-01
5.891239202939546615e-01
5.830704433795733665e-01
5.916346932068848874e-01
5.895543304009315255e-01
5.753271322219799533e-01
5.856467807904267575e-01
5.892004381387662137e-01
5.805655577243902243e-01
5.828922045536529817e-01
5.835406985802528146e-01
5.884298703609368575e-01
5.879246891309053424e-01
5.799686845296468940e-01
5.770226709353618588e-01
5.725272896962287916e-01
5.839226473600436229e-01
5.736576415025270714e-01
5.912351136024182052e-01
5.782327579764219294e-01
5.869301574352460138e-01
5.779666326749018923e-01
5.824912152993373393e-01
5.862077975884462111e-01
5.985963268157763473e-01
5.816136843118911992e-01
5.838053373954235070e-01
5.794321807531209734e-01
5.796553696577365633e-01
5.900452407506796559e-01
5.741838986292863156e-01
5.834160214815384826e-01
5.819946162975750958e-01
5.901269147793452019e-01
5.868343670398761258e-01
5.929125240980051004e-01
5.851938188840181132e-01
5.855845293173422839e-01
5.799390749289439206e-01
5.864325392704743400e-01
5.922644645739824076e-01
5.911147230710738221e-01
5.884922450933700588e-01
5.851085001077407366e-01
5.891901660424012643e-01
5.898204004917388943e-01
5.872553037527280528e-01
5.851397618269309486e-01
5.775498594993200285e-01
5.818297322743978262e-01
5.835517680033659449e-01
5.802086313565572029e-01
5.846839118462342499e-01
5.840129430477435379e-01
5.766164273023605125e-01
5.822797651474292957e-01
5.880332819162270575e-01
5.795889272903784750e-01
5.802642657206609211e-01
5.857051365650617347e-01
5.888657239003058930e-01
5.838319556071207561e-01
5.783423278576288462e-01
5.837065544648047943e-01
5.699774503707886186e-01
5.803983418605266342e-01
5.820031001781805768e-01
5.779527199574006069e-01
5.779645936611371715e-01
5.814015284562722430e-01
5.806566650286698605e-01
5.815476015592232484e-01
5.863768375836886371e-01
5.840837662036602040e-01
5.736940150077526335e-01
5.857819302723957788e-01
5.828293248628958478e-01
5.918260001983397522e-01
5.818632617974892618e-01
5.794900885759255438e-01
5.710059217917613505e-01
5.753682530079132773e-01
5.727691217874869567e-01
5.735534979746892414e-01
5.871283781834137905e-01
5.733705273041358463e-01
5.790152659782996647e-01
5.861335322642937662e-01
5.754130638562715561e-01
5.779861842210476386e-01
5.724592802616266241e-01
5.835770441171450607e-01
5.734670441120098827e-01
5.744361846874921351e-01
5.761424968640009858e-01
5.817764794979339849e-01
5.774293666466688846e-01
5.687925968414697664e-01
5.796892684239607352e-01
5.766123770903318624e-01
5.680224150419235229e-01
5.813778933806297289e-01
5.731111036661343805e-01
5.806950745674279712e-01
5.747975208820440551e-01
5.731882423926621950e-01
5.715871864404433733e-01
5.779583833156487493e-01
5.794569528255707480e-01
5.653997496916697285e-01
5.745400253014686376e-01
5.788029001309321631e-01
5.769339412450790183e-01
5.750806162754694695e-01
5.690804911729616666e-01
5.664542942475050413e-01
5.745393455792695558e-01
5.728453858540608623e-01
5.747085001224127021e-01
5.760541370281806461e-01
5.736777823704939383e-01
5.636653758776493106e-01
5.634267481473775874e-01
5.720604263055019123e-01
5.706411221088507624e-01
5.659816677753741754e-01
5.704842490263474231e-01
5.710035087206424276e-01
5.673487005325463794e-01
5.675611592256105675e-01
5.711833901894398657e-01
5.729486932357151785e-01
5.777128786612779621e-01
5.670529928727027213e-01
5.689766283218676834e-01
5.686588239211302076e-01
5.690461954245200626e-01
5.711328213031475753e-01
5.745913889927741769e-01
5.657286214522826429e-01
5.611542938611446818e-01
5.672771330827321989e-01
5.665139726339242232e-01
5.663415431976318581e-01
5.618164634857422124e-01
5.635358471900988597e-01
5.615996583914145690e-01
5.619123360285391833e-01
5.668649982183407987e-01
5.681276230475841293e-01
5.609659739029713155e-01
5.698244713055782285e-01
5.621147968830206842e-01
5.508646946686964752e-01
5.577156925048583069e-01
5.681155027487339026e-01
5.663969203447684064e-01
5.730105729439319839e-01
5.721579848191676865e-01
5.567005718365694023e-01
5.612031864814269744e-01
5.616001955209634078e-01
5.625192599418835648e-01
5.688183450546020481e-01
5.604432454475989367e-01
5.659673058833831760e-01
5.607142457595237772e-01
5.647236263904815701e-01
5.618930523976300995e-01
5.561185643458977923e-01
5.589934099943210111e-01
5.557154462123528038e-01
5.543844027396960250e-01
5.564260528637812175e-01
5.587913801272710312e-01
5.515428968729116921e-01
5.586177852673408495e-01
5.528860690502019892e-01
5.497604908851476679e-01
5.510456864650432607e-01
5.566755080834413505e-01
5.496324159395999942e-01
5.568840113205787423e-01
5.494722288388472764e-01
5.578498784548197031e-01
5.623130379579006632e-01
5.507704163973148326e-01
5.667209859841909614e-01
5.496640092287308210e-01
5.583455876662181128e-01
5.638880176421923185e-01
5.575629700452853221e-01
5.495793394553355471e-01
5.544582509841674556e-01
5.439705828061470738e-01
5.470723393635872345e-01
5.515760886363494375e-01
5.496403562716948299e-01
5.605289583786939867e-01
5.524775271996473780e-01
5.493208669699155555e-01
5.573106774917016004e-01
5.536776053599822278e-01
5.523687766148493994e-01
5.537964412799247782e-01
5.611247920072995887e-01
5.520642878917547680e-01
5.542305321265489360e-01
5.571887937875894536e-01
5.520715843408535717e-01
5.471002473280980327e-01
5.544698489017975129e-01
5.558716022051297667e-01
5.501630184742120067e-01
5.593922485907872888e-01
5.473634031338568962e-01
5.467807203531265259e-01
5.665400889439460297e-01
5.521491012512109720e-01
5.500643967053828742e-01
5.522137179588659794e-01
5.556308866311342465e-01
5.446763185354379644e-01
5.612557985079593692e-01
5.536610145599414334e-01
5.545309953964673300e-01
5.511504054833681332e-01
5.504684928900156482e-01
5.519601410016035103e-01
5.536383964312382444e-01
5.468993413142668736e-01
5.516410157466545838e-01
5.461262551637796614e-01
5.412815796259121681e-01
5.404976257146932861e-01
5.504260381826987514e-01
5.536442566376466035e-01
5.505288508458014984e-01
5.412427543065486679e-01
5.465517371892929521e-01
5.461632704887634526e-01
5.454827420222453371e-01
5.547594230144451410e-01
5.463711055425497509e-01
5.524593788079726897e-01
5.527441473343432943e-01
5.486845230444883370e-01
5.388781996873709401e-01
5.480868532107426860e-01
5.514697197920236382e-01
5.514127897910582332e-01
5.447901947376055931e-01
5.528917612173618323e-01
5.527725167381457583e-01
5.491687404803741179e-01
5.397489522512142202e-01
5.410385588040718119e-01
5.431125322977702341e-01
5.481056349399762162e-01
5.500059320376469163e-01
5.491082118871885021e-01
5.526800575164648732e-01
5.486420090381916026e-01
5.434689268087729008e-01
5.446490034843102235e-01
5.501587523099703558e-01
5.470517546702653444e-01
5.467566961661363134e-01
5.522588330965775283e-01
5.397539339768581135e-01
5.546077052752177439e-01
5.506619263153810229e-01
5.521102080742518181e-01
5.525911981478716095e-01
5.533117544956696054e-01
5.522243445500348846e-01
5.551734830324466241e-01
5.580389148913896813e-01
5.480664025514553339e-01
5.532433181236952047e-01
5.561650590254709758e-01
5.439948525184240546e-01
5.582875678172478651e-01
5.561386660123482928e-01
5.558603468613746434e-01
5.531484654316535243e-01
5.574579247297384299e-01
5.488830681794728550e-01
5.436596634296270159e-01
5.468550950288773027e-01
5.492252294069681628e-01
5.533124984074861974e-01
5.417128609541135287e-01
5.476717742589803928e-01
5.402129778495201595e-01
5.445739419796528091e-01
5.522809594869613203e-01
5.509626993766197911e-01
5.429880534227077282e-01
5.427263222443752255e-01
5.479942527336951752e-01
5.495068446947978247e-01
5.372092062082045594e-01
5.479222954083711183e-01
5.442973466255726089e-01
5.387454771842712375e-01
5.467536311119031156e-01
5.450503696233798268e-01
5.572493857298141950e-01
5.495096965478016848e-01
5.495303154755861730e-01
5.575089046970391760e-01
5.485605898575904860e-01
5.416121834363692988e-01
5.568239992245649361e-01
5.560990056930443792e-01
5.520787347203646167e-01
5.500976427243305933e-01
5.523815829784441966e-01
5.546559125949175328e-01
5.468718165006393184e-01
5.458266365986603752e-01
5.469278611433812110e-01
5.450490952302248227e-01
5.486573197902777643e-01
5.563641756008832484e-01
5.459656318028768274e-01
5.522826106884540787e-01
5.417572098664747982e-01
5.512276475246136176e-01
5.464291527485236610e-01
5.447373893780586007e-01
5.500509680081636654e-01
5.539739196117107189e-01
5.577584254436004363e-01
5.497279648597424018e-01
5.411715615254182321e-01
5.472947270442277690e-01
5.566388140886258107e-01
5.527774003835824734e-01
5.497823093182001575e-01
5.502747295758663171e-01
5.474399205201710972e-01
5.477685226843906907e-01
5.520849925585281648e-01
5.493698255373881123e-01
5.560129012816991123e-01
5.509830543628105870e-01
5.492160301177929638e-01
5.462449342012405396e-01
5.478851716487835866e-01
5.448374509811401145e-01
5.493122472977026716e-01
5.434105689709003428e-01
5.429377402250583629e-01
5.461882732617548974e-01
5.526081435955487731e-01
5.433049312768838401e-01
5.468477655679752081e-01
5.473590369407946854e-01
5.542035388640867977e-01
5.459998821600889896e-01
5.566222124374829994e-01
5.429680831921406270e-01
5.396223590160027506e-01
5.389160416829280598e-01
5.466827329152669224e-01
5.455325425435335607e-01
5.571121475635431031e-01
5.292005905738244032e-01
5.433444915673671938e-01
5.312184549294984848e-01
5.286257049212088610e-01
5.335979577058400647e-01
5.431759742972178673e-01
5.390258111250706419e-01
5.403924647050025731e-01
5.404226987789838565e-01
5.425120448454832101e-01
5.412520450659287219e-01
5.433671119885566947e-01
5.462422236418112975e-01
5.479358275731404104e-01
5.435391423029777291e-01
5.428044773065127115e-01
5.483278289819375484e-01
5.438145170609156587e-01
5.501954350716028452e-01
5.558016886313755789e-01
5.464355611648314959e-01
5.413549582927654757e-01
5.422960659632316549e-01
5.451012518161382214e-01
5.462887449142260765e-01
5.461202446466837390e-01
5.450399113771242643e-01
5.427206489520195465e-01
5.453279965198957191e-01
5.474379436327860837e-01
5.331827362378438462e-01
5.394435296456019380e-01
5.424698805197690765e-01
5.452983574989515025e-01
5.411610950262119024e-01
5.417425821224848281e-01
5.363768585217304485e-01
5.400336824930631607e-01
5.517578022602277477e-01
5.399976700544357744e-01
5.369442955805705520e-01
5.421184594050432182e-01
5.368600844572751773e-01
5.492670047741670114e-01
5.418501770649201132e-01
5.507285636969101450e-01
5.512826523719689398e-01
5.534093000949957819e-01
5.433479030927022002e-01
5.488793888153173928e-01
5.474008359206028462e-01
5.480293080592766319e-01
5.458518008391062271e-01
5.414710972553644641e-01
5.461959971831394922e-01
5.504018364808498376e-01
5.486455540626477001e-01
5.554194761010317061e-01
5.402877800739728231e-01
5.447396984467139935e-01
5.391033261250226527e-01
5.415135438625628961e-01
5.421594399672288178e-01
5.385013474103731435e-01
5.404490377658452971e-01
5.328784343523856881e-01
5.376065900692572619e-01
5.317423284817964779e-01
5.474063767072482323e-01
5.351950504076786741e-01
5.380901235800522597e-01
5.412123924646622397e-01
5.398533244163562506e-01
5.347092792009695561e-01
5.407882666740662092e-01
5.384104606432792428e-01
5.315489383844228533e-01
5.447876591713000094e-01
5.467018405596415498e-01
5.333052389132670879e-01
5.282536472265536576e-01
5.386968944317255259e-01
5.394597133000691436e-01
5.332216889430314577e-01
5.369696542238577841e-01
5.450914181959934934e-01
5.428689506573555201e-01
5.385189244380363949e-01
5.423646865746913903e-01
5.375067738386301031e-01
5.400588688177939689e-01
5.413217065426019214e-01
5.373248903415142053e-01
5.424886071529143594e-01
5.490328930127315044e-01
5.346184958250094210e-01
5.290292266851815972e-01
5.348085767947710067e-01
5.334262289297886372e-01
5.444292293145106543e-01
5.367421869284066949e-01
5.450416373136716119e-01
5.390824960592465187e-01
5.407899556251672957e-01
5.331215697221266536e-01
5.398780510975764724e-01
5.314819144132809647e-01
5.485750776834976694e-01
5.409191281367571325e-01
5.332418130758481700e-01
5.379815926918616320e-01
5.334370355575512868e-01
5.419807648047422211e-01
5.460005041880485743e-01
5.370103615980882372e-01
5.319979371932836987e-01
5.460727248436365588e-01
5.401610239958152260e-01
5.384473940500846822e-01
5.422721214019334823e-01
5.335848540831834574e-01
5.304947553536830673e-01
5.400225785298224945e-01
5.325457150355363822e-01
5.452436538843008496e-01
5.451872312869781023e-01
5.357261860599884518e-01
5.315128012345387010e-01
5.421156498866203099e-01
5.388313764180892029e-01
5.400159098398991109e-01
5.409012018870085203e-01
5.445109865604302879e-01
5.423561529471323528e-01
5.363045596159421446e-01
5.345160482021478199e-01
5.306615257874512936e-01
5.347222491716727699e-01
5.298988842811339639e-01
5.410218798197232726e-01
5.352651153619473190e-01
5.453575495726022959e-01
5.375692761861361468e-01
5.396979893629367808e-01
5.248657756891006443e-01
5.373590502983484063e-01
5.358482507558969266e-01
5.338347914891364843e-01
5.344556440145541432e-01
5.274239356701190262e-01
5.312863989518239460e-01
5.321274052827785761e-01
5.355621842237618946e-01
5.233290621867546788e-01
5.301670567347452900e-01
5.394086205042325499e-01
5.285412419300813403e-01
5.344680372721110073e-01
5.352739752867282652e-01
5.327258738951805572e-01
5.245966398563139954e-01
5.408301381728588542e-01
5.272802108373397800e-01
5.306338165815059904e-01
5.312652504596955261e-01
5.267174210303868787e-01
5.388238317691362855e-01
5.264951890095685982e-01
5.272225055174949437e-01
5.268183729587456732e-01
5.388672904326365920e-01
5.342871889854088341e-01
5.364749718935061251e-01
5.287046221586374495e-01
5.369037058873054047e-01
5.368436596332452071e-01
5.330034991105397912e-01
5.313385775456062055e-01
5.391997799659387081e-01
5.248517057834527488e-01
5.296109173542413728e-01
5.321269658131476676e-01
5.317887225976356547e-01
5.429194349509018913e-01
5.280780171736693118e-01
5.255577345689137481e-01
5.300822301552845506e-01
5.286560524350557566e-01
5.353039500040885912e-01
5.230832580572519763e-01
5.367753308552961622e-01
5.290021075652195925e-01
5.297769945401411551e-01
5.236809213192035184e-01
5.280886748662361185e-01
5.196125424061066589e-01
5.388919377174132830e-01
5.325626973158273936e-01
5.253915395492162466e-01
5.321238302267514708e-01
5.353258580733568639e-01
5.337429621280768144e-01
5.425571142863004903e-01
5.284023473660151016e-01
5.254929497455939069e-01
5.312052786350249800e-01
5.146249040579184975e-01
5.275427978772383453e-01
5.278786871677789705e-01
5.299415235336010221e-01
5.359023965322053940e-01
5.188911229372024092e-01
5.234731026184864522e-01
5.234766613978606431e-01
5.266875401521340372e-01
5.282942550304609020e-01
5.242415693707954683e-01
5.297935266525317655e-01
5.255743805414591074e-01
5.296502478611775366e-01
5.258352118424880484e-01
5.221098959445953369e-01
5.250391648365900776e-01
5.258193671703338401e-01
5.339449595182369501e-01
5.235245189605615135e-01
5.203162926893968310e-01
5.240034290995353450e-01
5.217694301635791287e-01
5.237009568856312303e-01
5.239279421094136246e-01
5.260828421666071675e-01
5.172895508698928113e-01
5.248423250821920849e-01
5.209211701766038871e-01
5.213833461205165110e-01
5.263966273802976881e-01
5.237400621939928280e-01
5.309593344346070776e-01
5.186800408821840014e-01
5.318997805699323678e-01
5.245382946271163194e-01
5.244327875284048313e-01
5.245754739412894496e-01
5.244377302817809783e-01
5.300071815649668450e-01
5.203275679777830121e-01
5.229498489544941453e-01
5.249036444303316618e-01
5.304761113264622185e-01
5.289227331295991430e-01
5.202020919475800476e-01
5.164249268097754753e-01
5.245978962916594268e-01
5.173703314402164910e-01
5.165854137677412528e-01
5.244539398413438080e-01
5.261202385028203032e-01
5.160408040651908168e-01
5.074545216866028774e-01
5.296423620902575014e-01
5.292531757018504868e-01
5.217607022095949176e-01
5.188515662382811033e-01
5.222168138393988857e-01
5.146174865655409603e-01
5.185076497304134113e-01
5.230852562647599902e-01
5.233710347077785707e-01
5.224388445799167391e-01
5.154289340361570826e-01
5.075951346984276524e-01
5.174438969447062719e-01
5.248042481832014827e-01
5.293105705426289775e-01
5.201290615858176203e-01
5.248995258257939112e-01
5.255965624864284980e-01
5.114984058416807144e-01
5.189956571811285002e-01
5.233722332960519807e-01
5.258063650284058310e-01
5.253972186874120709e-01
5.258523566600603605e-01
5.221937907047761174e-01
5.215890077444222950e-01
5.266090545134666234e-01
5.215697056972063983e-01
5.213691196380517701e-01
5.211260751271858949e-01
5.099530869569534053e-01
5.097349821757047872e-01
5.169517337511747579e-01
5.136715531349181907e-01
5.102519104113945048e-01
5.251510828733444436e-01
5.260846219765834553e-01
5.168959052898944861e-01
5.194322007588850765e-01
5.181788785335345038e-01
5.191182045600353234e-01
5.202456738704289707e-01
5.219012546997804369e-01
5.182165871828030568e-01
5.170534055202434809e-01
5.317307098553730738e-01
5.188798794379601009e-01
5.141710920211596259e-01
5.276743122782462381e-01
5.257838756610185849e-01
5.195858609217863799e-01
5.216497853780404093e-01
5.220093646874794935e-01
5.102959019251358530e-01
5.230498913006904615e-01
5.261251832430179354e-01
5.221005775225467938e-01
5.209866090462758059e-01
5.156014292668074095e-01
5.172374873589247191e-01
5.158432497428013797e-01
5.128328756262094945e-01
5.141818864987446336e-01
5.196670311383712049e-01
5.108804219044171813e-01
5.178836181377752812e-01
5.175014600539818987e-01
5.183772314053315400e-01
5.195586346662961486e-01
5.320103840950207719e-01
5.162121311212197750e-01
5.180480953210438999e-01
5.125520392870291930e-01
5.141295214876150377e-01
5.130693560991531621e-01
5.140318328753495924e-01
5.216694327501150141e-01
5.141301664022298601e-01
5.098403818332232218e-01
