7.609058380126953125e+00
9.145429611206054688e+00
1.053025627136230469e+01
1.172056007385253906e+01
1.268573188781738281e+01
1.356820392608642578e+01
1.430865573883056641e+01
1.503581142425537109e+01
1.575554275512695312e+01
1.636330413818359375e+01
1.699324035644531250e+01
1.751939773559570312e+01
1.805055999755859375e+01
1.860857772827148438e+01
1.911876487731933594e+01
1.960458946228027344e+01
2.004183769226074219e+01
2.056039428710937500e+01
2.102052307128906250e+01
2.143386268615722656e+01
2.189492797851562500e+01
2.224449157714843750e+01
2.264580154418945312e+01
2.303525733947753906e+01
2.336926841735839844e+01
2.365162658691406250e+01
2.398285102844238281e+01
2.431102371215820312e+01
2.463881301879882812e+01
2.493249320983886719e+01
2.513757133483886719e+01
2.535500907897949219e+01
2.557671928405761719e+01
2.578080940246582031e+01
2.593605804443359375e+01
2.612705802917480469e+01
2.628017425537109375e+01
2.646784591674804688e+01
2.651581573486328125e+01
2.663865852355957031e+01
2.669773483276367188e+01
2.675719451904296875e+01
2.681010055541992188e+01
2.692379188537597656e+01
2.698803138732910156e+01
2.700683593750000000e+01
2.706062507629394531e+01
2.705274581909179688e+01
2.708858871459960938e+01
2.704346847534179688e+01
2.698766899108886719e+01
2.707100105285644531e+01
2.705285644531250000e+01
2.712269973754882812e+01
2.707712936401367188e+01
2.703744506835937500e+01
2.699811172485351562e+01
2.701239395141601562e+01
2.700896644592285156e+01
2.688337898254394531e+01
2.685414314270019531e+01
2.684120750427246094e+01
2.679592895507812500e+01
2.680137825012207031e+01
2.675093460083007812e+01
2.677328491210937500e+01
2.677591323852539062e+01
2.666087150573730469e+01
2.668590545654296875e+01
2.668454551696777344e+01
2.655641365051269531e+01
2.658608245849609375e+01
2.661166954040527344e+01
2.651278686523437500e+01
2.664605712890625000e+01
2.655824661254882812e+01
2.659011268615722656e+01
2.646291160583496094e+01
2.655085372924804688e+01
2.666726112365722656e+01
2.654058837890625000e+01
2.663388252258300781e+01
2.659570693969726562e+01
2.665913391113281250e+01
2.667208290100097656e+01
2.657731246948242188e+01
2.647672080993652344e+01
2.660981369018554688e+01
2.659525489807128906e+01
2.659013557434082031e+01
2.656652832031250000e+01
2.661660194396972656e+01
2.679187202453613281e+01
2.684557723999023438e+01
2.688454055786132812e+01
2.696185684204101562e+01
2.697727966308593750e+01
2.692885589599609375e+01
2.699837875366210938e+01
2.690725326538085938e+01
2.700229454040527344e+01
2.716099357604980469e+01
2.714343833923339844e+01
2.717346954345703125e+01
2.705039405822753906e+01
2.697593688964843750e+01
2.710760688781738281e+01
2.717348480224609375e+01
2.718802642822265625e+01
2.728987693786621094e+01
2.735432243347167969e+01
2.742745208740234375e+01
2.746888351440429688e+01
2.749231147766113281e+01
2.757588958740234375e+01
2.758229446411132812e+01
2.747479629516601562e+01
2.750644493103027344e+01
2.757144546508789062e+01
2.752166366577148438e+01
2.740430831909179688e+01
2.747252845764160156e+01
2.740525436401367188e+01
2.746020317077636719e+01
2.748209381103515625e+01
2.746846008300781250e+01
2.753288269042968750e+01
2.754204559326171875e+01
2.754857063293457031e+01
2.755134582519531250e+01
2.753300285339355469e+01
2.765494155883789062e+01
2.766557693481445312e+01
2.782614898681640625e+01
2.790135955810546875e+01
2.806665039062500000e+01
2.808729171752929688e+01
2.808361816406250000e+01
2.812799453735351562e+01
2.811074829101562500e+01
2.805508613586425781e+01
2.809981155395507812e+01
2.804681587219238281e+01
2.812971496582031250e+01
2.811462974548339844e+01
2.819901847839355469e+01
2.831892585754394531e+01
2.831798171997070312e+01
2.820740127563476562e+01
2.816459655761718750e+01
2.818996810913085938e+01
2.809418296813964844e+01
2.814700508117675781e+01
2.821399307250976562e+01
2.817378997802734375e+01
2.825220108032226562e+01
2.832928657531738281e+01
2.827487373352050781e+01
2.819782447814941406e+01
2.837237167358398438e+01
2.849688720703125000e+01
2.863574218750000000e+01
2.871384048461914062e+01
2.867795372009277344e+01
2.868098068237304688e+01
2.881042861938476562e+01
2.894198226928710938e+01
2.885035896301269531e+01
2.895070648193359375e+01
2.885219573974609375e+01
2.894032287597656250e+01
2.890867805480957031e+01
2.890783309936523438e+01
2.886798858642578125e+01
2.884497070312500000e+01
2.895430564880371094e+01
2.886901092529296875e+01
2.889472579956054688e+01
2.905263900756835938e+01
2.916538810729980469e+01
2.911348533630371094e+01
2.909381103515625000e+01
2.910658836364746094e+01
2.908798599243164062e+01
2.910059738159179688e+01
2.915607070922851562e+01
2.924164009094238281e+01
2.912003707885742188e+01
2.920828628540039062e+01
2.925872611999511719e+01
2.920932769775390625e+01
2.931446647644042969e+01
2.935491943359375000e+01
2.946201705932617188e+01
2.944060134887695312e+01
2.945303916931152344e+01
2.945297431945800781e+01
2.946110916137695312e+01
2.958787536621093750e+01
2.956196212768554688e+01
2.957318305969238281e+01
2.951746749877929688e+01
2.960177612304687500e+01
2.952544403076171875e+01
2.962006568908691406e+01
2.962944030761718750e+01
2.981187057495117188e+01
2.984006881713867188e+01
3.001889419555664062e+01
3.009204101562500000e+01
3.011528015136718750e+01
3.023800277709960938e+01
3.011116027832031250e+01
3.029362487792968750e+01
3.025609779357910156e+01
3.021546745300292969e+01
3.034872436523437500e+01
3.045606040954589844e+01
3.032611846923828125e+01
3.041534805297851562e+01
3.042321586608886719e+01
3.055544662475585938e+01
3.051229858398437500e+01
3.041537284851074219e+01
3.042678451538085938e+01
3.050473213195800781e+01
3.035348892211914062e+01
3.036988449096679688e+01
3.042758941650390625e+01
3.053543472290039062e+01
3.032387351989746094e+01
3.051621818542480469e+01
3.050959205627441406e+01
3.049442672729492188e+01
3.040991973876953125e+01
3.035364341735839844e+01
3.034994506835937500e+01
3.046893310546875000e+01
3.046880149841308594e+01
3.044120979309082031e+01
3.043883895874023438e+01
3.045082855224609375e+01
3.040920639038085938e+01
3.045274925231933594e+01
3.055043029785156250e+01
3.069637298583984375e+01
3.065648078918457031e+01
3.069750213623046875e+01
3.079172897338867188e+01
3.076648712158203125e+01
3.086869239807128906e+01
3.100709152221679688e+01
3.096196746826171875e+01
3.103347587585449219e+01
3.097011566162109375e+01
3.102999877929687500e+01
3.114044570922851562e+01
3.109122467041015625e+01
3.092360496520996094e+01
3.080457687377929688e+01
3.074211502075195312e+01
3.062668800354003906e+01
3.064143753051757812e+01
3.076057624816894531e+01
3.078509521484375000e+01
3.073240661621093750e+01
3.094027328491210938e+01
3.094185447692871094e+01
3.086404609680175781e+01
3.082862663269042969e+01
3.083855438232421875e+01
3.093557739257812500e+01
3.092553329467773438e+01
3.106490707397460938e+01
3.104394531250000000e+01
3.112337875366210938e+01
3.127483749389648438e+01
3.105670928955078125e+01
3.104301071166992188e+01
3.110408782958984375e+01
3.111178398132324219e+01
3.103617095947265625e+01
3.122247123718261719e+01
3.135728645324707031e+01
3.127705955505371094e+01
3.127107048034667969e+01
3.135787010192871094e+01
3.147763442993164062e+01
3.155563926696777344e+01
3.141873168945312500e+01
3.135169982910156250e+01
3.147842979431152344e+01
3.136471366882324219e+01
3.141901969909667969e+01
3.145664024353027344e+01
3.147025108337402344e+01
3.140610885620117188e+01
3.128218650817871094e+01
3.143922996520996094e+01
3.157383918762207031e+01
3.142924118041992188e+01
3.132247352600097656e+01
3.157763290405273438e+01
3.156180953979492188e+01
3.139474105834960938e+01
3.141496658325195312e+01
3.153580856323242188e+01
3.162362670898437500e+01
3.146788024902343750e+01
3.152285194396972656e+01
3.162410736083984375e+01
3.177230834960937500e+01
3.177595901489257812e+01
3.161539459228515625e+01
3.166015815734863281e+01
3.172537231445312500e+01
3.175155067443847656e+01
3.174553680419921875e+01
3.176329421997070312e+01
3.184484100341796875e+01
3.182370948791503906e+01
3.188653945922851562e+01
3.176258277893066406e+01
3.164712142944335938e+01
3.171191406250000000e+01
3.175818443298339844e+01
3.171702766418457031e+01
3.174041175842285156e+01
3.167322921752929688e+01
3.188042831420898438e+01
3.182686996459960938e+01
3.185120773315429688e+01
3.205192565917968750e+01
3.191320419311523438e+01
3.177197074890136719e+01
3.191989135742187500e+01
3.190743446350097656e+01
3.211022949218750000e+01
3.194475173950195312e+01
3.182056236267089844e+01
3.196475982666015625e+01
3.197812271118164062e+01
3.202061843872070312e+01
3.202813339233398438e+01
3.211663055419921875e+01
3.189028358459472656e+01
3.204426574707031250e+01
3.183690452575683594e+01
3.177750205993652344e+01
3.185585403442382812e+01
3.198624801635742188e+01
3.189275932312011719e+01
3.184596252441406250e+01
3.191329193115234375e+01
3.199974060058593750e+01
3.202348327636718750e+01
3.208201599121093750e+01
3.211896514892578125e+01
3.224467086791992188e+01
3.198678207397460938e+01
3.198497772216796875e+01
3.201346206665039062e+01
3.205488586425781250e+01
3.221567535400390625e+01
3.204422378540039062e+01
3.209449386596679688e+01
3.212597274780273438e+01
3.219602203369140625e+01
3.219525909423828125e+01
3.228065109252929688e+01
3.241698837280273438e+01
3.241076660156250000e+01
3.226133728027343750e+01
3.229631805419921875e+01
3.234942626953125000e+01
3.242693328857421875e+01
3.231615066528320312e+01
3.239205551147460938e+01
3.227460861206054688e+01
3.247448348999023438e+01
3.261540985107421875e+01
3.248323059082031250e+01
3.252790069580078125e+01
3.259772491455078125e+01
3.252455902099609375e+01
3.241940689086914062e+01
3.245557022094726562e+01
3.248278808593750000e+01
3.249899291992187500e+01
3.231464004516601562e+01
3.221646881103515625e+01
3.216759490966796875e+01
3.218299102783203125e+01
3.214120483398437500e+01
3.217575073242187500e+01
3.207975769042968750e+01
3.215258789062500000e+01
3.229128265380859375e+01
3.242993927001953125e+01
3.248976898193359375e+01
3.255380630493164062e+01
3.248570632934570312e+01
3.237830352783203125e+01
3.247939300537109375e+01
3.256304550170898438e+01
3.245167922973632812e+01
3.241294860839843750e+01
3.248151779174804688e+01
3.255626678466796875e+01
3.242070770263671875e+01
3.258762359619140625e+01
3.239704895019531250e+01
3.248983764648437500e+01
3.244329833984375000e+01
3.242425537109375000e+01
3.238480377197265625e+01
3.241578292846679688e+01
3.228099060058593750e+01
3.229686355590820312e+01
3.223088073730468750e+01
3.231599044799804688e+01
3.212092971801757812e+01
3.216957473754882812e+01
3.197290229797363281e+01
3.209452056884765625e+01
3.210499572753906250e+01
3.206014251708984375e+01
3.213948059082031250e+01
3.201272583007812500e+01
3.187607574462890625e+01
3.196147346496582031e+01
3.227741241455078125e+01
3.240845108032226562e+01
3.236620330810546875e+01
3.227184295654296875e+01
3.226596069335937500e+01
3.236780929565429688e+01
3.219709014892578125e+01
3.223593902587890625e+01
3.226851272583007812e+01
3.247465896606445312e+01
3.255387115478515625e+01
3.268256759643554688e+01
3.257775878906250000e+01
3.253730010986328125e+01
3.255468750000000000e+01
3.270244979858398438e+01
3.265721511840820312e+01
3.266587829589843750e+01
3.269780349731445312e+01
3.256640243530273438e+01
3.245443725585937500e+01
3.250959777832031250e+01
3.261502838134765625e+01
3.273611068725585938e+01
3.281781768798828125e+01
3.288486480712890625e+01
3.286297607421875000e+01
3.248324584960937500e+01
3.248561096191406250e+01
3.249737548828125000e+01
3.255651473999023438e+01
3.280985641479492188e+01
3.269275665283203125e+01
3.280442047119140625e+01
3.275414276123046875e+01
3.287909317016601562e+01
3.284177398681640625e+01
3.284525680541992188e+01
3.272798156738281250e+01
3.279880142211914062e+01
3.266182327270507812e+01
3.267298126220703125e+01
3.249964141845703125e+01
3.243737792968750000e+01
3.274233245849609375e+01
3.257918167114257812e+01
3.258258438110351562e+01
3.256040954589843750e+01
3.273175430297851562e+01
3.262089538574218750e+01
3.270492553710937500e+01
3.256184387207031250e+01
3.270600891113281250e+01
3.276129913330078125e+01
3.283179092407226562e+01
3.276092529296875000e+01
3.290123748779296875e+01
3.290593719482421875e+01
3.280850982666015625e+01
3.277692031860351562e+01
3.279109573364257812e+01
3.288497543334960938e+01
3.303396987915039062e+01
3.309946441650390625e+01
3.311450576782226562e+01
3.319499588012695312e+01
3.316486740112304688e+01
3.301756286621093750e+01
3.311444854736328125e+01
3.323513793945312500e+01
3.322838592529296875e+01
3.329362869262695312e+01
3.317174530029296875e+01
3.310233688354492188e+01
3.301327896118164062e+01
3.301885986328125000e+01
3.310950088500976562e+01
3.315686416625976562e+01
3.323562240600585938e+01
3.318707275390625000e+01
3.310702896118164062e+01
3.311666107177734375e+01
3.314469146728515625e+01
3.320406341552734375e+01
3.315755081176757812e+01
3.315557479858398438e+01
3.318802642822265625e+01
3.327441024780273438e+01
3.332841491699218750e+01
3.336414718627929688e+01
3.332081985473632812e+01
3.327706909179687500e+01
3.338449096679687500e+01
3.316791152954101562e+01
3.318312835693359375e+01
3.329004669189453125e+01
3.319737243652343750e+01
3.317294692993164062e+01
3.314529037475585938e+01
3.301681518554687500e+01
3.304946517944335938e+01
3.296879577636718750e+01
3.285798645019531250e+01
3.282997894287109375e+01
3.294499588012695312e+01
3.293690490722656250e+01
3.298091506958007812e+01
3.297578430175781250e+01
3.299421310424804688e+01
3.281209945678710938e+01
3.309119415283203125e+01
3.293895721435546875e+01
3.286219787597656250e+01
3.296386718750000000e+01
3.281301116943359375e+01
3.268981552124023438e+01
3.277230072021484375e+01
3.300141143798828125e+01
3.302401351928710938e+01
3.291684722900390625e+01
3.304634475708007812e+01
3.295845031738281250e+01
3.313029098510742188e+01
3.305371093750000000e+01
3.299166870117187500e+01
3.316076278686523438e+01
3.309978103637695312e+01
3.303463745117187500e+01
3.292938613891601562e+01
3.309458923339843750e+01
3.325695800781250000e+01
3.309561920166015625e+01
3.328974914550781250e+01
3.319966888427734375e+01
3.319230270385742188e+01
3.332087326049804688e+01
3.307218933105468750e+01
3.299261856079101562e+01
3.281361389160156250e+01
3.287330245971679688e+01
3.279104614257812500e+01
3.272605133056640625e+01
3.270212554931640625e+01
3.273979949951171875e+01
3.282650756835937500e+01
3.272941589355468750e+01
3.279503250122070312e+01
3.275444412231445312e+01
3.254235076904296875e+01
3.238778686523437500e+01
3.258946990966796875e+01
3.268323898315429688e+01
3.262337493896484375e+01
3.283029937744140625e+01
3.276983642578125000e+01
3.285701751708984375e+01
3.300530242919921875e+01
3.313184738159179688e+01
3.298786544799804688e+01
3.287271881103515625e+01
3.285087585449218750e+01
3.275689697265625000e+01
3.264089965820312500e+01
3.286277770996093750e+01
3.286346054077148438e+01
3.296283721923828125e+01
3.312779998779296875e+01
3.293178176879882812e+01
3.294092941284179688e+01
3.300430297851562500e+01
3.288867187500000000e+01
3.307190704345703125e+01
3.311387634277343750e+01
3.322867584228515625e+01
3.318701934814453125e+01
3.327968215942382812e+01
3.331939315795898438e+01
3.348052978515625000e+01
3.337159347534179688e+01
3.331718826293945312e+01
3.318394470214843750e+01
3.310608673095703125e+01
3.303337478637695312e+01
3.294857025146484375e+01
3.293178558349609375e+01
3.303901672363281250e+01
3.313636779785156250e+01
3.317288208007812500e+01
3.318845748901367188e+01
3.332035827636718750e+01
3.321247863769531250e+01
3.325624084472656250e+01
3.324520874023437500e+01
3.344137191772460938e+01
3.350976943969726562e+01
3.343310546875000000e+01
3.335260009765625000e+01
3.345477676391601562e+01
3.358449554443359375e+01
3.361744308471679688e+01
3.357703018188476562e+01
3.372577667236328125e+01
3.382882690429687500e+01
3.383785247802734375e+01
3.382128906250000000e+01
3.380965042114257812e+01
3.376663589477539062e+01
3.366710662841796875e+01
3.371016693115234375e+01
3.380270767211914062e+01
3.391496276855468750e+01
3.391934967041015625e+01
3.392922973632812500e+01
3.388779830932617188e+01
3.370298767089843750e+01
3.370167541503906250e+01
3.378763198852539062e+01
3.394754791259765625e+01
3.405242919921875000e+01
3.412158966064453125e+01
3.425863265991210938e+01
3.442124176025390625e+01
3.445280456542968750e+01
3.451352310180664062e+01
3.445331573486328125e+01
3.443685150146484375e+01
3.447251129150390625e+01
3.436065292358398438e+01
3.422242736816406250e+01
3.430548477172851562e+01
3.431822967529296875e+01
3.431604766845703125e+01
3.428789520263671875e+01
3.422803497314453125e+01
3.432334136962890625e+01
3.439876937866210938e+01
3.427902984619140625e+01
3.417222213745117188e+01
3.432226562500000000e+01
3.410213851928710938e+01
3.392623138427734375e+01
3.408444213867187500e+01
3.407498168945312500e+01
3.416256713867187500e+01
3.402122497558593750e+01
3.379626464843750000e+01
3.376121520996093750e+01
3.380794525146484375e+01
3.384690093994140625e+01
3.378733062744140625e+01
3.391007995605468750e+01
3.410654067993164062e+01
3.394768142700195312e+01
3.389086151123046875e+01
3.403676986694335938e+01
3.386481857299804688e+01
3.372654724121093750e+01
3.366784667968750000e+01
3.366661834716796875e+01
3.360271072387695312e+01
3.364160156250000000e+01
3.372397613525390625e+01
3.377433395385742188e+01
3.383218765258789062e+01
3.371824645996093750e+01
3.360894775390625000e+01
3.367331695556640625e+01
3.390332031250000000e+01
3.378810882568359375e+01
3.399047088623046875e+01
3.391119384765625000e+01
3.411513519287109375e+01
3.412016677856445312e+01
3.429919433593750000e+01
3.415364074707031250e+01
3.427130889892578125e+01
3.434472656250000000e+01
3.420489883422851562e+01
3.423738098144531250e+01
3.438027572631835938e+01
3.437821197509765625e+01
3.452037429809570312e+01
3.471514892578125000e+01
3.447203063964843750e+01
3.447219848632812500e+01
3.436474227905273438e+01
3.442156219482421875e+01
3.431105041503906250e+01
3.444699096679687500e+01
3.438302230834960938e+01
3.449825286865234375e+01
3.444379043579101562e+01
3.450244522094726562e+01
3.441320800781250000e+01
3.449946975708007812e+01
3.448012161254882812e+01
3.445035552978515625e+01
3.444008636474609375e+01
3.439923858642578125e+01
3.444001007080078125e+01
3.429584503173828125e+01
3.448359298706054688e+01
3.446491241455078125e+01
3.441513824462890625e+01
3.456272888183593750e+01
3.457749176025390625e+01
3.445146942138671875e+01
3.459649276733398438e+01
3.481256103515625000e+01
3.480892944335937500e+01
3.485033035278320312e+01
3.488037872314453125e+01
3.475831604003906250e+01
3.487742996215820312e+01
3.494650268554687500e+01
3.493865585327148438e+01
3.487181854248046875e+01
3.490790939331054688e+01
3.474828338623046875e+01
3.465554809570312500e+01
3.457595825195312500e+01
3.452745056152343750e+01
3.447497558593750000e+01
3.460404205322265625e+01
3.470825195312500000e+01
3.477518463134765625e+01
3.479503631591796875e+01
3.482187652587890625e+01
3.482221221923828125e+01
3.473031616210937500e+01
3.487627792358398438e+01
3.467959594726562500e+01
3.472779464721679688e+01
3.467665863037109375e+01
3.458809280395507812e+01
3.462119293212890625e+01
3.458798980712890625e+01
3.451665115356445312e+01
3.453760528564453125e+01
3.453136062622070312e+01
3.441629791259765625e+01
3.442957305908203125e+01
3.449932861328125000e+01
3.422531890869140625e+01
3.436264038085937500e+01
3.448838806152343750e+01
3.443673324584960938e+01
3.460057449340820312e+01
3.437207794189453125e+01
3.451766967773437500e+01
3.469400024414062500e+01
3.471106719970703125e+01
3.481003570556640625e+01
3.483809280395507812e+01
3.502994918823242188e+01
3.481278228759765625e+01
3.494252395629882812e+01
3.480525970458984375e+01
3.471625900268554688e+01
3.500598907470703125e+01
3.479664611816406250e+01
3.475231933593750000e+01
3.476156616210937500e+01
3.482577514648437500e+01
3.478170013427734375e+01
3.457206344604492188e+01
3.452754592895507812e+01
3.460006713867187500e+01
3.481620025634765625e+01
3.482959365844726562e+01
3.499936294555664062e+01
3.504470062255859375e+01
3.492170715332031250e+01
3.500355911254882812e+01
3.501560211181640625e+01
3.497976684570312500e+01
3.494651031494140625e+01
3.485970687866210938e+01
3.499266815185546875e+01
3.513056945800781250e+01
3.502304077148437500e+01
3.515184783935546875e+01
3.528004837036132812e+01
3.541870498657226562e+01
3.553276443481445312e+01
3.567330932617187500e+01
3.562535095214843750e+01
3.577379226684570312e+01
3.575873565673828125e+01
3.562521362304687500e+01
3.568182373046875000e+01
3.555113220214843750e+01
3.578610610961914062e+01
3.567198181152343750e+01
3.579671096801757812e+01
3.563345336914062500e+01
3.571803283691406250e+01
3.583374023437500000e+01
3.567262268066406250e+01
3.564508056640625000e+01
3.568073272705078125e+01
3.575863265991210938e+01
3.582927703857421875e+01
3.593981933593750000e+01
3.581403732299804688e+01
3.576704406738281250e+01
3.566975784301757812e+01
3.556462478637695312e+01
3.560021209716796875e+01
3.543782043457031250e+01
3.549652862548828125e+01
3.555633544921875000e+01
3.564206314086914062e+01
3.572243499755859375e+01
3.565748214721679688e+01
3.566179275512695312e+01
3.558504867553710938e+01
3.567803573608398438e+01
3.572819900512695312e+01
3.542379760742187500e+01
3.544001007080078125e+01
3.537389373779296875e+01
3.525635147094726562e+01
3.537452316284179688e+01
3.539467620849609375e+01
3.543326950073242188e+01
3.557904052734375000e+01
3.558311462402343750e+01
3.551084518432617188e+01
3.543508911132812500e+01
3.541051483154296875e+01
3.545432281494140625e+01
3.530638122558593750e+01
3.534186172485351562e+01
3.529451751708984375e+01
3.526720046997070312e+01
3.515531921386718750e+01
3.503012466430664062e+01
3.505782699584960938e+01
3.497483444213867188e+01
3.493285369873046875e+01
3.496150207519531250e+01
3.491427993774414062e+01
3.478385925292968750e+01
3.464879608154296875e+01
3.470970153808593750e+01
3.478427124023437500e+01
3.459462738037109375e+01
3.493064498901367188e+01
3.473396301269531250e+01
3.501926040649414062e+01
3.480724716186523438e+01
3.474345397949218750e+01
3.476071929931640625e+01
3.482863998413085938e+01
3.493481826782226562e+01
3.488329696655273438e+01
3.478155899047851562e+01
3.499309539794921875e+01
3.487469482421875000e+01
3.480869293212890625e+01
3.487797927856445312e+01
3.490032196044921875e+01
3.490397262573242188e+01
3.494124221801757812e+01
3.505477142333984375e+01
3.523025512695312500e+01
3.512805175781250000e+01
3.517389297485351562e+01
3.528410339355468750e+01
3.515508270263671875e+01
3.524035644531250000e+01
3.506763839721679688e+01
3.514562988281250000e+01
3.505450820922851562e+01
3.496684265136718750e+01
3.486089706420898438e+01
3.503096008300781250e+01
3.493533325195312500e+01
3.515771484375000000e+01
3.504971313476562500e+01
3.515159225463867188e+01
3.507176589965820312e+01
3.485143661499023438e+01
3.487332916259765625e+01
3.491143798828125000e+01
3.501836013793945312e+01
3.503541564941406250e+01
3.504957199096679688e+01
3.500464630126953125e+01
3.510685729980468750e+01
3.505845260620117188e+01
3.492780685424804688e+01
3.505081176757812500e+01
3.513397979736328125e+01
3.502294540405273438e+01
3.508594512939453125e+01
3.518974685668945312e+01
3.523916244506835938e+01
3.521455383300781250e+01
3.512442016601562500e+01
3.516754531860351562e+01
3.511666870117187500e+01
3.507842636108398438e+01
3.500166702270507812e+01
3.489276885986328125e+01
3.484048461914062500e+01
3.489494323730468750e+01
3.475837707519531250e+01
3.475279998779296875e+01
3.485618209838867188e+01
3.487694168090820312e+01
3.478050231933593750e+01
3.489928436279296875e+01
3.501667785644531250e+01
3.491110610961914062e+01
3.507297897338867188e+01
3.492710113525390625e+01
3.486234664916992188e+01
3.484565734863281250e+01
3.474010086059570312e+01
3.457396316528320312e+01
3.471440887451171875e+01
3.477160644531250000e+01
3.470018005371093750e+01
3.477614212036132812e+01
3.468020248413085938e+01
3.486923980712890625e+01
3.471993255615234375e+01
3.468617248535156250e+01
3.474076080322265625e+01
3.476598358154296875e+01
3.481352996826171875e+01
3.474019622802734375e+01
3.482528686523437500e+01
3.470999145507812500e+01
3.465722656250000000e+01
3.458637237548828125e+01
3.464802551269531250e+01
3.445051956176757812e+01
3.454056549072265625e+01
3.450059509277343750e+01
3.455408096313476562e+01
3.451598358154296875e+01
3.447402954101562500e+01
3.441071701049804688e+01
3.447166824340820312e+01
3.444811248779296875e+01
3.445584106445312500e+01
3.424073791503906250e+01
3.407525253295898438e+01
3.411478424072265625e+01
3.398884963989257812e+01
3.397332763671875000e+01
3.401935958862304688e+01
3.397735214233398438e+01
3.384779357910156250e+01
3.383267974853515625e+01
3.385663223266601562e+01
3.377127838134765625e+01
3.387000274658203125e+01
3.391716766357421875e+01
3.405221939086914062e+01
3.413583374023437500e+01
3.434584045410156250e+01
3.433040237426757812e+01
3.416573333740234375e+01
3.427767181396484375e+01
3.424765777587890625e+01
3.441100311279296875e+01
3.438387298583984375e+01
3.445946502685546875e+01
3.456396865844726562e+01
3.444707870483398438e+01
3.431452941894531250e+01
3.430290222167968750e+01
3.427326202392578125e+01
3.442473220825195312e+01
3.436986541748046875e+01
3.441674041748046875e+01
3.432680511474609375e+01
3.453050613403320312e+01
3.451084136962890625e+01
3.427420043945312500e+01
3.432769775390625000e+01
3.430152511596679688e+01
3.429415512084960938e+01
3.405366516113281250e+01
3.429992294311523438e+01
3.404682159423828125e+01
3.403798675537109375e+01
3.414500427246093750e+01
3.417137908935546875e+01
3.425939941406250000e+01
3.415695953369140625e+01
3.430333709716796875e+01
3.431637573242187500e+01
3.435451889038085938e+01
3.436391448974609375e+01
3.428841400146484375e+01
3.444257354736328125e+01
3.437540435791015625e+01
3.435594558715820312e+01
3.409305953979492188e+01
3.419582748413085938e+01
3.425582885742187500e+01
3.428616333007812500e+01
3.427056503295898438e+01
3.445228576660156250e+01
3.436296081542968750e+01
3.426669311523437500e+01
3.442205047607421875e+01
3.425505828857421875e+01
3.425157928466796875e+01
3.439139556884765625e+01
3.433160400390625000e+01
3.435707855224609375e+01
3.410945892333984375e+01
3.419364166259765625e+01
3.419298553466796875e+01
3.420924758911132812e+01
3.403504562377929688e+01
3.405049133300781250e+01
3.403865051269531250e+01
3.416590118408203125e+01
3.431436157226562500e+01
3.430303955078125000e+01
3.433262634277343750e+01
3.422410964965820312e+01
3.431153488159179688e+01
3.420925521850585938e+01
3.444491577148437500e+01
3.435323333740234375e+01
3.449953460693359375e+01
3.440992736816406250e+01
3.435976791381835938e+01
3.455548095703125000e+01
3.478074264526367188e+01
3.473720932006835938e+01
3.464793395996093750e+01
3.471746826171875000e+01
3.483678436279296875e+01
3.488086700439453125e+01
3.498146820068359375e+01
3.494625854492187500e+01
3.485050964355468750e+01
3.482485198974609375e+01
3.486851501464843750e+01
3.479483795166015625e+01
3.487275695800781250e+01
3.496229553222656250e+01
3.501853179931640625e+01
3.473110198974609375e+01
3.463773345947265625e+01
3.474499893188476562e+01
3.478675079345703125e+01
3.460615539550781250e+01
3.463721466064453125e+01
3.454914474487304688e+01
3.462113952636718750e+01
3.445374679565429688e+01
3.461858367919921875e+01
3.458718490600585938e+01
3.459307098388671875e+01
3.454365539550781250e+01
3.445384216308593750e+01
3.460542678833007812e+01
3.442166137695312500e+01
3.451717376708984375e+01
3.438687896728515625e+01
3.436616516113281250e+01
3.450052642822265625e+01
3.451879882812500000e+01
3.450700378417968750e+01
3.440137863159179688e+01
3.450303268432617188e+01
3.452230834960937500e+01
3.439723587036132812e+01
3.436474609375000000e+01
3.458405303955078125e+01
3.435982131958007812e+01
3.456838607788085938e+01
3.435900497436523438e+01
3.454141998291015625e+01
3.450201034545898438e+01
3.435437011718750000e+01
3.460845184326171875e+01
3.444878387451171875e+01
3.445904541015625000e+01
3.454251861572265625e+01
3.456040191650390625e+01
3.464807128906250000e+01
3.446858978271484375e+01
3.452271652221679688e+01
3.460697555541992188e+01
3.464098739624023438e+01
3.467285919189453125e+01
3.447645568847656250e+01
3.451344299316406250e+01
3.455342864990234375e+01
3.460646057128906250e+01
3.454588317871093750e+01
3.474885940551757812e+01
3.469535064697265625e+01
3.462528991699218750e+01
3.457926940917968750e+01
3.482400512695312500e+01
3.482751846313476562e+01
3.495594024658203125e+01
3.500550842285156250e+01
3.516250991821289062e+01
3.514022445678710938e+01
3.521270751953125000e+01
3.514581680297851562e+01
3.506895446777343750e+01
3.512407302856445312e+01
3.509065246582031250e+01
3.521147918701171875e+01
3.510264587402343750e+01
3.525442504882812500e+01
3.541414642333984375e+01
3.528648376464843750e+01
3.527541351318359375e+01
3.544591522216796875e+01
3.549170684814453125e+01
3.543003845214843750e+01
3.513124465942382812e+01
3.523226165771484375e+01
3.527336120605468750e+01
3.507025527954101562e+01
3.496373367309570312e+01
3.498803329467773438e+01
3.505241012573242188e+01
3.510986328125000000e+01
3.523588180541992188e+01
3.521730422973632812e+01
3.530295181274414062e+01
3.530806350708007812e+01
3.551293945312500000e+01
3.554952239990234375e+01
3.564196395874023438e+01
3.565106964111328125e+01
3.545161437988281250e+01
3.542366027832031250e+01
3.536029434204101562e+01
3.554695892333984375e+01
3.559846115112304688e+01
3.563929748535156250e+01
3.554171371459960938e+01
3.543238067626953125e+01
3.541592407226562500e+01
3.553114318847656250e+01
3.545361709594726562e+01
3.555319976806640625e+01
3.530596160888671875e+01
3.551648330688476562e+01
3.552504348754882812e+01
3.550166702270507812e+01
3.556351852416992188e+01
3.550776672363281250e+01
3.520677185058593750e+01
3.522462463378906250e+01
3.520508575439453125e+01
3.521057510375976562e+01
3.531814575195312500e+01
3.537140655517578125e+01
3.513004684448242188e+01
3.529174804687500000e+01
3.535047149658203125e+01
3.553348541259765625e+01
3.542459106445312500e+01
3.537369537353515625e+01
3.519362640380859375e+01
3.507110214233398438e+01
3.504196929931640625e+01
3.508414077758789062e+01
3.519459915161132812e+01
3.517602539062500000e+01
3.517926025390625000e+01
3.515517425537109375e+01
3.509465789794921875e+01
3.514847564697265625e+01
3.522904205322265625e+01
3.515303802490234375e+01
3.514516067504882812e+01
3.513201141357421875e+01
3.501544189453125000e+01
3.497668838500976562e+01
3.507566452026367188e+01
3.513719177246093750e+01
3.517192840576171875e+01
3.511764526367187500e+01
3.508305358886718750e+01
3.492518234252929688e+01
3.501077270507812500e+01
3.519813537597656250e+01
3.510021591186523438e+01
3.507769775390625000e+01
3.505895996093750000e+01
3.503819274902343750e+01
3.528155517578125000e+01
3.518014144897460938e+01
3.502981185913085938e+01
3.515638351440429688e+01
3.512453460693359375e+01
3.510018157958984375e+01
3.531931304931640625e+01
3.517758941650390625e+01
3.533943176269531250e+01
3.507280349731445312e+01
3.506218719482421875e+01
3.514641571044921875e+01
3.519921875000000000e+01
3.514081954956054688e+01
3.507649612426757812e+01
3.516063308715820312e+01
3.514329528808593750e+01
3.497442245483398438e+01
3.500466156005859375e+01
3.512596893310546875e+01
3.522193527221679688e+01
3.538137817382812500e+01
3.535501098632812500e+01
3.520620727539062500e+01
3.534673690795898438e+01
3.515476608276367188e+01
3.512403869628906250e+01
3.515207672119140625e+01
3.527964401245117188e+01
3.524147415161132812e+01
3.514473724365234375e+01
3.511272430419921875e+01
3.500372314453125000e+01
3.472637939453125000e+01
3.482232666015625000e+01
3.483919525146484375e+01
3.474967575073242188e+01
3.488934326171875000e+01
3.492630767822265625e+01
3.484097290039062500e+01
3.462582397460937500e+01
3.481634521484375000e+01
3.487494659423828125e+01
3.470373153686523438e+01
3.468987274169921875e+01
3.479872512817382812e+01
3.481795120239257812e+01
3.489424896240234375e+01
3.480809783935546875e+01
3.484143829345703125e+01
3.489476394653320312e+01
3.498395538330078125e+01
3.506112670898437500e+01
3.500421905517578125e+01
3.513864135742187500e+01
3.504273986816406250e+01
3.515012359619140625e+01
3.520927047729492188e+01
3.512413787841796875e+01
3.509593963623046875e+01
3.508348464965820312e+01
3.512722396850585938e+01
3.508981323242187500e+01
3.498596954345703125e+01
3.524255752563476562e+01
3.509128570556640625e+01
3.503769302368164062e+01
3.494540786743164062e+01
3.474922943115234375e+01
3.476539611816406250e+01
3.463389205932617188e+01
3.471435546875000000e+01
3.469753265380859375e+01
3.476607513427734375e+01
3.446598815917968750e+01
3.452294921875000000e+01
3.440644073486328125e+01
3.446540832519531250e+01
3.432485961914062500e+01
3.433733749389648438e+01
3.427032852172851562e+01
3.419507980346679688e+01
3.428526687622070312e+01
3.442382812500000000e+01
3.454077911376953125e+01
3.463237762451171875e+01
3.456516647338867188e+01
3.464492034912109375e+01
3.476777648925781250e+01
3.449047088623046875e+01
3.456883621215820312e+01
3.459747314453125000e+01
3.445438385009765625e+01
3.463064575195312500e+01
3.449332427978515625e+01
3.457161712646484375e+01
3.469203948974609375e+01
3.445806121826171875e+01
3.456571197509765625e+01
3.450724029541015625e+01
3.465224456787109375e+01
3.482747650146484375e+01
3.481146621704101562e+01
3.476816177368164062e+01
3.496252441406250000e+01
3.498755645751953125e+01
3.488394927978515625e+01
3.477428817749023438e+01
3.484690856933593750e+01
3.470764541625976562e+01
3.468791580200195312e+01
3.485303497314453125e+01
3.475356674194335938e+01
3.467709350585937500e+01
3.472469711303710938e+01
3.472572326660156250e+01
3.461588287353515625e+01
3.467518615722656250e+01
3.465621948242187500e+01
3.467580413818359375e+01
3.484895324707031250e+01
3.468396759033203125e+01
3.482136535644531250e+01
3.496418762207031250e+01
3.494702529907226562e+01
3.477513122558593750e+01
3.467237091064453125e+01
3.477282714843750000e+01
3.475959777832031250e+01
3.473269271850585938e+01
3.480114746093750000e+01
3.482090377807617188e+01
3.491282653808593750e+01
3.497062683105468750e+01
3.487651824951171875e+01
3.481931686401367188e+01
3.508010101318359375e+01
3.482706451416015625e+01
3.491123199462890625e+01
3.493506240844726562e+01
3.493287658691406250e+01
3.479628753662109375e+01
3.486784744262695312e+01
3.491239166259765625e+01
3.489273834228515625e+01
3.486149978637695312e+01
3.494676971435546875e+01
3.499869537353515625e+01
3.492150878906250000e+01
3.509894943237304688e+01
3.495018386840820312e+01
3.488830566406250000e+01
3.497868728637695312e+01
3.478477096557617188e+01
3.487358093261718750e+01
3.479193115234375000e+01
3.526748657226562500e+01
3.508608245849609375e+01
3.486221313476562500e+01
3.472530364990234375e+01
3.492095184326171875e+01
3.487118530273437500e+01
3.489345932006835938e+01
3.492968368530273438e+01
3.492832946777343750e+01
3.508913803100585938e+01
3.491670989990234375e+01
3.482550811767578125e+01
3.476887512207031250e+01
3.473670196533203125e+01
3.469806289672851562e+01
3.457268524169921875e+01
3.455507659912109375e+01
3.447508239746093750e+01
3.464816284179687500e+01
3.462419891357421875e+01
3.461703872680664062e+01
3.454519653320312500e+01
3.467760848999023438e+01
3.469818115234375000e+01
3.476280975341796875e+01
3.475316238403320312e+01
3.458979034423828125e+01
3.492805099487304688e+01
3.502492904663085938e+01
3.490501785278320312e+01
3.478105926513671875e+01
3.473107528686523438e+01
3.484295654296875000e+01
3.474412155151367188e+01
3.500796127319335938e+01
3.495578765869140625e+01
3.499512100219726562e+01
3.489294433593750000e+01
3.487351226806640625e+01
3.519397735595703125e+01
3.494938278198242188e+01
3.503890609741210938e+01
3.466999053955078125e+01
3.480917358398437500e+01
3.470882415771484375e+01
3.455403518676757812e+01
3.451369476318359375e+01
3.440047454833984375e+01
3.433723831176757812e+01
3.431427383422851562e+01
3.436114120483398438e+01
3.427815628051757812e+01
3.436181640625000000e+01
3.430637359619140625e+01
3.426639938354492188e+01
3.419306945800781250e+01
3.407523727416992188e+01
3.417307662963867188e+01
3.426299285888671875e+01
3.427526855468750000e+01
3.429495239257812500e+01
3.437350463867187500e+01
3.454398345947265625e+01
3.453984451293945312e+01
3.448460006713867188e+01
3.446570587158203125e+01
3.432483673095703125e+01
3.436013793945312500e+01
3.449922943115234375e+01
3.451448822021484375e+01
3.457210540771484375e+01
3.445847702026367188e+01
3.445300292968750000e+01
3.435364151000976562e+01
3.439331054687500000e+01
3.430426025390625000e+01
3.441685104370117188e+01
3.428545379638671875e+01
3.442204666137695312e+01
3.423602294921875000e+01
3.419664382934570312e+01
3.429042434692382812e+01
3.436569976806640625e+01
3.422202301025390625e+01
3.425614547729492188e+01
3.422187042236328125e+01
3.445808029174804688e+01
3.419672012329101562e+01
3.402893066406250000e+01
3.403096771240234375e+01
3.411327362060546875e+01
3.396802902221679688e+01
3.400172042846679688e+01
3.390565490722656250e+01
3.387337112426757812e+01
3.370310211181640625e+01
3.377058029174804688e+01
3.366425704956054688e+01
3.351530838012695312e+01
3.360686111450195312e+01
3.370573425292968750e+01
3.362856292724609375e+01
3.360388946533203125e+01
3.370079040527343750e+01
3.374800872802734375e+01
3.378622817993164062e+01
3.371335601806640625e+01
3.371810531616210938e+01
3.368362426757812500e+01
3.372872161865234375e+01
3.379471206665039062e+01
3.397902679443359375e+01
3.383197784423828125e+01
3.386019515991210938e+01
3.387727355957031250e+01
3.394564819335937500e+01
3.393173980712890625e+01
3.390000152587890625e+01
3.387500000000000000e+01
3.397567367553710938e+01
3.383055877685546875e+01
3.390586090087890625e+01
3.380383300781250000e+01
3.373759078979492188e+01
3.370468139648437500e+01
3.348542022705078125e+01
3.364826965332031250e+01
3.357284545898437500e+01
3.357288360595703125e+01
3.352857208251953125e+01
3.345101165771484375e+01
3.343238830566406250e+01
3.356925964355468750e+01
3.353704071044921875e+01
3.360383987426757812e+01
3.372418212890625000e+01
3.371761322021484375e+01
3.363521575927734375e+01
3.345623779296875000e+01
3.353749465942382812e+01
3.367432403564453125e+01
3.363833618164062500e+01
3.362857055664062500e+01
3.369348144531250000e+01
3.373394775390625000e+01
3.374177551269531250e+01
3.365923309326171875e+01
3.361496734619140625e+01
3.377041625976562500e+01
3.370424270629882812e+01
3.356630706787109375e+01
3.346635437011718750e+01
3.347957229614257812e+01
3.359654235839843750e+01
3.349594497680664062e+01
3.338813781738281250e+01
3.345993041992187500e+01
3.341614532470703125e+01
3.360637664794921875e+01
3.359769439697265625e+01
3.336634445190429688e+01
3.341954803466796875e+01
3.342105102539062500e+01
3.348506927490234375e+01
3.335543441772460938e+01
3.354668426513671875e+01
3.373142242431640625e+01
3.348466491699218750e+01
3.341583633422851562e+01
3.336521530151367188e+01
3.343970489501953125e+01
3.356616210937500000e+01
3.358523941040039062e+01
3.353100585937500000e+01
3.348045349121093750e+01
3.344429397583007812e+01
3.377749252319335938e+01
3.355001449584960938e+01
3.375420761108398438e+01
3.358613204956054688e+01
3.378073120117187500e+01
3.391288375854492188e+01
3.395465087890625000e+01
3.409646987915039062e+01
3.421722412109375000e+01
3.399328231811523438e+01
3.386893463134765625e+01
3.394170379638671875e+01
3.395272064208984375e+01
3.404715728759765625e+01
3.415080261230468750e+01
3.416978073120117188e+01
3.404352188110351562e+01
3.405503082275390625e+01
3.386334991455078125e+01
3.406564331054687500e+01
3.402622604370117188e+01
3.386410140991210938e+01
3.387594223022460938e+01
3.370230865478515625e+01
3.352891540527343750e+01
3.350996017456054688e+01
3.358195495605468750e+01
3.367092895507812500e+01
3.354055786132812500e+01
3.355982208251953125e+01
3.359277725219726562e+01
3.335250473022460938e+01
3.352921295166015625e+01
3.355703735351562500e+01
3.346444702148437500e+01
3.362647247314453125e+01
3.349253463745117188e+01
3.351631927490234375e+01
3.345700073242187500e+01
3.368183898925781250e+01
3.383490753173828125e+01
3.382483673095703125e+01
3.376838302612304688e+01
3.379232788085937500e+01
3.368246841430664062e+01
3.364556121826171875e+01
3.374750900268554688e+01
3.381454467773437500e+01
3.372786712646484375e+01
3.355294799804687500e+01
3.360445785522460938e+01
3.374765396118164062e+01
3.365236282348632812e+01
3.373595428466796875e+01
3.376517105102539062e+01
3.373303222656250000e+01
3.375638961791992188e+01
3.371120452880859375e+01
3.363719940185546875e+01
3.360562515258789062e+01
3.355640029907226562e+01
3.356280899047851562e+01
3.343116760253906250e+01
3.354622650146484375e+01
3.356072998046875000e+01
3.350812911987304688e+01
3.348603820800781250e+01
3.352148437500000000e+01
3.357994461059570312e+01
3.354453277587890625e+01
3.347764205932617188e+01
3.364678955078125000e+01
3.360247802734375000e+01
3.385157012939453125e+01
3.376859283447265625e+01
3.362381744384765625e+01
3.356085586547851562e+01
3.381632232666015625e+01
3.374988555908203125e+01
3.380755615234375000e+01
3.373357009887695312e+01
3.374869537353515625e+01
3.368758773803710938e+01
3.368498229980468750e+01
3.355562591552734375e+01
3.354875946044921875e+01
3.345045471191406250e+01
3.342289733886718750e+01
3.328060150146484375e+01
3.343217468261718750e+01
3.340372085571289062e+01
3.345386505126953125e+01
3.351699829101562500e+01
3.367525863647460938e+01
3.351547241210937500e+01
3.353520202636718750e+01
3.353934860229492188e+01
3.346455764770507812e+01
3.328395080566406250e+01
3.334876251220703125e+01
3.337571334838867188e+01
3.328429412841796875e+01
3.339639282226562500e+01
3.327629470825195312e+01
3.328194808959960938e+01
3.309981536865234375e+01
3.314731597900390625e+01
3.311531448364257812e+01
3.326813507080078125e+01
3.315396881103515625e+01
3.329672241210937500e+01
3.329126358032226562e+01
3.344244384765625000e+01
3.351612091064453125e+01
3.349686431884765625e+01
3.341268920898437500e+01
3.350543212890625000e+01
3.347898483276367188e+01
3.349644851684570312e+01
3.356000518798828125e+01
3.348574829101562500e+01
3.346574020385742188e+01
3.334516906738281250e+01
3.348735046386718750e+01
3.354930114746093750e+01
3.358232116699218750e+01
3.348448944091796875e+01
3.359170150756835938e+01
3.357914733886718750e+01
3.361606597900390625e+01
3.324974822998046875e+01
3.336163330078125000e+01
3.335867691040039062e+01
3.328296661376953125e+01
3.330560684204101562e+01
3.348211669921875000e+01
3.349692916870117188e+01
3.368791198730468750e+01
3.346607589721679688e+01
3.351982879638671875e+01
3.335182952880859375e+01
3.337276840209960938e+01
3.330432891845703125e+01
3.330394744873046875e+01
3.336804580688476562e+01
3.354790496826171875e+01
3.343342590332031250e+01
3.340901947021484375e+01
3.332041931152343750e+01
3.344289016723632812e+01
3.322686767578125000e+01
3.331647491455078125e+01
3.349825286865234375e+01
3.354690551757812500e+01
3.338844680786132812e+01
3.336865234375000000e+01
3.339596557617187500e+01
3.329935455322265625e+01
3.330244827270507812e+01
3.347376251220703125e+01
3.345536422729492188e+01
3.338647079467773438e+01
3.342259597778320312e+01
3.339678955078125000e+01
3.342900466918945312e+01
3.346281051635742188e+01
3.346216964721679688e+01
3.349748611450195312e+01
3.335854339599609375e+01
3.328662109375000000e+01
3.337160491943359375e+01
3.352000808715820312e+01
3.342507171630859375e+01
3.339984512329101562e+01
3.343651962280273438e+01
3.339637756347656250e+01
3.339201736450195312e+01
3.339423370361328125e+01
3.332418823242187500e+01
3.339906311035156250e+01
3.342521667480468750e+01
3.340362548828125000e+01
3.339791870117187500e+01
3.331896972656250000e+01
3.322097778320312500e+01
3.324320983886718750e+01
3.317343139648437500e+01
3.306824874877929688e+01
3.311823272705078125e+01
3.306217193603515625e+01
3.317964935302734375e+01
3.320361709594726562e+01
3.335060119628906250e+01
3.313432312011718750e+01
3.315960693359375000e+01
3.300198364257812500e+01
3.320832824707031250e+01
3.312661361694335938e+01
3.321470642089843750e+01
3.308596038818359375e+01
3.327564239501953125e+01
3.331398010253906250e+01
3.320916748046875000e+01
3.323611068725585938e+01
3.326265716552734375e+01
3.324039077758789062e+01
3.304767608642578125e+01
3.314870071411132812e+01
3.312863922119140625e+01
3.315045928955078125e+01
3.308152389526367188e+01
3.315419006347656250e+01
3.326189804077148438e+01
3.300534820556640625e+01
3.311026763916015625e+01
3.302738952636718750e+01
3.316956710815429688e+01
3.319113922119140625e+01
3.313083648681640625e+01
3.306531906127929688e+01
3.299396514892578125e+01
3.326876068115234375e+01
3.313798522949218750e+01
3.312373352050781250e+01
3.323583221435546875e+01
3.322505569458007812e+01
3.314954376220703125e+01
3.337203216552734375e+01
3.331323242187500000e+01
3.335266494750976562e+01
3.336725234985351562e+01
3.327790832519531250e+01
3.313715362548828125e+01
3.331444168090820312e+01
3.344138336181640625e+01
3.337263488769531250e+01
3.337535095214843750e+01
3.341134643554687500e+01
3.339119720458984375e+01
3.326436233520507812e+01
3.335652160644531250e+01
3.323368835449218750e+01
3.315580749511718750e+01
3.309046173095703125e+01
3.316357803344726562e+01
3.314948654174804688e+01
3.313623428344726562e+01
3.312929916381835938e+01
3.345072555541992188e+01
3.329503250122070312e+01
3.323954010009765625e+01
3.324129486083984375e+01
3.323123168945312500e+01
3.327509307861328125e+01
3.328128051757812500e+01
3.322209930419921875e+01
3.324473571777343750e+01
3.324514007568359375e+01
3.319108963012695312e+01
3.314252090454101562e+01
3.322719192504882812e+01
3.316057968139648438e+01
3.312685775756835938e+01
3.308123016357421875e+01
3.332953643798828125e+01
3.333573913574218750e+01
3.335316467285156250e+01
3.338506317138671875e+01
3.338831329345703125e+01
3.342079925537109375e+01
3.326091003417968750e+01
3.310919952392578125e+01
3.318362808227539062e+01
3.331995391845703125e+01
3.339361190795898438e+01
3.329365539550781250e+01
3.339428710937500000e+01
3.338029479980468750e+01
3.348936843872070312e+01
3.333928680419921875e+01
3.329945373535156250e+01
3.333515167236328125e+01
3.315036010742187500e+01
3.316188430786132812e+01
3.315991592407226562e+01
3.310034561157226562e+01
3.294007873535156250e+01
3.278053283691406250e+01
3.291890716552734375e+01
3.298483276367187500e+01
3.283349609375000000e+01
3.280950927734375000e+01
3.269894409179687500e+01
3.279527282714843750e+01
3.285162353515625000e+01
3.299513244628906250e+01
3.295679855346679688e+01
3.309446334838867188e+01
3.308856964111328125e+01
3.328132629394531250e+01
3.309715270996093750e+01
3.300407028198242188e+01
3.305912780761718750e+01
3.315258789062500000e+01
3.311831283569335938e+01
3.312214660644531250e+01
3.304466247558593750e+01
3.322948455810546875e+01
3.327363967895507812e+01
3.318933486938476562e+01
3.319786453247070312e+01
3.301855468750000000e+01
3.306362533569335938e+01
3.303310394287109375e+01
3.298077011108398438e+01
3.295516967773437500e+01
3.297843170166015625e+01
3.292263793945312500e+01
3.307271575927734375e+01
3.290750122070312500e+01
3.295693969726562500e+01
3.297771453857421875e+01
3.294395446777343750e+01
3.296303558349609375e+01
3.293106079101562500e+01
3.290544891357421875e+01
3.290872955322265625e+01
3.289686584472656250e+01
3.295289611816406250e+01
3.298032760620117188e+01
3.286397171020507812e+01
3.298141479492187500e+01
3.291632843017578125e+01
3.285135650634765625e+01
3.279985046386718750e+01
3.297357940673828125e+01
3.288103485107421875e+01
3.281932830810546875e+01
3.297999954223632812e+01
3.292784118652343750e+01
3.286408996582031250e+01
3.289656829833984375e+01
3.285305786132812500e+01
3.299532699584960938e+01
3.321341323852539062e+01
3.322493362426757812e+01
3.314184951782226562e+01
3.313011932373046875e+01
3.321743392944335938e+01
3.307308197021484375e+01
3.311354446411132812e+01
3.296168518066406250e+01
3.303789138793945312e+01
3.309954833984375000e+01
3.315985107421875000e+01
3.305443572998046875e+01
3.300677490234375000e+01
3.296422195434570312e+01
3.301265335083007812e+01
3.298843002319335938e+01
3.307045745849609375e+01
3.318160247802734375e+01
3.309945678710937500e+01
3.307473373413085938e+01
3.308479690551757812e+01
3.308251190185546875e+01
3.313542556762695312e+01
3.325471115112304688e+01
3.333034515380859375e+01
3.311146163940429688e+01
3.305325317382812500e+01
3.308974456787109375e+01
3.319281768798828125e+01
3.335646820068359375e+01
3.311277389526367188e+01
3.314894104003906250e+01
3.329422760009765625e+01
3.318272399902343750e+01
3.307621002197265625e+01
3.326509094238281250e+01
3.317189407348632812e+01
3.310566711425781250e+01
3.316957092285156250e+01
3.315897750854492188e+01
3.334997177124023438e+01
3.343814849853515625e+01
3.347112274169921875e+01
3.333774948120117188e+01
3.317716598510742188e+01
3.315039062500000000e+01
3.332651901245117188e+01
3.319078445434570312e+01
3.320290756225585938e+01
3.307224655151367188e+01
3.316039276123046875e+01
3.322945404052734375e+01
3.312145996093750000e+01
3.303784942626953125e+01
3.317745590209960938e+01
3.328559875488281250e+01
3.326727294921875000e+01
3.319329833984375000e+01
3.313776397705078125e+01
3.299264144897460938e+01
3.285597991943359375e+01
3.281713104248046875e+01
3.296144866943359375e+01
3.293833541870117188e+01
3.298873519897460938e+01
3.283739471435546875e+01
3.288127136230468750e+01
3.294664001464843750e+01
3.310666656494140625e+01
3.300959014892578125e+01
3.302330398559570312e+01
3.305569839477539062e+01
3.317798614501953125e+01
3.323098373413085938e+01
3.315195465087890625e+01
3.304972076416015625e+01
3.301551055908203125e+01
3.311594390869140625e+01
3.300875091552734375e+01
3.297853851318359375e+01
3.306632995605468750e+01
3.311641693115234375e+01
3.317260742187500000e+01
3.320647430419921875e+01
3.337671279907226562e+01
3.327995681762695312e+01
3.317857360839843750e+01
3.317309188842773438e+01
3.323384857177734375e+01
3.327286911010742188e+01
3.320272827148437500e+01
3.323757171630859375e+01
3.322850036621093750e+01
