-6.762801855802536011e-02
-7.034840434789657593e-02
-7.071347534656524658e-02
-6.929382681846618652e-02
-7.141764461994171143e-02
-6.936465203762054443e-02
-6.949445605278015137e-02
-7.154764980077743530e-02
-7.059176266193389893e-02
-6.924997270107269287e-02
-7.027378678321838379e-02
-6.890813261270523071e-02
-6.782115250825881958e-02
-6.754988431930541992e-02
-6.580911576747894287e-02
-6.578402221202850342e-02
-6.442041695117950439e-02
-6.410533934831619263e-02
-6.296428292989730835e-02
-6.178664788603782654e-02
-6.066621467471122742e-02
-5.932157486677169800e-02
-5.774416401982307434e-02
-5.690925568342208862e-02
-5.583726987242698669e-02
-5.435677990317344666e-02
-5.321490764617919922e-02
-5.246748030185699463e-02
-5.101632699370384216e-02
-5.028337985277175903e-02
-4.900998622179031372e-02
-4.801747947931289673e-02
-4.675776138901710510e-02
-4.558658227324485779e-02
-4.442142695188522339e-02
-4.336052015423774719e-02
-4.238247871398925781e-02
-4.129792004823684692e-02
-3.997454047203063965e-02
-3.898398950695991516e-02
-3.779102116823196411e-02
-3.676400706171989441e-02
-3.573138639330863953e-02
-3.468748927116394043e-02
-3.367302939295768738e-02
-3.270326554775238037e-02
-3.175701573491096497e-02
-3.081335127353668213e-02
-2.989258430898189545e-02
-2.890672162175178528e-02
-2.800775505602359772e-02
-2.719403244554996490e-02
-2.632739581167697906e-02
-2.544189617037773132e-02
-2.469476871192455292e-02
-2.384030818939208984e-02
-2.306391857564449310e-02
-2.230696007609367371e-02
-2.152030728757381439e-02
-2.081725560128688812e-02
-2.011165395379066467e-02
-1.941467821598052979e-02
-1.875685527920722961e-02
-1.812743023037910461e-02
-1.752375066280364990e-02
-1.693992689251899719e-02
-1.636062934994697571e-02
-1.577145233750343323e-02
-1.521196402609348297e-02
-1.470833923667669296e-02
-1.418429426848888397e-02
-1.367885991930961609e-02
-1.321074552834033966e-02
-1.272437069565057755e-02
-1.227368414402008057e-02
-1.184782292693853378e-02
-1.141444779932498932e-02
-1.101588271558284760e-02
-1.061811018735170364e-02
-1.023451611399650574e-02
-9.869307279586791992e-03
-9.516004472970962524e-03
-9.167335927486419678e-03
-8.841317147016525269e-03
-8.523080497980117798e-03
-8.211650885641574860e-03
-7.910058833658695221e-03
-7.632105145603418350e-03
-7.350331638008356094e-03
-7.088024169206619263e-03
-6.823566742241382599e-03
-6.571976933628320694e-03
-6.328958552330732346e-03
-6.094127427786588669e-03
-5.872447043657302856e-03
-5.650243256241083145e-03
-5.444095470011234283e-03
-5.238944198936223984e-03
-5.044358782470226288e-03
-4.857189022004604340e-03
-4.673674702644348145e-03
-4.497448913753032684e-03
-4.328706767410039902e-03
-4.166176076978445053e-03
-4.009794443845748901e-03
-3.858033102005720139e-03
-3.711859695613384247e-03
-3.572949906811118126e-03
-3.438198007643222809e-03
-3.307898761704564095e-03
-3.182962071150541306e-03
-3.062341827899217606e-03
-2.946957014501094818e-03
-2.835651859641075134e-03
-2.728618215769529343e-03
-2.624939428642392159e-03
-2.525613643229007721e-03
-2.429704414680600166e-03
-2.337428973987698555e-03
-2.248198259621858597e-03
-2.162773162126541138e-03
-2.081054262816905975e-03
-2.001449931412935257e-03
-1.925269723869860172e-03
-1.852153684012591839e-03
-1.781931961886584759e-03
-1.714123063720762730e-03
-1.648865174502134323e-03
-1.586017198860645294e-03
-1.525205676443874836e-03
-1.466997200623154640e-03
-1.410817494615912437e-03
-1.357058295980095863e-03
-1.305205281823873520e-03
-1.255363691598176956e-03
-1.207288354635238647e-03
-1.161177759058773518e-03
-1.116712926886975765e-03
-1.074023894034326077e-03
-1.032986212521791458e-03
-9.934143163263797760e-04
-9.554194984957575798e-04
-9.189083939418196678e-04
-8.838188368827104568e-04
-8.500367403030395508e-04
-8.174154791049659252e-04
-7.861024932935833931e-04
-7.560364319942891598e-04
-7.270157220773398876e-04
-6.991589325480163097e-04
-6.723430706188082695e-04
-6.465868209488689899e-04
-6.217969348654150963e-04
-5.979660199955105782e-04
-5.750860436819493771e-04
-5.530880880542099476e-04
-5.318956100381910801e-04
-5.115403328090906143e-04
-4.919175407849252224e-04
-4.730419314000755548e-04
-4.549206350930035114e-04
-4.374788550194352865e-04
-4.207232559565454721e-04
-4.045948153361678123e-04
-3.890777879860252142e-04
-3.741657128557562828e-04
-3.598328039515763521e-04
-3.460267616901546717e-04
-3.327775921206921339e-04
-3.200184437446296215e-04
-3.077563305851072073e-04
-2.959555131383240223e-04
-2.846062998287379742e-04
-2.736899186857044697e-04
-2.631878014653921127e-04
-2.530970668885856867e-04
-2.433923655189573765e-04
-2.340557257412001491e-04
-2.250737015856429935e-04
-2.164407487725839019e-04
-2.081389393424615264e-04
-2.001531975110992789e-04
-1.924771204357966781e-04
-1.850940170697867870e-04
-1.779893791535869241e-04
-1.711598451947793365e-04
-1.645971933612599969e-04
-1.582814729772508144e-04
-1.522105740150436759e-04
-1.463716762373223901e-04
-1.407560339430347085e-04
-1.353544357698410749e-04
-1.301622396567836404e-04
-1.251680660061538219e-04
-1.203655629069544375e-04
-1.157467559096403420e-04
-1.113064936362206936e-04
-1.070347352651879191e-04
-1.029266277328133583e-04
-9.897746349452063441e-05
-9.518029401078820229e-05
-9.152750862995162606e-05
-8.801622607279568911e-05
-8.463884296361356974e-05
-8.139081910485401750e-05
-7.826794899301603436e-05
-7.526451372541487217e-05
-7.237645331770181656e-05
-6.959817983442917466e-05
-6.692683382425457239e-05
-6.435810064431279898e-05
-6.188796396600082517e-05
-5.951265120529569685e-05
-5.722847345168702304e-05
-5.503196734935045242e-05
-5.291977504384703934e-05
-5.088864054414443672e-05
-4.893547156825661659e-05
-4.705727042164653540e-05
-4.525116673903539777e-05
-4.351437019067816436e-05
-4.184423232800327241e-05
-4.023820656584575772e-05
-3.869380452670156956e-05
-3.720869426615536213e-05
-3.578056202968582511e-05
-3.440726504777558148e-05
-3.308667874080128968e-05
-3.181677675456739962e-05
-3.059561277041211724e-05
-2.942131686722859740e-05
-2.829209006449673325e-05
-2.720620432228315622e-05
-2.616199526528362185e-05
-2.515785308787599206e-05
-2.419226075289770961e-05
-2.326373214600607753e-05
-2.237084663647692651e-05
-2.151222724933177233e-05
-2.068655521725304425e-05
-1.989258271350990981e-05
-1.912908192025497556e-05
-1.839488686528056860e-05
-1.768886431818827987e-05
-1.700994471320882440e-05
-1.635708576941397041e-05
-1.572927612869534642e-05
-1.512556809757370502e-05
-1.454503217246383429e-05
-1.398677522956859320e-05
-1.344994507235242054e-05
-1.293371860811021179e-05
-1.243730548594612628e-05
-1.195994445879478008e-05
-1.150090793089475483e-05
-1.105949104385217652e-05
-1.063501531461952254e-05
-1.022683136397972703e-05
-9.834315278567373753e-06
-9.456861334911081940e-06
-9.093894732359331101e-06
-8.744861588638741523e-06
-8.409221663896460086e-06
-8.086467460088897496e-06
-7.776098755130078644e-06
-7.477642157027730718e-06
-7.190639735199511051e-06
-6.914654477441217750e-06
-6.649261194979771972e-06
-6.394055617420235649e-06
-6.148643478809390217e-06
-5.912650976824807003e-06
-5.685716132575180382e-06
-5.467491064337082207e-06
-5.257641987554961815e-06
-5.055847395851742476e-06
-4.861798515776172280e-06
-4.675196123571367934e-06
-4.495757366385078058e-06
-4.323204848333261907e-06
-4.157275725447107106e-06
-3.997714429715415463e-06
-3.844277671305462718e-06
-3.696728526847437024e-06
-3.554843942765728571e-06
-3.418404503463534638e-06
-3.287201934654149227e-06
-3.161035692755831406e-06
-3.039711373276077211e-06
-2.923043211922049522e-06
-2.810852947732200846e-06
-2.702969140955246985e-06
-2.599225808808114380e-06
-2.499464926586369984e-06
-2.403532334938063286e-06
-2.311281605216208845e-06
-2.222572447863058187e-06
-2.137267756552319042e-06
-2.055236336673260666e-06
-1.976353814825415611e-06
-1.900498773466097191e-06
-1.827554683586640749e-06
-1.757410700520267710e-06
-1.689958708084304817e-06
-1.625096047064289451e-06
-1.562723127790377475e-06
-1.502743884884694126e-06
-1.445066914129711222e-06
-1.389603085044655018e-06
-1.336268383056449238e-06
-1.284980726268258877e-06
-1.235661670762056019e-06
-1.188235614790755790e-06
-1.142629798778216355e-06
-1.098774305319238920e-06
-1.056602286553243175e-06
-1.016048372548539191e-06
-9.770511724127572961e-07
-9.395503184350673109e-07
-9.034893082571215928e-07
-8.688123784850176889e-07
-8.354662668352830224e-07
-8.034001552914560307e-07
-7.725646469225466717e-07
-7.429125616909004748e-07
-7.143985953916853759e-07
-6.869787512187031098e-07
-6.606116471630230080e-07
-6.352565833367407322e-07
-6.108745651545177680e-07
-5.874284738638380077e-07
-5.648822138937248383e-07
-5.432013381323486101e-07
-5.223525363362568896e-07
-5.023037488172121812e-07
-4.830247917197993957e-07
-4.644858222491166089e-07
-4.466582765871862648e-07
-4.295150120015023276e-07
-4.130297099891322432e-07
-3.971771320721018128e-07
-3.819329776888480410e-07
-3.672739126159285661e-07
-3.531775405463122297e-07
-3.396221188722847728e-07
-3.265870702762185829e-07
-3.140521869227086427e-07
-3.019983978447271511e-07
-2.904072857745632064e-07
-2.792610303004039451e-07
-2.685426636617194163e-07
-2.582355875802022638e-07
-2.483241701156657655e-07
-2.387932056535646552e-07
-2.296280712243969901e-07
-2.208146554494305747e-07
-2.123394864383953973e-07
-2.041896607352100546e-07
-1.963525733117421623e-07
-1.888163438934498117e-07
-1.815693480011759675e-07
-1.746005295899522025e-07
-1.678991310427591088e-07
-1.614549631767658866e-07
-1.552580357611077488e-07
-1.492990548968009534e-07
-1.435687835282806191e-07
-1.380583825039138901e-07
-1.327595668954018038e-07
-1.276641086178642581e-07
-1.227642059120626072e-07
-1.180523696575619397e-07
-1.135213807401669328e-07
-1.091642900519218529e-07
-1.049744327019652701e-07
-1.009453640676838404e-07
-9.707095216526795411e-08
-9.334525685744665680e-08
-8.976253695891500684e-08
-8.631737102859915467e-08
-8.300438736341675394e-08
-7.981857663708069595e-08
-7.675504321014159359e-08
-7.380909039511607261e-08
-7.097619914020469878e-08
-6.825201381843726267e-08
-6.563242038737371331e-08
-6.311339006970229093e-08
-6.069100777494895738e-08
-5.836161776073822693e-08
-5.612163178625451110e-08
-5.396761793008408858e-08
-5.189627572121935373e-08
-4.990441127006306488e-08
-4.798901898084295681e-08
-4.614713233763723110e-08
-4.437595180206699297e-08
-4.267275244274060242e-08
-4.103490880424942588e-08
-3.945994109244566062e-08
-3.794542635660036467e-08
-3.648903046382656612e-08
-3.508854007350237225e-08
-3.374179868842475116e-08
-3.244674573465999856e-08
-3.120140590340270137e-08
-3.000385717655262852e-08
-2.885227345927887654e-08
-2.774488550016940280e-08
-2.668000398386993766e-08
-2.565599110937455407e-08
-2.467128368266457983e-08
-2.372437002406968531e-08
-2.281380062640891992e-08
-2.193818460227703326e-08
-2.109616659140556294e-08
-2.028647294594065897e-08
-1.950785843973790179e-08
-1.875912403193069622e-08
-1.803912219600078970e-08
-1.734676224884879048e-08
-1.668097304730054020e-08
-1.604073851524390193e-08
-1.542507988006036612e-08
-1.483304412630559455e-08
-1.426373241741885067e-08
-1.371627433854882838e-08
-1.318982700837523225e-08
-1.268358662542823367e-08
-1.219677603359059503e-08
-1.172864827481134853e-08
-1.127848747728421586e-08
-1.084560530273392942e-08
-1.042933828188097323e-08
-1.002904692626316319e-08
-9.644121945484585012e-09
-9.273967371825619921e-09
-8.918020988346597733e-09
-8.575736565319402871e-09
-8.246589189297992561e-09
-7.930075263118396833e-09
-7.625708065006620018e-09
-7.333022633559949099e-09
-7.051572215033274915e-09
-6.780923378357783804e-09
-6.520662676479105357e-09
-6.270393093643633620e-09
-6.029728272238799036e-09
-5.798300062309635905e-09
-5.575754080666683876e-09
-5.361747934529148552e-09
-5.155958326952259085e-09
-4.958066401883343133e-09
-4.767770178659702651e-09
-4.584777890670466149e-09
-4.408808873535008388e-09
-4.239593121013740529e-09
-4.076872173186529835e-09
-3.920396451917440572e-09
-3.769926149033153706e-09
-3.625229894055337354e-09
-3.486088528958930510e-09
-3.352288224789390370e-09
-3.223623368242556353e-09
-3.099897227798464883e-09
-2.980919289186090282e-09
-2.866507697873998950e-09
-2.756486372490485337e-09
-2.650689223671065520e-09
-2.548952382497304825e-09
-2.451120195701150806e-09
-2.357043227263488916e-09
-2.266577148191117885e-09
-2.179583402650564494e-09
-2.095928319789663874e-09
-2.015483557826769356e-09
-1.938126548139962324e-09
-1.863738940954817735e-09
-1.792206383299799199e-09
-1.723419407184678676e-09
-1.657272541422116774e-09
-1.593664533672267680e-09
-1.532497795331266843e-09
-1.473678623575835900e-09
-1.417117090340980212e-09
-1.362725821074661781e-09
-1.310422548250755881e-09
-1.260127002744582114e-09
-1.211761357922114257e-09
-1.165252339063727050e-09
-1.120528447806634631e-09
-1.077521072367915167e-09
-1.036164376522208386e-09
-9.963946334679008032e-10
-9.581520021839651235e-10
-9.213771412497351321e-10
-8.860136513355598709e-10
-8.520073535578376323e-10
-8.193062894790159589e-10
-7.878601659960793313e-10
-7.576211324966664051e-10
-7.285427261471966176e-10
-7.005804270043824999e-10
-6.736913249483222899e-10
-6.478343417271048565e-10
-6.229696203341461569e-10
-5.990590801197015480e-10
-5.760664723020170186e-10
-5.539562697443045636e-10
-5.326946106443131157e-10
-5.122492430231773142e-10
-4.925885255246953420e-10
-4.736824266160510888e-10
-4.555020249874530691e-10
-4.380192875075294978e-10
-4.212075133125381399e-10
-4.050410562506101542e-10
-3.894949918148427059e-10
-3.745457277659625106e-10
-3.601702269762085962e-10
-3.463465070296933845e-10
-3.330533349110709196e-10
-3.202703102722637141e-10
-3.079779209436139809e-10
-2.961573486448543235e-10
-2.847904967406833521e-10
-2.738597404405851421e-10
-2.633487039549464725e-10
-2.532410947608809693e-10
-2.435214807583463426e-10
-2.341747906697833059e-10
-2.251869246627791199e-10
-2.165439633161625466e-10
-2.082327504870917778e-10
-2.002405047329958165e-10
-1.925549442116647469e-10
-1.851644115813400049e-10
-1.780575825671704138e-10
-1.712235492279390314e-10
-1.646517783226997267e-10
-1.583322084552918341e-10
-1.522552361965523460e-10
-1.464115079174987955e-10
-1.407920446894195265e-10
-1.353882561616615021e-10
-1.301918989282668804e-10
-1.251949932612461680e-10
-1.203898369883660280e-10
-1.157691234543456460e-10
-1.113257680485091328e-10
-1.070529428992550436e-10
-1.029441185074198017e-10
-9.899298047955085167e-11
-9.519350585573960188e-11
-9.153984514842505860e-11
-8.802644030359019212e-11
-8.464789980067166653e-11
-8.139901946924155141e-11
-7.827483106126464918e-11
-7.527056061773507167e-11
-7.238158683531281667e-11
-6.960348269968719137e-11
-6.693202936336462017e-11
-6.436309124557837436e-11
-6.189277562684836198e-11
-5.951724529884572235e-11
-5.723289550618737564e-11
-5.503622210745184873e-11
-5.292386667798965050e-11
-5.089258181545375237e-11
-4.893926930371605977e-11
-4.706091766282227695e-11
-4.525466459903704219e-11
-4.351773108535184065e-11
-4.184746646429537975e-11
-4.024130681457016578e-11
-3.869679229828726363e-11
-3.721157063041324875e-11
-3.578333809817202393e-11
-3.440994364445337794e-11
-3.308924315104100344e-11
-3.181924168593752711e-11
-3.059798248106204710e-11
-2.942359897395441237e-11
-2.829427664385875119e-11
-2.720831025759817834e-11
-2.616401886812447231e-11
-2.515981346873363833e-11
-2.419415535970248499e-11
-2.326555094411819624e-11
-2.237259336124175491e-11
-2.151390350590975942e-11
-2.068817513134479924e-11
-1.989413841996245935e-11
-1.913057906532955599e-11
-1.839632265965285285e-11
-1.769025204101382087e-11
-1.701128300723997455e-11
-1.635837125479877585e-11
-1.573051411352111018e-11
-1.512675748549519028e-11
-1.454617329366136858e-11
-1.398786728806777901e-11
-1.345099465838162089e-11
-1.293472533941963931e-11
-1.243827436880895476e-11
-1.196088107030535141e-11
-1.150180731906980114e-11
-1.106035575626496126e-11
-1.063584290084129691e-11
-1.022762690511269668e-11
-9.835077197095642987e-12
-9.457594429829185856e-12
-9.094600940395825006e-12
-8.745539882559771883e-12
-8.409876094128687640e-12
-8.087097831677159121e-12
-7.776703760120629028e-12
-7.478223769397107645e-12
-7.191198157785461120e-12
-6.915190642331481286e-12
-6.649777516826160806e-12
-6.394551121252645132e-12
-6.149120709147970487e-12
-5.913110279198718899e-12
-5.686156840517542221e-12
-5.467914749451852074e-12
-5.258046602285570970e-12
-5.056236245665202134e-12
-4.862171863045938736e-12
-4.675555081989912765e-12
-4.496101841527933018e-12
-4.323535886946450191e-12
-4.157593106596246813e-12
-3.998018929807223287e-12
-3.844568326888397891e-12
-3.697009712255727720e-12
-3.555114752931687327e-12
-3.418664873758303635e-12
-3.287452341599328420e-12
-3.161276145371982871e-12
-3.039942646568261075e-12
-2.923265796095364522e-12
-2.811067351116136592e-12
-2.703175140325586590e-12
-2.599423714472193225e-12
-2.499655213719642610e-12
-2.403715030838138311e-12
-2.311457015374829282e-12
-2.222740004206857911e-12
-2.137428255222229012e-12
-2.055391013638940834e-12
-1.976501861483681566e-12
-1.900641319677043306e-12
-1.827692294384397620e-12
-1.757543654883064743e-12
-1.690086872535578877e-12
-1.625219056555771147e-12
-1.562841219285293626e-12
-1.502857191991446850e-12
-1.445175901691742038e-12
-1.389708335387818128e-12
-1.336369816890004003e-12
-1.285078272093842511e-12
-1.235755530022697446e-12
-1.188325046003191332e-12
-1.142715696372809120e-12
-1.098856899570122003e-12
-1.056681001379566887e-12
-1.016124575974053368e-12
-9.771247396275772878e-13
-9.396213191195657011e-13
-9.035575564662889914e-13
-8.688779947266245252e-13
-8.355294537840118885e-13
-8.034607050858011412e-13
-7.726228511140131872e-13
-7.429685664438190340e-13
-7.144525314244087877e-13
-6.870308358677967853e-13
-6.606620090408854562e-13
-6.353049054712289756e-13
-6.109210901918127323e-13
-5.874732124377946008e-13
-5.649252766970480621e-13
-5.432427511303794532e-13
-5.223921338906589718e-13
-5.023420373249931625e-13
-4.830617243017920615e-13
-4.645211082107691958e-13
-4.466922979510373759e-13
-4.295477276823611579e-13
-4.130611868172207046e-13
-3.972074134449971039e-13
-3.819618774915378712e-13
-3.673017565011121865e-13
-3.532041738078806059e-13
-3.396477977340994769e-13
-3.266117573879484537e-13
-3.140759137140736179e-13
-3.020212660694021611e-13
-2.904293559119475177e-13
-2.792823210109179888e-13
-2.685631936023141764e-13
-2.582553853928970522e-13
-2.483431754511655765e-13
-2.388115475770308249e-13
-2.296456482007297462e-13
-2.208315724294002136e-13
-2.123557677358861584e-13
-2.042053185618078470e-13
-1.963676481619644476e-13
-1.888308167599314635e-13
-1.815832776025719242e-13
-1.746138905125635410e-13
-1.679120167560888000e-13
-1.614673293074547766e-13
-1.552700432420547894e-13
-1.493106311332981218e-13
-1.435799043677729592e-13
-1.380691215654636372e-13
-1.327698801595333933e-13
-1.276740215286342739e-13
-1.227737394171243834e-13
-1.180615663825407280e-13
-1.135302111652733426e-13
-1.091727687527362101e-13
-1.049825916303592788e-13
-1.009532423477434160e-13
-9.707852739997829827e-14
-9.335255821401461374e-14
-8.976956818954745509e-14
-8.632408888186934859e-14
-8.301086868670731755e-14
-7.982481185385068012e-14
-7.676103269725967349e-14
-7.381486237132903194e-14
-7.098174722693431637e-14
-6.825737756043989690e-14
-6.563758596974528237e-14
-6.311833380175796426e-14
-6.069577213876561905e-14
-5.836619436459106192e-14
-5.612601244766972364e-14
-5.397182131555364193e-14
-5.190031415161673600e-14
-4.990830950010911871e-14
-4.799278175934319768e-14
-4.615075953774000483e-14
-4.437944085031002295e-14
-4.267610163909488219e-14
-4.103812965448525030e-14
-3.946304139587977766e-14
-3.794840079652216092e-14
-3.649190053866407935e-14
-3.509130106719299258e-14
-3.374445430655466371e-14
-3.244930027262137029e-14
-3.120385690829653724e-14
-3.000620653098758084e-14
-2.885452632579200982e-14
-2.774704091165237918e-14
-2.668207316333312540e-14
-2.565798153098246964e-14
-2.467319730958209695e-14
-2.372621447455178917e-14
-2.281557274109047989e-14
-2.193987958703288305e-14
-2.109779331219054782e-14
-2.028803320274722571e-14
-1.950935242620455840e-14
-1.876055666610691730e-14
-1.804050581610729814e-14
-1.734809026304479779e-14
-1.668225121573534836e-14
-1.604196545837866666e-14
-1.542625212682183222e-14
-1.483416932042749825e-14
-1.426481749020568068e-14
-1.371731656892418230e-14
-1.319082968803111586e-14
-1.268455047216069526e-14
-1.219770134506734105e-14
-1.172954115292220573e-14
-1.127934568255538686e-14
-1.084643137837845023e-14
-1.043012739029717043e-14
-1.002980606689763202e-14
-9.644849074128339361e-15
-9.274666877058003467e-15
-8.918691963611963952e-15
-8.576379691605136302e-15
-8.247207441709064613e-15
-7.930668688221290813e-15
-7.626276387197143680e-15
-7.333570599746264129e-15
-7.052101127857186499e-15
-6.781434290660916589e-15
-6.521154618496826164e-15
-6.270864852912652956e-15
-6.030180440950343515e-15
-5.798734193827263100e-15
-5.576172475287933042e-15
-5.362151813472241721e-15
-5.156346524211969859e-15
-4.958440240701317975e-15
-4.768129301628695402e-15
-4.585120633594352152e-15
-4.409138527373956951e-15
-4.239910238358493913e-15
-4.077176150949629596e-15
-3.920689355043239371e-15
-3.770209293282303017e-15
-3.625504302155746483e-15
-3.486353941339046837e-15
-3.352543276221838300e-15
-3.223867960105595773e-15
-3.100132116621266698e-15
-2.981144739839245231e-15
-2.866724776467055764e-15
-2.756696467168143032e-15
-2.650891252386003427e-15
-2.549147348827711379e-15
-2.451307631881551215e-15
-2.357223235507042991e-15
-2.266749952344916663e-15
-2.179749716024769780e-15
-2.096087213033278468e-15
-2.015637082494249090e-15
-1.938274810564435263e-15
-1.863882024389458200e-15
-1.792343739246728129e-15
-1.723551746677233314e-15
-1.657399532287856525e-15
-1.593786510916111315e-15
-1.532615062014826626e-15
-1.473790741410383603e-15
-1.417224610643320545e-15
-1.362829742957425479e-15
-1.310523023244749077e-15
-1.260223453979710147e-15
-1.211854272801463767e-15
-1.165341999601835626e-15
-1.120614636580309111e-15
-1.077604209342867062e-15
-1.036244331682268423e-15
-9.964720055230611578e-16
-9.582262444930429550e-16
-9.214482856814980478e-16
-8.860819072765524322e-16
-8.520730579882594431e-16
-8.193694335321261273e-16
-7.879210060247052779e-16
-7.576794945880033997e-16
-7.285987888659543367e-16
-7.006342078705904246e-16
-6.737430823171937280e-16
-6.478840664100263963e-16
-6.230175613588042911e-16
-5.991054506809009687e-16
-5.761111531409068842e-16
-5.539992521737149671e-16
-5.327360782196718589e-16
-5.122891263894266758e-16
-4.926267917661349919e-16
-4.737192693779652963e-16
-4.555373365882373158e-16
-4.380531736585896669e-16
-4.212401519907430425e-16
-4.050724370798061864e-16
-3.895252532120719105e-16
-3.745748569952374925e-16
-3.601981932512698546e-16
-3.463733714724383933e-16
-3.330790834861637427e-16
-3.202951328506098080e-16
-3.080017731101937235e-16
-2.961802371911778859e-16
-2.848125785829923448e-16
-2.738810625333039633e-16
-2.633692513089800876e-16
-2.532608130560064707e-16
-2.435403953022141285e-16
-2.341929896825688988e-16
-2.252044083952042721e-16
-2.165607415709395567e-16
-2.082488866688719125e-16
-2.002560190807843176e-16
-1.925699627080599912e-16
-1.851789252638863775e-16
-1.780715379779245476e-16
-1.712369482405378058e-16
-1.646646475492242784e-16
-1.583446170924047232e-16
-1.522671556958551183e-16
-1.464229724669352680e-16
-1.408030941503601971e-16
-1.353989180677593542e-16
-1.302021724130072089e-16
-1.252048633126640487e-16
-1.203993277655351826e-16
-1.157782336426709403e-16
-1.113345399826972705e-16
-1.070613315556932300e-16
-1.029521828226605067e-16
-9.900072118415999224e-17
-9.520094461766700177e-17
-9.154704300655896283e-17
-8.803335181800111230e-17
-8.465453077395880782e-17
-8.140537194529541554e-17
-7.828093871811521898e-17
-7.527640697508580889e-17
-7.238721067922589255e-17
-6.960890952500728532e-17
-6.693723526046921357e-17
-6.436811153955301597e-17
-6.189760098254294012e-17
-5.952188532373144125e-17
-5.723735805564778814e-17
-5.504050200632740533e-17
-5.292797536609557859e-17
-5.089653558695110005e-17
-4.894306916106832010e-17
-4.706457507718489637e-17
-4.525818467293649496e-17
-4.352111200402003727e-17
-4.185071009247535361e-17
-4.024440806095862916e-17
-3.869978061591385847e-17
-3.721443555100953815e-17
-3.578609315647747209e-17
-3.441258291039032112e-17
-3.309178723037994950e-17
-3.182168448702927762e-17
-3.060031922537023014e-17
-2.942583194338578784e-17
-2.829643593095283619e-17
-2.721038749134011339e-17
-2.616601902843271256e-17
-2.516173573800963145e-17
-2.419600071849274653e-17
-2.326732835350191257e-17
-2.237429920110598858e-17
-2.151554675893303694e-17
-2.068975084672542304e-17
-1.989565249559084115e-17
-1.913203740439006344e-17
-1.839772766793081439e-17
-1.769159170313512147e-17
-1.701256410137401637e-17
-1.635959930635323207e-17
-1.573169642953157940e-17
-1.512789263267604663e-17
-1.454726478222302460e-17
-1.398891952311095602e-17
-1.345201230393442427e-17
-1.293570684509413822e-17
-1.243921815218878505e-17
-1.196178439187420343e-17
-1.150267599085012159e-17
-1.106118901841525689e-17
-1.063664849518976608e-17
-1.022840260285095735e-17
-9.835823511313902969e-18
-9.458312341815114539e-18
-9.095285932022742178e-18
-8.746198342732500885e-18
-8.410509425004393535e-18
-8.087700536594349379e-18
-7.777286122482799790e-18
-7.478786417914464011e-18
-7.191741510468762559e-18
-6.915712580830736054e-18
-6.650279834839513833e-18
-6.395034645272494700e-18
-6.149584514929022245e-18
-5.913556385352835052e-18
-5.686585469893797235e-18
-5.468327247826780459e-18
-5.258445883823088194e-18
-5.056621672575968695e-18
-4.862541939813876918e-18
-4.675910968467825155e-18
-4.496444621997401441e-18
-4.323864967716787959e-18
-4.157910202962111676e-18
-3.998322247382256046e-18
-3.844861218599580693e-18
-3.697292197320120556e-18
-3.555384400152973340e-18
-3.418925034885559779e-18
-3.287702756871372575e-18
-3.161517181607020756e-18
-3.040174128443707500e-18
-2.923487068153302098e-18
-2.811280224855637032e-18
-2.703379063441463613e-18
-2.599620215739802619e-18
-2.499844242687584453e-18
-2.403896461510261699e-18
-2.311631908805484439e-18
-2.222909136688506106e-18
-2.137591039972796034e-18
-2.055548164892489675e-18
-1.976653539223560140e-18
-1.900786808186880963e-18
-1.827832786882154134e-18
-1.757678151565459889e-18
-1.690216402732932026e-18
-1.625343625820118570e-18
-1.562961179538972573e-18
-1.502972697348131607e-18
-1.445286775789908563e-18
-1.389814906538760267e-18
-1.336472200184323464e-18
-1.285176869243531973e-18
-1.235850124763040120e-18
-1.188416796704682146e-18
-1.142804196572129956e-18
-1.098942117410893111e-18
-1.056763350796201676e-18
-1.016203686833006225e-18
-9.772004665899058639e-19
-9.396943398579499140e-19
-9.036279209821425087e-19
-8.689455820662894569e-19
-8.355942801536107959e-19
-8.035231953352227988e-19
-7.726830586658902761e-19
-7.430265140555445668e-19
-7.145084284620132464e-19
-6.870846511201012971e-19
-6.607134094088747909e-19
-6.353544299722600523e-19
-6.109687836226788045e-19
-5.875189887386247384e-19
-5.649694248549697892e-19
-5.432851952896218761e-19
-5.224331611192905934e-19
-5.023816309867575032e-19
-4.830995856190518671e-19
-4.645576084056397678e-19
-4.467273167117529798e-19
-4.295812843302065416e-19
-4.130933775235226061e-19
-3.972383414336241635e-19
-3.819917742324408997e-19
-3.673305148628213298e-19
-3.532319451048909570e-19
-3.396745065639351180e-19
-3.266373646282751334e-19
-3.141005635656331614e-19
-3.020450006737380555e-19
-2.904521677863839417e-19
-2.793042805204009301e-19
-2.685843041250492565e-19
-2.582756949880778605e-19
-2.483627625272423768e-19
-2.388302814493930014e-19
-2.296636468468393446e-19
-2.208488483479562898e-19
-2.123722762467279253e-19
-2.042211609424479637e-19
-1.963828879307749714e-19
-1.888454630928269296e-19
-1.815973705235134514e-19
-1.746274432845650711e-19
-1.679250055762010261e-19
-1.614798081136439016e-19
-1.552819893530284169e-19
-1.493220625667043545e-19
-1.435909029185394889e-19
-1.380796957651313017e-19
-1.327800400533835514e-19
-1.276838061488384902e-19
-1.227831358356768643e-19
-1.180705586389915542e-19
-1.135388238037256498e-19
-1.091810553910373040e-19
-1.049905713325407370e-19
-1.009609092797003781e-19
-9.708591061436182867e-20
-9.335964290056943497e-20
-8.977639342221775264e-20
-8.633065625835447559e-20
-8.301719044431725612e-20
-7.983084548832324452e-20
-7.676684571480465417e-20
-7.382042837289076960e-20
-7.098708920565229813e-20
-6.826251782661601423e-20
-6.564250724688526149e-20
-6.312306373506505731e-20
-6.070031634438259496e-20
-5.837054276208138580e-20
-5.613020162116393719e-20
-5.397586787690639675e-20
-5.190422311333574900e-20
-4.991207493027542212e-20
-4.799638925508796573e-20
-4.615422571918969524e-20
-4.438276673861910191e-20
-4.267930458933978169e-20
-4.104121878902056071e-20
-3.946601163995244098e-20
-3.795125976143458355e-20
-3.649464317034271859e-20
-3.509392266290927093e-20
-3.374697535764030563e-20
-3.245172684065590456e-20
-3.120618024625857642e-20
-3.000845179985020242e-20
-2.885669650092387715e-20
-2.774914043480658652e-20
-2.668410500646621607e-20
-2.565993423909052586e-20
-2.467506909109530950e-20
-2.372801191320744852e-20
-2.281729413672223451e-20
-2.194154089698872485e-20
-2.109939994757585140e-20
-2.028957720318936617e-20
-1.951084481760751075e-20
-1.876199110047986567e-20
-1.804188514081270608e-20
-1.734941379907077997e-20
-1.668352209685565544e-20
-1.604318252075017679e-20
-1.542742571847400842e-20
-1.483530657155382316e-20
-1.426591227325897166e-20
-1.371836879095001801e-20
-1.319184248166587361e-20
-1.268552232066532437e-20
-1.219863605729836959e-20
-1.173043729030915090e-20
-1.128020385224881827e-20
-1.084725396534686902e-20
-1.043092281549770633e-20
-1.003057305357700956e-20
-9.645588333093198668e-21
-9.275376541361702005e-21
-8.919377877440625773e-21
-8.577040618323745639e-21
-8.247844544953948175e-21
-7.931280747384057202e-21
-7.626867780648172715e-21
-7.334139547858166691e-21
-7.052646915790816977e-21
-6.781956099300673402e-21
-6.521657143152510710e-21
-6.271347766149989637e-21
-6.030645478039161100e-21
-5.799181924953497581e-21
-5.576601273826759226e-21
-5.362564251360828584e-21
-5.156742489470741976e-21
-4.958820948665390339e-21
-4.768495898563601859e-21
-4.585475725687708916e-21
-4.409480933463548083e-21
-4.240239295459058453e-21
-4.077493125526384151e-21
-3.920995238834039603e-21
-3.770502085621590496e-21
-3.625786271999941442e-21
-3.486624443047831784e-21
-3.352802735418412486e-21
-3.224117787081204811e-21
-3.100372092509090386e-21
-2.981376022162228563e-21
-2.866948024436448157e-21
-2.756910384747020980e-21
-2.651097101515939562e-21
-2.549344394597505539e-21
-2.451497571523648690e-21
-2.357405776845741792e-21
-2.266925425257260137e-21
-2.179918586006647641e-21
-2.096250357568224269e-21
-2.015794118300371187e-21
-1.938425669942170397e-21
-1.864026670736064266e-21
-1.792483019840721626e-21
-1.723685665124604723e-21
-1.657528078811072514e-21
-1.593910094497823654e-21
-1.532733767214865902e-21
-1.473905695831021091e-21
-1.417335811363574707e-21
-1.362936569184708943e-21
-1.310625574350595274e-21
-1.260322047504539069e-21
-1.211949248257680427e-21
-1.165433162524447893e-21
-1.120702603496754323e-21
-1.077688706773017542e-21
-1.036325839125923164e-21
-9.965506897346617692e-22
-9.583018662881454390e-22
-9.215209047269664334e-22
-8.861516633982219834e-22
-8.521401211071225542e-22
-8.194336198105228329e-22
-7.879827326395452915e-22
-7.577387900317814147e-22
-7.286557982410131966e-22
-7.006892276468627214e-22
-6.737959622676942296e-22
-6.479348551186913932e-22
-6.230662233408779744e-22
-5.991522016108033646e-22
-5.761559343469756382e-22
-5.540423835034284987e-22
-5.327775712632522667e-22
-5.123289839353773529e-22
-4.926652690319866535e-22
-4.737562352685155499e-22
-4.555728525636519089e-22
-4.380873530135319509e-22
-4.212728774820547107e-22
-4.051038794976655113e-22
-3.895554941646317863e-22
-3.746039420598265536e-22
-3.602261758230428759e-22
-3.464002840537773346e-22
-3.331049864402506876e-22
-3.203199619255444417e-22
-3.080255205414642803e-22
-2.962031082795194053e-22
-2.848344740538066234e-22
-2.739021493284407205e-22
-2.633894481175544617e-22
-2.532802650369068549e-22
-2.435590753038831505e-22
-2.342109094939458746e-22
-2.252215050019286314e-22
-2.165772555549381688e-22
-2.082648073155709055e-22
-2.002713365609515688e-22
-1.925846885222525133e-22
-1.851930618403316327e-22
-1.780851474052516785e-22
-1.712500021385354249e-22
-1.646772130762339545e-22
-1.583566954205349220e-22
-1.522787556486349714e-22
-1.464341546216121544e-22
-1.408138425271617755e-22
-1.354091734497626123e-22
-1.302119684795493335e-22
-1.252142632768228277e-22
-1.204083711809226214e-22
-1.157869463190992964e-22
-1.113428952540931055e-22
-1.070694022276829391e-22
-1.029599670260097762e-22
-9.900822827473391431e-23
-9.520817169831394862e-23
-9.155395972605124359e-23
-8.803999460096235092e-23
-8.466091837977900951e-23
-8.141153720230124420e-23
-7.828687808938254174e-23
-7.528212583405743308e-23
-7.239271135396287811e-23
-6.961415391915722149e-23
-6.694227572228641274e-23
-6.437296206486881905e-23
-6.190221815528040124e-23
-5.952634581359748319e-23
-5.724165948167087233e-23
-5.504466292796862915e-23
-5.293196720604192417e-23
-5.090038531783366452e-23
-4.894676813061020790e-23
-4.706812743926257712e-23
-4.526160125642663036e-23
-4.352439070361064347e-23
-4.185387045172204091e-23
-4.024746565876618131e-23
-3.870273085593687953e-23
-3.721726790608226369e-23
-3.578882066701340170e-23
-3.441520557174464180e-23
-3.309430531760637080e-23
-3.182410673156846466e-23
-3.060264397225511263e-23
-2.942807110514809755e-23
-2.829859583827075726e-23
-2.721245743408263849e-23
-2.616801032873545018e-23
-2.516365313459159370e-23
-2.419784441744226718e-23
-2.326910111878565512e-23
-2.237599382266149704e-23
-2.151717515464367547e-23
-2.069131667296779821e-23
-1.989715777790732209e-23
-1.913348520139001719e-23
-1.839911407433624155e-23
-1.769293210286963355e-23
-1.701385854755004040e-23
-1.636084737881713904e-23
-1.573289832104310922e-23
-1.512905054164539176e-23
-1.454837634019944674e-23
-1.398999534793504751e-23
-1.345303981785645096e-23
-1.293669722323127945e-23
-1.244017081454525976e-23
-1.196270328532937971e-23
-1.150355862835906811e-23
-1.106203791287229912e-23
-1.063746429621239314e-23
-1.022918539041073237e-23
-9.836577995352192230e-24
-9.459037843583373411e-24
-9.095989855504369800e-24
-8.746875517594284920e-24
-8.411160771020284147e-24
-8.088329700750352939e-24
-7.777891635301443826e-24
-7.479366947243182434e-24
-7.192298886111445796e-24
-6.916251211825646693e-24
-6.650797150636060557e-24
-6.395530833606951178e-24
-6.150062957881591988e-24
-5.914016447947287341e-24
-5.687029611078993404e-24
-5.468755348478412932e-24
-5.258856816539016553e-24
-5.057014921024642367e-24
-4.862921217321348959e-24
-4.676276332715604956e-24
-4.496795093990172960e-24
-4.324202977550036061e-24
-4.158234531700587387e-24
-3.998636137660798384e-24
-3.845164431841408368e-24
-3.697581967109945817e-24
-3.555663918108422740e-24
-3.419192953657450751e-24
-3.287960222832372585e-24
-3.161763382810999052e-24
-3.040411134823814059e-24
-2.923715927190601309e-24
-2.811500266207686074e-24
-2.703591785767277564e-24
-2.599824627864053061e-24
-2.500040428671289446e-24
-2.404085360312468623e-24
-2.311813483520124703e-24
-2.223083394976996822e-24
-2.137759213392160659e-24
-2.055709396209670610e-24
-1.976808711760822841e-24
-1.900936661542344841e-24
-1.827976296925037596e-24
-1.757815994090812332e-24
-1.690348665171785298e-24
-1.625469983313241013e-24
-1.563082425585771532e-24
-1.503089257920874126e-24
-1.445398873845930006e-24
-1.389922920939554420e-24
-1.336576005008757191e-24
-1.285276380342234793e-24
-1.235945752495144041e-24
-1.188508292212970564e-24
-1.142891818722886641e-24
-1.099026222011940753e-24
-1.056844251687962810e-24
-1.016281221156724688e-24
-9.772753034447796912e-25
-9.397663479081047166e-25
-9.036968663082317833e-25
-8.690115397741822679e-25
-8.356578104481458204e-25
-8.035843037636699224e-25
-7.727417652179848370e-25
-7.430830110681970325e-25
-7.145626325084497243e-25
-6.871369956699228752e-25
-6.607636992789608559e-25
-6.354028565560434290e-25
-6.110150244559095437e-25
-5.875635209464664232e-25
-5.650120584260739009e-25
-5.433260749263219811e-25
-5.224724875929979577e-25
-5.024192982556338034e-25
-4.831358399465390514e-25
-4.645923824703481848e-25
-4.467606747458929760e-25
-4.296133531605235713e-25
-4.131242866967545247e-25
-3.972682318056187637e-25
-3.820205858876347081e-25
-3.673581515018082025e-25
-3.532584954161470243e-25
-3.396999732595641720e-25
-3.266618774332975942e-25
-3.141241659399740193e-25
-3.020677335545451262e-25
-2.904740420457382210e-25
-2.793253173912825427e-25
-2.686043279107796699e-25
-2.582950252151890126e-25
-2.483813116116634047e-25
-2.388480754834872059e-25
-2.296808215115269804e-25
-2.208654241551986142e-25
-2.123883495195969095e-25
-2.042366676814472281e-25
-1.963978308219758983e-25
-1.888597964864266555e-25
-1.816111385176254392e-25
-1.746406279736244940e-25
-1.679377261657681330e-25
-1.614920792946753304e-25
-1.552938142730791795e-25
-1.493334894220203162e-25
-1.436018726037173260e-25
-1.380902616963094896e-25
-1.327901641191140369e-25
-1.276935310257073849e-25
-1.227924614810856793e-25
-1.180795229364075410e-25
-1.135475170359128281e-25
-1.091894426390677043e-25
-1.049986190800810791e-25
-1.009686615160013199e-25
-9.709335150422398924e-26
-9.336679107688739559e-26
-8.978326099242868664e-26
-8.633722689855967124e-26
-8.302348108071072629e-26
-7.983693908382866949e-26
-7.677270750511080176e-26
-7.382609015698072926e-26
-7.099253876328178708e-26
-6.826775772986601396e-26
-6.564756239615024528e-26
-6.312793450189851154e-26
-6.070500369829457213e-26
-5.837505987389355949e-26
-5.613455315462197906e-26
-5.398004459997113300e-26
-5.190822469192458627e-26
-4.991592257942189974e-26
-4.800008758943116403e-26
-4.615778614546108848e-26
-4.438619252309726816e-26
-4.268258268702636176e-26
-4.104437435037893486e-26
-3.946904069306795143e-26
-3.795417507303490515e-26
-3.649745096690697627e-26
-3.509664045892449761e-26
-3.374959575201348854e-26
-3.245424608629774390e-26
-3.120860698356256709e-26
-3.001079257320641411e-26
-2.885893547355520711e-26
-2.775130080691504207e-26
-2.668617218451948107e-26
-2.566192104000755028e-26
-2.467698197752045175e-26
-2.372984814946969690e-26
-2.281906663430524001e-26
-2.194324614023525573e-26
-2.110103697555471749e-26
-2.029115415980473013e-26
-1.951235431261319724e-26
-1.876344643890250977e-26
-1.804328114368185740e-26
-1.735075525427909513e-26
-1.668481644257260978e-26
-1.604442932862429876e-26
-1.542862632523010193e-26
-1.483645987485738077e-26
-1.426702093857238450e-26
-1.371943437380838356e-26
-1.319286817882940267e-26
-1.268650498896704388e-26
-1.219958213596332986e-26
-1.173134696639599406e-26
-1.128108380469770219e-26
-1.084810393832034137e-26
-1.043174022513117587e-26
-1.003135864899251341e-26
-9.646342912322150071e-27
-9.276103680557103360e-27
-8.920075500665701185e-27
-8.577712178915715327e-27
-8.248490632734250210e-27
-7.931903957359943116e-27
-7.627470670306697235e-27
-7.334718533552148817e-27
-7.053202272093155533e-27
-6.782491247994152396e-27
-6.522170230759129520e-27
-6.271839012145643236e-27
-6.031118183954649259e-27
-5.799635271334903098e-27
-5.577037443920593010e-27
-5.362984967669529088e-27
-5.157147353003254482e-27
-4.959209902968856317e-27
-4.768868320635121411e-27
-4.585833716510391677e-27
-4.409823364078831070e-27
-4.240568788706192009e-27
-4.077810760221959971e-27
-3.921300448477320127e-27
-3.770796341857246317e-27
-3.626068869512367582e-27
-3.486896164313090512e-27
-3.353064448035588125e-27
-3.224368801733777618e-27
-3.100612780553331494e-27
-2.981607643359699804e-27
-2.867170234215171320e-27
-2.757124715715823490e-27
-2.651303146770505745e-27
-2.549542593705922925e-27
-2.451687441382568543e-27
-2.357587659857774831e-27
-2.267100345129668258e-27
-2.180086445056264065e-27
-2.096411722320438461e-27
-2.015948872952867450e-27
-1.938574252251121373e-27
-1.864169800709609290e-27
-1.792620155124662407e-27
-1.723816500454422845e-27
-1.657654066109915938e-27
-1.594032125955050234e-27
-1.532850916818706474e-27
-1.474018282953045728e-27
-1.417443801947179017e-27
-1.363040614360614476e-27
-1.310725423723257356e-27
-1.260418207645918368e-27
-1.212041832634324804e-27
-1.165521861496126096e-27
-1.120788094084849330e-27
-1.077771004329502127e-27
-1.036404340239997565e-27
-9.966257016861374992e-28
-9.583738440956904143e-28
-9.215902191983469387e-28
-8.862183009502393069e-28
-8.522041633129246764e-28
-8.194954209919157144e-28
-7.880423368463986205e-28
-7.577962329970290073e-28
-7.287110797181360198e-28
-7.007421954350098743e-28
-6.738468245028851740e-28
-6.479837520209520321e-28
-6.231134001288532910e-28
-5.991975872654414736e-28
-5.761996726135246128e-28
-5.540844598033690319e-28
-5.328178117267104672e-28
-5.123675653534776517e-28
-4.927023280255770735e-28
-4.737916219016388047e-28
-4.556069913667345237e-28
-4.381202215471789577e-28
-4.213047346097395628e-28
-4.051344823519185015e-28
-3.895849813892977512e-28
-3.746322538940696907e-28
-3.602533572257718072e-28
-3.464264561536596103e-28
-3.331300765588531824e-28
-3.203441406216822865e-28
-3.080489075602169535e-28
-2.962256958539966271e-28
-2.848561610203010190e-28
-2.739230178378792536e-28
-2.634095588644637718e-28
-2.532995340661488063e-28
-2.435776082257521736e-28
-2.342286868673347388e-28
-2.252386625540538654e-28
-2.165938130350557943e-28
-2.082806568007298149e-28
-2.002865669728780385e-28
-1.925993500075400632e-28
-1.852071734726200600e-28
-1.780986984555704491e-28
-1.712629953039568329e-28
-1.646896760331416727e-28
-1.583686656221033929e-28
-1.522902862728714475e-28
-1.464452212993398633e-28
-1.408244549419564775e-28
-1.354194288495309195e-28
-1.302218855974266288e-28
-1.252238085022500937e-28
-1.204175540295345273e-28
-1.157958036454912580e-28
-1.113513952981395960e-28
-1.070776123067984906e-28
-1.029678463243462631e-28
-9.901582604140150274e-29
-9.521546672304616096e-29
-9.156098456091599988e-29
-8.804675222845476304e-29
-8.466741323300462344e-29
-8.141777960077788796e-29
-7.829286798804345464e-29
-7.528789968112681264e-29
-7.239825846669250880e-29
-6.961953276146168113e-29
-6.694744940837022042e-29
-6.437793988041060866e-29
-6.190703194707254716e-29
-5.953098208202663324e-29
-5.724610694425422630e-29
-5.504892180426220070e-29
-5.293609239583433603e-29
-5.090433861953409777e-29
-4.895056695038831394e-29
-4.707178918771764621e-29
-4.526511643660551373e-29
-4.352778920055347416e-29
-4.185714728882584263e-29
-4.025061176085646310e-29
-3.870573909302839428e-29
-3.722017002115976180e-29
-3.579161148491052961e-29
-3.441789079456218585e-29
-3.309689544570698078e-29
-3.182659117484115538e-29
-3.060504904275478430e-29
-2.943039427701762811e-29
-2.830081529977574754e-29
-2.721459382040688463e-29
-2.617005969653739105e-29
-2.516562554059591640e-29
-2.419972954376818415e-29
-2.327091522153375145e-29
-2.237774414496540409e-29
-2.151885763067268763e-29
-2.069294213424821922e-29
-1.989872323173661136e-29
-1.913498668449323867e-29
-1.840055887895824017e-29
-1.769432337761697888e-29
-1.701519383561019889e-29
-1.636213055169448490e-29
-1.573413595434395507e-29
-1.513023654615703243e-29
-1.454952352894120925e-29
-1.399109412303505400e-29
-1.345409670629128296e-29
-1.293770974921799346e-29
-1.244113805339674122e-29
-1.196363155939215356e-29
-1.150445149251462569e-29
-1.106289669389377914e-29
-1.063829083109992478e-29
-1.022998014119490931e-29
-9.837340201579575917e-30
-9.459769911462688117e-30
-9.096689234911776161e-30
-8.747546724016982299e-30
-8.411805224879754778e-30
-8.088949400776693106e-30
-7.778485732159548055e-30
-7.479938755073299026e-30
-7.192850308839769524e-30
-6.916778783741242633e-30
-6.651302130285999117e-30
-6.396017106891932899e-30
-6.150530252089936744e-30
-5.914465783845939783e-30
-5.687461461820792619e-30
-5.469170468161228645e-30
-5.259257269759749146e-30
-5.057400251361969146e-30
-4.863291339408425139e-30
-4.676630735819883408e-30
-4.497135569635762079e-30
-4.324529364584747750e-30
-4.158547681457679438e-30
-3.998937365791164056e-30
-3.845452410127461516e-30
-3.697859220229176412e-30
-3.555930220389989550e-30
-3.419448743491157365e-30
-3.288205269419589294e-30
-3.162000058175193612e-30
-3.040639764447147071e-30
-2.923936309139318104e-30
-2.811711957505862382e-30
-2.703794993332011784e-30
-2.600019907013170532e-30
-2.500227771713107454e-30
-2.404265867205763717e-30
-2.311987679875252832e-30
-2.223250833845803203e-30
-2.137919912168200103e-30
-2.055863071396055304e-30
-1.976956743563210367e-30
-1.901078489178083643e-30
-1.828112451517458086e-30
-1.757947287756423811e-30
-1.690475416651993560e-30
-1.625593018543102710e-30
-1.563201069785637992e-30
-1.503203650040572306e-30
-1.445508600550801185e-30
-1.390028182417979254e-30
-1.336676913692914716e-30
-1.285373732285174866e-30
-1.236039550934836380e-30
-1.188598855884802435e-30
-1.142979236683062378e-30
-1.099110163668566871e-30
-1.056925056841285341e-30
-1.016358840833956264e-30
-9.773498257030484890e-31
-9.398377320982518474e-31
-9.037654780138904093e-31
-8.690780503143456917e-31
-8.357218464572201982e-31
-8.036458029679142088e-31
-7.728011133209815819e-31
-7.431399584062308670e-31
-7.146173873196866198e-31
-6.871894835924021196e-31
-6.608140234672958298e-31
-6.354510401364397927e-31
-6.110616482467088071e-31
-5.876083730381986583e-31
-5.650553384233222501e-31
-5.433677497692952430e-31
-5.225125521749725140e-31
-5.024579602731078287e-31
-4.831730350523875443e-31
-4.646282480947190050e-31
-4.467951994565863443e-31
-4.296465706492764524e-31
-4.131562656982010743e-31
-3.972988469056084158e-31
-3.820500285582104884e-31
-3.673864888480869780e-31
-3.532857523232501625e-31
-3.397261663777578952e-31
-3.266869952912616710e-31
-3.141483496993455768e-31
-3.020909514946561272e-31
-2.904963924356594450e-31
-2.793467814983360151e-31
-2.686251445442599636e-31
-2.583150716722938114e-31
-2.484005996691533919e-31
-2.388666822071481797e-31
-2.296987431563279786e-31
-2.208825590350478387e-31
-2.124048702670304847e-31
-2.042524878056596906e-31
-1.964130336954212977e-31
-1.888744356093323610e-31
-1.816251854576983304e-31
-1.746541983287909517e-31
-1.679507654690742338e-31
-1.615046130579219900e-31
-1.553058669427873131e-31
-1.493450408842590671e-31
-1.436130012912313630e-31
-1.381009437110165418e-31
-1.328004398491192076e-31
-1.277034258142927196e-31
-1.228019905295560439e-31
-1.180886931156684752e-31
-1.135563513021464895e-31
-1.091979356327721694e-31
-1.050067810545763526e-31
-1.009765046332340741e-31
-9.710087037121422166e-32
-9.337403018412145434e-32
-8.979021239469323474e-32
-8.634395683166999334e-32
-8.302999728036004629e-32
-7.984319683045030019e-32
-7.677871832268712132e-32
-7.383186565713897466e-32
-7.099810142561168616e-32
-6.827310568636598393e-32
-6.565270543445644884e-32
-6.313288635667502278e-32
-6.070977519913574631e-32
-5.837966915463352924e-32
-5.613898884287011768e-32
-5.398429594286935645e-32
-5.191231670286420549e-32
-4.991985377822042816e-32
-4.800384794489000947e-32
-4.616139867056229542e-32
-4.438966125890829608e-32
-4.268592619544936607e-32
-4.104759563767018813e-32
-3.947213639524474024e-32
-3.795715339843322199e-32
-3.650030447474161997e-32
-3.509937675605451122e-32
-3.375221614897401390e-32
-3.245676259965031195e-32
-3.121103833883814687e-32
-3.001312437200980129e-32
-2.886118986671386948e-32
-2.775346276521648684e-32
-2.668825623312422340e-32
-2.566392457834592796e-32
-2.467890145465912981e-32
-2.373169104550240759e-32
-2.282084014598455725e-32
-2.194495138719603880e-32
-2.110267442000134513e-32
-2.029273089429395701e-32
-1.951387037795818722e-32
-1.876489974422795116e-32
-1.804467141674325854e-32
-1.735209512449372172e-32
-1.668609969825215387e-32
-1.604566539666921666e-32
-1.542981362069785054e-32
-1.483759809738564356e-32
-1.426811516545040110e-32
-1.372048320412900644e-32
-1.319386761243237575e-32
-1.268747199293782693e-32
-1.220051464190206316e-32
-1.173224324294055818e-32
-1.128194588728709524e-32
-1.084893197201056625e-32
-1.043253660811878734e-32
-1.003212355929437597e-32
-9.647077895055058205e-33
-9.276811868225422919e-33
-8.920754629361352033e-33
-8.578367655113375086e-33
-8.249119768971714259e-33
-7.932505508365515966e-33
-7.628044389978881598e-33
-7.335269889491328560e-33
-7.053732380313667326e-33
-6.783001337639909235e-33
-6.522660195659481637e-33
-6.272311490345012747e-33
-6.031573920716454585e-33
-5.800074634659405707e-33
-5.577460616526634794e-33
-5.363389870930449488e-33
-5.157536198188496604e-33
-4.959584051535977284e-33
-4.769229271809616260e-33
-4.586180556815600385e-33
-4.410157991961640102e-33
-4.240890846205061653e-33
-4.078119408762730238e-33
-3.921594989111050017e-33
-3.771079916985964109e-33
-3.626339828201277320e-33
-3.487156888960102895e-33
-3.353315102175477240e-33
-3.224612062413868140e-33
-3.100847200951666544e-33
-2.981833173376710150e-33
-2.867386859709659922e-33
-2.757332670481861782e-33
-2.651503281419315869e-33
-2.549734490654891696e-33
-2.451872749239013102e-33
-2.357766712274011715e-33
-2.267273300056873387e-33
-2.180252371620461023e-33
-2.096571316508322483e-33
-2.016102667051790476e-33
-1.938721710647082449e-33
-1.864311816214077754e-33
-1.792756169001663425e-33
-1.723947688821319246e-33
-1.657780948523455842e-33
-1.594153276023368579e-33
-1.532967601201618461e-33
-1.474130619194108967e-33
-1.417551780201628320e-33
-1.363144483351299532e-33
-1.310825066506122675e-33
-1.260513632784440296e-33
-1.212133407711464314e-33
-1.165610096370802914e-33
-1.120872893594918285e-33
-1.077852279913218828e-33
-1.036482868452440053e-33
-9.967014763912252620e-34
-9.584468494536370749e-34
-9.216603047576305353e-34
-8.862861899925339005e-34
-8.522692201896600598e-34
-8.195583348131451702e-34
-7.881026569981177044e-34
-7.578542945333312701e-34
-7.287669164109741607e-34
-7.007959824154097505e-34
-6.738985135344360995e-34
-6.480334133835225067e-34
-6.231611467815729570e-34
-5.992435101621857258e-34
-5.762438611623937748e-34
-5.541269349516724354e-34
-5.328588901496874877e-34
-5.124071251553028448e-34
-4.927404618175728689e-34
-4.738284566695211857e-34
-4.556425029540945811e-34
-4.381543153384763937e-34
-4.213373533642769640e-34
-4.051660408458162916e-34
-3.896152607748951657e-34
-3.746613195935048248e-34
-3.602814191397240474e-34
-3.464533581823566392e-34
-3.331560834339083808e-34
-3.203692074142321979e-34
-3.080730084505281621e-34
-2.962487521015800432e-34
-2.848783697335187563e-34
-2.739443896432002437e-34
-2.634300748114497114e-34
-2.533193310675654714e-34
-2.435966382126968234e-34
-2.342470729787180936e-34
-2.252564467814728725e-34
-2.166107776666711059e-34
-2.082970020349843195e-34
-2.003022858758244340e-34
-1.926144609859505158e-34
-1.852216117097360652e-34
-1.781125800343978865e-34
-1.712763571798340405e-34
-1.647025542555416544e-34
-1.583811152746914281e-34
-1.523022597569425355e-34
-1.464567237966200394e-34
-1.408355075151004566e-34
-1.354300702112410939e-34
-1.302320892932026333e-34
-1.252336554288784679e-34
-1.204270429571543067e-34
-1.158048935589004905e-34
-1.113601818186609331e-34
-1.070860315536608049e-34
-1.029759224436728884e-34
-9.902355227777334168e-35
-9.522287713237126677e-35
-9.156809415205318065e-35
-8.805358415239791623e-35
-8.467398049659874090e-35
-8.142410021884123803e-35
-7.829894402430330698e-35
-7.529373072746622232e-35
-7.240385707408506475e-35
-6.962488626175170131e-35
-6.695258811792435455e-35
-6.438286448358697409e-35
-6.191177217212327619e-35
-5.953552296931674372e-35
-5.725048363335062614e-35
-5.505314719621539017e-35
-5.294013870342722963e-35
-5.090820947430955558e-35
-4.895428875945958519e-35
-4.707536894637814425e-35
-4.526855721693625603e-35
-4.353109850624918080e-35
-4.186032384520982694e-35
-4.025367905908130032e-35
-3.870869032918584504e-35
-3.722300437093441260e-35
-3.579433390650081800e-35
-3.442049210313279910e-35
-3.309938970329276159e-35
-3.182899197676895498e-35
-3.060734741926802195e-35
-2.943259636199276318e-35
-2.830293940319033304e-35
-2.721663166843372968e-35
-2.617202298865136421e-35
-2.516749763308270697e-35
