6.963460922241210938e+00
7.184650421142578125e+00
7.420845508575439453e+00
7.726146221160888672e+00
8.075730323791503906e+00
8.338048934936523438e+00
8.623097419738769531e+00
8.899733543395996094e+00
9.159238815307617188e+00
9.437362670898437500e+00
9.734694480895996094e+00
9.986474037170410156e+00
1.026416301727294922e+01
1.052689933776855469e+01
1.080040359497070312e+01
1.107288551330566406e+01
1.135572528839111328e+01
1.158909225463867188e+01
1.184234428405761719e+01
1.203749465942382812e+01
1.226685237884521484e+01
1.243851852416992188e+01
1.266025543212890625e+01
1.283092117309570312e+01
1.299637317657470703e+01
1.314071083068847656e+01
1.328340911865234375e+01
1.344590950012207031e+01
1.354001808166503906e+01
1.364316558837890625e+01
1.368081665039062500e+01
1.374870872497558594e+01
1.382863235473632812e+01
1.387240600585937500e+01
1.392693710327148438e+01
1.395809364318847656e+01
1.398191070556640625e+01
1.396304321289062500e+01
1.398037910461425781e+01
1.399736976623535156e+01
1.394833660125732422e+01
1.390704154968261719e+01
1.383129405975341797e+01
1.379726219177246094e+01
1.375131607055664062e+01
1.366644287109375000e+01
1.366431617736816406e+01
1.361230468750000000e+01
1.357226753234863281e+01
1.352846527099609375e+01
1.349813270568847656e+01
1.341542625427246094e+01
1.335007190704345703e+01
1.323828887939453125e+01
1.320271682739257812e+01
1.317279815673828125e+01
1.311835861206054688e+01
1.306407546997070312e+01
1.293775177001953125e+01
1.285705852508544922e+01
1.277450942993164062e+01
1.276235961914062500e+01
1.267780303955078125e+01
1.267711257934570312e+01
1.263537406921386719e+01
1.252767372131347656e+01
1.248206520080566406e+01
1.245238494873046875e+01
1.242040252685546875e+01
1.240520381927490234e+01
1.235496330261230469e+01
1.236859321594238281e+01
1.232777118682861328e+01
1.216462993621826172e+01
1.217939090728759766e+01
1.215304946899414062e+01
1.203946018218994141e+01
1.202898979187011719e+01
1.204436874389648438e+01
1.201530170440673828e+01
1.198835182189941406e+01
1.191157341003417969e+01
1.190605449676513672e+01
1.189647293090820312e+01
1.189670562744140625e+01
1.186329269409179688e+01
1.180339336395263672e+01
1.184159755706787109e+01
1.180797195434570312e+01
1.182480430603027344e+01
1.175431060791015625e+01
1.176380920410156250e+01
1.175849533081054688e+01
1.185686588287353516e+01
1.174916744232177734e+01
1.181296443939208984e+01
1.184743309020996094e+01
1.181900978088378906e+01
1.177693367004394531e+01
1.178202056884765625e+01
1.180683422088623047e+01
1.178927993774414062e+01
1.182594299316406250e+01
1.181958580017089844e+01
1.190900421142578125e+01
1.184397220611572266e+01
1.185449314117431641e+01
1.187397575378417969e+01
1.191861152648925781e+01
1.195915412902832031e+01
1.187529277801513672e+01
1.184533882141113281e+01
1.193261337280273438e+01
1.191067314147949219e+01
1.189056587219238281e+01
1.187265300750732422e+01
1.186834239959716797e+01
1.195832443237304688e+01
1.186837577819824219e+01
1.188221549987792969e+01
1.190423965454101562e+01
1.185704231262207031e+01
1.187014961242675781e+01
1.186509513854980469e+01
1.184259986877441406e+01
1.187353134155273438e+01
1.187673377990722656e+01
1.191374683380126953e+01
1.195731449127197266e+01
1.197035312652587891e+01
1.200081253051757812e+01
1.202576446533203125e+01
1.219473075866699219e+01
1.216940498352050781e+01
1.210248374938964844e+01
1.207986831665039062e+01
1.211399841308593750e+01
1.207773017883300781e+01
1.204888534545898438e+01
1.206242275238037109e+01
1.204646682739257812e+01
1.207723999023437500e+01
1.212643241882324219e+01
1.202758121490478516e+01
1.210134124755859375e+01
1.205373096466064453e+01
1.211756515502929688e+01
1.222936725616455078e+01
1.223501586914062500e+01
1.222893619537353516e+01
1.221438789367675781e+01
1.226974296569824219e+01
1.224978446960449219e+01
1.230355262756347656e+01
1.238886165618896484e+01
1.243149852752685547e+01
1.241580200195312500e+01
1.236430740356445312e+01
1.241015434265136719e+01
1.245033645629882812e+01
1.235823059082031250e+01
1.233052253723144531e+01
1.243739891052246094e+01
1.246018695831298828e+01
1.244987583160400391e+01
1.243428993225097656e+01
1.247178173065185547e+01
1.250296115875244141e+01
1.247811508178710938e+01
1.252278423309326172e+01
1.248364639282226562e+01
1.250287342071533203e+01
1.249046325683593750e+01
1.244739723205566406e+01
1.240375900268554688e+01
1.242294883728027344e+01
1.252620792388916016e+01
1.258890151977539062e+01
1.257499313354492188e+01
1.264529037475585938e+01
1.264594936370849609e+01
1.270091056823730469e+01
1.273389053344726562e+01
1.276713943481445312e+01
1.274254798889160156e+01
1.275217628479003906e+01
1.275660705566406250e+01
1.277985668182373047e+01
1.278463554382324219e+01
1.277844905853271484e+01
1.283932971954345703e+01
1.288409233093261719e+01
1.285420894622802734e+01
1.282486629486083984e+01
1.294534111022949219e+01
1.291687297821044922e+01
1.292197036743164062e+01
1.288371562957763672e+01
1.295960044860839844e+01
1.299886512756347656e+01
1.295937347412109375e+01
1.300607490539550781e+01
1.302606582641601562e+01
1.298711395263671875e+01
1.301207733154296875e+01
1.302859878540039062e+01
1.304578399658203125e+01
1.300254440307617188e+01
1.299914550781250000e+01
1.292010021209716797e+01
1.296219635009765625e+01
1.300542449951171875e+01
1.303816223144531250e+01
1.313813209533691406e+01
1.319160461425781250e+01
1.324273586273193359e+01
1.316528987884521484e+01
1.310234069824218750e+01
1.321894931793212891e+01
1.325824642181396484e+01
1.317784309387207031e+01
1.320587921142578125e+01
1.326599311828613281e+01
1.333582496643066406e+01
1.327775669097900391e+01
1.333351135253906250e+01
1.326406860351562500e+01
1.330013275146484375e+01
1.331449794769287109e+01
1.331600856781005859e+01
1.331872749328613281e+01
1.331930541992187500e+01
1.336024665832519531e+01
1.331812572479248047e+01
1.331697845458984375e+01
1.332879829406738281e+01
1.337470245361328125e+01
1.329021930694580078e+01
1.335254478454589844e+01
1.331227111816406250e+01
1.340829277038574219e+01
1.339005374908447266e+01
1.338249015808105469e+01
1.336624336242675781e+01
1.341005039215087891e+01
1.329668807983398438e+01
1.332265472412109375e+01
1.327708625793457031e+01
1.329507255554199219e+01
1.332430171966552734e+01
1.343384838104248047e+01
1.343625259399414062e+01
1.345407581329345703e+01
1.348057365417480469e+01
1.343348026275634766e+01
1.343403816223144531e+01
1.347358322143554688e+01
1.344150161743164062e+01
1.346002388000488281e+01
1.340591049194335938e+01
1.345298004150390625e+01
1.353935623168945312e+01
1.351979064941406250e+01
1.348641109466552734e+01
1.351680850982666016e+01
1.353357028961181641e+01
1.348723125457763672e+01
1.353500270843505859e+01
1.354708766937255859e+01
1.362306404113769531e+01
1.351399040222167969e+01
1.351722145080566406e+01
1.352315425872802734e+01
1.347362136840820312e+01
1.355417060852050781e+01
1.357609558105468750e+01
1.356938362121582031e+01
1.367145538330078125e+01
1.366761970520019531e+01
1.372428798675537109e+01
1.376992034912109375e+01
1.378646659851074219e+01
1.368140411376953125e+01
1.374086952209472656e+01
1.380853462219238281e+01
1.375739288330078125e+01
1.375664424896240234e+01
1.377367019653320312e+01
1.382517719268798828e+01
1.386869239807128906e+01
1.383428382873535156e+01
1.384421253204345703e+01
1.377336215972900391e+01
1.385631942749023438e+01
1.379815292358398438e+01
1.385809326171875000e+01
1.385144424438476562e+01
1.391013813018798828e+01
1.387077045440673828e+01
1.391907310485839844e+01
1.388871002197265625e+01
1.386657428741455078e+01
1.394931411743164062e+01
1.392785549163818359e+01
1.402699279785156250e+01
1.401399421691894531e+01
1.411962413787841797e+01
1.416064834594726562e+01
1.405988121032714844e+01
1.402153682708740234e+01
1.402838420867919922e+01
1.392019844055175781e+01
1.394179153442382812e+01
1.408461761474609375e+01
1.413337707519531250e+01
1.413266658782958984e+01
1.409154987335205078e+01
1.405490112304687500e+01
1.411979103088378906e+01
1.406441402435302734e+01
1.412199974060058594e+01
1.402149105072021484e+01
1.407664775848388672e+01
1.406539726257324219e+01
1.418446636199951172e+01
1.418235778808593750e+01
1.424037361145019531e+01
1.420575141906738281e+01
1.427363014221191406e+01
1.417285156250000000e+01
1.416695499420166016e+01
1.407896041870117188e+01
1.411920261383056641e+01
1.407365512847900391e+01
1.410806655883789062e+01
1.417624759674072266e+01
1.415457534790039062e+01
1.417523765563964844e+01
1.415115451812744141e+01
1.423711109161376953e+01
1.423798465728759766e+01
1.425831031799316406e+01
1.429928398132324219e+01
1.421836853027343750e+01
1.422314262390136719e+01
1.424671936035156250e+01
1.427835845947265625e+01
1.418104553222656250e+01
1.424575805664062500e+01
1.436265087127685547e+01
1.434990119934082031e+01
1.430404758453369141e+01
1.438442516326904297e+01
1.427205276489257812e+01
1.435123634338378906e+01
1.436042594909667969e+01
1.432831954956054688e+01
1.432359886169433594e+01
1.434945869445800781e+01
1.437701702117919922e+01
1.437068080902099609e+01
1.439125156402587891e+01
1.447773551940917969e+01
1.451935195922851562e+01
1.454607772827148438e+01
1.446415042877197266e+01
1.444294357299804688e+01
1.454446029663085938e+01
1.455584716796875000e+01
1.455892753601074219e+01
1.453063774108886719e+01
1.448731899261474609e+01
1.450248718261718750e+01
1.442850589752197266e+01
1.439621925354003906e+01
1.444327545166015625e+01
1.458665847778320312e+01
1.454270553588867188e+01
1.457707118988037109e+01
1.453833198547363281e+01
1.453448772430419922e+01
1.452283668518066406e+01
1.446418476104736328e+01
1.450786399841308594e+01
1.454434967041015625e+01
1.458751964569091797e+01
1.454927062988281250e+01
1.456180953979492188e+01
1.452154922485351562e+01
1.464405250549316406e+01
1.461886024475097656e+01
1.462260246276855469e+01
1.462280750274658203e+01
1.459471416473388672e+01
1.461679649353027344e+01
1.467130088806152344e+01
1.472623825073242188e+01
1.467479705810546875e+01
1.465004348754882812e+01
1.477202033996582031e+01
1.479820251464843750e+01
1.477707767486572266e+01
1.470978355407714844e+01
1.476954555511474609e+01
1.474726295471191406e+01
1.475514030456542969e+01
1.474786472320556641e+01
1.490580177307128906e+01
1.484663581848144531e+01
1.482767105102539062e+01
1.475378036499023438e+01
1.481342124938964844e+01
1.468680572509765625e+01
1.473256492614746094e+01
1.464775943756103516e+01
1.462510108947753906e+01
1.465601348876953125e+01
1.467733478546142578e+01
1.466411590576171875e+01
1.466596031188964844e+01
1.464780807495117188e+01
1.474364662170410156e+01
1.477606773376464844e+01
1.475662040710449219e+01
1.473147964477539062e+01
1.482563114166259766e+01
1.477925109863281250e+01
1.474960994720458984e+01
1.471560478210449219e+01
1.477965545654296875e+01
1.480643463134765625e+01
1.487517356872558594e+01
1.485815811157226562e+01
1.476980590820312500e+01
1.484031486511230469e+01
1.483522033691406250e+01
1.485079574584960938e+01
1.484654045104980469e+01
1.470279979705810547e+01
1.473369789123535156e+01
1.483149528503417969e+01
1.476773071289062500e+01
1.471131896972656250e+01
1.473324203491210938e+01
1.473784923553466797e+01
1.460570526123046875e+01
1.462727165222167969e+01
1.472939205169677734e+01
1.472792339324951172e+01
1.467737388610839844e+01
1.475273704528808594e+01
1.466036319732666016e+01
1.475465011596679688e+01
1.463774299621582031e+01
1.471607780456542969e+01
1.469038963317871094e+01
1.470730686187744141e+01
1.477013683319091797e+01
1.479371261596679688e+01
1.485625267028808594e+01
1.483582496643066406e+01
1.485445117950439453e+01
1.490615844726562500e+01
1.486223125457763672e+01
1.494435691833496094e+01
1.485543346405029297e+01
1.484150218963623047e+01
1.480895233154296875e+01
1.476182174682617188e+01
1.479561996459960938e+01
1.474925041198730469e+01
1.489110660552978516e+01
1.493153476715087891e+01
1.495192241668701172e+01
1.494793128967285156e+01
1.498439502716064453e+01
1.505154895782470703e+01
1.503069114685058594e+01
1.500537490844726562e+01
1.507526969909667969e+01
1.505514717102050781e+01
1.505039787292480469e+01
1.496658897399902344e+01
1.501755046844482422e+01
1.502105426788330078e+01
1.501712894439697266e+01
1.499848651885986328e+01
1.495809078216552734e+01
1.495520591735839844e+01
1.493307685852050781e+01
1.482405948638916016e+01
1.487518024444580078e+01
1.481069946289062500e+01
1.485089874267578125e+01
1.481394481658935547e+01
1.488759994506835938e+01
1.489833831787109375e+01
1.487744522094726562e+01
1.499423599243164062e+01
1.497228050231933594e+01
1.499245738983154297e+01
1.499360179901123047e+01
1.492407989501953125e+01
1.497990131378173828e+01
1.503203392028808594e+01
1.498812770843505859e+01
1.508552551269531250e+01
1.496629524230957031e+01
1.492750740051269531e+01
1.492509555816650391e+01
1.510044860839843750e+01
1.499393463134765625e+01
1.490769004821777344e+01
1.496079444885253906e+01
1.503258705139160156e+01
1.507682323455810547e+01
1.503762817382812500e+01
1.496068191528320312e+01
1.504738807678222656e+01
1.496670913696289062e+01
1.487903118133544922e+01
1.495757007598876953e+01
1.500797271728515625e+01
1.488316822052001953e+01
1.496616172790527344e+01
1.493072700500488281e+01
1.496463680267333984e+01
1.500734138488769531e+01
1.493232345581054688e+01
1.491037368774414062e+01
1.496537017822265625e+01
1.509396553039550781e+01
1.502794170379638672e+01
1.497908020019531250e+01
1.501484775543212891e+01
1.493814277648925781e+01
1.483920288085937500e+01
1.490649604797363281e+01
1.483189010620117188e+01
1.498201179504394531e+01
1.498681545257568359e+01
1.501450443267822266e+01
1.506740760803222656e+01
1.499700546264648438e+01
1.504143428802490234e+01
1.511331748962402344e+01
1.495302772521972656e+01
1.506240367889404297e+01
1.501218700408935547e+01
1.508714485168457031e+01
1.499634361267089844e+01
1.490826225280761719e+01
1.490429210662841797e+01
1.494909477233886719e+01
1.499683761596679688e+01
1.504003143310546875e+01
1.509199810028076172e+01
1.503983116149902344e+01
1.498177719116210938e+01
1.492433166503906250e+01
1.484636783599853516e+01
1.484833717346191406e+01
1.498986816406250000e+01
1.494018173217773438e+01
1.489103031158447266e+01
1.503877449035644531e+01
1.507806015014648438e+01
1.504241943359375000e+01
1.504393959045410156e+01
1.485754966735839844e+01
1.498815155029296875e+01
1.496005058288574219e+01
1.496859645843505859e+01
1.489344024658203125e+01
1.490958595275878906e+01
1.492343902587890625e+01
1.501376342773437500e+01
1.509803962707519531e+01
1.495191097259521484e+01
1.507990837097167969e+01
1.496254730224609375e+01
1.503220748901367188e+01
1.491773796081542969e+01
1.488169384002685547e+01
1.491221427917480469e+01
1.490521812438964844e+01
1.498571681976318359e+01
1.491698646545410156e+01
1.496234703063964844e+01
1.496473979949951172e+01
1.493125343322753906e+01
1.495646953582763672e+01
1.503614425659179688e+01
1.500239372253417969e+01
1.501862239837646484e+01
1.501131153106689453e+01
1.499359703063964844e+01
1.501016712188720703e+01
1.505601787567138672e+01
1.491627407073974609e+01
1.500685691833496094e+01
1.500982570648193359e+01
1.501035118103027344e+01
1.493646621704101562e+01
1.504779911041259766e+01
1.502528381347656250e+01
1.510513687133789062e+01
1.498788833618164062e+01
1.507968521118164062e+01
1.510988426208496094e+01
1.503400230407714844e+01
1.493096160888671875e+01
1.501121520996093750e+01
1.505145835876464844e+01
1.494331550598144531e+01
1.498445510864257812e+01
1.496435356140136719e+01
1.500912094116210938e+01
1.510468578338623047e+01
1.497355747222900391e+01
1.501549339294433594e+01
1.497640991210937500e+01
1.495917129516601562e+01
1.502893924713134766e+01
1.498564529418945312e+01
1.501158046722412109e+01
1.508948707580566406e+01
1.510221862792968750e+01
1.513603115081787109e+01
1.519878387451171875e+01
1.523134517669677734e+01
1.522314643859863281e+01
1.523988914489746094e+01
1.516520214080810547e+01
1.518737602233886719e+01
1.519865417480468750e+01
1.520432472229003906e+01
1.506120395660400391e+01
1.514013767242431641e+01
1.512483215332031250e+01
1.516185379028320312e+01
1.506969738006591797e+01
1.507886314392089844e+01
1.511227035522460938e+01
1.511004447937011719e+01
1.511504364013671875e+01
1.506639480590820312e+01
1.524038791656494141e+01
1.511905288696289062e+01
1.508922290802001953e+01
1.508095550537109375e+01
1.521708774566650391e+01
1.515030097961425781e+01
1.519471073150634766e+01
1.506877708435058594e+01
1.511127090454101562e+01
1.506178283691406250e+01
1.514665889739990234e+01
1.517826175689697266e+01
1.513299560546875000e+01
1.510453224182128906e+01
1.515626716613769531e+01
1.519709587097167969e+01
1.528127384185791016e+01
1.523527336120605469e+01
1.525891876220703125e+01
1.524536895751953125e+01
1.514291191101074219e+01
1.513288307189941406e+01
1.518762779235839844e+01
1.515811920166015625e+01
1.520114135742187500e+01
1.519565200805664062e+01
1.517141342163085938e+01
1.512352657318115234e+01
1.515762996673583984e+01
1.516827774047851562e+01
1.517325782775878906e+01
1.507039165496826172e+01
1.509632492065429688e+01
1.522796249389648438e+01
1.526382064819335938e+01
1.533144950866699219e+01
1.529097938537597656e+01
1.532305717468261719e+01
1.525455665588378906e+01
1.522724723815917969e+01
1.532664775848388672e+01
1.526717472076416016e+01
1.525054931640625000e+01
1.526646804809570312e+01
1.530189323425292969e+01
1.531982040405273438e+01
1.528774166107177734e+01
1.523001861572265625e+01
1.516475677490234375e+01
1.518259620666503906e+01
1.521060085296630859e+01
1.520927047729492188e+01
1.529434204101562500e+01
1.524617004394531250e+01
1.522323131561279297e+01
1.539316844940185547e+01
1.522367477416992188e+01
1.526417922973632812e+01
1.526244831085205078e+01
1.524211692810058594e+01
1.527455520629882812e+01
1.513751220703125000e+01
1.525039577484130859e+01
1.524368190765380859e+01
1.527635955810546875e+01
1.526148796081542969e+01
1.533121681213378906e+01
1.531762218475341797e+01
1.536674213409423828e+01
1.531323432922363281e+01
1.544607162475585938e+01
1.533831882476806641e+01
1.531212615966796875e+01
1.539085769653320312e+01
1.533549690246582031e+01
1.544838905334472656e+01
1.539744377136230469e+01
1.537145042419433594e+01
1.541973495483398438e+01
1.543567180633544922e+01
1.540763092041015625e+01
1.528392982482910156e+01
1.533123588562011719e+01
1.536757755279541016e+01
1.528372383117675781e+01
1.524800968170166016e+01
1.516202354431152344e+01
1.526933765411376953e+01
1.526724338531494141e+01
1.518686866760253906e+01
1.520086097717285156e+01
1.522831630706787109e+01
1.539255714416503906e+01
1.539501571655273438e+01
1.541222953796386719e+01
1.546737384796142578e+01
1.545388698577880859e+01
1.548374938964843750e+01
1.554189109802246094e+01
1.548913288116455078e+01
1.545540428161621094e+01
1.539633178710937500e+01
1.535213851928710938e+01
1.521593379974365234e+01
1.532688331604003906e+01
1.533084201812744141e+01
1.524558067321777344e+01
1.533479595184326172e+01
1.535025596618652344e+01
1.540548038482666016e+01
1.539351463317871094e+01
1.538155364990234375e+01
1.543634796142578125e+01
1.536138534545898438e+01
1.535049629211425781e+01
1.517346382141113281e+01
1.530981636047363281e+01
1.532741641998291016e+01
1.535091209411621094e+01
1.532239246368408203e+01
1.539791679382324219e+01
1.541623115539550781e+01
1.542999935150146484e+01
1.540258598327636719e+01
1.542625617980957031e+01
1.543758010864257812e+01
1.542486095428466797e+01
1.546438407897949219e+01
1.551029682159423828e+01
1.548287010192871094e+01
1.552626895904541016e+01
1.556412506103515625e+01
1.555399799346923828e+01
1.552353096008300781e+01
1.552970886230468750e+01
1.557347393035888672e+01
1.544581508636474609e+01
1.546297168731689453e+01
1.545482635498046875e+01
1.546563053131103516e+01
1.538356494903564453e+01
1.529952335357666016e+01
1.518972969055175781e+01
1.531983375549316406e+01
1.531605148315429688e+01
1.544406890869140625e+01
1.538722038269042969e+01
1.532697677612304688e+01
1.549125194549560547e+01
1.543582916259765625e+01
1.551317596435546875e+01
1.554867744445800781e+01
1.549419212341308594e+01
1.546693801879882812e+01
1.547027587890625000e+01
1.540013694763183594e+01
1.547809600830078125e+01
1.546549987792968750e+01
1.537037086486816406e+01
1.540563011169433594e+01
1.554013252258300781e+01
1.546790313720703125e+01
1.531383895874023438e+01
1.535549449920654297e+01
1.544146251678466797e+01
1.544032001495361328e+01
1.553789901733398438e+01
1.562078094482421875e+01
1.549390506744384766e+01
1.550248527526855469e+01
1.541461181640625000e+01
1.537604141235351562e+01
1.534535026550292969e+01
1.537321281433105469e+01
1.529748535156250000e+01
1.530636787414550781e+01
1.531749534606933594e+01
1.541591453552246094e+01
1.536706638336181641e+01
1.536578750610351562e+01
1.541047286987304688e+01
1.543090629577636719e+01
1.543546772003173828e+01
1.533656597137451172e+01
1.551352119445800781e+01
1.546030044555664062e+01
1.538296127319335938e+01
1.532797813415527344e+01
1.538850307464599609e+01
1.552289485931396484e+01
1.547216796875000000e+01
1.544794654846191406e+01
1.543442058563232422e+01
1.552855396270751953e+01
1.541868114471435547e+01
1.548360633850097656e+01
1.541488933563232422e+01
1.546295452117919922e+01
1.552179527282714844e+01
1.552776908874511719e+01
1.549122142791748047e+01
1.551035881042480469e+01
1.552953910827636719e+01
1.547829341888427734e+01
1.545613861083984375e+01
1.549581336975097656e+01
1.555926132202148438e+01
1.550086784362792969e+01
1.549877071380615234e+01
1.540229034423828125e+01
1.540972328186035156e+01
1.548763942718505859e+01
1.551259326934814453e+01
1.547508811950683594e+01
1.546933650970458984e+01
1.549741840362548828e+01
1.545908069610595703e+01
1.545320224761962891e+01
1.548761367797851562e+01
1.542740154266357422e+01
1.547793388366699219e+01
1.551300811767578125e+01
1.543414497375488281e+01
1.541328620910644531e+01
1.543825244903564453e+01
1.547441291809082031e+01
1.556050109863281250e+01
1.550192451477050781e+01
1.549610900878906250e+01
1.542336654663085938e+01
1.543931198120117188e+01
1.540379714965820312e+01
1.555273628234863281e+01
1.560229015350341797e+01
1.548917007446289062e+01
1.550845527648925781e+01
1.549665546417236328e+01
1.546938514709472656e+01
1.551296615600585938e+01
1.545360088348388672e+01
1.543892478942871094e+01
1.553916645050048828e+01
1.548919200897216797e+01
1.549088859558105469e+01
1.540920734405517578e+01
1.550367736816406250e+01
1.551347351074218750e+01
1.562348937988281250e+01
1.555218505859375000e+01
1.558893871307373047e+01
1.559617996215820312e+01
1.558808326721191406e+01
1.546873474121093750e+01
1.556835746765136719e+01
1.556392097473144531e+01
1.558237075805664062e+01
1.555464744567871094e+01
1.552590847015380859e+01
1.556636905670166016e+01
1.552882003784179688e+01
1.551114940643310547e+01
1.545570945739746094e+01
1.535103797912597656e+01
1.549220275878906250e+01
1.555048751831054688e+01
1.558151340484619141e+01
1.550506782531738281e+01
1.560068798065185547e+01
1.558035755157470703e+01
1.557127761840820312e+01
1.550878047943115234e+01
1.552135658264160156e+01
1.556641960144042969e+01
1.558332061767578125e+01
1.551450824737548828e+01
1.558724021911621094e+01
1.551321029663085938e+01
1.555435848236083984e+01
1.546345520019531250e+01
1.546084594726562500e+01
1.559367656707763672e+01
1.547767448425292969e+01
1.563328170776367188e+01
1.562881469726562500e+01
1.566787528991699219e+01
1.557208442687988281e+01
1.556729316711425781e+01
1.558632373809814453e+01
1.557025909423828125e+01
1.556178951263427734e+01
1.564677143096923828e+01
1.567284297943115234e+01
1.553152465820312500e+01
1.551820755004882812e+01
1.563803672790527344e+01
1.560509586334228516e+01
1.557684707641601562e+01
1.562969779968261719e+01
1.566034412384033203e+01
1.561827468872070312e+01
1.556084060668945312e+01
1.546023464202880859e+01
1.557173919677734375e+01
1.567409133911132812e+01
1.558230972290039062e+01
1.557442760467529297e+01
1.557756710052490234e+01
1.564395904541015625e+01
1.558964538574218750e+01
1.558409500122070312e+01
1.563853549957275391e+01
1.558229637145996094e+01
1.563968467712402344e+01
1.565085983276367188e+01
1.565323638916015625e+01
1.571687221527099609e+01
1.569964218139648438e+01
1.575060653686523438e+01
1.561366081237792969e+01
1.562794876098632812e+01
1.558028697967529297e+01
1.560602664947509766e+01
1.554030036926269531e+01
1.546092796325683594e+01
1.560861968994140625e+01
1.561489295959472656e+01
1.562982177734375000e+01
1.567740535736083984e+01
1.574943733215332031e+01
1.568904113769531250e+01
1.562019634246826172e+01
1.564771080017089844e+01
1.574350929260253906e+01
1.566138935089111328e+01
1.563660049438476562e+01
1.556585693359375000e+01
1.564452266693115234e+01
1.565587043762207031e+01
1.571308898925781250e+01
1.581562137603759766e+01
1.578039360046386719e+01
1.593494796752929688e+01
1.590441131591796875e+01
1.588850212097167969e+01
1.585461425781250000e+01
1.577189445495605469e+01
1.582340717315673828e+01
1.579605674743652344e+01
1.588490962982177734e+01
1.590910720825195312e+01
1.592098236083984375e+01
1.590618324279785156e+01
1.592575359344482422e+01
1.579797267913818359e+01
1.587260055541992188e+01
1.588220787048339844e+01
1.581774806976318359e+01
1.594660091400146484e+01
1.593113517761230469e+01
1.599751472473144531e+01
1.590304946899414062e+01
1.594193744659423828e+01
1.595411682128906250e+01
1.584186935424804688e+01
1.586089897155761719e+01
1.576061725616455078e+01
1.587166690826416016e+01
1.579458045959472656e+01
1.566995239257812500e+01
1.566810798645019531e+01
1.572434616088867188e+01
1.584551048278808594e+01
1.580932807922363281e+01
1.576732921600341797e+01
1.577189064025878906e+01
1.575565719604492188e+01
1.578263759613037109e+01
1.579563140869140625e+01
1.574436759948730469e+01
1.564515495300292969e+01
1.566205024719238281e+01
1.570272541046142578e+01
1.573540973663330078e+01
1.582496261596679688e+01
1.567744827270507812e+01
1.572445487976074219e+01
1.573249912261962891e+01
1.579249095916748047e+01
1.578171539306640625e+01
1.585619449615478516e+01
1.578608894348144531e+01
1.569426250457763672e+01
1.577331352233886719e+01
1.587930011749267578e+01
1.580109596252441406e+01
1.577222824096679688e+01
1.582444763183593750e+01
1.584189224243164062e+01
1.580248451232910156e+01
1.576215744018554688e+01
1.577683067321777344e+01
1.582617187500000000e+01
1.573310661315917969e+01
1.575677585601806641e+01
1.576415443420410156e+01
1.586405754089355469e+01
1.579942703247070312e+01
1.575977420806884766e+01
1.588887310028076172e+01
1.582640647888183594e+01
1.579135990142822266e+01
1.584225368499755859e+01
1.587704563140869141e+01
1.588891887664794922e+01
1.577516174316406250e+01
1.581531143188476562e+01
1.571553611755371094e+01
1.572666168212890625e+01
1.568037414550781250e+01
1.568487930297851562e+01
1.576745223999023438e+01
1.575880718231201172e+01
1.580967330932617188e+01
1.572175693511962891e+01
1.578957176208496094e+01
1.578739261627197266e+01
1.576798152923583984e+01
1.570405673980712891e+01
1.570044517517089844e+01
1.566943931579589844e+01
1.568056678771972656e+01
1.572445964813232422e+01
1.580052375793457031e+01
1.574436569213867188e+01
1.579635334014892578e+01
1.570875167846679688e+01
1.577724075317382812e+01
1.569091987609863281e+01
1.577834033966064453e+01
1.583505153656005859e+01
1.593085289001464844e+01
1.592984580993652344e+01
1.590131568908691406e+01
1.581131553649902344e+01
1.584061241149902344e+01
1.581390380859375000e+01
1.586165428161621094e+01
1.583569908142089844e+01
1.580113983154296875e+01
1.577943706512451172e+01
1.576394176483154297e+01
1.578590869903564453e+01
1.584267807006835938e+01
1.597776222229003906e+01
1.591051101684570312e+01
1.589996719360351562e+01
1.595896911621093750e+01
1.600676345825195312e+01
1.595773315429687500e+01
1.595829963684082031e+01
1.588577270507812500e+01
1.578625106811523438e+01
1.578106689453125000e+01
1.581724357604980469e+01
1.589554595947265625e+01
1.577964210510253906e+01
1.579438209533691406e+01
1.584531116485595703e+01
1.586079311370849609e+01
1.583338356018066406e+01
1.583749294281005859e+01
1.581620883941650391e+01
1.582181549072265625e+01
1.579366302490234375e+01
1.585602283477783203e+01
1.585696029663085938e+01
1.590580463409423828e+01
1.586138725280761719e+01
1.592919635772705078e+01
1.597860908508300781e+01
1.594280147552490234e+01
1.584444141387939453e+01
1.591161441802978516e+01
1.583377838134765625e+01
1.593593406677246094e+01
1.591567993164062500e+01
1.603141403198242188e+01
1.595236968994140625e+01
1.602846527099609375e+01
1.606636428833007812e+01
1.612391662597656250e+01
1.606597900390625000e+01
1.610368919372558594e+01
1.610945892333984375e+01
1.611137771606445312e+01
1.603583908081054688e+01
1.609155464172363281e+01
1.599422550201416016e+01
1.602738571166992188e+01
1.600321578979492188e+01
1.601221084594726562e+01
1.590699863433837891e+01
1.592748737335205078e+01
1.598751354217529297e+01
1.602297592163085938e+01
1.590347957611083984e+01
1.594678497314453125e+01
1.589216041564941406e+01
1.588882160186767578e+01
1.603404045104980469e+01
1.597113418579101562e+01
1.601287460327148438e+01
1.591660308837890625e+01
1.601916503906250000e+01
1.607000923156738281e+01
1.606080436706542969e+01
1.608762931823730469e+01
1.602527046203613281e+01
1.606051254272460938e+01
1.594345283508300781e+01
1.591385746002197266e+01
1.593728065490722656e+01
1.589997673034667969e+01
1.595057868957519531e+01
1.592388343811035156e+01
1.589097213745117188e+01
1.592150497436523438e+01
1.601248168945312500e+01
1.607726669311523438e+01
1.591521835327148438e+01
1.588229084014892578e+01
1.591827011108398438e+01
1.592767333984375000e+01
1.596624660491943359e+01
1.591165542602539062e+01
1.568156147003173828e+01
1.581048011779785156e+01
1.578722381591796875e+01
1.578984260559082031e+01
1.581093597412109375e+01
1.589960384368896484e+01
1.579237747192382812e+01
1.594897651672363281e+01
1.593791770935058594e+01
1.588778781890869141e+01
1.593345928192138672e+01
1.602344322204589844e+01
1.606013488769531250e+01
1.602578544616699219e+01
1.599329662322998047e+01
1.610543060302734375e+01
1.604093170166015625e+01
1.599839210510253906e+01
1.594264030456542969e+01
1.595796680450439453e+01
1.604449462890625000e+01
1.610426712036132812e+01
1.628952980041503906e+01
1.616869163513183594e+01
1.604900932312011719e+01
1.601145935058593750e+01
1.605026626586914062e+01
1.598449707031250000e+01
1.595442485809326172e+01
1.600200653076171875e+01
1.603438568115234375e+01
1.600379562377929688e+01
1.607781982421875000e+01
1.595710086822509766e+01
1.598096084594726562e+01
1.613504028320312500e+01
1.618609619140625000e+01
1.614990997314453125e+01
1.605792999267578125e+01
1.612405776977539062e+01
1.606477165222167969e+01
1.608812332153320312e+01
1.607514953613281250e+01
1.622200202941894531e+01
1.618645858764648438e+01
1.619353485107421875e+01
1.615429687500000000e+01
1.620816612243652344e+01
1.618359375000000000e+01
1.616813659667968750e+01
1.604731750488281250e+01
1.616111755371093750e+01
1.608431243896484375e+01
1.602870941162109375e+01
1.600115966796875000e+01
1.608686065673828125e+01
1.599029159545898438e+01
1.607069396972656250e+01
1.597985076904296875e+01
1.592772388458251953e+01
1.598341178894042969e+01
1.588264656066894531e+01
1.587656402587890625e+01
1.576825046539306641e+01
1.575237083435058594e+01
1.573068809509277344e+01
1.572264099121093750e+01
1.562874794006347656e+01
1.564202308654785156e+01
1.579743385314941406e+01
1.590932655334472656e+01
1.592440605163574219e+01
1.590665817260742188e+01
1.597588729858398438e+01
1.602010154724121094e+01
1.601529121398925781e+01
1.602181053161621094e+01
1.604647636413574219e+01
1.610027694702148438e+01
1.620068931579589844e+01
1.610807037353515625e+01
1.611371231079101562e+01
1.612514305114746094e+01
1.615678787231445312e+01
1.613561248779296875e+01
1.615389251708984375e+01
1.599181652069091797e+01
1.600847434997558594e+01
1.605998420715332031e+01
1.603061294555664062e+01
1.609725189208984375e+01
1.614366149902343750e+01
1.609659385681152344e+01
1.599267959594726562e+01
1.605694198608398438e+01
1.601438903808593750e+01
1.599404716491699219e+01
1.602987289428710938e+01
1.619612884521484375e+01
1.614215087890625000e+01
1.611465072631835938e+01
1.614658546447753906e+01
1.603709220886230469e+01
1.616961288452148438e+01
1.606680297851562500e+01
1.595735359191894531e+01
1.602574539184570312e+01
1.605564117431640625e+01
1.603281974792480469e+01
1.608254241943359375e+01
1.598593235015869141e+01
1.591887569427490234e+01
1.585564994812011719e+01
1.594650459289550781e+01
1.609253120422363281e+01
1.602056503295898438e+01
1.599325275421142578e+01
1.600177764892578125e+01
1.604753875732421875e+01
1.598216247558593750e+01
1.609410095214843750e+01
1.595632934570312500e+01
1.589029598236083984e+01
1.585210037231445312e+01
1.604845046997070312e+01
1.604612541198730469e+01
1.599026584625244141e+01
1.591825199127197266e+01
1.586412143707275391e+01
1.587251663208007812e+01
1.584522724151611328e+01
1.581759452819824219e+01
1.597294235229492188e+01
1.594672489166259766e+01
1.601495552062988281e+01
1.592737865447998047e+01
1.594469547271728516e+01
1.595956134796142578e+01
1.604211807250976562e+01
1.611831665039062500e+01
1.600095748901367188e+01
1.612001800537109375e+01
1.600801658630371094e+01
1.610778427124023438e+01
1.604043006896972656e+01
1.601462936401367188e+01
1.605782318115234375e+01
1.607828140258789062e+01
1.590529251098632812e+01
1.591616439819335938e+01
1.608170318603515625e+01
1.601564788818359375e+01
1.598182296752929688e+01
1.601958465576171875e+01
1.604273796081542969e+01
1.595487403869628906e+01
1.586489295959472656e+01
1.587068748474121094e+01
1.599855422973632812e+01
1.592771053314208984e+01
1.577502632141113281e+01
1.589131450653076172e+01
1.590204715728759766e+01
1.584515380859375000e+01
1.588948917388916016e+01
1.600882911682128906e+01
1.595639610290527344e+01
1.589550590515136719e+01
1.592514038085937500e+01
1.600195312500000000e+01
1.587430095672607422e+01
1.593222045898437500e+01
1.597344493865966797e+01
1.589716720581054688e+01
1.591774845123291016e+01
1.588177680969238281e+01
1.582121849060058594e+01
1.582110404968261719e+01
1.593031501770019531e+01
1.592220497131347656e+01
1.595889663696289062e+01
1.594297409057617188e+01
1.602601432800292969e+01
1.598058605194091797e+01
1.605742073059082031e+01
1.595443534851074219e+01
1.601331710815429688e+01
1.598852443695068359e+01
1.606151771545410156e+01
1.598403930664062500e+01
1.596017074584960938e+01
1.600201034545898438e+01
1.591025733947753906e+01
1.590074348449707031e+01
1.592859840393066406e+01
1.592049121856689453e+01
1.585591220855712891e+01
1.592114639282226562e+01
1.599898910522460938e+01
1.605671310424804688e+01
1.609648323059082031e+01
1.607130050659179688e+01
1.614488983154296875e+01
1.610042572021484375e+01
1.609827423095703125e+01
1.612264633178710938e+01
1.609190559387207031e+01
1.612589454650878906e+01
1.619791030883789062e+01
1.612170982360839844e+01
1.612961959838867188e+01
1.617698669433593750e+01
1.618491935729980469e+01
1.624085998535156250e+01
1.619792747497558594e+01
1.610204315185546875e+01
1.625865173339843750e+01
1.629116439819335938e+01
1.619655418395996094e+01
1.624522972106933594e+01
1.637327766418457031e+01
1.629065322875976562e+01
1.616408729553222656e+01
1.618165206909179688e+01
1.626504325866699219e+01
1.629760360717773438e+01
1.627821540832519531e+01
1.618565368652343750e+01
1.631351089477539062e+01
1.635490798950195312e+01
1.630348968505859375e+01
1.624861907958984375e+01
1.630022430419921875e+01
1.632175064086914062e+01
1.623402976989746094e+01
1.624089241027832031e+01
1.623666000366210938e+01
1.620990943908691406e+01
1.619176292419433594e+01
1.618483543395996094e+01
1.626965713500976562e+01
1.612781143188476562e+01
1.611965370178222656e+01
1.614772224426269531e+01
1.607351684570312500e+01
1.613645172119140625e+01
1.627103996276855469e+01
1.621112823486328125e+01
1.626739120483398438e+01
1.625142669677734375e+01
1.613264083862304688e+01
1.620891189575195312e+01
1.629463195800781250e+01
1.623172760009765625e+01
1.611592674255371094e+01
1.620876884460449219e+01
1.611417007446289062e+01
1.608814620971679688e+01
1.602892494201660156e+01
1.598369789123535156e+01
1.594136810302734375e+01
1.606509590148925781e+01
1.612064170837402344e+01
1.621918106079101562e+01
1.615964889526367188e+01
1.612871932983398438e+01
1.601830863952636719e+01
1.598648738861083984e+01
1.607967758178710938e+01
1.612607574462890625e+01
1.610625076293945312e+01
1.617549896240234375e+01
1.609910583496093750e+01
1.618130111694335938e+01
1.614702224731445312e+01
1.616276359558105469e+01
1.608934783935546875e+01
1.601805496215820312e+01
1.608763122558593750e+01
1.603714370727539062e+01
1.615609359741210938e+01
1.623079681396484375e+01
1.620774078369140625e+01
1.625769424438476562e+01
1.623464965820312500e+01
1.616437911987304688e+01
1.622028350830078125e+01
1.622317123413085938e+01
1.623966598510742188e+01
1.627102279663085938e+01
1.625065994262695312e+01
1.624662399291992188e+01
1.627834701538085938e+01
1.629970169067382812e+01
1.625522994995117188e+01
1.617319107055664062e+01
1.622706985473632812e+01
1.619162940979003906e+01
1.623257637023925781e+01
1.621498489379882812e+01
1.621642303466796875e+01
1.609061431884765625e+01
1.617846679687500000e+01
1.620094299316406250e+01
1.605839347839355469e+01
1.619973373413085938e+01
1.638792037963867188e+01
1.628689956665039062e+01
1.624990081787109375e+01
1.635842895507812500e+01
1.623503494262695312e+01
1.635366058349609375e+01
1.627756881713867188e+01
1.624851226806640625e+01
1.628196525573730469e+01
1.632283020019531250e+01
1.632616043090820312e+01
1.631130218505859375e+01
1.626113319396972656e+01
1.633982658386230469e+01
1.628891372680664062e+01
1.630106353759765625e+01
1.629307937622070312e+01
1.625808906555175781e+01
1.623542022705078125e+01
1.633117675781250000e+01
1.628522109985351562e+01
1.620133018493652344e+01
1.619514465332031250e+01
1.612996101379394531e+01
1.618264007568359375e+01
1.620047187805175781e+01
1.620606231689453125e+01
1.611265373229980469e+01
1.620103836059570312e+01
1.631124877929687500e+01
1.625386810302734375e+01
1.631216430664062500e+01
1.626301956176757812e+01
1.634254455566406250e+01
1.619842147827148438e+01
1.625084877014160156e+01
1.627191543579101562e+01
1.620339965820312500e+01
1.619262695312500000e+01
1.626104927062988281e+01
1.628512954711914062e+01
1.634387397766113281e+01
1.627778625488281250e+01
1.636673164367675781e+01
1.621654510498046875e+01
1.631187820434570312e+01
1.612376022338867188e+01
1.622109031677246094e+01
1.626802825927734375e+01
1.633804702758789062e+01
1.643331146240234375e+01
1.633421325683593750e+01
1.642818450927734375e+01
1.626922416687011719e+01
1.630856704711914062e+01
1.625430107116699219e+01
1.632915496826171875e+01
1.629565048217773438e+01
1.629071426391601562e+01
1.619633674621582031e+01
1.624806213378906250e+01
1.627068519592285156e+01
1.637081146240234375e+01
1.628372192382812500e+01
1.624329566955566406e+01
1.628884506225585938e+01
1.622509002685546875e+01
1.614184570312500000e+01
1.622352218627929688e+01
1.622487640380859375e+01
1.624843978881835938e+01
1.631583786010742188e+01
1.629515647888183594e+01
1.626349639892578125e+01
1.624361419677734375e+01
1.623750686645507812e+01
1.625934028625488281e+01
1.620212364196777344e+01
1.624314689636230469e+01
1.632299804687500000e+01
1.621796798706054688e+01
1.632033157348632812e+01
1.625312042236328125e+01
1.622743988037109375e+01
1.623167800903320312e+01
1.619841003417968750e+01
1.624897384643554688e+01
1.621377944946289062e+01
1.635592460632324219e+01
1.634857559204101562e+01
1.631150817871093750e+01
1.625214767456054688e+01
1.620879554748535156e+01
1.620396232604980469e+01
1.619937896728515625e+01
1.628656578063964844e+01
1.622518539428710938e+01
1.611042404174804688e+01
1.610796356201171875e+01
1.601870346069335938e+01
1.605027389526367188e+01
1.619689941406250000e+01
1.616089820861816406e+01
1.620970344543457031e+01
1.625807762145996094e+01
1.629883384704589844e+01
1.631212234497070312e+01
1.631403350830078125e+01
1.637654876708984375e+01
1.625327491760253906e+01
1.623451995849609375e+01
1.627240371704101562e+01
1.636612319946289062e+01
1.626830291748046875e+01
1.618807220458984375e+01
1.614010047912597656e+01
1.622457504272460938e+01
1.626767730712890625e+01
1.635591125488281250e+01
1.628077316284179688e+01
1.630703544616699219e+01
1.618773460388183594e+01
1.614254188537597656e+01
1.615708923339843750e+01
1.615350532531738281e+01
1.616278076171875000e+01
1.631461143493652344e+01
1.646770095825195312e+01
1.638289833068847656e+01
1.623751068115234375e+01
1.633947563171386719e+01
1.626547622680664062e+01
1.632237052917480469e+01
1.649846839904785156e+01
1.639542961120605469e+01
1.638238906860351562e+01
1.656360054016113281e+01
1.649890136718750000e+01
1.643079948425292969e+01
1.635644340515136719e+01
1.650345420837402344e+01
1.654584503173828125e+01
1.644408798217773438e+01
1.639229011535644531e+01
1.634221458435058594e+01
1.642494964599609375e+01
1.645294952392578125e+01
1.644517517089843750e+01
1.636798477172851562e+01
1.638505554199218750e+01
1.644899368286132812e+01
1.644147682189941406e+01
1.643579101562500000e+01
1.645462417602539062e+01
1.633756637573242188e+01
1.642220687866210938e+01
1.646939468383789062e+01
1.656649208068847656e+01
1.642362976074218750e+01
1.635392951965332031e+01
1.630496788024902344e+01
1.640099334716796875e+01
1.637317466735839844e+01
1.639434623718261719e+01
1.640694808959960938e+01
1.638866043090820312e+01
1.632047843933105469e+01
1.644186973571777344e+01
1.640660858154296875e+01
1.638830184936523438e+01
1.637494468688964844e+01
1.633102798461914062e+01
1.620905113220214844e+01
1.627449417114257812e+01
1.637564086914062500e+01
1.639145851135253906e+01
1.635712242126464844e+01
1.627782058715820312e+01
1.632998275756835938e+01
1.631236648559570312e+01
1.631459808349609375e+01
1.618658447265625000e+01
1.612100982666015625e+01
1.614962005615234375e+01
1.633333206176757812e+01
1.614671134948730469e+01
1.631983566284179688e+01
1.636346244812011719e+01
1.629695129394531250e+01
1.623741149902343750e+01
1.627304077148437500e+01
1.634783554077148438e+01
1.635533523559570312e+01
1.630791664123535156e+01
1.623313903808593750e+01
1.625379943847656250e+01
1.617636871337890625e+01
1.613323593139648438e+01
1.614649581909179688e+01
1.612365341186523438e+01
1.615388870239257812e+01
1.617187500000000000e+01
1.615691947937011719e+01
1.618284606933593750e+01
1.621333885192871094e+01
1.616736221313476562e+01
1.616615486145019531e+01
1.615972709655761719e+01
1.619931411743164062e+01
1.613941574096679688e+01
1.612249946594238281e+01
1.618729019165039062e+01
1.602458572387695312e+01
1.615406036376953125e+01
1.614073944091796875e+01
1.611884307861328125e+01
1.618197250366210938e+01
1.618955612182617188e+01
1.624172019958496094e+01
1.614278793334960938e+01
1.611451339721679688e+01
1.626254272460937500e+01
1.626960563659667969e+01
1.622891998291015625e+01
1.625107192993164062e+01
1.620479583740234375e+01
1.619639015197753906e+01
1.609429931640625000e+01
1.605198669433593750e+01
1.604342079162597656e+01
1.602116775512695312e+01
1.608974266052246094e+01
1.608000564575195312e+01
1.605787849426269531e+01
1.612022590637207031e+01
1.624021148681640625e+01
1.624872779846191406e+01
1.629419326782226562e+01
1.630958175659179688e+01
1.624929809570312500e+01
1.626384353637695312e+01
1.626174163818359375e+01
1.625319099426269531e+01
1.621823692321777344e+01
1.628876876831054688e+01
1.624805259704589844e+01
1.629603576660156250e+01
1.619017410278320312e+01
1.621034622192382812e+01
1.629081726074218750e+01
1.626720046997070312e+01
1.633494186401367188e+01
1.622072792053222656e+01
1.610654830932617188e+01
1.613420677185058594e+01
1.621046829223632812e+01
1.613347434997558594e+01
1.601859474182128906e+01
1.618533325195312500e+01
1.616108322143554688e+01
1.618221664428710938e+01
1.626796913146972656e+01
1.624010467529296875e+01
1.614061355590820312e+01
1.604989624023437500e+01
1.608451080322265625e+01
1.604469871520996094e+01
1.608420181274414062e+01
1.614622879028320312e+01
1.611507987976074219e+01
1.607665634155273438e+01
1.600399398803710938e+01
1.606064033508300781e+01
1.607403373718261719e+01
1.611998939514160156e+01
1.628584289550781250e+01
1.636256599426269531e+01
1.622613906860351562e+01
1.623573684692382812e+01
1.621863555908203125e+01
1.618802833557128906e+01
1.620914840698242188e+01
1.621500015258789062e+01
1.617644119262695312e+01
1.615560913085937500e+01
1.614390182495117188e+01
1.618043708801269531e+01
1.612177848815917969e+01
1.605825805664062500e+01
1.615222167968750000e+01
1.613809776306152344e+01
1.609528160095214844e+01
1.604149436950683594e+01
1.610172653198242188e+01
1.607736587524414062e+01
1.610667991638183594e+01
1.617355728149414062e+01
1.609766578674316406e+01
1.600954818725585938e+01
1.608761024475097656e+01
1.615046691894531250e+01
1.611826896667480469e+01
1.611011123657226562e+01
1.610921859741210938e+01
1.602126884460449219e+01
1.600778388977050781e+01
1.599240875244140625e+01
1.602021026611328125e+01
1.606977081298828125e+01
1.614534759521484375e+01
1.623517036437988281e+01
1.609952926635742188e+01
1.608559036254882812e+01
1.615650558471679688e+01
1.608280372619628906e+01
1.604216384887695312e+01
1.610262489318847656e+01
1.610135650634765625e+01
1.614559364318847656e+01
1.611263084411621094e+01
1.612689208984375000e+01
1.619403266906738281e+01
1.620902252197265625e+01
1.612672042846679688e+01
1.613480377197265625e+01
1.612854003906250000e+01
1.622450828552246094e+01
1.618463325500488281e+01
1.618064498901367188e+01
1.624216651916503906e+01
1.624949645996093750e+01
1.625696754455566406e+01
1.627382278442382812e+01
1.629362869262695312e+01
1.628723716735839844e+01
1.625781631469726562e+01
1.620519828796386719e+01
1.615917968750000000e+01
1.619492149353027344e+01
1.628502845764160156e+01
1.622430038452148438e+01
1.624121093750000000e+01
1.619552421569824219e+01
1.620370483398437500e+01
1.608970260620117188e+01
1.611870574951171875e+01
1.613723182678222656e+01
1.621531295776367188e+01
1.614694786071777344e+01
1.621844482421875000e+01
1.610434722900390625e+01
1.616591453552246094e+01
1.614771461486816406e+01
1.610229492187500000e+01
1.601929473876953125e+01
1.608948516845703125e+01
1.613284301757812500e+01
1.613385391235351562e+01
1.620662689208984375e+01
1.629057884216308594e+01
1.629190063476562500e+01
1.633456420898437500e+01
1.637575149536132812e+01
1.630372238159179688e+01
1.628984451293945312e+01
1.625553894042968750e+01
1.640875625610351562e+01
1.636902236938476562e+01
1.647772407531738281e+01
1.641065979003906250e+01
1.632049369812011719e+01
1.629297065734863281e+01
1.631555557250976562e+01
1.627161979675292969e+01
1.643323516845703125e+01
1.649662780761718750e+01
1.643191146850585938e+01
1.635170173645019531e+01
1.623617935180664062e+01
1.631599807739257812e+01
1.629617118835449219e+01
1.629980468750000000e+01
1.636005592346191406e+01
1.625410652160644531e+01
1.632011032104492188e+01
1.619064712524414062e+01
1.631053733825683594e+01
1.616059684753417969e+01
1.621255111694335938e+01
1.623208045959472656e+01
1.617129135131835938e+01
1.609342575073242188e+01
1.616527175903320312e+01
1.620891189575195312e+01
1.620855712890625000e+01
1.614618682861328125e+01
1.621823883056640625e+01
1.623631095886230469e+01
1.621042251586914062e+01
1.620066642761230469e+01
1.619755744934082031e+01
1.624485588073730469e+01
1.620627021789550781e+01
1.626056861877441406e+01
1.617424774169921875e+01
1.611240386962890625e+01
1.608526992797851562e+01
1.617274093627929688e+01
1.623436737060546875e+01
1.622141265869140625e+01
1.618423080444335938e+01
1.623072624206542969e+01
1.616325378417968750e+01
1.605644607543945312e+01
1.606838417053222656e+01
1.622823333740234375e+01
1.622176170349121094e+01
1.613316154479980469e+01
1.629306602478027344e+01
1.628653335571289062e+01
1.618669891357421875e+01
1.618741416931152344e+01
1.619448089599609375e+01
1.621087455749511719e+01
1.623243331909179688e+01
1.631069946289062500e+01
1.625037956237792969e+01
1.632508850097656250e+01
1.643465042114257812e+01
1.622971153259277344e+01
1.626478195190429688e+01
1.618352127075195312e+01
1.618865966796875000e+01
1.639833831787109375e+01
1.626320648193359375e+01
1.620387268066406250e+01
1.627567481994628906e+01
1.627213287353515625e+01
1.635649871826171875e+01
1.629180335998535156e+01
1.613811111450195312e+01
1.622958564758300781e+01
1.623634719848632812e+01
1.618553924560546875e+01
1.615224075317382812e+01
1.617291259765625000e+01
1.614891433715820312e+01
1.609568977355957031e+01
1.609558868408203125e+01
1.625093841552734375e+01
1.619155883789062500e+01
1.613421249389648438e+01
1.611296653747558594e+01
1.613826751708984375e+01
1.608690643310546875e+01
1.609385299682617188e+01
1.614735794067382812e+01
1.613149452209472656e+01
1.619340896606445312e+01
1.611264991760253906e+01
1.624711418151855469e+01
1.628017616271972656e+01
1.623887825012207031e+01
1.608854675292968750e+01
1.624257278442382812e+01
1.626567649841308594e+01
1.621994400024414062e+01
1.620550537109375000e+01
1.622510147094726562e+01
1.625817489624023438e+01
1.616156387329101562e+01
1.605735397338867188e+01
1.613490676879882812e+01
1.620468902587890625e+01
1.619620704650878906e+01
1.620477104187011719e+01
1.614781188964843750e+01
1.608901786804199219e+01
1.612149429321289062e+01
1.623247146606445312e+01
1.626267242431640625e+01
1.633353805541992188e+01
1.631453704833984375e+01
1.620221138000488281e+01
1.626390647888183594e+01
1.630262756347656250e+01
1.623132705688476562e+01
1.632704925537109375e+01
1.629442596435546875e+01
1.621253967285156250e+01
1.618288993835449219e+01
1.618519973754882812e+01
1.612741851806640625e+01
1.624346351623535156e+01
1.619861412048339844e+01
1.636469650268554688e+01
1.630929183959960938e+01
1.625830650329589844e+01
1.613750839233398438e+01
1.621913146972656250e+01
1.640673255920410156e+01
1.630859756469726562e+01
1.621535682678222656e+01
1.620959854125976562e+01
1.618118095397949219e+01
1.623998451232910156e+01
1.624698638916015625e+01
1.628477859497070312e+01
1.623566055297851562e+01
1.622777938842773438e+01
1.625332450866699219e+01
1.621299743652343750e+01
