1.509191146416541951e+00
1.880966810996715921e+00
1.342605729897816902e+00
1.113372687804393246e+00
9.578036381648137310e-01
8.560573493823027125e-01
7.851849788274520847e-01
7.172525185805100900e-01
6.696706438675904538e-01
6.288549173336762665e-01
5.993915881866064277e-01
5.635945871854439737e-01
5.505790890791477654e-01
5.174805789421765834e-01
5.050662771249428973e-01
4.792421211034823547e-01
4.743389620612828983e-01
4.607592409237837305e-01
4.406852384408315171e-01
4.304952436532729632e-01
4.208168043540074232e-01
4.059581941519028181e-01
3.932022508902427438e-01
3.902251420876918786e-01
3.839343250561982890e-01
3.666308951683533435e-01
3.680828660344466208e-01
3.554752114109503980e-01
3.550784767820284737e-01
3.426915677312092900e-01
3.415955431186236124e-01
3.426867390672365676e-01
3.361869488389064298e-01
3.194706728443121313e-01
3.240698570624375718e-01
3.180777773643151396e-01
3.183350661244148117e-01
3.065115931133429172e-01
2.995161581497925996e-01
3.013904416026213506e-01
2.943593089397136819e-01
2.798655563440078375e-01
2.936664895369456296e-01
2.877923725698238733e-01
2.808751317170949946e-01
2.805539776499454963e-01
2.725526720858537089e-01
2.693576937111524239e-01
2.671569008093613862e-01
2.595722870375865576e-01
2.560537644685842995e-01
2.577472068178348064e-01
2.483150120729055166e-01
2.502240691620569724e-01
2.456849977183036271e-01
2.489742600478422885e-01
2.480299688684634574e-01
2.471997371659828968e-01
2.457838340256458809e-01
2.355389010829803398e-01
2.349399020465520738e-01
2.313624567519395880e-01
2.428018924326468819e-01
2.333474444273190562e-01
2.315095782853089923e-01
2.298862686715064940e-01
2.282887994478910443e-01
2.287211770048508397e-01
2.248365242320757573e-01
2.242595878549111243e-01
2.187559450666109739e-01
2.162063379318286127e-01
2.179133525452552622e-01
2.134621111819377248e-01
2.219503479508253274e-01
2.154559810001116515e-01
2.120274890309725158e-01
2.099088243375986096e-01
2.113397723016066376e-01
2.118653719050762052e-01
2.077843918823278901e-01
2.096000510626114255e-01
2.129435526445890015e-01
2.082867382619625618e-01
2.120535953973348431e-01
1.986543782055378016e-01
2.093774145230268835e-01
1.981891605143363544e-01
1.977695303085522660e-01
2.014499553121053277e-01
2.016825335148053344e-01
1.943210073197499388e-01
1.944945438359028389e-01
1.934004826423449397e-01
1.997346355269352669e-01
1.919154995049421608e-01
1.905541189683553627e-01
1.882959292103082716e-01
1.850852941186764411e-01
1.800304450190220173e-01
1.891968588893994385e-01
1.863653344221604113e-01
1.852201034147769876e-01
1.848808247118424175e-01
1.894940093255195745e-01
1.826104684804494560e-01
1.807911500239219316e-01
1.864895446942402835e-01
1.819456431823663345e-01
1.760940720446598773e-01
1.871036704534139450e-01
1.739714977259819439e-01
1.854571556338132921e-01
1.809221693434012179e-01
1.740326786843630069e-01
1.831034374160644407e-01
1.704513265345341255e-01
1.788310216883054193e-01
1.806695186365873396e-01
1.811242479830980356e-01
1.757344334266888741e-01
1.724026871797366134e-01
1.801108000083611604e-01
1.724923842132855822e-01
1.776898127908889957e-01
1.765229624719955870e-01
1.708026835838189483e-01
1.781663568547138810e-01
1.671817002961268894e-01
1.727264965764987170e-01
1.724769262453684504e-01
1.699776088102505633e-01
1.607284364505456031e-01
1.647086635423012368e-01
1.608652919244307755e-01
1.658515621740848656e-01
1.683019851644833864e-01
1.614755081442686147e-01
1.647889976318065997e-01
1.600454945308275589e-01
1.654250496282027305e-01
1.647005781340293296e-01
1.641991617205815490e-01
1.659113636813484838e-01
1.629602970985265797e-01
1.642610358886229804e-01
1.585226779373792583e-01
1.609048361484056999e-01
1.605357763954462225e-01
1.624342952974331677e-01
1.594702401126806557e-01
1.638207502281054384e-01
1.567406346400578854e-01
1.654639667711960971e-01
1.605983095482373946e-01
1.614742211519907544e-01
1.597229129610917564e-01
1.624345251956047231e-01
1.613848601014186146e-01
1.509862644168046830e-01
1.538230557281237421e-01
1.575089081739768082e-01
1.483568188280631472e-01
1.550772110143533167e-01
1.507064487211979276e-01
1.563072325136417029e-01
1.589792884408663398e-01
1.597163010484133061e-01
1.520664683137184503e-01
1.494479846400328105e-01
1.575229661109355805e-01
1.613762741860670924e-01
1.602055016140907229e-01
1.529504240418856076e-01
1.472574955377823347e-01
1.585672082618261036e-01
1.567730979182017093e-01
1.513229549313202804e-01
1.516047449734730657e-01
1.443875607962791796e-01
1.513646190651716239e-01
1.481723594550903023e-01
1.515670972088208612e-01
1.495330204852880485e-01
1.504503774432799645e-01
1.510220653449113604e-01
1.541157450049351341e-01
1.497210306139328539e-01
1.544554125995208083e-01
1.631058368258751223e-01
1.471594207848493929e-01
1.551322596481977401e-01
1.514735384342762170e-01
1.493821010280113881e-01
1.442012628683677078e-01
1.465276911759223755e-01
1.435169114468571594e-01
1.477609288520538022e-01
1.469100175759731064e-01
1.441296426913677153e-01
1.474215831894140905e-01
1.451042638184168454e-01
1.505456339567899648e-01
1.502282060873814107e-01
1.461925473541785536e-01
1.523613320997892207e-01
1.504071317804165364e-01
1.447435459838463667e-01
1.514067460138064092e-01
1.470185550311819134e-01
1.419148932091700843e-01
1.510978486006840649e-01
1.486403402657462958e-01
1.498865393014290337e-01
1.456899825292519990e-01
1.514556408310547830e-01
1.484821859747171291e-01
1.452448192410744077e-01
1.401438941749242606e-01
1.485165808827449141e-01
1.402112017361781537e-01
1.439005667582536341e-01
1.431951853422782361e-01
1.419019100853265991e-01
1.442758396841012647e-01
1.494182090346629910e-01
1.429696676536248157e-01
1.410844638657111350e-01
1.443742023637661631e-01
1.423870445491793868e-01
1.405618223098990260e-01
1.440594162123325639e-01
1.414631631129827372e-01
1.441505887856086021e-01
1.455265206404221245e-01
1.484941503367362969e-01
1.351155529276300837e-01
1.414384579811340803e-01
1.451187451298420195e-01
1.396621567029983635e-01
1.419162436030232122e-01
1.471427823679569424e-01
1.402975339633532048e-01
1.456744343137894027e-01
1.434945724809016943e-01
1.399853022052691409e-01
1.357599111703725880e-01
1.374781841698747287e-01
1.362148497301416405e-01
1.365266305991472418e-01
1.443741554251083969e-01
1.451222518411202367e-01
1.380508924237428547e-01
1.392895451531960538e-01
1.401473051701218608e-01
1.360331149437488674e-01
1.428319064661478510e-01
1.415231610528933648e-01
1.363920551271010639e-01
1.350376594811678044e-01
1.342891932680056744e-01
1.420947087260010788e-01
1.439806493906638507e-01
1.402680481187044137e-01
1.383855703119666047e-01
1.339917749835130567e-01
1.372801545434273185e-01
1.446611437755517537e-01
1.418310624380142160e-01
1.343380872207956545e-01
1.389593326319486788e-01
1.404992232911097816e-01
1.363870800783236747e-01
1.331537652283142636e-01
1.334254301415803978e-01
1.380576757666392151e-01
1.359706024090066856e-01
1.357608817947598689e-01
1.378095514403703814e-01
1.405813381744500934e-01
1.385250983234399269e-01
1.389829934503023501e-01
1.432806595395772764e-01
1.388780230990587228e-01
1.351133771909353021e-01
1.334931094868060941e-01
1.378503564172066098e-01
1.391266493031229623e-01
1.352374549238727630e-01
1.358202340224614613e-01
1.317912990370622150e-01
1.361804595551429631e-01
1.403037228979743534e-01
1.327634430848635139e-01
1.384067137940571957e-01
1.364008238586859878e-01
1.404149001034406541e-01
1.354617461848717508e-01
1.410715859240064263e-01
1.349476247691573372e-01
1.308818354916114202e-01
1.383169912470456897e-01
1.338302413813578784e-01
1.386063815978093028e-01
1.359561386207739642e-01
1.323815249097652913e-01
1.363555276527618765e-01
1.335298143709317265e-01
1.365103846368117269e-01
1.374383983417199195e-01
1.319490963354324753e-01
1.296732246016080448e-01
1.342625610434856065e-01
1.368317373383503566e-01
1.319540050453864577e-01
1.296102849623331776e-01
1.375799909234046992e-01
1.367531186495071771e-01
1.362979326158380022e-01
1.285836335653677831e-01
1.337657291728716613e-01
1.334985942985766894e-01
1.358104907262783767e-01
1.353686165160093435e-01
1.303326263259618756e-01
1.332199184176249274e-01
1.316801168120060317e-01
1.348270367830991801e-01
1.346562310766715176e-01
1.346789144075069555e-01
1.365480970400266281e-01
1.335920126678852016e-01
1.360064659840785617e-01
1.347773170146422395e-01
1.407278963770621782e-01
1.360841478101718072e-01
1.320797896920106462e-01
1.316488904735216847e-01
1.374367494565936210e-01
1.307566521928096304e-01
1.386128475364201973e-01
1.363226450024506986e-01
1.387938589717333249e-01
1.359501169660152498e-01
1.360933044782051682e-01
1.372575273976112120e-01
1.330354380397460456e-01
1.326265755181129102e-01
1.339757552991310829e-01
1.357446248093858721e-01
1.330235617999465103e-01
1.431975224938912272e-01
1.262452471571473001e-01
1.404153366023913330e-01
1.331497223617938985e-01
1.323695700997725433e-01
1.333453401875419608e-01
1.320399848696512946e-01
1.367060528160669863e-01
1.328540294646070596e-01
1.348055714311507947e-01
1.329935473031722548e-01
1.317320757855971747e-01
1.324588722573258881e-01
1.280553392301767290e-01
1.358790004291595688e-01
1.302655234073216983e-01
1.339974267551532205e-01
1.261437449508752695e-01
1.291725081415512622e-01
1.287692414739957103e-01
1.431297962100077925e-01
1.350193466991186086e-01
1.310158090188335012e-01
1.300288404314181856e-01
1.363609509351543791e-01
1.351703240942114526e-01
1.316496910431828316e-01
1.299057591037872383e-01
1.362275122688748896e-01
1.306436446614754610e-01
1.278304011823657160e-01
1.351893969596578426e-01
1.244303166675262001e-01
1.397050912277056633e-01
1.346446712525227185e-01
1.282826734969440274e-01
1.268424014345957695e-01
1.305576154006979350e-01
1.279341960230316877e-01
1.311406965057055063e-01
1.283338126320487382e-01
1.371279986479725654e-01
1.339005336595269213e-01
1.229897411635670901e-01
1.303143973772724340e-01
1.326752831251957476e-01
1.341300660887589924e-01
1.305848996369884663e-01
1.341509576743611931e-01
1.310209445034464237e-01
1.402554881400786824e-01
1.341798275709152333e-01
1.279793440340421251e-01
1.310257388660923117e-01
1.268284669766823469e-01
1.277336798035181575e-01
1.339335605979729837e-01
1.277954626828431972e-01
1.320595269592908794e-01
1.297461453156593392e-01
1.305991477691210156e-01
1.330505893064233003e-01
1.374713152169416974e-01
1.320407780985801693e-01
1.274670680602773554e-01
1.288209886791614467e-01
1.281781060621142443e-01
1.361151423830634644e-01
1.321400767908646467e-01
1.310741644400434669e-01
1.336048489532027372e-01
1.325404581589958719e-01
1.307724129122037060e-01
1.289917779178955670e-01
1.324637298018504494e-01
1.263142325939276278e-01
1.362932954556666798e-01
1.256395404107677749e-01
1.409993712336589100e-01
1.286360629667074318e-01
1.329415614597308226e-01
1.281566285981963760e-01
1.275490439568574552e-01
1.294317536199321994e-01
1.292257377782311256e-01
1.348785727260968514e-01
1.264735988747232864e-01
1.340170707744665624e-01
1.368926716060974713e-01
1.358445311824862667e-01
1.297425825817462852e-01
1.321133997768927926e-01
1.260174761120325393e-01
1.260267465781324814e-01
1.251947412792688841e-01
1.322826092776197560e-01
1.338433176661149027e-01
1.338291129001822344e-01
1.283100857232243597e-01
1.289584558409375969e-01
1.297519167694143882e-01
1.332661219180012457e-01
1.338313357713512841e-01
1.397657285372798375e-01
1.273501003113312602e-01
1.311880331008862255e-01
1.288913842147359490e-01
1.347878332034899707e-01
1.274037459244330706e-01
1.309376467067079608e-01
1.297088829561685863e-01
1.353993890472711681e-01
1.322172147723344737e-01
1.347227991391450885e-01
1.335202160458534293e-01
1.331008056417489760e-01
1.302431057326686736e-01
1.276976354993306639e-01
1.291809293322074004e-01
1.298958251539331088e-01
1.331487682480842760e-01
1.239682375525052727e-01
1.288558126307833007e-01
1.303271082110512014e-01
1.393495873189889434e-01
1.331497926073960669e-01
1.286747463429585570e-01
1.270508235559249521e-01
1.307548110397198371e-01
1.282915209778226207e-01
1.308134629415013961e-01
1.298856044904543872e-01
1.335361468963898179e-01
1.245536266802213105e-01
1.249926635374625505e-01
1.271762472266952104e-01
1.273105194171269827e-01
1.281614196988252463e-01
1.281296653434252086e-01
1.274866383618269150e-01
1.303105969459582569e-01
1.287155639332456525e-01
1.260315961514910099e-01
1.272249280260159543e-01
1.282945410420115173e-01
1.300433090099921696e-01
1.228320315957833614e-01
1.291389579048905500e-01
1.292146072842371707e-01
1.287359205862650402e-01
1.256043919911369322e-01
1.227498271001073032e-01
1.266284933074926788e-01
1.424026514284121581e-01
1.248386330472735228e-01
1.209348770240560589e-01
1.321423341544010754e-01
1.256984890175935621e-01
1.329193413162078619e-01
1.291113109542773307e-01
1.285623178459130711e-01
1.306167958829647369e-01
1.314191033156254240e-01
1.311864081913461932e-01
1.348114921591984927e-01
1.257165594265247099e-01
1.266111015652616745e-01
1.263309691340113172e-01
1.273268151694001427e-01
1.294936336863499460e-01
1.262802283733318875e-01
1.250685201050379391e-01
1.301519786509183763e-01
1.221536285267808553e-01
1.245461315776293099e-01
1.287802275270223673e-01
1.368710993001094334e-01
1.243502270000485244e-01
1.259060221366011256e-01
1.327037505709972032e-01
1.329443989226069267e-01
1.248733416963846293e-01
1.313683052093554682e-01
1.297618374228477478e-01
1.255669737998873770e-01
1.303219720864525200e-01
1.241962383716152252e-01
1.269219221308445222e-01
1.251222799555995469e-01
1.276082874920505816e-01
1.258594911067913713e-01
1.297529722826603060e-01
1.308440980525353015e-01
1.266171093361500022e-01
1.251753239199901169e-01
1.255899600302561869e-01
1.249433578159182545e-01
1.270883862932140895e-01
1.302710105497867643e-01
1.280758199544671239e-01
1.285989657904093031e-01
1.305225991046963518e-01
1.238796530673519219e-01
1.217081316102009564e-01
1.317215803389747975e-01
1.331449381529520581e-01
1.296744967022767370e-01
1.315308994780748364e-01
1.329395094934182342e-01
1.251261276216843188e-01
1.296675951291735296e-01
1.202966185047840419e-01
1.243317704600019336e-01
1.291062298684547971e-01
1.301275373555910997e-01
1.322332892471398957e-01
1.325426836330921287e-01
1.346355212518037803e-01
1.249182456244642969e-01
1.282327494416863611e-01
1.266238646342968399e-01
1.225400997564578681e-01
1.232712806035310832e-01
1.292515935185246101e-01
1.278524044423531292e-01
1.273187150366795473e-01
1.246262577625039253e-01
1.221696922889886766e-01
1.295233717140479024e-01
1.246221519290254681e-01
1.226375793847136048e-01
1.305975451778907115e-01
1.298708483863335317e-01
1.234270159584971577e-01
1.240251506177278695e-01
1.278702392887610673e-01
1.292501607479957515e-01
1.199645271142705943e-01
1.238453191728928204e-01
1.263999229583602779e-01
1.345696196437646264e-01
1.342796720755405904e-01
1.286688276017323440e-01
1.249623044370076624e-01
1.282679461229306039e-01
1.312855917864885202e-01
1.259489233581683465e-01
1.264969191537835547e-01
1.304606061333264955e-01
1.327038660884285459e-01
1.319970334283052382e-01
1.231885063294798910e-01
1.283355705296763960e-01
1.224133095680138977e-01
1.333038513381511747e-01
1.302112864951292803e-01
1.171982434602120010e-01
1.236187417394457727e-01
1.254217744494477982e-01
1.263554921325964753e-01
1.202660009312706141e-01
1.272378886357331818e-01
1.244237653815593453e-01
1.228601246881179387e-01
1.239906796755698981e-01
1.252428728848313799e-01
1.303238317131614199e-01
1.284153956346786862e-01
1.221114166510792881e-01
1.179452603253034471e-01
1.219656460894606026e-01
1.259542362334636623e-01
1.290103864641143627e-01
1.252426905700793625e-01
1.322767430200026684e-01
1.258977088838433567e-01
1.285251363108937672e-01
1.238001943542025030e-01
1.275980414392856588e-01
1.370116102724121265e-01
1.230767351121474507e-01
1.258432027859947566e-01
1.231075444521430168e-01
1.270241003626814136e-01
1.218663676331440543e-01
1.240570714076360131e-01
1.268746746656222169e-01
1.254712776830181065e-01
1.315292534537804425e-01
1.237073363401950954e-01
1.268383389577651676e-01
1.265598314551588943e-01
1.250126113016636065e-01
1.282307513010425559e-01
1.344723922558701823e-01
1.192289595420543968e-01
1.278907240010224988e-01
1.251646155348190848e-01
1.255053719744468332e-01
1.245754813250058712e-01
1.274324423609635715e-01
1.290190249012830859e-01
1.252497709189087927e-01
1.325609974992962847e-01
1.271563919213337668e-01
1.215682124862304120e-01
1.260010087193969008e-01
1.295127484995203249e-01
1.265193197876214870e-01
1.230213564462386694e-01
1.264254874716966570e-01
1.276552625191517409e-01
1.264477511055958625e-01
1.261617354380014655e-01
1.243350804855044012e-01
1.261631735194569948e-01
1.238044476184325393e-01
1.209299270206919130e-01
1.247160469683317036e-01
1.289548247097394296e-01
1.239413387739123490e-01
1.277853551201331428e-01
1.240850991641099660e-01
1.210396030535682704e-01
1.286515584024481296e-01
1.270232047121494234e-01
1.343689449800130609e-01
1.313509263002719529e-01
1.251004213037399115e-01
1.262961111294153282e-01
1.252594821728192920e-01
1.215597177019868136e-01
1.272286300236980250e-01
1.304516809777571673e-01
1.238109998500499936e-01
1.229419646927943643e-01
1.251405401250872962e-01
1.259244259255818954e-01
1.289222602278758401e-01
1.263835480627723273e-01
1.182021392557101314e-01
1.285874653750887220e-01
1.265971029965350381e-01
1.285344193570124860e-01
1.266174157317250248e-01
1.289720354936061686e-01
1.212580393426693354e-01
1.279475192467753597e-01
1.254178936569354530e-01
1.239106802031015725e-01
1.237982571745912252e-01
1.256084998544209907e-01
1.231943889162861322e-01
1.258073675231291821e-01
1.219339744832653311e-01
1.268100212734097065e-01
1.248763911903668644e-01
1.224402798196444209e-01
1.255631943495991998e-01
1.204358602897861036e-01
1.259805005616866647e-01
1.294804793806412224e-01
1.257131235721783702e-01
1.241113796352576043e-01
1.236797155716862495e-01
1.250735639045253700e-01
1.284357300983407502e-01
1.252692525919813504e-01
1.219898022424716205e-01
1.263808493096476859e-01
1.231402442050285873e-01
1.289471245967807045e-01
1.328045809163879154e-01
1.269123977766587197e-01
1.219610498979305652e-01
1.288103212196475555e-01
1.223428676000390264e-01
1.281124942004680523e-01
1.259630191259277221e-01
1.215205188076465548e-01
1.261493311335261103e-01
1.191110471454568387e-01
1.194346215623693641e-01
1.233263756339557649e-01
1.250120815844872058e-01
1.256344599983630905e-01
1.261457404981438934e-01
1.233668127885231558e-01
1.227757853336441246e-01
1.240979940654375613e-01
1.230109322816133471e-01
1.258579192683100811e-01
1.239003111918767358e-01
1.247200974191610690e-01
1.222766468731256578e-01
1.269958101595059508e-01
1.237964553137620299e-01
1.218025970153319565e-01
1.316722277169808386e-01
1.264163704493488916e-01
1.238286796193092260e-01
1.257933548006873736e-01
1.220788319427997676e-01
1.277496327096835083e-01
1.282453732230724452e-01
1.330518284287208197e-01
1.245387227584918294e-01
1.270470789609811357e-01
1.259290064135805132e-01
1.228995818405961421e-01
1.216651052666398169e-01
1.204145451577810083e-01
1.213210319861387637e-01
1.214659416618255466e-01
1.282892233572709151e-01
1.222543348797047735e-01
1.243367597651787310e-01
1.174684798249449463e-01
1.295958168136003563e-01
1.232846045341247226e-01
1.226395427894133722e-01
1.206264598199572324e-01
1.253498581930612976e-01
1.309957894186178917e-01
1.208732172703513713e-01
1.144614647309749600e-01
1.274440366058395557e-01
1.198929737250392230e-01
1.265404592435329378e-01
1.261333231169443903e-01
1.200806550586070720e-01
1.224884847226815343e-01
1.219388178478066770e-01
1.293669079311000891e-01
1.234642865470586687e-01
1.301601236829390829e-01
1.237209060157720836e-01
1.256003041297961420e-01
1.205689888352002859e-01
1.231785730578196375e-01
1.221027738008743646e-01
1.238623785093808799e-01
1.259509191919977733e-01
1.200076093133061322e-01
1.265268163994336670e-01
1.274740475397079520e-01
1.197745475297172929e-01
1.204180785048848540e-01
1.194515446965128957e-01
1.202936619042586086e-01
1.341287440883043580e-01
1.163078958120865730e-01
1.243898540974045369e-01
1.239007695172077567e-01
1.282008582009719067e-01
1.211133440383351800e-01
1.232526285191759136e-01
1.254272836905259425e-01
1.247822386523087801e-01
1.232842438257275436e-01
1.204894413407414377e-01
1.242028356553652318e-01
1.272350799674407118e-01
1.211049549186076907e-01
1.308220220347627583e-01
1.274186870704094587e-01
1.262715945545679619e-01
1.205912340480165545e-01
1.247707589792135391e-01
1.242960416449186145e-01
1.160122176489004758e-01
1.176906694395419839e-01
1.279763208033564692e-01
1.259424959667600208e-01
1.203337542617168160e-01
1.204748083741810083e-01
1.219527122970574945e-01
1.268351206364922157e-01
1.288647591208036125e-01
1.196655930998997835e-01
1.181236283041727786e-01
1.261308262888819753e-01
1.288790802829540560e-01
1.251604868337894139e-01
1.270444115098470217e-01
1.204593857845816796e-01
1.236611775504663918e-01
1.211238201086719812e-01
1.238176786555693631e-01
1.307665542245675383e-01
1.188639703373878392e-01
1.250274688005447443e-01
1.191897488461855087e-01
1.173290962019027800e-01
1.226847941867816177e-01
1.254048146164188082e-01
1.230283382706917200e-01
1.217438945618386503e-01
1.171623829035804837e-01
1.298755029550729689e-01
1.245114065563449474e-01
1.275437713385774441e-01
1.240617855428121086e-01
1.169974872699150736e-01
1.283245213043231192e-01
1.267586150899147335e-01
1.216184944726335648e-01
1.140437290024680916e-01
1.213414785476067126e-01
1.193854314155685659e-01
1.273348565046221736e-01
1.248990832087703284e-01
1.203844240986001735e-01
1.220458390740438853e-01
1.216135178907559455e-01
1.189904643222689656e-01
1.260923259581128719e-01
1.223418824135875105e-01
1.237313627814635303e-01
1.175755990907931953e-01
1.149857585103465918e-01
1.282036321524244182e-01
1.273303891794803910e-01
1.249285246794804571e-01
1.224337866004460845e-01
1.309157338279944294e-01
1.247649481758857370e-01
1.304357655298633567e-01
1.215399338075747876e-01
1.196525947692302499e-01
1.279045454584635255e-01
1.224083151859350627e-01
1.251491613972645633e-01
1.241102702103746291e-01
1.190282145371803907e-01
1.161345558049969168e-01
1.266732869717555054e-01
1.203258748428943786e-01
1.260792447301821717e-01
1.202727962333040301e-01
1.276437133837204640e-01
1.197628494543142852e-01
1.187188112296355125e-01
1.278743296431807397e-01
1.255752561231836262e-01
1.183771939422839786e-01
1.225464151837886845e-01
1.197559983015824558e-01
1.224084797864540969e-01
1.294355716651831023e-01
1.204029826113046792e-01
1.182762686545268116e-01
1.256612857182820564e-01
1.227780416225775634e-01
1.258008193033627875e-01
1.237314498243041461e-01
1.184781007707501055e-01
1.260092215421490247e-01
1.257869619780626058e-01
1.251386986520045819e-01
1.228313632691517832e-01
1.148203148005100399e-01
1.209118757492456675e-01
1.241025623411704387e-01
1.164966493510665030e-01
1.246370262490251180e-01
1.268592572365051796e-01
1.192581560080632208e-01
1.192104972182558148e-01
1.171259356567110749e-01
1.177619269356513648e-01
1.239921899751210838e-01
1.249840851013477028e-01
1.213270591906247947e-01
1.176920215193277691e-01
1.238751234629979492e-01
1.222580864547919005e-01
1.179721071360967100e-01
1.213481541579732592e-01
1.234925262009104047e-01
1.244364054778065443e-01
1.216758320776697849e-01
1.184463783286702904e-01
1.275871406094385985e-01
1.253197864844248777e-01
1.227699661770692285e-01
1.204442836392002197e-01
1.152721751815615620e-01
1.271316649105686536e-01
1.198989000649024333e-01
1.229842705795398117e-01
1.194244491748320813e-01
1.191370629204007298e-01
1.204878816619897458e-01
1.250263885141183196e-01
1.187913073417850018e-01
1.255082902617943585e-01
1.217891355212300242e-01
1.169705898954700174e-01
1.222278480728467287e-01
1.182051301098022700e-01
1.240638490575246278e-01
1.241521085015474257e-01
1.171904005683385430e-01
1.194174831924148111e-01
1.209012908908801143e-01
1.213882204360113709e-01
1.242906381017886697e-01
1.229121839866424287e-01
1.214211456859723148e-01
1.214601765888241591e-01
1.178858833745695112e-01
1.240810248618706702e-01
1.120088781254031662e-01
1.199539419454641875e-01
1.246682935848067997e-01
1.214437892756018850e-01
1.191220269610102356e-01
1.182113910332704271e-01
1.252511497109364269e-01
1.244632835285021666e-01
1.200822878246888131e-01
1.173981722372655634e-01
1.272195806870093648e-01
1.241142659233166606e-01
1.239973035426094050e-01
1.281172936686720554e-01
1.162598888413646225e-01
1.183092207576219856e-01
1.192766963814695658e-01
1.249046690093401218e-01
1.256901375901622597e-01
1.154982133075976997e-01
1.229968786717225288e-01
1.191093302164704382e-01
1.170894479044736897e-01
1.252601048216605839e-01
1.262498292021262403e-01
1.197627248958899465e-01
1.253538400794451113e-01
1.235229960141273620e-01
1.203857734130743262e-01
1.179012579461320848e-01
1.258640617370987425e-01
1.215545125974294427e-01
1.275674760102843697e-01
1.186838066635223510e-01
1.213883985645878016e-01
1.186785298089186313e-01
1.263718316092705130e-01
1.213448643636627078e-01
1.285234543136679342e-01
1.201863844473010506e-01
1.168073054403066663e-01
1.166958334688574794e-01
1.294988197489426729e-01
1.235728474477162664e-01
1.165083588459170788e-01
1.160952619635141764e-01
1.190601890333569945e-01
1.203559014659661558e-01
1.232306975107162472e-01
1.179329818783280137e-01
1.234367542924025146e-01
1.222907900666961312e-01
1.200587324798107203e-01
1.184490086558537547e-01
1.203053308149369810e-01
1.275705140227308687e-01
1.186452812061477985e-01
1.265758809848473720e-01
1.230985885008405445e-01
1.219656084019404146e-01
1.102661689934440192e-01
1.176508529111743029e-01
1.208202687927927704e-01
1.283128879391230159e-01
1.191658444272784140e-01
1.205558104727130625e-01
1.222899324189011816e-01
1.196745351195717538e-01
1.228322967648124014e-01
1.247911417761292246e-01
1.193433064489792528e-01
1.169307046402723316e-01
1.248943462346990968e-01
1.205925746844747071e-01
1.164917783477367463e-01
1.238792487252981245e-01
1.241983763204935337e-01
1.284908925111477307e-01
1.223799020338516980e-01
1.212399298659501967e-01
1.243170672358992757e-01
1.204495437395496221e-01
1.250885661309346086e-01
1.173875189410188286e-01
1.243472054123114373e-01
1.309315109529938514e-01
1.190571331442930730e-01
1.225334601572308779e-01
1.203694491145702455e-01
1.179387808992312520e-01
1.241754724572484286e-01
1.157990063803318176e-01
1.221969013985915037e-01
1.273638520533075802e-01
1.204760511143085217e-01
1.169635651298822493e-01
1.220362342798557015e-01
1.169670931517313717e-01
1.194884859025478335e-01
1.215736375023157151e-01
1.205703160797174101e-01
1.191234836880213227e-01
1.191462126703789620e-01
1.226550564360924245e-01
1.247216680206549438e-01
1.190448679125461762e-01
1.189010642851010408e-01
1.204487367939108405e-01
1.235065372947316970e-01
1.237528902215835336e-01
1.241727347318560687e-01
1.261924950979076976e-01
1.248214707590448586e-01
1.168199935593666194e-01
1.162549394158980814e-01
1.226617158032380639e-01
1.282033465229547864e-01
1.217626327027877126e-01
1.221119706781628872e-01
1.154419202930652144e-01
1.278614462281648934e-01
1.182641309853165595e-01
1.177227760688998731e-01
1.214220721752215654e-01
1.150223632366993431e-01
1.145707689607754765e-01
1.187021759314796920e-01
1.187014895133100961e-01
1.206419379283220350e-01
1.208161736814639536e-01
1.222611481514878778e-01
1.199771341939385172e-01
1.240482668655040893e-01
1.217015959465732877e-01
1.204924191563175317e-01
1.196797894504972037e-01
1.203245628768434827e-01
1.210892845948155078e-01
1.239444951789501342e-01
1.243014073859040614e-01
1.218272359611896338e-01
1.176739493767038347e-01
1.272837222625429754e-01
1.222419541758986566e-01
1.265429261403206163e-01
1.155451864147415547e-01
1.181198535582576037e-01
1.148403797107629271e-01
1.185359778312536361e-01
1.224009932615818114e-01
1.273971187953765460e-01
1.270654089175737855e-01
1.153047191265683946e-01
1.177723019312207492e-01
1.190172848220054924e-01
1.133595856336446911e-01
1.204395166383339794e-01
1.217861904356724173e-01
1.185511712940075513e-01
1.195243453559202973e-01
1.235608842510443478e-01
1.208575056340449871e-01
1.177642779185985866e-01
1.252283313048955793e-01
1.178976952575911258e-01
1.182275662150902573e-01
1.211998099222397207e-01
1.215373275801539393e-01
1.211989680639444233e-01
1.239707994919556772e-01
1.164819177383413645e-01
1.272285659725849449e-01
1.235218481996502582e-01
1.204049535000171478e-01
1.245100873546340497e-01
1.213521998996535955e-01
1.197813909787398129e-01
1.292945777567533483e-01
1.186476147781388851e-01
1.233780487130085590e-01
1.238887129399256770e-01
1.220232789476330404e-01
1.199579414696647639e-01
1.215331860650808449e-01
1.237063749000812257e-01
1.218646311989197428e-01
1.178821193866240735e-01
1.248661921049157714e-01
1.138802454305382905e-01
1.249154480317464233e-01
1.183798821714635019e-01
1.201830481011898072e-01
1.203065214010003298e-01
1.208393641198292762e-01
1.209501906130940468e-01
1.179657755180811285e-01
1.265598930800572453e-01
1.196528691702928304e-01
1.167636586018861861e-01
1.241068805400759728e-01
1.274557192881519974e-01
1.213182001923903408e-01
1.158833008402815196e-01
1.156194716978531656e-01
1.223480518381947074e-01
1.165770400793124523e-01
1.203608172062115844e-01
1.285716493924458914e-01
1.225809912173411731e-01
1.198526331916069387e-01
1.191290356123294591e-01
1.240058541871034148e-01
1.210201851928081329e-01
1.177614223355284151e-01
1.183146669792059097e-01
1.246445408043188874e-01
1.160165552861797539e-01
1.257921924002659564e-01
1.178122459863049920e-01
1.223093241644211265e-01
1.247188631492929523e-01
1.220550077083783214e-01
1.180707325012638059e-01
1.207405906027326226e-01
1.219685548104536832e-01
1.163111946951502357e-01
1.207566073546424840e-01
1.224590329166788255e-01
1.189077249322182117e-01
1.165176946574296712e-01
1.207739549712874977e-01
1.261449228996076588e-01
1.125502836102476450e-01
1.204911978246691884e-01
1.197039826032824938e-01
1.233014714545928453e-01
1.264720004242964324e-01
1.238185091469532345e-01
1.268526679621292952e-01
1.152435912798421558e-01
1.170411247664537163e-01
1.171750188112641033e-01
1.189030990673181354e-01
1.220556795310515641e-01
1.208744511867945043e-01
1.237832710337944536e-01
1.180580220447901008e-01
1.195039671535293307e-01
1.244746493939787868e-01
1.193102715823512877e-01
1.161406473710368814e-01
1.216944078747660696e-01
1.235068037437322824e-01
1.229790109949998322e-01
1.211966014825380800e-01
1.188474125730303588e-01
1.231205296057921172e-01
1.103742497997024091e-01
1.181240806929193948e-01
1.193918624988351135e-01
1.272027281136849097e-01
1.206462748683033853e-01
1.219634124388297436e-01
1.151907661070044192e-01
1.246632957257903518e-01
1.224665466839304356e-01
1.215459981742195578e-01
1.215127992181059685e-01
1.179233080062728617e-01
1.209824228515991862e-01
1.258837779554037029e-01
1.192213278932449105e-01
1.202669206338051050e-01
1.189538513525174174e-01
1.173964295154198562e-01
1.226952158010158750e-01
1.218977817835716071e-01
1.252859173008264715e-01
1.168239989341833679e-01
1.242050927705489610e-01
1.169767658918713926e-01
1.204512492156563641e-01
1.221550641438135798e-01
1.171354125086695730e-01
1.233944122703411611e-01
1.218269319822773006e-01
1.161232931730456774e-01
1.196474758239510772e-01
1.240861805872275347e-01
1.188564895246273373e-01
1.201451254387696649e-01
1.210446279639234846e-01
1.187295125654110606e-01
1.152315678743597721e-01
1.220561180550318453e-01
1.245862426904913722e-01
1.173852939636279430e-01
1.198960652956977818e-01
1.200903602278767524e-01
1.220062091325720133e-01
1.209339304086871625e-01
1.206720782396120961e-01
1.299870908976747397e-01
1.115570474893618907e-01
1.227605663813077508e-01
1.216745816887571247e-01
1.184131557838274951e-01
1.181465398663511662e-01
1.222357466148260297e-01
1.159761261051664022e-01
1.212330192614060193e-01
1.217004455721531209e-01
1.216758067934558957e-01
1.216187978545442555e-01
1.122062166293080060e-01
1.174900075993858817e-01
1.260317014578061223e-01
1.224636477680924596e-01
1.263003358808465482e-01
1.220243357742826079e-01
1.160762443087803991e-01
1.135967891997633900e-01
1.218054846263466745e-01
1.218206512646224232e-01
1.280842095852280371e-01
1.145498135437568038e-01
1.102854070086509708e-01
1.166221699558007419e-01
1.193267727939364281e-01
1.198699056815642622e-01
1.219864887686876176e-01
1.236333821685268314e-01
1.157694482554992021e-01
1.187696666552279234e-01
1.172840325878216627e-01
1.154581426284634199e-01
1.194353264852020952e-01
1.170477497988404308e-01
1.179472620527331622e-01
1.174013440282298953e-01
1.207350022947558943e-01
1.266925164044667429e-01
1.220623864911687673e-01
1.192690938376845394e-01
1.185124996524208607e-01
1.199587816515794159e-01
1.161224612440818343e-01
1.210089678995502349e-01
1.175542209870540228e-01
1.163371009704394221e-01
1.249285673818145009e-01
1.219602932532628387e-01
1.214652122595371309e-01
1.214942895114803911e-01
1.241041895097646924e-01
1.245893948735334877e-01
1.129059361628232810e-01
1.186604979662941040e-01
1.169050695135807338e-01
1.238436702973185477e-01
1.222008860693910154e-01
1.148976867636426896e-01
1.211845903824537163e-01
1.134378431603694642e-01
1.195260162202593651e-01
1.146600830010496702e-01
1.235105226628291364e-01
1.177539843253982421e-01
1.195267708781055926e-01
1.175758333876728984e-01
1.188869820668911337e-01
1.234453110836255252e-01
1.199674824921366512e-01
1.212444652110720306e-01
1.252049963300426727e-01
1.259365465730810651e-01
1.219094337417911261e-01
1.208835078021272685e-01
1.206668074983052730e-01
1.220516773704917041e-01
1.162492704458343712e-01
1.212220760635458472e-01
1.109100250766063417e-01
1.295374786911102361e-01
1.253982311544510064e-01
1.150474437178136411e-01
1.201305221097591636e-01
1.216270778901301919e-01
1.211745791949140755e-01
1.220182219902292281e-01
1.168185833220680564e-01
1.158379314037469715e-01
1.174572708992621811e-01
1.227368910104418426e-01
1.182341422694615785e-01
1.188069626306876153e-01
1.205564337185560109e-01
1.293616259804902802e-01
1.137943461298560471e-01
1.256135331323513515e-01
1.182195537651960643e-01
1.196880747779057591e-01
1.195089679306898384e-01
1.201065024074453591e-01
1.144112486392259570e-01
1.117010923866660205e-01
1.195653008870207340e-01
1.199186586225644141e-01
1.212594304711390736e-01
1.197007606474634889e-01
1.217903251353746746e-01
1.223251462364808168e-01
1.216313836331932990e-01
1.179461191671016956e-01
1.214128996173922809e-01
1.221009954857902591e-01
1.215893294566716964e-01
1.259681409941269814e-01
1.193754144203968554e-01
1.216522726922845271e-01
1.195768356944123950e-01
1.217100555936877493e-01
1.200295281238280831e-01
1.188971793613372713e-01
1.143067698495892348e-01
1.247351100620550934e-01
1.225596149762471498e-01
1.225795532123018505e-01
1.183310122253038998e-01
1.163698493335873635e-01
1.199836177464861098e-01
1.184640171913764473e-01
1.265008690122228496e-01
1.175249460798043488e-01
1.230145280464337437e-01
1.160988590130821313e-01
1.208620854677298073e-01
1.185628133276716289e-01
1.210351419993318106e-01
1.158076309384061808e-01
1.151360827187697111e-01
1.203690158633085455e-01
1.266720298773203190e-01
1.161070407248842445e-01
1.191239978831547947e-01
1.183172928981292005e-01
1.219269986909169434e-01
1.219005953425016109e-01
1.220331810032709990e-01
1.180558900754803270e-01
1.153278738212508980e-01
1.174105237261989232e-01
1.183606144327383758e-01
1.232104571536183357e-01
1.209269857846009405e-01
1.189492331483425203e-01
1.180280238103408041e-01
1.231079992288962449e-01
1.218453025493102249e-01
1.191508967238359001e-01
1.205214129235499948e-01
1.204846995094647766e-01
1.207822957864174429e-01
1.313819579684581407e-01
1.240313422030363266e-01
1.169814452576713737e-01
1.251494348001403745e-01
1.187631869449829458e-01
1.181537806653441547e-01
1.176924736501696739e-01
1.220223217677229438e-01
1.225776922435332511e-01
1.219236231862734499e-01
1.186517127097035107e-01
1.194003302747240480e-01
1.204800974243344369e-01
1.139050385461021636e-01
1.121518207475160900e-01
1.242094113658636090e-01
1.161403449753729139e-01
1.223275022867780504e-01
1.163061049838478717e-01
1.243952765344427114e-01
1.217323386086485298e-01
1.155853558331727954e-01
1.192382615155134495e-01
1.193791760848118694e-01
1.160094830279166933e-01
1.196571337154660464e-01
1.143195829091545879e-01
1.158862118919690432e-01
1.205579090767946032e-01
1.171517588054904607e-01
1.147286974944365379e-01
1.237125642454394991e-01
1.128078439440100555e-01
1.216248351125380905e-01
1.256595625327183718e-01
1.222400901409295831e-01
1.252663798821277985e-01
1.216911806892125997e-01
1.172655617770476250e-01
1.209277911684834006e-01
1.160668680205559078e-01
1.207918001768680666e-01
1.272814366393364427e-01
1.181417925760914062e-01
1.286370714171192475e-01
1.238502471206279903e-01
1.167154121379821718e-01
1.210432274887959098e-01
1.217736753085866958e-01
1.196998825392279892e-01
1.225745067191429671e-01
1.163467433542395291e-01
1.173463146082865949e-01
1.139562324023781631e-01
1.164381083865196342e-01
1.232059811504605529e-01
1.255029199835963616e-01
1.219149175362709281e-01
1.162809958681464140e-01
1.186877006664872197e-01
1.263058137626220101e-01
1.184190247446680749e-01
1.192726150632668763e-01
1.287521443210351280e-01
1.227876533730289932e-01
1.162441137700508803e-01
1.082182904227803888e-01
1.211813269517360570e-01
1.184216026455546106e-01
1.236096836244448688e-01
1.215591846177211111e-01
1.244715495703694191e-01
1.119959679217292781e-01
1.196263613418126759e-01
1.199567837473482640e-01
1.175853012989346857e-01
1.201116361965735707e-01
1.171513288974379841e-01
1.195575000145114447e-01
1.248224932127273978e-01
1.221616460010409300e-01
1.272987554661738629e-01
1.239812635458432677e-01
1.226927216331928222e-01
1.248104159887402503e-01
1.165579523270328793e-01
1.176851891267758216e-01
1.184785347002056954e-01
1.273955828534104884e-01
1.178207444791228298e-01
1.152431709882922595e-01
1.181263079007084521e-01
1.210825331986714604e-01
1.195349839062262859e-01
1.216856386416997615e-01
1.187588680631075089e-01
1.269110775767610666e-01
1.220965161394232390e-01
1.234924562800771147e-01
1.192501302235401545e-01
1.160182476330261919e-01
1.177995357877359983e-01
1.166548629028674872e-01
1.251736890142544634e-01
1.214822346965471894e-01
1.179859187310704771e-01
1.154736239176530066e-01
1.206078128554882167e-01
1.203761322328295441e-01
1.246505661795918735e-01
1.204441793740559791e-01
1.201463316925443087e-01
1.162668015521306220e-01
1.203104753142748146e-01
1.175377330098014567e-01
1.174579851233806399e-01
1.161026269340744432e-01
1.193314525943535986e-01
1.185080491579495882e-01
1.196840000553772987e-01
1.180282784005006191e-01
1.146707145640483289e-01
1.214229389356497046e-01
1.245993874011895597e-01
1.232427743048622043e-01
1.277155930892779345e-01
1.260084438209350399e-01
1.178096980716173414e-01
1.168562231442103055e-01
1.190865543647072200e-01
1.196377695657503959e-01
1.225811504496213677e-01
1.204711182759358318e-01
1.164310852734324192e-01
1.207662319048092847e-01
1.246243809946836617e-01
1.149727585844886601e-01
1.218743527117065878e-01
1.210438739078549264e-01
1.197117608804733335e-01
1.163521050977019133e-01
1.192621608718465592e-01
1.179403800994921897e-01
1.249207573465238724e-01
1.225311405526903902e-01
1.166082485125232993e-01
1.246698014724713088e-01
1.238405406092986105e-01
1.290303875047426885e-01
1.185172944878920553e-01
1.175987202292069350e-01
1.248845065585695718e-01
1.172010935556430100e-01
1.179690643333089622e-01
1.168609425998651113e-01
1.171081206021018506e-01
1.196667103813244815e-01
1.161627537594773774e-01
1.196019330563453525e-01
1.293037081949221789e-01
1.134707391214294370e-01
1.182281274014176514e-01
1.198672467221816446e-01
1.183112392440820310e-01
1.169176140752358345e-01
1.229391613975167330e-01
1.139872518869546741e-01
1.212545062009340729e-01
1.205242256848857996e-01
1.209416986371462110e-01
1.219192798034502978e-01
1.155098045913454802e-01
1.181542263628962697e-01
1.208695107163527127e-01
1.154678936140277473e-01
1.235868859224212440e-01
1.211715143030652614e-01
1.174140728007142392e-01
1.254096585015455900e-01
1.200227829508292432e-01
1.178004689657917436e-01
1.187558306142305758e-01
1.297558181083355300e-01
1.199287297108616590e-01
1.133181516128854843e-01
1.231174137825385151e-01
1.212703529411019443e-01
1.203577071332778692e-01
1.210751867972505447e-01
1.158936560822603073e-01
1.184988526627421407e-01
1.165917754507599796e-01
1.224836303542057719e-01
1.195312823527134444e-01
1.193312333801235942e-01
1.253955565822812146e-01
1.211427667130453439e-01
1.168748166603155586e-01
1.190721360823282782e-01
1.157284228417735789e-01
1.250752906529949138e-01
1.215071595536592747e-01
1.205593472346663531e-01
1.230055612153731909e-01
1.207092670962596620e-01
1.181744603058084431e-01
1.176492536918092996e-01
1.188571558739894424e-01
1.163846544061715726e-01
1.227460462982073869e-01
1.182729365017551604e-01
1.156542814312837009e-01
1.220362773833748582e-01
1.178547673404980872e-01
1.187741686231814919e-01
1.239482062462812784e-01
1.214526891135252473e-01
1.195995937889585137e-01
1.218007976475816573e-01
1.169808603154543075e-01
1.150911518539755735e-01
1.223672285628242401e-01
1.211665572694096832e-01
1.243573078408073129e-01
1.156123819116216395e-01
1.206301747892911669e-01
1.199043309554839731e-01
1.218701778600613239e-01
1.123059410458573937e-01
1.289664958149958907e-01
1.150011745735238788e-01
1.124590882267325342e-01
1.216033057858928595e-01
1.227049321843645541e-01
1.205666858034256245e-01
1.197758219849604788e-01
1.158242205205636116e-01
1.172438762079064667e-01
1.215127356541462478e-01
1.174509842521869185e-01
1.260170297601666267e-01
1.142707458577859048e-01
1.139607658800788348e-01
1.262465733987016558e-01
1.207813045439811855e-01
1.190903456021960016e-01
1.192687743797134076e-01
1.229107729421976269e-01
1.141263788374952820e-01
1.245439904861343205e-01
1.137494418149193193e-01
1.209424358434402075e-01
1.237672739590589821e-01
1.165470541574251950e-01
1.198816045784415335e-01
1.216758464104854137e-01
1.153712917310305147e-01
1.192599589864795084e-01
1.135179912337125896e-01
1.221341483294963864e-01
1.213216879476721466e-01
1.233855837717270226e-01
1.155512233575185094e-01
1.149943256177581308e-01
1.221886786321799007e-01
1.205737726189769210e-01
1.253388968153068550e-01
1.172565857951457652e-01
1.216943156356230793e-01
1.187696727852408651e-01
1.194123523071026205e-01
1.256511451151126335e-01
1.246722601354122162e-01
1.231569209542029975e-01
1.215005707043485816e-01
1.156469711126425354e-01
1.182208876841916445e-01
1.198453350279193724e-01
1.253035626541345593e-01
1.279195576906204113e-01
1.235824576220833360e-01
1.140707036384787376e-01
1.124440593955417511e-01
1.253977355905450397e-01
1.150730302891670165e-01
1.188222831640488031e-01
1.204361454559824407e-01
1.200918623365652832e-01
1.164474726726229398e-01
1.155386096917283834e-01
1.178514351304142949e-01
1.182143877761868273e-01
1.205823647718016894e-01
1.202391964646104122e-01
1.187111538858749982e-01
1.153630316161956548e-01
1.192795227353389415e-01
1.201555832217519049e-01
1.171920103809008240e-01
1.177547339158944578e-01
1.198967086915404406e-01
1.181964823928398911e-01
1.233146848348088687e-01
1.160304975767548208e-01
1.171597068556226168e-01
1.168304293464200588e-01
1.225861086725042459e-01
1.230124243606741663e-01
1.113042225726904033e-01
1.193475355991186204e-01
1.171651459704989018e-01
1.153772056054992584e-01
1.194293632148168000e-01
1.172937589960220545e-01
1.250063265172334792e-01
1.211249602480958670e-01
1.199914925277997257e-01
1.216837523696132212e-01
1.226678426926716831e-01
1.193251256233988644e-01
1.204585532824962585e-01
1.138739764738159327e-01
1.151349740843169156e-01
1.202911291749049483e-01
1.120217929856899414e-01
1.182007645710538568e-01
1.276244348918016136e-01
1.180426311703064446e-01
1.125654163746497571e-01
1.188801816210914852e-01
1.174351057085471217e-01
1.196942400043973509e-01
1.194766903200592811e-01
1.190343285218263270e-01
1.166744774685074121e-01
1.173802780226255033e-01
1.189466014647713038e-01
1.153182492806361231e-01
1.218585805060007632e-01
1.200951604602428641e-01
1.222231477021406831e-01
1.253234114115819031e-01
1.224261153728151974e-01
1.178091358154629981e-01
1.247620719890946001e-01
1.216047552915719837e-01
1.234779271607597678e-01
1.183735227021269348e-01
1.180023864771311132e-01
1.230854094601594451e-01
1.230192698586063532e-01
1.224963016569232260e-01
1.180859579537541504e-01
1.230635257724386061e-01
1.189910082385326057e-01
1.172675675211044405e-01
1.194831715299723984e-01
1.165841938593448757e-01
1.158180887357164596e-01
1.214278722325196624e-01
1.202642336105688992e-01
1.193718100945727889e-01
1.152900087527739675e-01
1.204803113085337191e-01
1.193941989244940993e-01
1.160964562247196880e-01
1.134188030392695723e-01
1.206250419219334902e-01
1.238972873832934890e-01
1.205634736527617101e-01
1.170379965733259198e-01
1.191017613005943832e-01
1.136606604195175979e-01
1.128054554598071635e-01
1.219938050860013695e-01
1.181568564178469838e-01
1.170031812997200521e-01
1.163499058439181333e-01
1.207356588055308044e-01
1.204771389134037252e-01
1.174581516963931205e-01
1.204060040844174562e-01
1.210713824018453955e-01
1.227824635421618377e-01
1.195251330781059440e-01
1.181555819721558098e-01
1.148009377125746161e-01
1.205634916774355470e-01
1.197007485116139414e-01
1.281526519797551444e-01
1.177558008533639844e-01
1.184340933242287452e-01
1.177301196333689626e-01
1.165004978529535773e-01
1.169166811956809104e-01
1.200842198223257690e-01
1.196793120545454475e-01
1.150382676042425306e-01
1.221790030073278965e-01
1.209220080134960351e-01
1.153862575069069807e-01
1.185565131453749504e-01
1.180649036350540637e-01
1.189574329946667675e-01
1.253901794934884073e-01
1.153849904974683788e-01
1.219176815010798304e-01
1.203135435254528013e-01
1.136475897895602022e-01
1.230067439950429525e-01
1.218877998443368138e-01
1.201379328536299612e-01
1.215996284037828418e-01
1.214742742765408251e-01
1.179745009598823641e-01
1.223745375250776674e-01
1.228655697204745767e-01
1.242036276043225612e-01
1.212843010966212359e-01
1.273474845318840198e-01
1.229108962588585374e-01
1.167568530744085009e-01
1.062919690488622754e-01
1.175051555944940929e-01
1.172733297141698716e-01
1.120691656923064883e-01
1.201233787509875389e-01
1.181763282571083457e-01
1.200757808123643633e-01
1.154986787491883993e-01
1.179586033599498984e-01
1.193013528314156441e-01
1.224531651641695973e-01
1.143227765957514491e-01
1.177832302565758049e-01
1.188498476185859826e-01
1.163461536885454090e-01
1.278438449861147574e-01
1.194820275864540010e-01
1.158102742467935209e-01
1.210542032877222063e-01
1.186575046047950444e-01
1.148874318657013144e-01
1.158050553538860356e-01
1.165847328849709957e-01
1.207363529226336690e-01
1.205304817129404099e-01
1.134855726877084109e-01
1.141794889639967531e-01
1.224313164894015316e-01
1.144861381166638464e-01
1.169420245509499162e-01
1.230368979561787396e-01
1.168335365943419663e-01
1.194583624601364136e-01
1.183466799652729273e-01
1.217971143718713373e-01
1.160331559057037054e-01
1.197710552802070533e-01
1.137354823880088600e-01
1.201268992935999869e-01
1.136889905382234278e-01
1.181777514421787079e-01
1.157298075656096187e-01
1.224349121395976181e-01
1.159006514705908653e-01
1.222209680729951647e-01
1.162150855008990402e-01
1.157300753375658658e-01
1.255492293395293057e-01
1.192392872121089548e-01
1.161273960310679199e-01
1.172729823642816305e-01
1.185428043111012575e-01
1.186841548635409471e-01
1.218829785163203921e-01
1.176699031048860367e-01
1.174350149499682333e-01
1.221382418838448947e-01
1.188417298098405211e-01
1.263881949898906232e-01
1.182101102927938518e-01
1.194078931775994779e-01
1.201529556718201192e-01
1.187090909824921603e-01
1.193820330720299361e-01
1.180628515063570083e-01
1.142885691605699389e-01
1.145930184146914665e-01
1.176495623989747136e-01
1.191217885997432890e-01
1.152705401373215199e-01
1.111382631107400570e-01
1.219227761364518048e-01
1.218960090420949105e-01
1.164550742659813259e-01
1.185644803950801907e-01
1.207069879063428913e-01
1.179802945791146723e-01
1.192401591664514482e-01
1.141458919224066643e-01
1.233856558035581474e-01
1.141719533417087373e-01
1.191406587902934106e-01
1.179894319568307037e-01
1.162371380493427003e-01
1.203683963140998181e-01
1.229898184155806540e-01
1.178805806745703427e-01
1.137279233441520904e-01
1.171680608525490080e-01
1.139678402541157570e-01
1.149198172757258801e-01
1.195262187876953569e-01
1.172559231328658552e-01
1.247956259343295515e-01
1.186156678610505166e-01
1.228766170067664837e-01
1.282408275617620830e-01
1.156279639173776741e-01
1.227161900403025835e-01
1.189645394300803127e-01
1.135216881497166097e-01
1.232795742316505905e-01
1.162056390578165982e-01
1.211797085041419059e-01
1.258535924630287406e-01
1.250563081449423131e-01
1.169974071522935782e-01
1.130655231718451503e-01
1.244492858743820457e-01
1.200215311864247653e-01
1.132118416997866805e-01
1.144504195986649903e-01
1.180603729035609867e-01
1.183623638768226682e-01
1.153658246287168621e-01
1.180573043294059904e-01
1.165607910221203719e-01
1.143334370584059984e-01
1.155962092658648077e-01
1.220002611478169796e-01
1.146119465860418740e-01
1.152986557151262637e-01
1.165925595742196563e-01
1.197717062603586707e-01
1.153002746403217343e-01
1.217439821324287352e-01
1.196209042452466842e-01
1.213198343435159116e-01
1.209126087096639157e-01
1.172324552176854523e-01
1.094941690038794130e-01
1.208741111203263940e-01
1.173797444535944756e-01
1.210685957653018091e-01
1.229118037204711827e-01
1.135771323281985073e-01
1.218196095373385995e-01
1.161557333400616288e-01
1.195432874923333111e-01
1.218983496037813335e-01
1.183303876469532639e-01
1.221255760210064739e-01
1.290607352287341525e-01
1.142819160547776103e-01
1.186546790007597385e-01
1.199438759436210061e-01
1.201331455929156994e-01
1.129120065424686764e-01
1.227307616756894704e-01
1.157690099177834248e-01
1.207353900926999568e-01
