9.499163627624511719e+00
1.109554004669189453e+01
1.368338489532470703e+01
1.599959468841552734e+01
1.767033958435058594e+01
1.924779129028320312e+01
2.042089271545410156e+01
2.149791145324707031e+01
2.249739456176757812e+01
2.344980621337890625e+01
2.439560127258300781e+01
2.514592742919921875e+01
2.594412231445312500e+01
2.661990928649902344e+01
2.730144882202148438e+01
2.785361671447753906e+01
2.854064178466796875e+01
2.914849853515625000e+01
2.956185913085937500e+01
3.004218101501464844e+01
3.057675743103027344e+01
3.099885368347167969e+01
3.135206031799316406e+01
3.179108428955078125e+01
3.220209121704101562e+01
3.253579711914062500e+01
3.283198165893554688e+01
3.305561065673828125e+01
3.329145812988281250e+01
3.353508758544921875e+01
3.378168487548828125e+01
3.406900787353515625e+01
3.429749298095703125e+01
3.431159973144531250e+01
3.464803695678710938e+01
3.490475845336914062e+01
3.507468414306640625e+01
3.518853378295898438e+01
3.534147644042968750e+01
3.548253631591796875e+01
3.569110870361328125e+01
3.558243560791015625e+01
3.580236816406250000e+01
3.586222076416015625e+01
3.585445785522460938e+01
3.598775482177734375e+01
3.604974746704101562e+01
3.609091186523437500e+01
3.605178451538085938e+01
3.612701416015625000e+01
3.613452148437500000e+01
3.621530914306640625e+01
3.613773345947265625e+01
3.613262176513671875e+01
3.603866958618164062e+01
3.614324951171875000e+01
3.610342025756835938e+01
3.610182952880859375e+01
3.617828369140625000e+01
3.619693756103515625e+01
3.632147979736328125e+01
3.621681213378906250e+01
3.626737976074218750e+01
3.626265716552734375e+01
3.625892257690429688e+01
3.622302627563476562e+01
3.614842605590820312e+01
3.609242248535156250e+01
3.599893951416015625e+01
3.599584197998046875e+01
3.600666809082031250e+01
3.593812179565429688e+01
3.594014739990234375e+01
3.594396972656250000e+01
3.601883316040039062e+01
3.585233306884765625e+01
3.575035095214843750e+01
3.560918807983398438e+01
3.578570556640625000e+01
3.581064987182617188e+01
3.562956237792968750e+01
3.573533248901367188e+01
3.589830017089843750e+01
3.586872863769531250e+01
3.599827575683593750e+01
3.575143432617187500e+01
3.563555526733398438e+01
3.564265060424804688e+01
3.559269714355468750e+01
3.571632766723632812e+01
3.569461822509765625e+01
3.555365753173828125e+01
3.550840377807617188e+01
3.544237518310546875e+01
3.540575027465820312e+01
3.546160125732421875e+01
3.530152130126953125e+01
3.530010986328125000e+01
3.520793914794921875e+01
3.512279129028320312e+01
3.518228530883789062e+01
3.507177734375000000e+01
3.498619461059570312e+01
3.507494354248046875e+01
3.518916320800781250e+01
3.500746917724609375e+01
3.497760772705078125e+01
3.502900314331054688e+01
3.499815368652343750e+01
3.501582336425781250e+01
3.505594635009765625e+01
3.486928558349609375e+01
3.495906066894531250e+01
3.482960510253906250e+01
3.487467193603515625e+01
3.483623504638671875e+01
3.480038452148437500e+01
3.487720489501953125e+01
3.480372619628906250e+01
3.472187042236328125e+01
3.469771575927734375e+01
3.458441162109375000e+01
3.456217956542968750e+01
3.465358734130859375e+01
3.471748352050781250e+01
3.461711120605468750e+01
3.456627655029296875e+01
3.462397003173828125e+01
3.454807662963867188e+01
3.462660980224609375e+01
3.469091033935546875e+01
3.464910125732421875e+01
3.450497436523437500e+01
3.449352264404296875e+01
3.440847015380859375e+01
3.441786956787109375e+01
3.433182525634765625e+01
3.425632476806640625e+01
3.423180389404296875e+01
3.417073059082031250e+01
3.420373535156250000e+01
3.425828933715820312e+01
3.414218139648437500e+01
3.420044326782226562e+01
3.441088485717773438e+01
3.431089782714843750e+01
3.427899932861328125e+01
3.429085159301757812e+01
3.428435516357421875e+01
3.433168792724609375e+01
3.420243453979492188e+01
3.428189468383789062e+01
3.431620788574218750e+01
3.425201416015625000e+01
3.426948928833007812e+01
3.430093383789062500e+01
3.426877593994140625e+01
3.420677947998046875e+01
3.413209533691406250e+01
3.413816833496093750e+01
3.418097686767578125e+01
3.407048797607421875e+01
3.402520751953125000e+01
3.399139404296875000e+01
3.396826553344726562e+01
3.403274536132812500e+01
3.418055725097656250e+01
3.418406677246093750e+01
3.390482330322265625e+01
3.385173034667968750e+01
3.385204315185546875e+01
3.393708801269531250e+01
3.396517181396484375e+01
3.389395904541015625e+01
3.378818130493164062e+01
3.380375289916992188e+01
3.381157684326171875e+01
3.363612365722656250e+01
3.359391021728515625e+01
3.362979125976562500e+01
3.366025161743164062e+01
3.368577575683593750e+01
3.365854644775390625e+01
3.363916015625000000e+01
3.368576049804687500e+01
3.371250152587890625e+01
3.367500305175781250e+01
3.373411560058593750e+01
3.371778488159179688e+01
3.378668594360351562e+01
3.367247772216796875e+01
3.369355010986328125e+01
3.362608337402343750e+01
3.381951904296875000e+01
3.354480743408203125e+01
3.357063674926757812e+01
3.342905426025390625e+01
3.346987152099609375e+01
3.356460571289062500e+01
3.357460784912109375e+01
3.360852050781250000e+01
3.360136413574218750e+01
3.363645935058593750e+01
3.368598556518554688e+01
3.364782714843750000e+01
3.377361679077148438e+01
3.371181488037109375e+01
3.351565933227539062e+01
3.363694381713867188e+01
3.375468826293945312e+01
3.361589813232421875e+01
3.365667724609375000e+01
3.362796783447265625e+01
3.359637069702148438e+01
3.351862716674804688e+01
3.352986907958984375e+01
3.350349426269531250e+01
3.344464492797851562e+01
3.344758224487304688e+01
3.353442382812500000e+01
3.342260742187500000e+01
3.347499084472656250e+01
3.343810272216796875e+01
3.337732696533203125e+01
3.322267532348632812e+01
3.340550231933593750e+01
3.342484664916992188e+01
3.335845947265625000e+01
3.344623947143554688e+01
3.336079406738281250e+01
3.334289169311523438e+01
3.337966537475585938e+01
3.341523742675781250e+01
3.352116394042968750e+01
3.356691741943359375e+01
3.354517745971679688e+01
3.332849121093750000e+01
3.323077392578125000e+01
3.324738693237304688e+01
3.319829177856445312e+01
3.324222564697265625e+01
3.324830627441406250e+01
3.326271057128906250e+01
3.318911361694335938e+01
3.337407684326171875e+01
3.326214981079101562e+01
3.330086135864257812e+01
3.320122909545898438e+01
3.310762023925781250e+01
3.323725891113281250e+01
3.321244049072265625e+01
3.325321960449218750e+01
3.320012664794921875e+01
3.321923065185546875e+01
3.314193344116210938e+01
3.316037368774414062e+01
3.331906890869140625e+01
3.331402587890625000e+01
3.304985809326171875e+01
3.305131530761718750e+01
3.304058837890625000e+01
3.311048507690429688e+01
3.302656555175781250e+01
3.292371368408203125e+01
3.298470306396484375e+01
3.282959747314453125e+01
3.288038635253906250e+01
3.302764892578125000e+01
3.297668075561523438e+01
3.303434753417968750e+01
3.315089416503906250e+01
3.308644104003906250e+01
3.294218063354492188e+01
3.284094619750976562e+01
3.300163269042968750e+01
3.295094299316406250e+01
3.298099899291992188e+01
3.297597885131835938e+01
3.284270095825195312e+01
3.280712127685546875e+01
3.290614318847656250e+01
3.295501708984375000e+01
3.299926376342773438e+01
3.306025695800781250e+01
3.287533569335937500e+01
3.276151275634765625e+01
3.282973480224609375e+01
3.290259933471679688e+01
3.288413619995117188e+01
3.278910446166992188e+01
3.254203033447265625e+01
3.279959869384765625e+01
3.275837707519531250e+01
3.280311203002929688e+01
3.287558364868164062e+01
3.292848205566406250e+01
3.297960662841796875e+01
3.293291091918945312e+01
3.306521987915039062e+01
3.299850463867187500e+01
3.276208496093750000e+01
3.287879943847656250e+01
3.274163818359375000e+01
3.295969390869140625e+01
3.284477615356445312e+01
3.271874237060546875e+01
3.272325897216796875e+01
3.265857315063476562e+01
3.271590805053710938e+01
3.274697875976562500e+01
3.260411834716796875e+01
3.254798507690429688e+01
3.272295379638671875e+01
3.287958526611328125e+01
3.261225509643554688e+01
3.271475219726562500e+01
3.281830596923828125e+01
3.280793380737304688e+01
3.282370758056640625e+01
3.270140838623046875e+01
3.263935852050781250e+01
3.256512832641601562e+01
3.265942001342773438e+01
3.271792984008789062e+01
3.258649063110351562e+01
3.255868911743164062e+01
3.237920379638671875e+01
3.238196563720703125e+01
3.234336471557617188e+01
3.242489624023437500e+01
3.250321960449218750e+01
3.247037887573242188e+01
3.247573089599609375e+01
3.229991531372070312e+01
3.256661987304687500e+01
3.258211517333984375e+01
3.243206787109375000e+01
3.243849945068359375e+01
3.249623489379882812e+01
3.247865295410156250e+01
3.260815429687500000e+01
3.246440505981445312e+01
3.249228286743164062e+01
3.256715774536132812e+01
3.255763626098632812e+01
3.240433502197265625e+01
3.241763305664062500e+01
3.228446197509765625e+01
3.231394958496093750e+01
3.239048004150390625e+01
3.239611434936523438e+01
3.247769927978515625e+01
3.241611862182617188e+01
3.239350891113281250e+01
3.249806976318359375e+01
3.260354232788085938e+01
3.273310852050781250e+01
3.258850097656250000e+01
3.268436431884765625e+01
3.248383331298828125e+01
3.257780456542968750e+01
3.239571380615234375e+01
3.253858947753906250e+01
3.255553436279296875e+01
3.249291992187500000e+01
3.242122268676757812e+01
3.231572341918945312e+01
3.237786483764648438e+01
3.215634536743164062e+01
3.218676376342773438e+01
3.225411605834960938e+01
3.238861083984375000e+01
3.244203567504882812e+01
3.244775390625000000e+01
3.234571075439453125e+01
3.235684585571289062e+01
3.243907546997070312e+01
3.239482879638671875e+01
3.237577819824218750e+01
3.248575592041015625e+01
3.237752914428710938e+01
3.226425933837890625e+01
3.229908370971679688e+01
3.219697189331054688e+01
3.236994171142578125e+01
3.237824249267578125e+01
3.253577041625976562e+01
3.239285278320312500e+01
3.234209442138671875e+01
3.232059478759765625e+01
3.230624389648437500e+01
3.220413208007812500e+01
3.239299774169921875e+01
3.230789947509765625e+01
3.217010116577148438e+01
3.216219329833984375e+01
3.215273284912109375e+01
3.232419586181640625e+01
3.242241668701171875e+01
3.227619171142578125e+01
3.232726287841796875e+01
3.244653701782226562e+01
3.257004928588867188e+01
3.243529129028320312e+01
3.232690811157226562e+01
3.227565002441406250e+01
3.215549468994140625e+01
3.232588577270507812e+01
3.225336456298828125e+01
3.230644989013671875e+01
3.225280380249023438e+01
3.215641784667968750e+01
3.228895568847656250e+01
3.246503448486328125e+01
3.247994232177734375e+01
3.237835693359375000e+01
3.218778991699218750e+01
3.207297897338867188e+01
3.213889312744140625e+01
3.215704345703125000e+01
3.219004058837890625e+01
3.215351104736328125e+01
3.231743240356445312e+01
3.238641738891601562e+01
3.218437957763671875e+01
3.226942443847656250e+01
3.225537109375000000e+01
3.234597778320312500e+01
3.224232864379882812e+01
3.237247467041015625e+01
3.216965484619140625e+01
3.227280426025390625e+01
3.226293182373046875e+01
3.228851699829101562e+01
3.223890304565429688e+01
3.222132492065429688e+01
3.232547760009765625e+01
3.223139953613281250e+01
3.231425476074218750e+01
3.230625915527343750e+01
3.244253158569335938e+01
3.239852142333984375e+01
3.244427490234375000e+01
3.216569900512695312e+01
3.209957504272460938e+01
3.203573226928710938e+01
3.212971115112304688e+01
3.218244934082031250e+01
3.215036773681640625e+01
3.218088912963867188e+01
3.195009231567382812e+01
3.205262756347656250e+01
3.218634033203125000e+01
3.228077697753906250e+01
3.232844543457031250e+01
3.214405059814453125e+01
3.230165100097656250e+01
3.222180557250976562e+01
3.230649185180664062e+01
3.213942718505859375e+01
3.198947525024414062e+01
3.194825935363769531e+01
3.202272415161132812e+01
3.217623138427734375e+01
3.227083206176757812e+01
3.219945526123046875e+01
3.224944305419921875e+01
3.228999328613281250e+01
3.215669250488281250e+01
3.213244247436523438e+01
3.221063232421875000e+01
3.210837554931640625e+01
3.197043228149414062e+01
3.200817871093750000e+01
3.208101654052734375e+01
3.216198730468750000e+01
3.232976531982421875e+01
3.222777175903320312e+01
3.215858840942382812e+01
3.240042877197265625e+01
3.211952972412109375e+01
3.215431594848632812e+01
3.229187011718750000e+01
3.228651809692382812e+01
3.202640533447265625e+01
3.206738662719726562e+01
3.199390792846679688e+01
3.199306869506835938e+01
3.190009307861328125e+01
3.175455856323242188e+01
3.174909019470214844e+01
3.196878814697265625e+01
3.195977783203125000e+01
3.198825645446777344e+01
3.196284294128417969e+01
3.200086212158203125e+01
3.200606536865234375e+01
3.194440460205078125e+01
3.202351379394531250e+01
3.199654769897460938e+01
3.189323997497558594e+01
3.182691001892089844e+01
3.182957458496093750e+01
3.182744026184082031e+01
3.220000457763671875e+01
3.209085464477539062e+01
3.196717262268066406e+01
3.221316528320312500e+01
3.213476181030273438e+01
3.203581237792968750e+01
3.203508758544921875e+01
3.198594665527343750e+01
3.203430938720703125e+01
3.197313690185546875e+01
3.208141326904296875e+01
3.200240325927734375e+01
3.194785308837890625e+01
3.189388656616210938e+01
3.194244003295898438e+01
3.197830200195312500e+01
3.194712829589843750e+01
3.178854370117187500e+01
3.179038429260253906e+01
3.171804428100585938e+01
3.173677444458007812e+01
3.168829345703125000e+01
3.165769577026367188e+01
3.187358093261718750e+01
3.182359695434570312e+01
3.189284133911132812e+01
3.196284866333007812e+01
3.210718154907226562e+01
3.189065933227539062e+01
3.182973861694335938e+01
3.187453079223632812e+01
3.168979263305664062e+01
3.193175315856933594e+01
3.178577232360839844e+01
3.177145767211914062e+01
3.178609466552734375e+01
3.179987335205078125e+01
3.182439231872558594e+01
3.182033157348632812e+01
3.177930641174316406e+01
3.175736999511718750e+01
3.174137115478515625e+01
3.166834259033203125e+01
3.156755256652832031e+01
3.174347686767578125e+01
3.172244071960449219e+01
3.159618377685546875e+01
3.166771125793457031e+01
3.180783843994140625e+01
3.168277931213378906e+01
3.159741592407226562e+01
3.176456832885742188e+01
3.176708793640136719e+01
3.167106056213378906e+01
3.179917907714843750e+01
3.191395568847656250e+01
3.181196212768554688e+01
3.173507118225097656e+01
3.153568267822265625e+01
3.149882125854492188e+01
3.144380187988281250e+01
3.156380462646484375e+01
3.158844375610351562e+01
3.187063217163085938e+01
3.200949859619140625e+01
3.184242248535156250e+01
3.191606903076171875e+01
3.173385238647460938e+01
3.162263107299804688e+01
3.170100212097167969e+01
3.174640274047851562e+01
3.206027984619140625e+01
3.198158645629882812e+01
3.208954620361328125e+01
3.191701507568359375e+01
3.208272933959960938e+01
3.202388381958007812e+01
3.191010856628417969e+01
3.198923492431640625e+01
3.203659057617187500e+01
3.198417854309082031e+01
3.181506538391113281e+01
3.186577033996582031e+01
3.171552085876464844e+01
3.177976799011230469e+01
3.162166595458984375e+01
3.153481674194335938e+01
3.167419815063476562e+01
3.179316711425781250e+01
3.173086547851562500e+01
3.157725524902343750e+01
3.153154945373535156e+01
3.161344146728515625e+01
3.163364601135253906e+01
3.157917022705078125e+01
3.166474342346191406e+01
3.188125801086425781e+01
3.192309951782226562e+01
3.176512718200683594e+01
3.184504127502441406e+01
3.161619186401367188e+01
3.167262077331542969e+01
3.181383895874023438e+01
3.168345642089843750e+01
3.156635093688964844e+01
3.148376464843750000e+01
3.130066680908203125e+01
3.145413970947265625e+01
3.152869415283203125e+01
3.155599403381347656e+01
3.152289199829101562e+01
3.153666114807128906e+01
3.146939468383789062e+01
3.161201286315917969e+01
3.176840972900390625e+01
3.162648773193359375e+01
3.157957839965820312e+01
3.155513000488281250e+01
3.148292922973632812e+01
3.153166770935058594e+01
3.160005187988281250e+01
3.157592773437500000e+01
3.163947677612304688e+01
3.164101028442382812e+01
3.177736282348632812e+01
3.184292602539062500e+01
3.186345291137695312e+01
3.172249221801757812e+01
3.182623100280761719e+01
3.178259277343750000e+01
3.181452369689941406e+01
3.160488510131835938e+01
3.163724899291992188e+01
3.165511131286621094e+01
3.158108520507812500e+01
3.175962829589843750e+01
3.175056266784667969e+01
3.170293045043945312e+01
3.167687606811523438e+01
3.148601531982421875e+01
3.164497566223144531e+01
3.166019248962402344e+01
3.149193954467773438e+01
3.154848480224609375e+01
3.147447586059570312e+01
3.162779235839843750e+01
3.149223709106445312e+01
3.154717826843261719e+01
3.167658615112304688e+01
3.166617393493652344e+01
3.165839385986328125e+01
3.164328002929687500e+01
3.149604034423828125e+01
3.149371910095214844e+01
3.149114418029785156e+01
3.158549880981445312e+01
3.148765945434570312e+01
3.149459075927734375e+01
3.139836502075195312e+01
3.143711853027343750e+01
3.148185348510742188e+01
3.138167190551757812e+01
3.141201019287109375e+01
3.129933738708496094e+01
3.140370178222656250e+01
3.132308197021484375e+01
3.143800354003906250e+01
3.142607116699218750e+01
3.146166610717773438e+01
3.150581359863281250e+01
3.146236038208007812e+01
3.158662605285644531e+01
3.148271369934082031e+01
3.155613517761230469e+01
3.166761016845703125e+01
3.152949523925781250e+01
3.152302742004394531e+01
3.158273315429687500e+01
3.149294090270996094e+01
3.151365661621093750e+01
3.148664474487304688e+01
3.152949523925781250e+01
3.159215736389160156e+01
3.156370925903320312e+01
3.157807540893554688e+01
3.160011291503906250e+01
3.167492103576660156e+01
3.151022529602050781e+01
3.153443717956542969e+01
3.159453582763671875e+01
3.165901947021484375e+01
3.161383628845214844e+01
3.141147422790527344e+01
3.135980224609375000e+01
3.138667297363281250e+01
3.140261459350585938e+01
3.136489295959472656e+01
3.144954490661621094e+01
3.148044013977050781e+01
3.127911758422851562e+01
3.126593208312988281e+01
3.113166427612304688e+01
3.124870491027832031e+01
3.124786567687988281e+01
3.131035423278808594e+01
3.139239311218261719e+01
3.141336631774902344e+01
3.154730606079101562e+01
3.159457397460937500e+01
3.158896636962890625e+01
3.151009368896484375e+01
3.145663833618164062e+01
3.160021591186523438e+01
3.177965545654296875e+01
3.166877937316894531e+01
3.158676719665527344e+01
3.163359832763671875e+01
3.161935234069824219e+01
3.158808135986328125e+01
3.159973907470703125e+01
3.160218048095703125e+01
3.156448364257812500e+01
3.167210006713867188e+01
3.161088752746582031e+01
3.157309913635253906e+01
3.156228637695312500e+01
3.161400222778320312e+01
3.155645179748535156e+01
3.137718963623046875e+01
3.133631706237792969e+01
3.134830856323242188e+01
3.141086578369140625e+01
3.141255950927734375e+01
3.135341072082519531e+01
3.134786605834960938e+01
3.129787254333496094e+01
3.135607528686523438e+01
3.128946685791015625e+01
3.136568069458007812e+01
3.127394866943359375e+01
3.121121978759765625e+01
3.112160873413085938e+01
3.135974121093750000e+01
3.120339775085449219e+01
3.124900436401367188e+01
3.141391372680664062e+01
3.138422393798828125e+01
3.135003852844238281e+01
3.136719322204589844e+01
3.121138381958007812e+01
3.127870178222656250e+01
3.136888504028320312e+01
3.145919418334960938e+01
3.148040580749511719e+01
3.132307815551757812e+01
3.141535186767578125e+01
3.131385803222656250e+01
3.132130050659179688e+01
3.142272186279296875e+01
3.132334899902343750e+01
3.130026245117187500e+01
3.139077377319335938e+01
3.152539634704589844e+01
3.154651260375976562e+01
3.138249206542968750e+01
3.149719810485839844e+01
3.146916198730468750e+01
3.143379211425781250e+01
3.133253669738769531e+01
3.145262527465820312e+01
3.150105285644531250e+01
3.139475631713867188e+01
3.140086364746093750e+01
3.139953804016113281e+01
3.146926498413085938e+01
3.151478195190429688e+01
3.152725601196289062e+01
3.146581077575683594e+01
3.140982055664062500e+01
3.133611488342285156e+01
3.153455352783203125e+01
3.148307037353515625e+01
3.154776000976562500e+01
3.139678192138671875e+01
3.137495231628417969e+01
3.138486099243164062e+01
3.144838333129882812e+01
3.153037834167480469e+01
3.144466781616210938e+01
3.146778106689453125e+01
3.141856765747070312e+01
3.155539703369140625e+01
3.148514556884765625e+01
3.149289321899414062e+01
3.154935455322265625e+01
3.154719924926757812e+01
3.153616523742675781e+01
3.156529998779296875e+01
3.153990364074707031e+01
3.141473770141601562e+01
3.139055442810058594e+01
3.149250411987304688e+01
3.143970489501953125e+01
3.137644958496093750e+01
3.137533378601074219e+01
3.137913703918457031e+01
3.133541107177734375e+01
3.139093780517578125e+01
3.124376487731933594e+01
3.142156410217285156e+01
3.139172935485839844e+01
3.142067527770996094e+01
3.140630149841308594e+01
3.158792114257812500e+01
3.147268676757812500e+01
3.152095985412597656e+01
3.147208213806152344e+01
3.123642921447753906e+01
3.132295799255371094e+01
3.137500381469726562e+01
3.131731986999511719e+01
3.133629608154296875e+01
3.130209350585937500e+01
3.144041061401367188e+01
3.140530204772949219e+01
3.152325439453125000e+01
3.124380874633789062e+01
3.113715362548828125e+01
3.139390182495117188e+01
3.140792465209960938e+01
3.146407127380371094e+01
3.134994888305664062e+01
3.128636169433593750e+01
3.124964332580566406e+01
3.119403266906738281e+01
3.112829399108886719e+01
3.144913101196289062e+01
3.143526268005371094e+01
3.147468566894531250e+01
3.126562500000000000e+01
3.121813583374023438e+01
3.107162857055664062e+01
3.116271972656250000e+01
3.111895561218261719e+01
3.108121871948242188e+01
3.101679992675781250e+01
3.106347465515136719e+01
3.124084091186523438e+01
3.116996955871582031e+01
3.108725166320800781e+01
3.110181808471679688e+01
3.124452018737792969e+01
3.125744628906250000e+01
3.134020614624023438e+01
3.117262268066406250e+01
3.114914321899414062e+01
3.121264076232910156e+01
3.134201812744140625e+01
3.146188735961914062e+01
3.130507278442382812e+01
3.115356063842773438e+01
3.115324592590332031e+01
3.112861061096191406e+01
3.102175331115722656e+01
3.107093048095703125e+01
3.117728805541992188e+01
3.116419601440429688e+01
3.120835494995117188e+01
3.118128776550292969e+01
3.129188156127929688e+01
3.121105384826660156e+01
3.116450119018554688e+01
3.147312736511230469e+01
3.152705383300781250e+01
3.163266372680664062e+01
3.146083068847656250e+01
3.149641609191894531e+01
3.133319473266601562e+01
3.136445617675781250e+01
3.120818328857421875e+01
3.124278259277343750e+01
3.122052001953125000e+01
3.111703300476074219e+01
3.122335052490234375e+01
3.127662658691406250e+01
3.131662750244140625e+01
3.123567199707031250e+01
3.140730667114257812e+01
3.130290603637695312e+01
3.122641944885253906e+01
3.131512260437011719e+01
3.128612136840820312e+01
3.127861595153808594e+01
3.131935501098632812e+01
3.131760597229003906e+01
3.125495529174804688e+01
3.155040359497070312e+01
3.143061828613281250e+01
3.148845291137695312e+01
3.159511947631835938e+01
3.151605987548828125e+01
3.153689765930175781e+01
3.136072731018066406e+01
3.139738273620605469e+01
3.142253112792968750e+01
3.142118263244628906e+01
3.146842956542968750e+01
3.137601089477539062e+01
3.119360542297363281e+01
3.115259361267089844e+01
3.115460395812988281e+01
3.100058174133300781e+01
3.110954856872558594e+01
3.131649398803710938e+01
3.123172378540039062e+01
3.120056724548339844e+01
3.108940124511718750e+01
3.115559005737304688e+01
3.122976303100585938e+01
3.128247261047363281e+01
3.130981826782226562e+01
3.122628974914550781e+01
3.129829597473144531e+01
3.137467384338378906e+01
3.114297103881835938e+01
3.112848472595214844e+01
3.123885154724121094e+01
3.130202865600585938e+01
3.135546875000000000e+01
3.142296981811523438e+01
3.145252799987792969e+01
3.145295715332031250e+01
3.123675155639648438e+01
3.104978370666503906e+01
3.114713096618652344e+01
3.121105003356933594e+01
3.120666122436523438e+01
3.117204284667968750e+01
3.124796295166015625e+01
3.113662528991699219e+01
3.111006546020507812e+01
3.117358016967773438e+01
3.110938072204589844e+01
3.118034553527832031e+01
3.118420028686523438e+01
3.101064491271972656e+01
3.109275627136230469e+01
3.109883117675781250e+01
3.102325248718261719e+01
3.116874504089355469e+01
3.105631065368652344e+01
3.119918441772460938e+01
3.117675018310546875e+01
3.100134658813476562e+01
3.120071792602539062e+01
3.125613403320312500e+01
3.127544021606445312e+01
3.130368423461914062e+01
3.125743865966796875e+01
3.124112701416015625e+01
3.114762496948242188e+01
3.126608657836914062e+01
3.136495590209960938e+01
3.124555969238281250e+01
3.118214988708496094e+01
3.119661903381347656e+01
3.107911300659179688e+01
3.123767662048339844e+01
3.122360610961914062e+01
3.108045578002929688e+01
3.131249237060546875e+01
3.133497238159179688e+01
3.129135131835937500e+01
3.140883827209472656e+01
3.122432708740234375e+01
3.127493858337402344e+01
3.127580451965332031e+01
3.137396430969238281e+01
3.139190673828125000e+01
3.121572303771972656e+01
3.124871635437011719e+01
3.134810829162597656e+01
3.122205543518066406e+01
3.118130874633789062e+01
3.143386077880859375e+01
3.129137039184570312e+01
3.119237136840820312e+01
3.133193778991699219e+01
3.128378295898437500e+01
3.113112640380859375e+01
3.128353500366210938e+01
3.119675827026367188e+01
3.122783279418945312e+01
3.116434860229492188e+01
3.125435256958007812e+01
3.120003700256347656e+01
3.119536781311035156e+01
3.110380554199218750e+01
3.118378448486328125e+01
3.128919219970703125e+01
3.114336013793945312e+01
3.117362022399902344e+01
3.130591011047363281e+01
3.121994209289550781e+01
3.117047119140625000e+01
3.123653411865234375e+01
3.128023719787597656e+01
3.132613754272460938e+01
3.129785919189453125e+01
3.113638114929199219e+01
3.116744613647460938e+01
3.126187896728515625e+01
3.115848731994628906e+01
3.127548217773437500e+01
3.111940383911132812e+01
3.122904968261718750e+01
3.120801925659179688e+01
3.122159767150878906e+01
3.124136734008789062e+01
3.111297988891601562e+01
3.100073051452636719e+01
3.098907852172851562e+01
3.103524398803710938e+01
3.121276092529296875e+01
3.100394439697265625e+01
3.096909713745117188e+01
3.110104370117187500e+01
3.110379028320312500e+01
3.118652153015136719e+01
3.132443618774414062e+01
3.133378601074218750e+01
3.118899154663085938e+01
3.116062736511230469e+01
3.101135253906250000e+01
3.090998077392578125e+01
3.101103019714355469e+01
3.111370277404785156e+01
3.123278808593750000e+01
3.112235641479492188e+01
3.116031265258789062e+01
3.115193557739257812e+01
3.124998092651367188e+01
3.132608795166015625e+01
3.112471771240234375e+01
3.109083175659179688e+01
3.128814506530761719e+01
3.104493331909179688e+01
3.105278015136718750e+01
3.101959228515625000e+01
3.108775138854980469e+01
3.116258621215820312e+01
3.109006881713867188e+01
3.115975570678710938e+01
3.143066024780273438e+01
3.124640655517578125e+01
3.121319389343261719e+01
3.125895118713378906e+01
3.132545471191406250e+01
3.118611145019531250e+01
3.132949066162109375e+01
3.131028175354003906e+01
3.128855514526367188e+01
3.122567176818847656e+01
3.119687652587890625e+01
3.131385803222656250e+01
3.124395370483398438e+01
3.118893051147460938e+01
3.112275314331054688e+01
3.112382125854492188e+01
3.139088058471679688e+01
3.133697891235351562e+01
3.138913154602050781e+01
3.128329849243164062e+01
3.120642852783203125e+01
3.116293525695800781e+01
3.111305236816406250e+01
3.135662460327148438e+01
3.125452613830566406e+01
3.123075675964355469e+01
3.117068099975585938e+01
3.113891220092773438e+01
3.102180099487304688e+01
3.115966987609863281e+01
3.114751434326171875e+01
3.103256225585937500e+01
3.087566566467285156e+01
3.086383056640625000e+01
3.093809890747070312e+01
3.097085952758789062e+01
3.097018432617187500e+01
3.113805961608886719e+01
3.095900917053222656e+01
3.096733093261718750e+01
3.095694541931152344e+01
3.105093955993652344e+01
3.094979286193847656e+01
3.097694969177246094e+01
3.112243843078613281e+01
3.113847732543945312e+01
3.114593505859375000e+01
3.123657226562500000e+01
3.117454338073730469e+01
3.134580230712890625e+01
3.132172584533691406e+01
3.135857772827148438e+01
3.131217765808105469e+01
3.114523506164550781e+01
3.104743003845214844e+01
3.107350158691406250e+01
3.105220222473144531e+01
3.124816131591796875e+01
3.135563278198242188e+01
3.108293151855468750e+01
3.098870086669921875e+01
3.110996437072753906e+01
3.100765228271484375e+01
3.089290809631347656e+01
3.102201461791992188e+01
3.113208961486816406e+01
3.097847175598144531e+01
3.107957649230957031e+01
3.110719299316406250e+01
3.104222488403320312e+01
3.115208625793457031e+01
3.113903045654296875e+01
3.111990737915039062e+01
3.119458580017089844e+01
3.119049072265625000e+01
3.113962554931640625e+01
3.111638450622558594e+01
3.110881423950195312e+01
3.139045143127441406e+01
3.120468902587890625e+01
3.121545410156250000e+01
3.131069183349609375e+01
3.128936004638671875e+01
3.127006149291992188e+01
3.142620468139648438e+01
3.123793601989746094e+01
3.130130004882812500e+01
3.134288215637207031e+01
3.135693931579589844e+01
3.122380447387695312e+01
3.131543540954589844e+01
3.129570007324218750e+01
3.120879745483398438e+01
3.128737449645996094e+01
3.129583168029785156e+01
3.119409942626953125e+01
3.126944351196289062e+01
3.109206581115722656e+01
3.103865242004394531e+01
3.111267852783203125e+01
3.127250289916992188e+01
3.113755035400390625e+01
3.125629043579101562e+01
3.134747123718261719e+01
3.120584106445312500e+01
3.099369621276855469e+01
3.135201072692871094e+01
3.126533889770507812e+01
3.121023368835449219e+01
3.129428672790527344e+01
3.120672988891601562e+01
3.123698806762695312e+01
3.118947410583496094e+01
3.128808212280273438e+01
3.129257583618164062e+01
3.143041229248046875e+01
3.137619781494140625e+01
3.128560638427734375e+01
3.126033210754394531e+01
3.131246948242187500e+01
3.122696113586425781e+01
3.131102561950683594e+01
3.143525314331054688e+01
3.136526489257812500e+01
3.146397781372070312e+01
3.137851715087890625e+01
3.123508071899414062e+01
3.121736717224121094e+01
3.138985061645507812e+01
3.120427322387695312e+01
3.121931076049804688e+01
3.119420623779296875e+01
3.108123397827148438e+01
3.126575469970703125e+01
3.115480804443359375e+01
3.116241455078125000e+01
3.110522460937500000e+01
3.109070777893066406e+01
3.136757087707519531e+01
3.114828872680664062e+01
3.090599250793457031e+01
3.093246078491210938e+01
3.116159057617187500e+01
3.115593528747558594e+01
3.113941764831542969e+01
3.117490386962890625e+01
3.093963623046875000e+01
3.080256652832031250e+01
3.092943191528320312e+01
3.107686996459960938e+01
3.106708717346191406e+01
3.145390129089355469e+01
3.137318420410156250e+01
3.127811431884765625e+01
3.122611999511718750e+01
3.127332305908203125e+01
3.123855400085449219e+01
3.111822891235351562e+01
3.113472366333007812e+01
3.107941436767578125e+01
3.130149078369140625e+01
3.112408065795898438e+01
3.124811935424804688e+01
3.144082641601562500e+01
3.122499465942382812e+01
3.126067543029785156e+01
3.122679901123046875e+01
3.126798248291015625e+01
3.124154281616210938e+01
3.138415908813476562e+01
3.112503814697265625e+01
3.103820037841796875e+01
3.105795860290527344e+01
3.114682960510253906e+01
3.118194961547851562e+01
3.122105789184570312e+01
3.132230567932128906e+01
3.144338989257812500e+01
3.121199035644531250e+01
3.124126434326171875e+01
3.110807418823242188e+01
3.124332809448242188e+01
3.124024200439453125e+01
3.122121620178222656e+01
3.122312736511230469e+01
3.109794807434082031e+01
3.128279685974121094e+01
3.123307609558105469e+01
3.130825233459472656e+01
3.124098014831542969e+01
3.108038902282714844e+01
3.113595008850097656e+01
3.099900054931640625e+01
3.085546493530273438e+01
3.091546058654785156e+01
3.101077461242675781e+01
3.092586708068847656e+01
3.105075836181640625e+01
3.092651939392089844e+01
3.107314109802246094e+01
3.102065467834472656e+01
3.106205749511718750e+01
3.123816490173339844e+01
3.127187728881835938e+01
3.121041107177734375e+01
3.113486480712890625e+01
3.104029083251953125e+01
3.117786407470703125e+01
3.110701751708984375e+01
3.127737808227539062e+01
3.109307098388671875e+01
3.116225814819335938e+01
3.124206161499023438e+01
3.135003471374511719e+01
3.136253547668457031e+01
3.133375740051269531e+01
3.126823234558105469e+01
3.136043548583984375e+01
3.129810714721679688e+01
3.135655403137207031e+01
3.132750511169433594e+01
3.117925643920898438e+01
3.104736328125000000e+01
3.122828292846679688e+01
3.139796638488769531e+01
3.160066795349121094e+01
3.133448982238769531e+01
3.140691947937011719e+01
3.128380393981933594e+01
3.125532913208007812e+01
3.137558746337890625e+01
3.142795753479003906e+01
3.127161407470703125e+01
3.115263938903808594e+01
3.119461059570312500e+01
3.111145019531250000e+01
3.114620971679687500e+01
3.115067291259765625e+01
3.122714424133300781e+01
3.111413955688476562e+01
3.116107177734375000e+01
3.133845520019531250e+01
3.121325302124023438e+01
3.117551040649414062e+01
3.118189811706542969e+01
3.112328338623046875e+01
3.107936477661132812e+01
3.104750633239746094e+01
3.118389511108398438e+01
3.122967910766601562e+01
3.119321823120117188e+01
3.108375549316406250e+01
3.112063598632812500e+01
3.093855857849121094e+01
3.109115409851074219e+01
3.099021148681640625e+01
3.095172119140625000e+01
3.107947540283203125e+01
3.110827827453613281e+01
3.106487274169921875e+01
3.115882682800292969e+01
3.115489768981933594e+01
3.122589683532714844e+01
3.112547683715820312e+01
3.117486953735351562e+01
3.100061798095703125e+01
3.128048324584960938e+01
3.121564674377441406e+01
3.114123153686523438e+01
3.134806823730468750e+01
3.105158615112304688e+01
3.109041404724121094e+01
3.105119514465332031e+01
3.103360176086425781e+01
3.101016426086425781e+01
3.097159194946289062e+01
3.103052711486816406e+01
3.090588378906250000e+01
3.097836685180664062e+01
3.099285125732421875e+01
3.108297729492187500e+01
3.110616874694824219e+01
3.106847572326660156e+01
3.106301498413085938e+01
3.102762222290039062e+01
3.114978981018066406e+01
3.119984436035156250e+01
3.099662780761718750e+01
3.111285972595214844e+01
3.096321868896484375e+01
3.100167465209960938e+01
3.101933288574218750e+01
3.107004928588867188e+01
3.120788383483886719e+01
3.126386260986328125e+01
3.120915222167968750e+01
3.133554458618164062e+01
3.123976707458496094e+01
3.119645309448242188e+01
3.111700439453125000e+01
3.115587234497070312e+01
3.122963333129882812e+01
3.115262031555175781e+01
3.110113525390625000e+01
3.114931297302246094e+01
3.109345817565917969e+01
3.129177093505859375e+01
3.122872924804687500e+01
3.113451004028320312e+01
3.108851623535156250e+01
3.112348937988281250e+01
3.104549789428710938e+01
3.094503021240234375e+01
3.109241676330566406e+01
3.105463409423828125e+01
3.108301544189453125e+01
3.122372055053710938e+01
3.109843826293945312e+01
3.118166351318359375e+01
3.117659759521484375e+01
3.118807792663574219e+01
3.120219230651855469e+01
3.125466156005859375e+01
3.145102119445800781e+01
3.157641983032226562e+01
3.137590026855468750e+01
3.130096054077148438e+01
3.141569519042968750e+01
3.124314498901367188e+01
3.127339935302734375e+01
3.123203277587890625e+01
3.111744880676269531e+01
3.116697692871093750e+01
3.119273376464843750e+01
3.137288665771484375e+01
3.131720161437988281e+01
3.110768127441406250e+01
3.134238052368164062e+01
3.134589385986328125e+01
3.138993453979492188e+01
3.119897079467773438e+01
3.120856094360351562e+01
3.114422988891601562e+01
3.117153167724609375e+01
3.128571701049804688e+01
3.126247024536132812e+01
3.126966094970703125e+01
3.118793487548828125e+01
3.123319625854492188e+01
3.120565795898437500e+01
3.120217895507812500e+01
3.118001937866210938e+01
3.114071655273437500e+01
3.127636718750000000e+01
3.137001991271972656e+01
3.123963928222656250e+01
3.117911911010742188e+01
3.109227752685546875e+01
3.099467468261718750e+01
3.107916641235351562e+01
3.092708969116210938e+01
3.102441978454589844e+01
3.099594497680664062e+01
3.092757415771484375e+01
3.104811859130859375e+01
3.085201263427734375e+01
3.088854789733886719e+01
3.083604049682617188e+01
3.086410140991210938e+01
3.091422653198242188e+01
3.132914924621582031e+01
3.127513122558593750e+01
3.109674263000488281e+01
3.131397819519042969e+01
3.121411132812500000e+01
3.117507743835449219e+01
3.116881561279296875e+01
3.108468246459960938e+01
3.136831092834472656e+01
3.142754745483398438e+01
3.130082702636718750e+01
3.135363578796386719e+01
3.121323013305664062e+01
3.124263954162597656e+01
3.101878356933593750e+01
3.122018051147460938e+01
3.107327651977539062e+01
3.125439071655273438e+01
3.109880828857421875e+01
3.112270927429199219e+01
3.130598449707031250e+01
3.125975799560546875e+01
3.103016853332519531e+01
3.098618316650390625e+01
3.091397476196289062e+01
3.092692947387695312e+01
3.102567100524902344e+01
3.089231109619140625e+01
3.087148284912109375e+01
3.090207290649414062e+01
3.093726539611816406e+01
3.096864318847656250e+01
3.080752944946289062e+01
3.082872200012207031e+01
3.102222824096679688e+01
3.100347900390625000e+01
3.103622436523437500e+01
3.096104049682617188e+01
3.105244827270507812e+01
3.098265075683593750e+01
3.095603942871093750e+01
3.101972579956054688e+01
3.112659263610839844e+01
3.100366210937500000e+01
3.131069183349609375e+01
3.122157478332519531e+01
3.108533287048339844e+01
3.109389877319335938e+01
3.103290367126464844e+01
3.107328987121582031e+01
3.105363082885742188e+01
3.092626571655273438e+01
3.088721847534179688e+01
3.085000228881835938e+01
3.089653015136718750e+01
3.083518409729003906e+01
3.095981788635253906e+01
3.106008911132812500e+01
3.097523498535156250e+01
3.076555252075195312e+01
3.074631309509277344e+01
3.088709640502929688e+01
3.096270751953125000e+01
3.111098861694335938e+01
3.105424690246582031e+01
3.093328475952148438e+01
3.068401718139648438e+01
3.081878471374511719e+01
3.086499786376953125e+01
3.095601272583007812e+01
3.090106582641601562e+01
3.110114669799804688e+01
3.080924224853515625e+01
3.073871231079101562e+01
3.065472793579101562e+01
3.074581336975097656e+01
3.072156143188476562e+01
3.071424865722656250e+01
3.067538070678710938e+01
3.092662239074707031e+01
3.080555915832519531e+01
3.098080253601074219e+01
3.124208259582519531e+01
3.116956329345703125e+01
3.111275100708007812e+01
3.098604011535644531e+01
3.093439102172851562e+01
3.101865386962890625e+01
3.109048843383789062e+01
3.099468231201171875e+01
3.085947036743164062e+01
3.072885894775390625e+01
3.079528808593750000e+01
3.061351776123046875e+01
3.073328018188476562e+01
3.080194091796875000e+01
3.099982452392578125e+01
3.108510017395019531e+01
3.099412918090820312e+01
3.098255157470703125e+01
3.085132026672363281e+01
3.088410377502441406e+01
3.083755302429199219e+01
3.102879714965820312e+01
3.102731323242187500e+01
3.098282623291015625e+01
3.110714340209960938e+01
3.101479530334472656e+01
3.090892982482910156e+01
3.102919769287109375e+01
3.103936386108398438e+01
3.100473213195800781e+01
3.068854904174804688e+01
3.091759300231933594e+01
3.096074867248535156e+01
3.086662673950195312e+01
3.076563262939453125e+01
3.079932022094726562e+01
3.080060577392578125e+01
3.085332679748535156e+01
3.085310363769531250e+01
3.092668533325195312e+01
3.075033760070800781e+01
3.062039184570312500e+01
3.086656570434570312e+01
3.103744506835937500e+01
3.105721282958984375e+01
3.100861167907714844e+01
3.079490852355957031e+01
3.067371749877929688e+01
3.082582473754882812e+01
3.094625282287597656e+01
3.071818542480468750e+01
3.062500762939453125e+01
3.078965377807617188e+01
3.084927368164062500e+01
3.076421928405761719e+01
3.078457832336425781e+01
3.076180839538574219e+01
3.083226776123046875e+01
3.086591529846191406e+01
3.090217590332031250e+01
3.093383407592773438e+01
3.100604629516601562e+01
3.105081939697265625e+01
3.108738327026367188e+01
3.103908157348632812e+01
3.115435981750488281e+01
3.113372039794921875e+01
3.101941299438476562e+01
3.102619171142578125e+01
3.105300903320312500e+01
3.089295578002929688e+01
3.091656494140625000e+01
3.087199401855468750e+01
3.080064773559570312e+01
3.095566368103027344e+01
3.087004280090332031e+01
3.097058868408203125e+01
3.094652557373046875e+01
3.097282791137695312e+01
3.080605888366699219e+01
3.079818725585937500e+01
3.077079391479492188e+01
3.056065750122070312e+01
3.052079391479492188e+01
3.043510437011718750e+01
3.075187683105468750e+01
3.088722038269042969e+01
3.084573745727539062e+01
3.089456176757812500e+01
3.076967048645019531e+01
3.077511215209960938e+01
3.087170791625976562e+01
3.078807830810546875e+01
3.082878494262695312e+01
3.085265731811523438e+01
3.108848953247070312e+01
3.078942489624023438e+01
3.075836563110351562e+01
3.078288269042968750e+01
3.067101669311523438e+01
3.090596771240234375e+01
3.085730361938476562e+01
3.084029197692871094e+01
3.095323944091796875e+01
3.110297584533691406e+01
3.111604881286621094e+01
3.105022048950195312e+01
3.094530296325683594e+01
3.086298370361328125e+01
3.072741127014160156e+01
3.084166336059570312e+01
3.085835266113281250e+01
3.081294631958007812e+01
3.094635963439941406e+01
3.087793350219726562e+01
3.079611206054687500e+01
3.084208488464355469e+01
3.074232673645019531e+01
3.089130020141601562e+01
3.096405410766601562e+01
3.107854080200195312e+01
3.125687980651855469e+01
3.115116882324218750e+01
3.097912216186523438e+01
3.097798538208007812e+01
3.093701934814453125e+01
3.095838928222656250e+01
3.106458282470703125e+01
3.107707786560058594e+01
3.100325393676757812e+01
3.108525085449218750e+01
3.100537681579589844e+01
3.102841758728027344e+01
3.129183578491210938e+01
3.119421005249023438e+01
3.107749938964843750e+01
3.128741455078125000e+01
3.123372650146484375e+01
3.114124107360839844e+01
3.127192115783691406e+01
3.116983032226562500e+01
3.132576751708984375e+01
3.125927734375000000e+01
3.104710578918457031e+01
3.113837242126464844e+01
3.122119140625000000e+01
3.119092559814453125e+01
3.135754776000976562e+01
3.125452423095703125e+01
3.120644378662109375e+01
3.128032493591308594e+01
3.142005920410156250e+01
3.149324417114257812e+01
3.142841911315917969e+01
3.138868331909179688e+01
3.132386398315429688e+01
3.120424079895019531e+01
3.095787239074707031e+01
3.100719451904296875e+01
3.090965270996093750e+01
3.098462677001953125e+01
3.112431335449218750e+01
3.143261718750000000e+01
3.141478729248046875e+01
3.132463073730468750e+01
3.144075775146484375e+01
3.115650939941406250e+01
3.116548728942871094e+01
3.116393089294433594e+01
3.109078216552734375e+01
3.122610282897949219e+01
3.103078460693359375e+01
3.096787261962890625e+01
3.112682342529296875e+01
3.093863677978515625e+01
3.098360824584960938e+01
3.094556427001953125e+01
3.106147193908691406e+01
3.121392059326171875e+01
3.107108116149902344e+01
3.099579048156738281e+01
3.082668304443359375e+01
3.091078567504882812e+01
3.104612159729003906e+01
3.120655441284179688e+01
3.108903694152832031e+01
3.118983459472656250e+01
3.118844795227050781e+01
3.105074310302734375e+01
3.104796028137207031e+01
3.106201171875000000e+01
3.115698051452636719e+01
3.112703323364257812e+01
3.101757431030273438e+01
3.107001113891601562e+01
3.105345153808593750e+01
3.111391448974609375e+01
3.139008331298828125e+01
3.130197334289550781e+01
3.128333282470703125e+01
3.110484313964843750e+01
3.112691688537597656e+01
3.102425575256347656e+01
3.103202056884765625e+01
3.121591377258300781e+01
3.112573623657226562e+01
3.102068901062011719e+01
3.101758384704589844e+01
3.108482360839843750e+01
3.115477752685546875e+01
3.110180282592773438e+01
3.119708824157714844e+01
3.124466896057128906e+01
3.113244438171386719e+01
3.122268104553222656e+01
3.130044746398925781e+01
3.120303535461425781e+01
3.106908035278320312e+01
3.106329345703125000e+01
3.103443527221679688e+01
3.118320846557617188e+01
3.114601898193359375e+01
3.105678176879882812e+01
3.112476158142089844e+01
3.135833549499511719e+01
3.123283386230468750e+01
3.098275375366210938e+01
3.118617248535156250e+01
3.108125114440917969e+01
3.104792022705078125e+01
3.107037162780761719e+01
3.100692749023437500e+01
3.122979545593261719e+01
3.119078826904296875e+01
3.114601898193359375e+01
3.101989364624023438e+01
3.117817115783691406e+01
3.111863327026367188e+01
3.108992004394531250e+01
3.095700454711914062e+01
3.093940734863281250e+01
3.091967201232910156e+01
3.085358810424804688e+01
3.089047431945800781e+01
3.111644363403320312e+01
3.099190139770507812e+01
3.098400878906250000e+01
3.098969650268554688e+01
3.099543380737304688e+01
3.100024604797363281e+01
3.089130783081054688e+01
3.092618560791015625e+01
3.078244400024414062e+01
3.073011398315429688e+01
3.087180328369140625e+01
3.083403587341308594e+01
3.100034713745117188e+01
3.096019744873046875e+01
3.095936584472656250e+01
3.104776191711425781e+01
3.126416778564453125e+01
3.116196441650390625e+01
3.126936721801757812e+01
3.126835823059082031e+01
3.121512985229492188e+01
3.113766479492187500e+01
3.113293457031250000e+01
3.105465316772460938e+01
3.101640510559082031e+01
3.105759429931640625e+01
3.112978553771972656e+01
3.120763015747070312e+01
3.100028419494628906e+01
3.102649497985839844e+01
3.105630111694335938e+01
3.113173675537109375e+01
3.095221328735351562e+01
3.100667381286621094e+01
3.102188873291015625e+01
3.094569396972656250e+01
3.095452880859375000e+01
3.095309066772460938e+01
3.086526107788085938e+01
3.081318283081054688e+01
3.074782371520996094e+01
3.095860481262207031e+01
3.099142646789550781e+01
3.095169639587402344e+01
3.094796752929687500e+01
3.101956367492675781e+01
3.084712219238281250e+01
3.083141708374023438e+01
3.091545104980468750e+01
3.092352867126464844e+01
3.096066665649414062e+01
3.091612243652343750e+01
3.100077819824218750e+01
3.101410293579101562e+01
3.080159759521484375e+01
3.090839004516601562e+01
3.094991874694824219e+01
3.101885223388671875e+01
3.107146835327148438e+01
3.095775413513183594e+01
3.094369888305664062e+01
3.113577461242675781e+01
3.126618766784667969e+01
3.128641510009765625e+01
3.115148544311523438e+01
3.100369262695312500e+01
3.097883224487304688e+01
3.102704048156738281e+01
3.090029716491699219e+01
3.098538398742675781e+01
3.104481887817382812e+01
3.086917495727539062e+01
3.084779357910156250e+01
3.103504943847656250e+01
3.104657936096191406e+01
3.101258277893066406e+01
3.089852333068847656e+01
3.091389846801757812e+01
3.092904472351074219e+01
3.093595504760742188e+01
3.088598823547363281e+01
3.089220046997070312e+01
3.084833908081054688e+01
3.098447418212890625e+01
3.093992614746093750e+01
3.106666183471679688e+01
3.103575325012207031e+01
3.102728652954101562e+01
3.106797218322753906e+01
3.121909713745117188e+01
3.131890296936035156e+01
3.136118507385253906e+01
3.126915931701660156e+01
3.127545738220214844e+01
3.125674819946289062e+01
3.119422912597656250e+01
3.081918334960937500e+01
3.091032791137695312e+01
3.086907958984375000e+01
3.064475250244140625e+01
3.094719314575195312e+01
3.091511917114257812e+01
3.095251274108886719e+01
3.090888595581054688e+01
3.093430328369140625e+01
3.102197265625000000e+01
3.091579437255859375e+01
3.089241790771484375e+01
3.094064521789550781e+01
3.092917442321777344e+01
3.097965812683105469e+01
3.096440124511718750e+01
3.095812988281250000e+01
3.091916084289550781e+01
3.080164337158203125e+01
3.074487304687500000e+01
3.065491104125976562e+01
3.058454513549804688e+01
3.058708381652832031e+01
3.065793418884277344e+01
3.086571693420410156e+01
3.074171066284179688e+01
3.063389778137207031e+01
3.074748420715332031e+01
3.054885482788085938e+01
3.046980094909667969e+01
3.056661987304687500e+01
3.053537368774414062e+01
3.066579055786132812e+01
3.064186096191406250e+01
3.078956413269042969e+01
3.070798110961914062e+01
3.078894996643066406e+01
3.090876579284667969e+01
3.083565521240234375e+01
3.097325134277343750e+01
3.095144271850585938e+01
3.100093841552734375e+01
3.099060249328613281e+01
3.099367523193359375e+01
3.108177375793457031e+01
3.107123756408691406e+01
3.086802673339843750e+01
3.111498641967773438e+01
3.102936363220214844e+01
3.089881706237792969e+01
3.083237266540527344e+01
3.066752815246582031e+01
3.085412788391113281e+01
3.083643722534179688e+01
3.084878349304199219e+01
3.075088500976562500e+01
3.092387008666992188e+01
3.102645874023437500e+01
3.113455963134765625e+01
3.105576705932617188e+01
3.111490631103515625e+01
3.100304031372070312e+01
3.098062324523925781e+01
3.082864189147949219e+01
3.075944900512695312e+01
3.079094696044921875e+01
3.065387535095214844e+01
3.072277069091796875e+01
3.079014587402343750e+01
3.078892135620117188e+01
3.085394859313964844e+01
3.106320571899414062e+01
3.114833450317382812e+01
3.109283447265625000e+01
3.104329299926757812e+01
3.108444976806640625e+01
3.110750770568847656e+01
3.090475273132324219e+01
3.092372894287109375e+01
3.092801856994628906e+01
3.093938446044921875e+01
3.104834365844726562e+01
3.089075469970703125e+01
3.094901466369628906e+01
3.117850685119628906e+01
3.115142822265625000e+01
3.111590957641601562e+01
3.102587890625000000e+01
3.101721954345703125e+01
3.092879486083984375e+01
3.084692382812500000e+01
3.104185485839843750e+01
3.081360626220703125e+01
3.098225021362304688e+01
3.107648086547851562e+01
3.101781082153320312e+01
3.127161407470703125e+01
3.123785781860351562e+01
3.116111183166503906e+01
3.106836318969726562e+01
3.073283576965332031e+01
3.080361175537109375e+01
3.086291694641113281e+01
3.102130126953125000e+01
3.115253067016601562e+01
3.113324737548828125e+01
3.093472671508789062e+01
3.081168174743652344e+01
3.098289108276367188e+01
3.092595672607421875e+01
3.074803543090820312e+01
3.080963897705078125e+01
3.087071037292480469e+01
3.094364166259765625e+01
3.100027847290039062e+01
3.087363624572753906e+01
3.090113830566406250e+01
3.081441497802734375e+01
3.079562759399414062e+01
3.076526451110839844e+01
3.083081436157226562e+01
3.072353935241699219e+01
3.085214233398437500e+01
3.076687240600585938e+01
3.068435478210449219e+01
3.071045494079589844e+01
3.084029388427734375e+01
3.094728851318359375e+01
3.095374679565429688e+01
3.087871360778808594e+01
3.081630516052246094e+01
3.094959068298339844e+01
3.080915069580078125e+01
3.088796234130859375e+01
3.090349578857421875e+01
3.093131256103515625e+01
3.095891571044921875e+01
3.086614036560058594e+01
3.092535209655761719e+01
3.079144859313964844e+01
3.080847930908203125e+01
3.090361976623535156e+01
3.106283950805664062e+01
3.095080184936523438e+01
3.104007148742675781e+01
3.098277091979980469e+01
3.103222084045410156e+01
3.096514701843261719e+01
3.107758903503417969e+01
3.105976676940917969e+01
3.090518760681152344e+01
