1.719396528830894999e+00
1.960922430111811776e+00
1.640970869859059711e+00
1.480654411132519055e+00
1.376447176016293961e+00
1.300405639410018965e+00
1.237462806090330547e+00
1.189909978707631488e+00
1.148485638697942068e+00
1.109681866872004985e+00
1.072424114056122590e+00
1.039642083950531815e+00
1.018370742981250521e+00
9.943175250138991395e-01
9.789563466341067999e-01
9.673782856036454714e-01
9.485119700431823286e-01
9.350549068206396308e-01
9.288185151723714617e-01
9.182842254638672319e-01
9.041518925092159042e-01
8.932587405045827600e-01
8.880401259813552883e-01
8.769978677615141160e-01
8.716529522186670098e-01
8.696549351398761285e-01
8.559426475793887601e-01
8.522622690751002761e-01
8.475025320664429929e-01
8.384266194624778734e-01
8.317594806353251213e-01
8.305356415418477800e-01
8.277493261373960465e-01
8.231208472679822918e-01
8.199818036495111206e-01
8.120931602441348041e-01
8.073569890780326608e-01
8.020932072248214695e-01
8.029036902464352643e-01
7.948272749399527548e-01
7.915675829618404880e-01
7.962010547136648686e-01
7.836592549696946852e-01
7.875856121381124009e-01
7.773198903371125734e-01
7.742997939005876740e-01
7.735255404924734624e-01
7.689547847478818143e-01
7.672931563395720689e-01
7.610954043192741381e-01
7.573185031994794647e-01
7.512330856078710539e-01
7.480942752880928026e-01
7.439821076698792668e-01
7.503779082726209637e-01
7.465762240000259897e-01
7.395929938707596074e-01
7.367537350990833733e-01
7.312815814446180784e-01
7.295682033667197919e-01
7.280161651281210622e-01
7.305390150119096537e-01
7.227162579695384226e-01
7.252603435363524920e-01
7.204536467790603194e-01
7.164542624583610797e-01
7.128740623975411417e-01
7.152885246735353197e-01
7.063150636660746606e-01
7.091099885793832325e-01
7.051390873316006891e-01
7.047046776765432119e-01
7.050487385346339009e-01
7.004635174305010592e-01
6.920800228149462940e-01
6.969178995260825182e-01
6.910052039684393410e-01
6.869384033557696112e-01
6.887123899582104913e-01
6.838071677165153961e-01
6.834592886460133521e-01
6.824598303207984884e-01
6.792554866044949735e-01
6.756742638655197641e-01
6.747078639574539682e-01
6.735140346563779357e-01
6.660549275386027368e-01
6.623491617349478444e-01
6.730369155223553390e-01
6.640634316664475456e-01
6.637984421772834542e-01
6.630814209198340192e-01
6.654848915644181462e-01
6.631319156059851672e-01
6.609035819004743795e-01
6.515523754633389952e-01
6.548040795784729751e-01
6.550485831804764292e-01
6.561153029784178026e-01
6.471964785685906385e-01
6.406347453594207764e-01
6.441342510474034055e-01
6.402890455264311775e-01
6.423531221273618419e-01
6.404237783108002180e-01
6.337164349280870468e-01
6.380418602472696099e-01
6.291021362329141109e-01
6.346318160112087714e-01
6.283955728396390938e-01
6.305686787152902095e-01
6.224297256041795290e-01
6.231725918941009024e-01
6.253772808955265772e-01
6.254835877663049715e-01
6.157885498725450546e-01
6.226353860818423236e-01
6.255987651837178198e-01
6.209208561059755827e-01
6.142715629858848114e-01
6.203272176858706244e-01
6.163845989948664172e-01
6.087772529094647167e-01
6.155199588873447869e-01
6.035728970399270032e-01
6.171163939512692709e-01
6.108589163193336447e-01
6.014537455179752579e-01
6.050916836811945920e-01
5.957392590932356624e-01
5.978152521909811945e-01
5.984805285166471256e-01
5.898700714875489970e-01
5.995763304141851213e-01
5.905438388769442826e-01
5.882601951177303112e-01
5.809284672523156168e-01
5.901113028709704666e-01
5.836165855328242502e-01
5.897357458487535453e-01
5.851584580464240792e-01
5.822746794193218722e-01
5.881667626973909879e-01
5.763990509204375279e-01
5.768697504813854460e-01
5.701380179478572341e-01
5.701185559615110643e-01
5.694851848559502328e-01
5.677076860116078150e-01
5.676360253340159145e-01
5.760427886094802163e-01
5.697548264112227701e-01
5.664228809949679588e-01
5.604860570950386256e-01
5.621018407436517705e-01
5.605288329032751538e-01
5.537927210330962913e-01
5.569459504041915920e-01
5.530174613763124691e-01
5.491291671227186422e-01
5.647976977702898749e-01
5.544075306409445014e-01
5.499346111065301912e-01
5.539710317666713957e-01
5.495696724225312968e-01
5.418567482477579800e-01
5.441706815591225155e-01
5.437421686374224183e-01
5.422729715322837096e-01
5.447478857560035248e-01
5.307666715138997793e-01
5.342186532723598447e-01
5.322197108696669066e-01
5.334825707551760221e-01
5.339728258359126567e-01
5.289792855580647268e-01
5.268589046521064967e-01
5.225420534992829547e-01
5.259562494663091448e-01
5.253569329396272636e-01
5.153170925302382743e-01
5.199547150196173195e-01
5.215964377690583964e-01
5.237352839647195779e-01
5.183684665423172744e-01
5.208008199166028751e-01
5.190803340612313299e-01
5.270868118374775202e-01
5.206592925848104736e-01
5.168108506844594219e-01
5.090609526022886744e-01
5.152892962480202232e-01
5.058365204013310912e-01
5.099454496151362148e-01
5.151457162239612142e-01
5.067329729978854447e-01
5.078581532606711857e-01
5.124202188773032685e-01
5.034190854965112649e-01
5.006315204577568290e-01
4.995148589213689316e-01
4.978146788401481282e-01
5.004923470509358152e-01
5.010131527598087331e-01
5.023658888462262384e-01
4.966882765293121338e-01
4.931160720112996443e-01
4.915470745701056021e-01
4.946039718695176002e-01
4.968531207396433835e-01
4.964599425211930761e-01
4.947416923749141104e-01
4.923555855949720006e-01
4.962950462714219579e-01
4.877665748198827256e-01
4.966560609065569509e-01
4.908834527700375316e-01
4.866619777985108364e-01
4.843354156384101494e-01
4.833011265748586305e-01
4.911448004918220755e-01
4.845263880032759651e-01
4.844209596896782988e-01
4.791088705261548619e-01
4.813918684919675228e-01
4.786905364348338354e-01
4.768741413950919883e-01
4.761711618457085127e-01
4.815824566743312496e-01
4.735501295863053794e-01
4.785665855193749207e-01
4.744192735889019019e-01
4.780418591239513626e-01
4.603960073147064791e-01
4.734146741720346441e-01
4.730259799804443221e-01
4.767237259027285456e-01
4.761171410863216380e-01
4.674318657853664405e-01
4.728318828038680088e-01
4.668453251322110531e-01
4.651929942843241461e-01
4.671043337155610931e-01
4.677659450433193089e-01
4.638120667292521815e-01
4.693789578401125206e-01
4.755665048956870811e-01
4.647049780457447876e-01
4.644199833655968668e-01
4.599390991605245005e-01
4.581425539576090555e-01
4.593667202653028969e-01
4.609893821752988341e-01
4.616891974822068812e-01
4.634374132523169654e-01
4.672817878234080680e-01
4.620785354803770284e-01
4.590946035507397771e-01
4.606639227805993664e-01
4.681033583405690424e-01
4.670672801824716225e-01
4.547913160843726765e-01
4.655813036820827255e-01
4.703650851662342092e-01
4.557281834574846147e-01
4.568907785492065665e-01
4.573902983313951620e-01
4.565947084854810600e-01
4.468451039531292079e-01
4.492775661440995827e-01
4.632220139106114631e-01
4.468040839219704630e-01
4.483718314614051348e-01
4.590294419572903406e-01
4.474095399563129405e-01
4.456291019916534535e-01
4.507695914843143359e-01
4.565223433268376096e-01
4.495877920052944177e-01
4.448582638914768683e-01
4.472337879431553254e-01
4.368814913890300411e-01
4.443907552422621254e-01
4.427569481042715194e-01
4.390831910646878500e-01
4.434048109329663534e-01
4.472537406362019907e-01
4.380074243132884848e-01
4.394495541468644850e-01
4.370997554598710644e-01
4.439202838219128977e-01
4.353099511219905016e-01
4.326941806154373515e-01
4.458867895679596294e-01
4.394460406440954814e-01
4.362222890441234124e-01
4.448011870567615267e-01
4.291747155861976859e-01
4.418568278734500421e-01
4.218956067393987430e-01
4.437735833418675058e-01
4.405242128249926559e-01
4.305278535072620261e-01
4.382580617681527957e-01
4.353006955140676371e-01
4.291866937891030687e-01
4.290977132243987691e-01
4.271941490662403695e-01
4.316869761317204124e-01
4.303700114289919498e-01
4.263485200512103779e-01
4.274156752305153240e-01
4.300777852153166991e-01
4.347623934348424091e-01
4.290071571102508918e-01
4.342725321268424143e-01
4.332062323888142830e-01
4.294712441853987817e-01
4.230078161909029966e-01
4.318164767363132373e-01
4.252628485361735211e-01
4.339591702207540869e-01
4.323376480585489623e-01
4.312259886891414151e-01
4.255842966529039262e-01
4.262966960286482809e-01
4.274981011946996090e-01
4.222485091441716687e-01
4.205855252651067855e-01
4.333155070359890337e-01
4.325490549588814626e-01
4.284213825678214183e-01
4.301059229251665839e-01
4.236443784756538378e-01
4.230754083929917919e-01
4.194924918122780455e-01
4.196805702952238204e-01
4.163325266960339888e-01
4.297173821391203630e-01
4.264378028802382481e-01
4.252806910719627020e-01
4.208427723401632070e-01
4.262474082601376280e-01
4.135679573202744597e-01
4.146163993921035407e-01
4.233304527325507660e-01
4.200770815977683537e-01
4.257083250544009823e-01
4.165127138296763065e-01
4.199480869831183072e-01
4.127306300860185129e-01
4.103422607366855601e-01
4.123659700537339323e-01
4.247889725825725327e-01
4.200854584574699180e-01
4.132554441308363691e-01
4.141886178881694081e-01
4.120387627146183118e-01
4.091157546028112990e-01
4.169199439959648257e-01
4.226462753537373884e-01
4.122601546920262594e-01
4.096374014631296023e-01
4.016921018560727363e-01
4.120950166231546752e-01
4.005548785512264010e-01
3.971436408085700642e-01
4.061377185277449953e-01
4.053588096912090766e-01
4.041469250351954479e-01
4.058061662010657433e-01
4.005445984693674077e-01
4.033205869106146202e-01
4.123209947576889634e-01
4.013081721388376821e-01
3.926245770393273493e-01
3.869529480735460769e-01
4.014134258796007160e-01
3.960333229639591557e-01
3.919843833415936341e-01
3.961192565850722436e-01
3.815637627091163497e-01
3.983499902563217288e-01
3.898521398504575242e-01
3.898185244355446000e-01
3.940228832837862627e-01
3.859583364847378739e-01
3.984412482151618584e-01
3.876044168304174642e-01
3.938588329614737260e-01
3.880598265773210764e-01
3.846046103116793624e-01
3.907064110040664451e-01
3.885289389353532297e-01
3.855141005837000590e-01
3.877629248377604254e-01
3.918424326257827772e-01
3.956415431239665992e-01
3.838333014494333395e-01
3.808123737573623768e-01
3.899235442662850604e-01
3.874779933156111134e-01
3.819936572359158289e-01
3.827058245738347297e-01
3.866817637513845218e-01
3.805184926742162244e-01
3.805583738363705892e-01
3.776037054948317429e-01
3.820470666274046190e-01
3.790928155947954070e-01
3.747511786146041635e-01
3.827997476244583974e-01
3.783838655322026012e-01
3.866275037710483198e-01
3.864984479088049429e-01
3.874932595934623136e-01
3.811952360929586892e-01
3.810335953648273932e-01
3.806823294896345966e-01
3.827472560298748605e-01
3.692044837352557174e-01
3.773998667414371622e-01
3.734493723282447109e-01
3.713284258659069192e-01
3.811892503347152350e-01
3.778722715683472400e-01
3.737820321168655036e-01
3.731285635095376030e-01
3.729145190654656883e-01
3.719173597219662675e-01
3.684457360551907645e-01
3.645635405412087082e-01
3.726977030054116624e-01
3.678525386330409042e-01
3.692549888522196899e-01
3.680320820365196588e-01
3.681535747570869321e-01
3.694272083731798273e-01
3.790244750487498648e-01
3.663849023672250405e-01
3.704507035704759366e-01
3.646546926253881327e-01
3.692827369540165883e-01
3.657400506811264163e-01
3.690703596442173606e-01
3.666401377855202925e-01
3.600961128488565088e-01
3.648112449508447153e-01
3.642793676792047131e-01
3.743235950286571967e-01
3.597875898847213150e-01
3.572353440981644868e-01
3.597307087519229785e-01
3.620191519841169936e-01
3.585511172429109439e-01
3.607248911872888431e-01
3.684917111045274973e-01
3.741848295315717832e-01
3.608717726973386664e-01
3.644203586074022394e-01
3.631402376370552187e-01
3.559027539613919267e-01
3.535461182777698275e-01
3.639638746778170453e-01
3.560895262620387691e-01
3.632635642702762846e-01
3.623092879851659287e-01
3.523738342599991302e-01
3.595877901865885962e-01
3.523192617564629425e-01
3.574285652392950041e-01
3.539998317758242252e-01
3.586258906584519623e-01
3.515581563115119934e-01
3.540848871072133641e-01
3.505293237093167202e-01
3.546408743430406463e-01
3.491835520435602191e-01
3.528784788571871500e-01
3.549969523763045198e-01
3.578764617825165861e-01
3.515565874102787869e-01
3.483356608030123702e-01
3.488123977413544186e-01
3.446293041492120013e-01
3.499805363707053085e-01
3.507142956440265635e-01
3.537921287692510353e-01
3.560333501834135883e-01
3.539828386062230936e-01
3.453184625277152531e-01
3.493725478649139515e-01
3.514770721395810704e-01
3.514014793130067482e-01
3.474135174965247153e-01
3.506948024034500233e-01
3.441713217359322896e-01
3.513980816954221376e-01
3.562634858183371667e-01
3.536916863077725903e-01
3.477348158374810594e-01
3.560027779294894223e-01
3.449148760010034565e-01
3.518354385327070455e-01
3.494399776825538040e-01
3.441869337971393827e-01
3.379004203356229530e-01
3.501382015072382337e-01
3.413489903394992808e-01
3.495236208805670985e-01
3.407969348705731649e-01
3.483196506133446335e-01
3.416278500587512368e-01
3.497837405938368782e-01
3.450976050052887434e-01
3.450159925680894024e-01
3.418182176275130768e-01
3.458886944330655799e-01
3.423346144648698464e-01
3.411068558692932351e-01
3.349556590502078546e-01
3.431489878740066057e-01
3.436962821544745084e-01
3.445091451971958874e-01
3.459939712133163203e-01
3.408760287822821256e-01
3.492379083847388377e-01
3.460799177869772203e-01
3.441015540025172958e-01
3.376267763666617738e-01
3.436128899837151418e-01
3.409664845237365127e-01
3.406946887190525075e-01
3.401045922285471090e-01
3.434622271320758591e-01
3.378135495843031522e-01
3.432921141768113249e-01
3.402447779591266652e-01
3.398832854552146787e-01
3.386580202824029939e-01
3.370987280057026747e-01
3.437786931028732895e-01
3.362892683117817416e-01
3.364587912192711361e-01
3.407533266605475286e-01
3.347885617843041062e-01
3.331030449806115512e-01
3.371632288281734002e-01
3.340981838412773741e-01
3.420494214082375750e-01
3.327206768668614645e-01
3.339455243104543225e-01
3.317415357782290686e-01
3.426403808670166473e-01
3.365689210402659781e-01
3.448842481924937475e-01
3.355302711327870502e-01
3.399501863962564596e-01
3.401205950440504555e-01
3.310418584407904263e-01
3.342049970458715324e-01
3.368987891536492363e-01
3.351525315107443670e-01
3.323595214730654113e-01
3.419547210137049431e-01
3.344735696529730906e-01
3.297059978812169057e-01
3.321418649875200746e-01
3.243795917584346156e-01
3.321420439160787108e-01
3.337826291720072391e-01
3.324589051497288117e-01
3.357064526432599894e-01
3.323323315152755253e-01
3.330059845669147145e-01
3.386654601265222664e-01
3.347840038629678605e-01
3.276900320098950492e-01
3.318270638585090748e-01
3.309070889002237448e-01
3.291509588177387591e-01
3.429611806686108100e-01
3.272103248880459669e-01
3.364184123965410222e-01
3.394928299845793584e-01
3.293280195349301831e-01
3.377382803803835043e-01
3.355051150688758144e-01
3.380251967372038258e-01
3.331589670135424730e-01
3.249211519574507490e-01
3.267265410377429014e-01
3.329496238858271617e-01
3.378008093589391359e-01
3.333242859213780274e-01
3.425431271012012724e-01
3.268828574663553699e-01
3.303228362630575288e-01
3.386096976888485210e-01
3.266923859715461509e-01
3.362504809330671418e-01
3.214760854267156853e-01
3.274313451770024530e-01
3.209340732067059165e-01
3.300485544479810351e-01
3.298833330090229499e-01
3.229871906149081595e-01
3.307042366037001857e-01
3.297620244515248045e-01
3.252684733424431318e-01
3.314929171632498006e-01
3.266256454663398756e-01
3.257561359267968637e-01
3.294684068132669452e-01
3.265143583600337851e-01
3.258837957412768493e-01
3.297061697412759784e-01
3.308799880437361951e-01
3.215155892647229563e-01
3.315859867212099799e-01
3.300024410661978602e-01
3.160473948869949590e-01
3.236663005290887352e-01
3.298883091562833658e-01
3.307907802363236893e-01
3.252983879202451245e-01
3.264173108415726055e-01
3.211156807266749014e-01
3.305884684125582340e-01
3.164102194400933987e-01
3.157998060568785181e-01
3.249294124352626323e-01
3.211630956102640155e-01
3.318624109029769675e-01
3.359907272916573540e-01
3.194866659931647201e-01
3.257424437655852545e-01
3.163599456350008610e-01
3.254573337160623914e-01
3.255253829635106344e-01
3.259429275607451659e-01
3.234102932306436307e-01
3.250986771705823286e-01
3.210563177481675634e-01
3.196342368156481761e-01
3.162343147091376538e-01
3.216994808652461901e-01
3.198113375749343512e-01
3.263971353570619960e-01
3.192953978593532915e-01
3.157200318498489255e-01
3.236668733450082658e-01
3.253716372908689869e-01
3.245789034626422875e-01
3.195139256807473793e-01
3.182062038626426448e-01
3.120962490064975725e-01
3.154896587133407815e-01
3.179603962562023156e-01
3.113837050703855414e-01
3.177115797232358818e-01
3.106754689262463676e-01
3.132305366488603582e-01
3.182611358089324494e-01
3.099947150128010143e-01
3.153779904047648297e-01
3.055520267822803837e-01
3.129272679869945506e-01
3.217278593243697027e-01
3.164304593052619796e-01
3.167009510673009509e-01
3.143091477262668354e-01
3.201395399677448017e-01
3.108545114596684700e-01
3.139173199351017463e-01
3.122450045477121461e-01
3.113500234790337329e-01
3.119976957256977435e-01
3.161663755774498097e-01
3.092564254234998478e-01
3.188424533376326697e-01
3.146373439293641550e-01
3.198014113001334535e-01
3.099326153978323450e-01
3.199387766611881956e-01
3.127387237663452613e-01
3.043132355197882277e-01
3.307515983398143788e-01
3.118823266182190190e-01
3.140082616072434885e-01
3.057347440184691179e-01
3.085287770781761640e-01
3.168029898634323605e-01
3.187445433858113186e-01
3.067422071710610987e-01
3.138080417727812654e-01
3.021345723515901915e-01
3.114385787493143543e-01
3.087535954056642162e-01
3.124006650577753064e-01
3.093990105084883924e-01
3.107162951658933858e-01
3.056823254395754086e-01
3.076851343688292162e-01
3.059117182707175031e-01
3.082452870714358917e-01
3.118033613914098501e-01
3.012101309803815741e-01
3.185577216820839053e-01
3.000974643306854595e-01
3.107388261036995170e-01
3.072916618906534891e-01
3.041081543534229770e-01
3.144268286915926081e-01
3.099690372363114732e-01
3.099007129669189564e-01
3.072041882154268877e-01
3.133272475348068964e-01
3.100408693154653172e-01
3.106282989948223605e-01
3.137051860491434918e-01
3.102017986468779687e-01
3.135824924096082822e-01
3.051660323754334936e-01
3.061661939590405446e-01
3.098074153447762380e-01
3.194285524579195124e-01
3.063604903908876409e-01
3.106219041041838880e-01
3.114600169735077251e-01
3.052777082301103007e-01
3.114246726800233844e-01
3.090388829891498323e-01
3.187336661303654672e-01
3.072324864566325919e-01
3.054096703345958730e-01
3.050676030608324152e-01
3.025675385808333506e-01
3.076459037760893578e-01
3.039482650848535639e-01
3.043336731883195534e-01
3.132749333213536991e-01
2.948862482339907887e-01
3.072763851246772537e-01
2.980611037940550934e-01
3.017596746866519908e-01
3.131504016044812100e-01
3.009574541678795567e-01
3.035341739654541238e-01
3.031330402080829600e-01
3.088257063084687837e-01
3.025424604423535002e-01
3.036899230036980146e-01
2.996405888826418895e-01
3.031165413940564157e-01
3.022204935168608664e-01
3.118035373015281553e-01
3.046421793790963783e-01
3.128135491640139931e-01
3.003057429423698910e-01
3.140095551044512767e-01
2.981135960763845461e-01
3.020952909420698274e-01
3.056525521171398752e-01
3.056911881153400179e-01
3.066034349493491074e-01
3.020413417273606904e-01
3.117467326613572731e-01
3.053116694856912727e-01
3.089631197162163723e-01
2.955732775804323920e-01
3.091144010424614064e-01
3.055699845537161452e-01
2.986274077342106481e-01
3.091369171173144470e-01
3.100011499264301307e-01
3.022872257309082156e-01
3.054233741301756733e-01
3.018980713417896977e-01
3.006048132975896459e-01
3.065366004139948863e-01
3.073700441763951297e-01
3.131066465989137404e-01
3.165380243880626665e-01
3.119939589729676110e-01
3.077039768680547849e-01
2.997727410151408423e-01
3.099567496241667497e-01
3.054436625578464404e-01
3.101881439105058091e-01
3.254908076463601252e-01
3.114618166899069673e-01
3.116184857793343199e-01
3.113093701692727922e-01
3.024554185760326974e-01
3.041454826027918945e-01
3.031596005727082987e-01
3.052189205701534291e-01
3.080174342561990963e-01
3.017662336811041124e-01
3.023613543846668250e-01
3.040038376282422905e-01
3.015462012818226345e-01
3.070691116345234395e-01
3.030400225176261286e-01
3.070727484539533259e-01
3.069003375868002426e-01
3.080010422147237414e-01
2.955084386162268872e-01
2.994793253831374291e-01
3.063713904947806821e-01
2.999765495459238429e-01
3.010412362905648953e-01
2.972203116004283885e-01
3.120861330475562800e-01
3.052435529919770851e-01
3.022563351652561292e-01
3.003047687885088690e-01
2.983852664629618179e-01
2.982819281327419025e-01
3.046718657398835295e-01
3.067296646153315764e-01
3.008835497192847153e-01
3.051890150476724850e-01
3.021654294469417468e-01
3.097898003764641417e-01
3.032037060994368094e-01
3.006273980706166138e-01
3.052580258976190786e-01
3.029739858821416387e-01
3.097108344619090570e-01
3.080916778590434557e-01
3.045945664628957883e-01
3.115035707751909744e-01
3.122995714346567531e-01
3.088648051405564199e-01
3.094030999602415677e-01
3.093464026084313256e-01
3.108268237648866283e-01
3.157492911204313746e-01
3.078737167593760260e-01
3.082578149361487885e-01
3.138559488149789689e-01
3.155908517157420268e-01
3.071050028388316866e-01
3.072452010252537113e-01
3.124007460398551816e-01
3.121095091104507668e-01
2.964943021153792491e-01
3.050996796824993473e-01
3.122248247265815846e-01
3.081618071366579170e-01
3.088712948637131195e-01
3.055679316513049137e-01
3.082593130377622725e-01
3.033328160643577465e-01
3.061571556597184052e-01
3.060054299923090082e-01
3.073471625645955441e-01
3.045520038940967567e-01
3.037884983496788038e-01
3.001497072478135353e-01
3.128639943706683635e-01
3.106399374512525680e-01
3.078891356595051532e-01
3.002393946433678518e-01
3.064999229632890954e-01
3.066188369041834005e-01
3.075038258081827514e-01
3.081484656876478656e-01
3.046541322500277982e-01
3.138138044721041076e-01
3.058639556933672177e-01
3.043975938589145169e-01
3.017262886541012268e-01
3.028567939996719138e-01
2.972903150778550274e-01
3.092001576836292398e-01
3.084380571658794645e-01
3.166107138380025998e-01
3.031872708445940146e-01
3.068173939218887813e-01
3.013907242852907897e-01
2.969479611286749976e-01
3.059858957544351332e-01
3.029429512910353783e-01
3.096277612142073754e-01
2.945921824337580097e-01
2.958606102718756570e-01
3.054455839670621176e-01
3.081874361787086958e-01
3.092819359440069915e-01
2.990599195926617604e-01
2.966443683474491722e-01
3.079098142874546751e-01
3.003142602359637481e-01
3.026750505352631682e-01
3.036601183124077452e-01
3.016344638589100735e-01
2.890121759894566655e-01
3.029442147184641110e-01
2.972722116189125408e-01
3.045100045891908636e-01
3.010053941072561856e-01
2.923071418817226874e-01
2.922559091486992000e-01
2.981627127298941971e-01
3.106635757745840887e-01
2.949056146618647678e-01
3.022406238584946503e-01
2.982056779357103449e-01
3.016965845838571192e-01
3.000140238075684196e-01
3.010366777005867855e-01
3.001591692750270601e-01
3.106260904134848233e-01
2.915304149190584559e-01
3.064921137996208800e-01
2.972407210904818298e-01
2.980955758538001432e-01
2.973012288984580032e-01
2.937731872384364840e-01
2.993659072197400461e-01
3.018257970993335482e-01
2.990213854572711938e-01
2.967891674202222108e-01
2.963416082354692338e-01
2.969283753862747566e-01
2.958279697558818810e-01
2.934955441989959835e-01
3.039389863992348895e-01
2.974589893451103917e-01
2.988738286953706025e-01
2.954726238281298878e-01
2.946041851853712923e-01
2.918040444644597886e-01
2.887731180932277542e-01
2.998032755958728313e-01
3.009650080631940949e-01
2.987641509144733920e-01
2.970610601015580277e-01
3.008979475268950821e-01
2.996568993880198706e-01
2.971462406600132722e-01
2.957090154099158985e-01
3.046485814146506210e-01
2.970528486829537851e-01
3.035320902482057104e-01
3.027073954924558996e-01
2.913896888494491577e-01
2.987809986640245219e-01
2.988637403035775408e-01
3.004752528591033700e-01
2.970387505033077469e-01
2.944963637261818756e-01
3.015316865192009810e-01
3.072895624698736561e-01
2.943737694468253618e-01
3.019177747460511929e-01
3.016303526285367131e-01
3.057844295333593254e-01
2.950811812128776301e-01
3.073482743058449373e-01
2.927252103885014667e-01
3.074749637108582512e-01
2.972567754296155940e-01
3.079738146219497819e-01
3.022340139517417090e-01
3.011070550443270544e-01
2.969467735443359624e-01
3.020584492347179184e-01
3.032006891301045060e-01
2.914184205425091045e-01
3.037069820440732593e-01
3.052771789523271440e-01
2.973721333803274747e-01
3.013600810980185396e-01
3.044781399460939064e-01
3.099887133408815165e-01
2.969442425247950657e-01
3.096478628042416692e-01
3.021900061804514426e-01
2.935809683341246146e-01
2.967856666980645541e-01
3.049757960515144806e-01
2.957274070917031428e-01
3.029012661140698670e-01
3.018255539429493539e-01
2.998772550851870888e-01
3.060516143074402673e-01
3.096533580850332479e-01
2.989794488136585104e-01
2.988389032009320379e-01
2.968754651645819087e-01
3.093425310575045328e-01
2.979351882942212204e-01
2.946056478680708635e-01
2.996392569671838535e-01
2.909367433725258967e-01
2.921325472685006863e-01
2.999340083736639628e-01
3.024981997334040273e-01
2.983545124530792014e-01
3.018642838566731323e-01
2.971208876715256686e-01
3.002872651968246931e-01
3.091463996813847426e-01
2.940673655997484426e-01
2.969335024746564966e-01
2.993542963304580695e-01
3.015312941792683832e-01
2.995919435643232820e-01
2.900271357252047766e-01
3.011521147611813665e-01
2.916089967084236623e-01
2.904294419747132650e-01
2.950130053437672872e-01
3.066910258852518778e-01
2.917710587191276184e-01
2.930754529742093939e-01
2.907662028685594202e-01
2.968825219915463554e-01
2.900122425304009210e-01
2.962642516081149813e-01
2.960732907438889394e-01
2.945993395952077876e-01
2.932730195231926795e-01
2.907785694568585377e-01
3.004271848843647619e-01
2.833972090711960323e-01
2.991624677219452133e-01
2.957483667784776560e-01
2.953284494769878865e-01
2.947095938217945688e-01
2.879851341247558483e-01
2.891911350572720640e-01
2.934207771068964021e-01
2.977425227180505174e-01
2.938749031187632421e-01
2.900980773453529227e-01
2.892177360753218074e-01
2.940258020773912073e-01
2.969424668221901653e-01
2.980175929955947156e-01
2.927418162807440272e-01
2.936624567669171570e-01
2.998853115317148821e-01
2.951989507063841334e-01
2.978435194645172590e-01
2.949816654507930735e-01
2.884987085675582152e-01
2.869575786475951906e-01
2.843524557466690084e-01
2.952118295125472081e-01
3.020810441328928841e-01
3.014401511122019039e-01
3.005435674236370813e-01
2.884689866350247378e-01
2.892865426265276430e-01
2.884424974521000995e-01
2.894162972768147823e-01
2.940094338013575781e-01
2.946226152472006810e-01
2.879014572462974542e-01
2.919624926379093544e-01
2.957819767869435679e-01
2.945161187878022058e-01
2.927467860472507954e-01
2.822839884994886028e-01
2.855230886393632650e-01
2.918685198212281340e-01
2.865668019423118218e-01
2.861617236947401888e-01
2.849711735852253902e-01
2.842320102911728985e-01
2.937974504935435549e-01
2.845409323771794785e-01
2.869642742742330443e-01
2.914594516922265899e-01
2.944342524195328603e-01
2.852343351795122994e-01
2.898402884029425142e-01
2.935527835900966775e-01
2.966030633984467757e-01
2.899852721545940759e-01
2.862264858033412573e-01
2.847601990478161316e-01
2.845538300199386139e-01
2.906373932957649342e-01
2.831353926696838497e-01
2.941835983632466456e-01
2.961882148415614369e-01
2.921198380872225275e-01
2.882828022042910332e-01
2.904657941216077788e-01
2.936158223794056998e-01
2.924211834294673795e-01
2.860370457745515238e-01
2.931008367966382866e-01
2.978017920484909431e-01
2.927881473532089607e-01
2.886619474261234997e-01
2.852641224479063875e-01
2.950178863910528082e-01
2.948895189624566315e-01
2.972971728596932040e-01
2.903612521978525263e-01
2.956319023592349771e-01
2.905286429402155757e-01
2.864321522605725034e-01
2.895349138058148641e-01
2.930070602740996732e-01
2.915668778312511811e-01
2.837709398796925409e-01
2.738822958026176924e-01
2.884469064955528239e-01
2.875921201247435555e-01
2.847533966486270884e-01
2.849069287188542021e-01
2.831963035349662761e-01
2.902538917003533725e-01
2.786821312438219067e-01
2.834047440534983031e-01
2.838880267089758380e-01
2.863967128671132678e-01
2.815328614642986782e-01
2.891005230446656582e-01
2.818469079450154902e-01
2.827531408040951377e-01
2.889324323489115831e-01
2.822161689782753946e-01
2.844863865811091408e-01
2.897356389042658464e-01
2.819538500637580047e-01
2.893993924825619679e-01
2.921695232582398050e-01
2.938381385917847033e-01
2.863663934362240537e-01
2.745213953157266129e-01
2.830854969146924249e-01
2.893291070675238497e-01
2.903426343622880212e-01
2.923873265393269194e-01
2.924208622903395893e-01
2.796436853897877328e-01
2.782310704390207889e-01
2.883918481759535912e-01
2.906947242525907416e-01
2.870995756334219218e-01
2.820619448064229373e-01
2.877708002160757061e-01
2.834821617947174688e-01
2.900944334192153695e-01
2.914810601144264823e-01
2.855694784185825452e-01
2.837564075222382409e-01
2.903320363316780339e-01
2.989884030742522847e-01
2.873206507510099872e-01
2.920335851800747173e-01
2.871264159870453581e-01
2.854276390220874537e-01
2.872141814193664433e-01
2.948663049592421537e-01
2.897327287839009391e-01
2.838259162046970485e-01
2.802016887909326570e-01
2.852456519045891148e-01
2.947193082708579048e-01
2.940054496893516056e-01
2.950738434035044544e-01
2.857697769235342244e-01
2.860078226297329551e-01
2.876816219053207058e-01
2.861278037612254854e-01
2.860189985579404959e-01
2.909020187189945705e-01
2.924380262119647966e-01
2.861856568891268382e-01
2.917099495346729410e-01
2.850211124389599449e-01
2.879286653338334334e-01
2.886047058189526449e-01
2.868639291096956034e-01
2.940901893071639073e-01
2.944588123223720322e-01
2.819576299152313226e-01
2.912969023944475544e-01
3.024713180959224812e-01
2.932578921891175749e-01
2.873693310679533708e-01
2.977252175028507475e-01
2.931796025580320486e-01
2.876647945206898815e-01
2.919760660101206051e-01
2.896119796312772166e-01
2.992821633051603314e-01
2.979376183106349218e-01
2.889895620445410152e-01
2.821684543712016935e-01
