1.427794269262216087e+00
1.698967485244457620e+00
1.167094516295653195e+00
9.968000783370091211e-01
8.756569512379475118e-01
7.704762912713564171e-01
6.970999995103248636e-01
6.331255957102164267e-01
5.904735966370655564e-01
5.514449799672150876e-01
5.189613003761340826e-01
4.856941575423265323e-01
4.755571461640871744e-01
4.484376371288910645e-01
4.312914932385469302e-01
4.212216045611943960e-01
4.046597141485948068e-01
3.934945618877044304e-01
3.799526535165615448e-01
3.703531796351457461e-01
3.676178557368425248e-01
3.549224806901736251e-01
3.464508450184112798e-01
3.396593482066423419e-01
3.318368241955072517e-01
3.200525727791663777e-01
3.182186161860441342e-01
3.195244126977064836e-01
3.140609106574303033e-01
3.066625512945346244e-01
2.975663049862934950e-01
2.957176635853754898e-01
2.835920641437554846e-01
2.864392211230901708e-01
2.884444281458854453e-01
2.786096608027433530e-01
2.781298783345100278e-01
2.719218665972734095e-01
2.722144984281980040e-01
2.643626525424994100e-01
2.609108112561396853e-01
2.592810228466987388e-01
2.512690314306662565e-01
2.535194878203746449e-01
2.473500780761241913e-01
2.445390746188469411e-01
2.449885554420642431e-01
2.430563239906078643e-01
2.482876045199541026e-01
2.489510917892822917e-01
2.376111252758747461e-01
2.301237810498628911e-01
2.311360539534152991e-01
2.330072254515611341e-01
2.198294248718481725e-01
2.268559709573403360e-01
2.233758179232095964e-01
2.179106787038155024e-01
2.244988981347817714e-01
2.128556754917670657e-01
2.204030061379457228e-01
2.154412220494869301e-01
2.104910937448342678e-01
2.136174874619031494e-01
2.109204385525141057e-01
2.077828784783681271e-01
2.041550939472822068e-01
2.097130428522060996e-01
2.068223638794360886e-01
2.095754626278693855e-01
2.028390255493995598e-01
2.002665516848747551e-01
1.959174274634092328e-01
1.973472425379814155e-01
2.035929347651126986e-01
1.959195119066116098e-01
1.945915392767160468e-01
2.026997897487420319e-01
1.973235548688815066e-01
1.886770223004695657e-01
1.891441522882534865e-01
1.901973787217568213e-01
1.852788805292966967e-01
1.909168347047689729e-01
1.845952436710015243e-01
1.840496287705042366e-01
1.840059382029068658e-01
1.900207737890573512e-01
1.854478204670624852e-01
1.780188353779988408e-01
1.843581619553076867e-01
1.803494459734513167e-01
1.853175379717961202e-01
1.836973444964641045e-01
1.802646839083769381e-01
1.808920418413785813e-01
1.713698505113522286e-01
1.768729292811491438e-01
1.752177322522187886e-01
1.726305013856826720e-01
1.762802735448647795e-01
1.666645125605356881e-01
1.756606089190030640e-01
1.711108710425786605e-01
1.663477178280934332e-01
1.661686604221661867e-01
1.658164621354677737e-01
1.738761051916159206e-01
1.632355435631978324e-01
1.701368097789012490e-01
1.648594040519151815e-01
1.622520551276512568e-01
1.608495199909577011e-01
1.673951697082091683e-01
1.611404794339950375e-01
1.572925118108590425e-01
1.634306495961470596e-01
1.563479227897448531e-01
1.539984020571678047e-01
1.597484252391717374e-01
1.592880886143598906e-01
1.605356308703239088e-01
1.609353120223833977e-01
1.593417869737515091e-01
1.627187563631779244e-01
1.584977005632259850e-01
1.570688882126257957e-01
1.566257742161934197e-01
1.545926867960355222e-01
1.575519324972843582e-01
1.511693512877592682e-01
1.607663804712967937e-01
1.525387857300348760e-01
1.487520615928448198e-01
1.514571191408695394e-01
1.506492488086223491e-01
1.493983148191219690e-01
1.512135170591183131e-01
1.496089743020442842e-01
1.497161984252624034e-01
1.517634728589118964e-01
1.603906257507892730e-01
1.500179168696586796e-01
1.543303298549010272e-01
1.473524293742883018e-01
1.493209682691555851e-01
1.545683730107087483e-01
1.555794885525336735e-01
1.552872805927808519e-01
1.456061697350098660e-01
1.488555538635223385e-01
1.490297190367411428e-01
1.507821706243050452e-01
1.443202155809371889e-01
1.494866139422624529e-01
1.421441060705826709e-01
1.478555425237386700e-01
1.413781614353259442e-01
1.465588990503396694e-01
1.415477637106027364e-01
1.386810845910356471e-01
1.392992732425530622e-01
1.417638677817124604e-01
1.403014776989435497e-01
1.436167551538883036e-01
1.421503648926050190e-01
1.439312527481562132e-01
1.437437345584233472e-01
1.396817106658067575e-01
1.445729837012596497e-01
1.401729512864198501e-01
1.396066486930999939e-01
1.400833802536511907e-01
1.420799156316580047e-01
1.434025219140144525e-01
1.411502162519937820e-01
1.469567000674895652e-01
1.400638810239541177e-01
1.449704096867487912e-01
1.399791074391358858e-01
1.366455981269096842e-01
1.464887111280591125e-01
1.345673970782604034e-01
1.333275115212951001e-01
1.438996575963802926e-01
1.365043591039303006e-01
1.344831798273401491e-01
1.365181251070820279e-01
1.370965645767939500e-01
1.376326206880502112e-01
1.296430516032836266e-01
1.384707889018150506e-01
1.346410061686466875e-01
1.369336322952921514e-01
1.372348405325259924e-01
1.378646482212039226e-01
1.341431616495052936e-01
1.323399598113237374e-01
1.341981712346657640e-01
1.385725080489348116e-01
1.386050501695046122e-01
1.304363789466711221e-01
1.346139139495790005e-01
1.345703010518963516e-01
1.330487962143543368e-01
1.326289930070440048e-01
1.317599875518144781e-01
1.349142359903989785e-01
1.378647537663196809e-01
1.362132641749504158e-01
1.292072478013160941e-01
1.427047420961734536e-01
1.246942093070500940e-01
1.397452879410523707e-01
1.274604928226042988e-01
1.324612078567345974e-01
1.359118306101896878e-01
1.352932416953337436e-01
1.298516355263881206e-01
1.323042234740195999e-01
1.326478354585094444e-01
1.228711087256670054e-01
1.368046646030285363e-01
1.364354003650637692e-01
1.381023444951726964e-01
1.291271679294415109e-01
1.295303483899587216e-01
1.359383879659267491e-01
1.357990545913194957e-01
1.293550035414787469e-01
1.319219643536668485e-01
1.308346448609462032e-01
1.357361996880708521e-01
1.322099675161716170e-01
1.347627319968663639e-01
1.275451483730322411e-01
1.294570416689683201e-01
1.338111176991309825e-01
1.294331096112728008e-01
1.354420534406717003e-01
1.339981097728014103e-01
1.301147424209958547e-01
1.309583767388875775e-01
1.220451873082381011e-01
1.330404901160643638e-01
1.309502202635392243e-01
1.325212252254669432e-01
1.287248140153212372e-01
1.288820315056886379e-01
1.307388227003125070e-01
1.321605535701681489e-01
1.282444087549662048e-01
1.312103710256707911e-01
1.283513560365789896e-01
1.214491582021881427e-01
1.259214149167140195e-01
1.312466348545291428e-01
1.263570220997700388e-01
1.315683896247392959e-01
1.316492948490075587e-01
1.284249025850723869e-01
1.261547348247124556e-01
1.267777532816697361e-01
1.350068275076456437e-01
1.267794832969323104e-01
1.253383254680113801e-01
1.256870404697763566e-01
1.212087684096052054e-01
1.271795743837570436e-01
1.353325282963804832e-01
1.266091863027749842e-01
1.313879623961372312e-01
1.262799778284552643e-01
1.312947084649633001e-01
1.304778374062898760e-01
1.303848910646943082e-01
1.240465787931894631e-01
1.262870331939596469e-01
1.300876764246286510e-01
1.191899979200500698e-01
1.302701267676475705e-01
1.222400494684011546e-01
1.302491012387550773e-01
1.246583329179348082e-01
1.338975204680210584e-01
1.227672031292548482e-01
1.295369145388786669e-01
1.267922108276532123e-01
1.263492351827713023e-01
1.327463191432448619e-01
1.221099039300894140e-01
1.182189023743073081e-01
1.277379843716820174e-01
1.264099600700995807e-01
1.296933978748245064e-01
1.244230559812142256e-01
1.239107938722158048e-01
1.227707616793803636e-01
1.239220414979335522e-01
1.244267510202450577e-01
1.264440264314030948e-01
1.207677755886927690e-01
1.264595148273003344e-01
1.287741932158286695e-01
1.232314939634540085e-01
1.244229940028908910e-01
1.208891844902283130e-01
1.230325954894606888e-01
1.225613161634940412e-01
1.258508471533273942e-01
1.316520472701925570e-01
1.323188138982424322e-01
1.253095525340774119e-01
1.249944145480791774e-01
1.265332296108588328e-01
1.186034265714578095e-01
1.277904101098195078e-01
1.311742656983626298e-01
1.249593991451920655e-01
1.272513756480736502e-01
1.243646697571071241e-01
1.270636402834684486e-01
1.273481598458229003e-01
1.319755911922607661e-01
1.226267775281881661e-01
1.260205935352505802e-01
1.203252474275919165e-01
1.178620414951672968e-01
1.244491345798357934e-01
1.239227828307029461e-01
1.267251347502072745e-01
1.297468646023517969e-01
1.215753105731728761e-01
1.246256920676200863e-01
1.326872168825223020e-01
1.198505271608248796e-01
1.202449411153793390e-01
1.266177830978846008e-01
1.221792939572762249e-01
1.207228038842097367e-01
1.218303912104322373e-01
1.257231191182747732e-01
1.193800523924904017e-01
1.247780983742231009e-01
1.273818840535405339e-01
1.285210095250453599e-01
1.181139036057851227e-01
1.214220662195330952e-01
1.210052647078648652e-01
1.267807584017133227e-01
1.217113262711045085e-01
1.290175620896311937e-01
1.219102356535119863e-01
1.207583540047590526e-01
1.236027233684674348e-01
1.222637966752816441e-01
1.234193865162057785e-01
1.361894019903280850e-01
1.262401965184089536e-01
1.181185417736952126e-01
1.291665570929837470e-01
1.270354850647541223e-01
1.144462492078160559e-01
1.267610412520857877e-01
1.215236864888515206e-01
1.241639393835495681e-01
1.166678770946768667e-01
1.213412131970891539e-01
1.235237213711325999e-01
1.220450534939001713e-01
1.215334923364795178e-01
1.255197850939555049e-01
1.225906750808159473e-01
1.266703172037616787e-01
1.255048066425399900e-01
1.218859407716454540e-01
1.193772405051650165e-01
1.148717353072686020e-01
1.242170540759196667e-01
1.236978013211717936e-01
1.296123975314772969e-01
1.245376030174203397e-01
1.194134977670052167e-01
1.224729271748891263e-01
1.200196862411804649e-01
1.309274963700236549e-01
1.218507524484243182e-01
1.206019925669981896e-01
1.250679351198367706e-01
1.174165676610592068e-01
1.202646053897646755e-01
1.196205750012244995e-01
1.234971471465168835e-01
1.231419097918730471e-01
1.302768604495586624e-01
1.144531073287511497e-01
1.184108027089864762e-01
1.321071739857777594e-01
1.213223098180232912e-01
1.176773227607974676e-01
1.253463086839287643e-01
1.186837574084981944e-01
1.192542614080967095e-01
1.201986767065066491e-01
1.224970304431059476e-01
1.258631097630430462e-01
1.265325465550025397e-01
1.251196376979351044e-01
1.190952803557499828e-01
1.230061087088707150e-01
1.226332924877985980e-01
1.184930320303791557e-01
1.183800403506327925e-01
1.219248392069951087e-01
1.216484585729164930e-01
1.210529479269797926e-01
1.236324044851920545e-01
1.143607688399079503e-01
1.151249122590972812e-01
1.280743487752400989e-01
1.206513483841449852e-01
1.263962938330876473e-01
1.189332247210236754e-01
1.200355543253513457e-01
1.164767916672504872e-01
1.145209936472849910e-01
1.281604591231697565e-01
1.263881747013865242e-01
1.158431065006133853e-01
1.206062877646241482e-01
1.267351844849494702e-01
1.232037538996873793e-01
1.233078133123807485e-01
1.232409546390557942e-01
1.189696521856463823e-01
1.216396829161124349e-01
1.214458964430750881e-01
1.196203534801801027e-01
1.165926491555113048e-01
1.249770478321573647e-01
1.243742624632059035e-01
1.236939449102068544e-01
1.166320382211452900e-01
1.209856709895225646e-01
1.218425633290257243e-01
1.196247477609759663e-01
1.240574902019057485e-01
1.240644033425129383e-01
1.262788345893988140e-01
1.237990556762386535e-01
1.248390660215264736e-01
1.243497307531726687e-01
1.172409424510521825e-01
1.225665963541429787e-01
1.216195275911536033e-01
1.220759275297705893e-01
1.174643529435762945e-01
1.195858216104217081e-01
1.203422110575513987e-01
1.147527075826357545e-01
1.250423594306294683e-01
1.212241557928232100e-01
1.218563844139377295e-01
1.220562907747733267e-01
1.162082885224849788e-01
1.195791266285456123e-01
1.185323575607094976e-01
1.206134405464698162e-01
1.179224101205666869e-01
1.161332271085717682e-01
1.251654407869164654e-01
1.236433014034842848e-01
1.156678105203004930e-01
1.226883240330677721e-01
1.213807756081223543e-01
1.217808527489885329e-01
1.178994828166487902e-01
1.186285995949919458e-01
1.232072411510997806e-01
1.179384609588827876e-01
1.163710606308319684e-01
1.234433325389638902e-01
1.222808677512101649e-01
1.218239282854856609e-01
1.218337780294510009e-01
1.246949452715806483e-01
1.224534140183375364e-01
1.180133539371383544e-01
1.191687089510453101e-01
1.173217871202490298e-01
1.220269461998190613e-01
1.211706893327526569e-01
1.158148442609951978e-01
1.192227229475975037e-01
1.243013187765310973e-01
1.186767447214478050e-01
1.150366334005808178e-01
1.195942461490631104e-01
1.154742922347325590e-01
1.170547456504442696e-01
1.240399428094044743e-01
1.268114375380369196e-01
1.151159662084701718e-01
1.184991699619553085e-01
1.194038850183670314e-01
1.177384200768593070e-01
1.228019212921842573e-01
1.256597937633975870e-01
1.248484873141233742e-01
1.232713471238429670e-01
1.223148214606902540e-01
1.196802144822401853e-01
1.234561231464911674e-01
1.194223193499522329e-01
1.178602470180545037e-01
1.183645103604365617e-01
1.212984429003718528e-01
1.253125470465956681e-01
1.194032165245750010e-01
1.236705796124461382e-01
1.224502740762172665e-01
1.212207082038124356e-01
1.182555924766720834e-01
1.285690095705481761e-01
1.203409646518337484e-01
1.161231152999859656e-01
1.196144802304796723e-01
1.186792287641228738e-01
1.142821152766163584e-01
1.195006492285010102e-01
1.147578257207687025e-01
1.218981041644628255e-01
1.211168870520897417e-01
1.227941817102524008e-01
1.144919163571336274e-01
1.194715534933866591e-01
1.180248867338284519e-01
1.199534067740807147e-01
1.210953232999413404e-01
1.227433758047528772e-01
1.188493892645988703e-01
1.212677619348351832e-01
1.142761143784110367e-01
1.128783711112844590e-01
1.117339278977268757e-01
1.227782578135912239e-01
1.218802472051137564e-01
1.233414659276604597e-01
1.206172469334724634e-01
1.190450623058355722e-01
1.204472767762266722e-01
1.193455261870836615e-01
1.135356283961580365e-01
1.208347075785963926e-01
1.208037356726634204e-01
1.201613999855441900e-01
1.244214408433972213e-01
1.233556566330102772e-01
1.186931954171413089e-01
1.189768184549533370e-01
1.260023057842865890e-01
1.134731404101237268e-01
1.151255749452572558e-01
1.187148108505285682e-01
1.161836070271256710e-01
1.171186467250570212e-01
1.217460477008269343e-01
1.223284568207768236e-01
1.204673612920137554e-01
1.258548456172530472e-01
1.226445578802854569e-01
1.146511780289121152e-01
1.203767777539980766e-01
1.222544441333947990e-01
1.243235623416228119e-01
1.197569523627559362e-01
1.153912004369955779e-01
1.089303430074300555e-01
1.187994055306682284e-01
1.211432553015840408e-01
1.131453192291351495e-01
1.148596857411739169e-01
1.187684296845243487e-01
1.266624236622682087e-01
1.198398205666587890e-01
1.247505571979742739e-01
1.170754559576893533e-01
1.166365233178322108e-01
1.166189805819438097e-01
1.247821755325182885e-01
1.182594938108172122e-01
1.232523690574826303e-01
1.167585591570689113e-01
1.184206530595054985e-01
1.147566058314763576e-01
1.206103887886573051e-01
1.205685178200021773e-01
1.191444988434131325e-01
1.191445870181688932e-01
1.180508390833169968e-01
1.183756012851611139e-01
1.239459324389313999e-01
1.238158169083106164e-01
1.159674348166355728e-01
1.221136151550289844e-01
1.204045530599661407e-01
1.204054278966325969e-01
1.182196519695795506e-01
1.129323170162164214e-01
1.206846098964795139e-01
1.138322697809109330e-01
1.181820896095954476e-01
1.202192347305707509e-01
1.159376937036330907e-01
1.277904251112769729e-01
1.201809965694944082e-01
1.227598736588007416e-01
1.207260734759844217e-01
1.175747921833625170e-01
1.155221737873477761e-01
1.179443836307678406e-01
1.194601845903656423e-01
1.272021811455488205e-01
1.151587919905208562e-01
1.222031662097343985e-01
1.159009264256709720e-01
1.163979190712173817e-01
1.174516250307743315e-01
1.161823951806395527e-01
1.224432365156901126e-01
1.169673683503881512e-01
1.182017011042588855e-01
1.197811952959268456e-01
1.164620705235462905e-01
1.156172308258903297e-01
1.240692057766211304e-01
1.153213382865755920e-01
1.186336562873270273e-01
1.214385173259637241e-01
1.175930325610515387e-01
1.156713352562525332e-01
1.232748580857729315e-01
1.188034087371749731e-01
1.135130763435975160e-01
1.218129015694826012e-01
1.188751961176212069e-01
1.189509631636051085e-01
1.160647776789772156e-01
1.234008876559061912e-01
1.175185008786427676e-01
1.173526982036538630e-01
1.241462942642661271e-01
1.161527791418708322e-01
1.202353412333207194e-01
1.138235529168293986e-01
1.187645672271266939e-01
1.214597171888901622e-01
1.183890706119246905e-01
1.182946472070538074e-01
1.096864883381968858e-01
1.159876873812232256e-01
1.219652288617231878e-01
1.163482690421052401e-01
1.090582939103627858e-01
1.265661910128517142e-01
1.169255501280228315e-01
1.168992651817508249e-01
1.174329687100954533e-01
1.185413354291365712e-01
1.210514994385914894e-01
1.218055417522405925e-01
1.215773064595384451e-01
1.167466228589033456e-01
1.172862757618228641e-01
1.269359251149954071e-01
1.237241329720769195e-01
1.188704445289495704e-01
1.173096024168607532e-01
1.196696491434405957e-01
1.178576291944736093e-01
1.094846322225072471e-01
1.212967222747512314e-01
1.234156477575500815e-01
1.171482188436083344e-01
1.162049094167275365e-01
1.161184526406801726e-01
1.210557110798664571e-01
1.235885582959804774e-01
1.181270352254311234e-01
1.166877194522665112e-01
1.166503438726067543e-01
1.230097038146012872e-01
1.191356354130384265e-01
1.137742032750676813e-01
1.189684016486773077e-01
1.211958856202470930e-01
1.236319032330543549e-01
1.122555341714849830e-01
1.141613133681508158e-01
1.199605483513994097e-01
1.210021123242301794e-01
1.193885828440005986e-01
1.192302074808722911e-01
1.208127783324856042e-01
1.168388413790708985e-01
1.184031135569780235e-01
1.234010185377720087e-01
1.141201216679735009e-01
1.176252465981703493e-01
1.103072808721126674e-01
1.161773987114429474e-01
1.171285164542496260e-01
1.157330764648623889e-01
1.243143464796818282e-01
1.206778300400727783e-01
1.141810344150051143e-01
1.203625468346170846e-01
1.193360971334652965e-01
1.137286593110706512e-01
1.172637243301440507e-01
1.250384795312315944e-01
1.187482511099332422e-01
1.240904248152405742e-01
1.225916178323901568e-01
1.211294161776701600e-01
1.224654155377394166e-01
1.183782248208538057e-01
1.190245903455294102e-01
1.149908188634957973e-01
1.229688666283320214e-01
1.170202231177916857e-01
1.144055331555696581e-01
1.126210951509001995e-01
1.145989579650072004e-01
1.231809912440486460e-01
1.159561547999962833e-01
1.177871321256344084e-01
1.206102328422742065e-01
1.218648730944364433e-01
1.210385193857244912e-01
1.181437968061520571e-01
1.236602758176815753e-01
1.238468451759754119e-01
1.176507617800663652e-01
1.192603166764363287e-01
1.224620291819939200e-01
1.196085417643189402e-01
1.124300372667419584e-01
1.098229308111163260e-01
1.241318213204160720e-01
1.148983850645331206e-01
1.203086276180469066e-01
1.154850736117133680e-01
1.250271222267586579e-01
1.151694621604222452e-01
1.146569627456558021e-01
1.144359621147696821e-01
1.187540197649445267e-01
1.191513635170383389e-01
1.236916450497049513e-01
1.181885092304303109e-01
1.159425228069990155e-01
1.169334926332036700e-01
1.130031558517844287e-01
1.143919845422109033e-01
1.213712733668776689e-01
1.164074384249173671e-01
1.180408085529238704e-01
1.115701959229623702e-01
1.181388508910552054e-01
1.165810451962244754e-01
1.165578617451664689e-01
1.152765535821135279e-01
1.145285642204376397e-01
1.241861838799638573e-01
1.169476187477509199e-01
1.122167783956497106e-01
1.156941497173064742e-01
1.211095633462835608e-01
1.155928678715076180e-01
1.236300622853331033e-01
1.145192057992785450e-01
1.204547879501031010e-01
1.175735238270881888e-01
1.259321673749349002e-01
1.183263703703116149e-01
1.150933585965480538e-01
1.162109668199450552e-01
1.148279113933826090e-01
1.197955877209703063e-01
1.176097149124894353e-01
1.140449180387151512e-01
1.249776537506244178e-01
1.202316762831730779e-01
1.212745091185355867e-01
1.180639429829823672e-01
1.140884117963604505e-01
1.189916952919119475e-01
1.205934531461351905e-01
1.178659205444348157e-01
1.159826385096097562e-01
1.139386098975172373e-01
1.228421017718620833e-01
1.150392543285703034e-01
1.233575187384700206e-01
1.160424907047015036e-01
1.196556448506621156e-01
1.134238354049814101e-01
1.234585631399964661e-01
1.182772126478644492e-01
1.182631820034331233e-01
1.152405102235766615e-01
1.098318936637578819e-01
1.222803517698477505e-01
1.189913686078328398e-01
1.260830891963380940e-01
1.214236308557864880e-01
1.087883575508991896e-01
1.156959823643167878e-01
1.162950773221942125e-01
1.182758420849075731e-01
1.207570285799029614e-01
1.129593537881588283e-01
1.167194027931262312e-01
1.208349323353897359e-01
1.176062800802099434e-01
1.136774035170674269e-01
1.208204348738758926e-01
1.242689766371861543e-01
1.153265594385373266e-01
1.184911014894262371e-01
1.169563503697132467e-01
1.269801923002188138e-01
1.114998259414465009e-01
1.206602657786928628e-01
1.105755037986315276e-01
1.229107174640282629e-01
1.169196210467280533e-01
1.166702962838686436e-01
1.195854867259279336e-01
1.176077355368015109e-01
1.180593304765912149e-01
1.187743196407189672e-01
1.121094546352441462e-01
1.180936658038542753e-01
1.172534247573751714e-01
1.148961518915035812e-01
1.129083536230982843e-01
1.224497030847347678e-01
1.205830300465608323e-01
1.153955205606344431e-01
1.151363488095693138e-01
1.172494967635243357e-01
1.204870718698470983e-01
1.182034780725072648e-01
1.202632055355188218e-01
1.141162897675083165e-01
1.158233457221052587e-01
1.195248685920467790e-01
1.198404588712713714e-01
1.191179073439576630e-01
1.197396179517874332e-01
1.187012238762317623e-01
1.167830662801861707e-01
1.200227408120647515e-01
1.133706143125891713e-01
1.230628803706704105e-01
1.208096230450348973e-01
1.252438242332293561e-01
1.182995568722104429e-01
1.174327285817036298e-01
1.151010974955100213e-01
1.173195303393862188e-01
1.196999088670007705e-01
1.201557703316211700e-01
1.103001511345307051e-01
1.167806096709309432e-01
1.230999915932233513e-01
1.186252996038932028e-01
1.154105060614454420e-01
1.161693386590251509e-01
1.164687202049371484e-01
1.168483141141060111e-01
1.178120949090673414e-01
1.185461411777979229e-01
1.156497193930240835e-01
1.169765760596746113e-01
1.141095465478988852e-01
1.162609130000838847e-01
1.169287748921375991e-01
1.204066294890183686e-01
1.164276277025540623e-01
1.158912189400348874e-01
1.156939743994138126e-01
1.172104553964275625e-01
1.197831895536719260e-01
1.125583671582623957e-01
1.208275285143500660e-01
1.144634037111432190e-01
1.123208111534133996e-01
1.180935366509052453e-01
1.193711756322628353e-01
1.142279268027498185e-01
1.187222385922303558e-01
1.185122046906214449e-01
1.194206808335506048e-01
1.234552129434469403e-01
1.170955217132965687e-01
1.180598816953790514e-01
1.200343924646194160e-01
1.142244116618083005e-01
1.195216956811073483e-01
1.186510353802870538e-01
1.229974850582388757e-01
1.176635889002145829e-01
1.137600599573208721e-01
1.174191618290467143e-01
1.159625080246955986e-01
1.220994717035538135e-01
1.180018071037454430e-01
1.201205484378032179e-01
1.241483269975735548e-01
1.162828811038380955e-01
1.180706691856567708e-01
1.175636660355405955e-01
1.106836862671069649e-01
1.157713863855371061e-01
1.155949510060823859e-01
1.177449328872637868e-01
1.166021708351297204e-01
1.189964102437862936e-01
1.154459532445822056e-01
1.132952307422573773e-01
1.216914261142030690e-01
1.167992404399391948e-01
1.144324239152364198e-01
1.125898980081845580e-01
1.172813486880980999e-01
1.184345134366781294e-01
1.166376256980957149e-01
1.165588021755982612e-01
1.178704007075001003e-01
1.174295280510798539e-01
1.179348140190809163e-01
1.267156298105151235e-01
1.200802615103431226e-01
1.128321307114301536e-01
1.211862074163479741e-01
1.129862389742181811e-01
1.181911144596643898e-01
1.163423232256601964e-01
1.225530080019663487e-01
1.155380750122742828e-01
1.172911335308200326e-01
1.105216841810406775e-01
1.148065896513752460e-01
1.207613731615054253e-01
1.155895909246725944e-01
1.157542871788908301e-01
1.125049648090050702e-01
1.100207647022146407e-01
1.151183329522609683e-01
1.223990315141586099e-01
1.149166414036582734e-01
1.204562253676928069e-01
1.205376501314533028e-01
1.107347127527762709e-01
1.140001894524082099e-01
1.186334939578022746e-01
1.189619915368847342e-01
1.187137040620048906e-01
1.201055357614770891e-01
1.174491638938585936e-01
1.224170731762662945e-01
1.228730263331761774e-01
1.194434517325881212e-01
1.153364112791724627e-01
1.222161549453934098e-01
1.174241634372335252e-01
1.178538153282342876e-01
1.179874108483393996e-01
1.108061651173883472e-01
1.182516086655549525e-01
1.218631961645606221e-01
1.196139331381672471e-01
1.103909101575995116e-01
1.167713863321412776e-01
1.153418918498433504e-01
1.197373169402663473e-01
1.177968536861813964e-01
1.147690904732698025e-01
1.189884124467006088e-01
1.147393584872285488e-01
1.154298684535882413e-01
1.216424900417526628e-01
1.165090919209596371e-01
1.186942532849617482e-01
1.136033262914189906e-01
1.155511410763630509e-01
1.192609110608314898e-01
1.165638991130086149e-01
1.193972589973455872e-01
1.195076920760747702e-01
1.167285978125456036e-01
1.145757962495852766e-01
1.157729389719091978e-01
1.136979864528163825e-01
1.228476410636153010e-01
1.174216764334302665e-01
1.215109748956866714e-01
1.227468097534699376e-01
1.123328530635589184e-01
1.182124263869646225e-01
1.143923053422417346e-01
1.146558343647764294e-01
1.190627301541658523e-01
1.135707219871572998e-01
1.183262031811934262e-01
1.092278052121400805e-01
1.189864745220312742e-01
1.146136077001499859e-01
1.157732716546608920e-01
1.162890504568051125e-01
1.155466735792847754e-01
1.145337512000249025e-01
1.211190745473290087e-01
1.117448432562060806e-01
1.134201562796265661e-01
1.148535871400665070e-01
1.171560414756337848e-01
1.181420000126728598e-01
1.213016396006330461e-01
1.122607388891852798e-01
1.196236560837580648e-01
1.171426674398856338e-01
1.187584629616676296e-01
1.212828505354432013e-01
1.097840299543279829e-01
1.140137386150085058e-01
1.169445742542545019e-01
1.165447988189183687e-01
1.147918216502055166e-01
1.196889628775608810e-01
1.131464374227783565e-01
1.137555341451213925e-01
1.149904059102902082e-01
1.133620709228592011e-01
1.197970043199184653e-01
1.223826513315240533e-01
1.140142625818649919e-01
1.147647834693392155e-01
1.190352825018075739e-01
1.205166037409351465e-01
1.176973898107042671e-01
1.161616209798898430e-01
1.199402072490790006e-01
1.190712205349252761e-01
1.175375513398112387e-01
1.106391895084809091e-01
1.282832708830634882e-01
1.196021099789784520e-01
1.199663377199799569e-01
1.186806856726224657e-01
1.186889534911666211e-01
1.147228160729775043e-01
1.147750270385772819e-01
1.127504036117058517e-01
1.158921042982584415e-01
1.196473694287049500e-01
1.217825368285561233e-01
1.148255879059433965e-01
1.144258278159376863e-01
1.238051916114412815e-01
1.145308652510627773e-01
1.205044126711212610e-01
1.191753177497631433e-01
1.220615198405889390e-01
1.152294010329896062e-01
1.250417682175070933e-01
1.135241502084028964e-01
1.120250572951940332e-01
1.137321111578971922e-01
1.117487930907652971e-01
1.128496819963822062e-01
1.152080416655502232e-01
1.183947149329842713e-01
1.195647896625674639e-01
1.186363157744591001e-01
1.149309968098233964e-01
1.184039270553069179e-01
1.210821890009519397e-01
1.163722417914332535e-01
1.189991611748551642e-01
1.184784025909044747e-01
1.170956660778476599e-01
1.203585616432321370e-01
1.133677512359542727e-01
1.182894316430275206e-01
1.264696577611642003e-01
1.136246511855950742e-01
1.064665925832321974e-01
1.135657874962840291e-01
1.201352959833083961e-01
1.126464184182576628e-01
1.075564882407585715e-01
1.188601199919596674e-01
1.169819002063610669e-01
1.198691435970175023e-01
1.201390317665078644e-01
1.133212096750354086e-01
1.165808009270292017e-01
1.226708304996673854e-01
1.126262441325264069e-01
1.176739999690116917e-01
1.196893177878780301e-01
1.224700657459787817e-01
1.156235150085427876e-01
1.167912679724395220e-01
1.146509123536256641e-01
1.101942648060428853e-01
1.180274942030127283e-01
1.188581858403407604e-01
1.209569770078628426e-01
1.129970344165578816e-01
1.139129352158842895e-01
1.185313780481616619e-01
1.108849694952368792e-01
1.173811877910525409e-01
1.146238550591545252e-01
1.242917625758892392e-01
1.127545435363665610e-01
1.218437143147755863e-01
1.199273152229113487e-01
1.172604381082913844e-01
1.255894113905154652e-01
1.199894907955939977e-01
1.183313579274675731e-01
1.197473180551941602e-01
1.122292959250700828e-01
1.170329105156736466e-01
1.196008720172521411e-01
1.139300262030118610e-01
1.118997723485032764e-01
1.140707008922711430e-01
1.129748305114798013e-01
1.157778139250018601e-01
1.178630123296991322e-01
1.119251163198779764e-01
1.113674241046492819e-01
1.210769372920577347e-01
1.194640944783504216e-01
1.184430195544010495e-01
1.168202471561156780e-01
1.162486627984505444e-01
1.207697682369213849e-01
1.278130684406138251e-01
1.143496812655566547e-01
1.116631660944758381e-01
1.128447678465491627e-01
1.236917566508054789e-01
1.125697715542255256e-01
1.168511879940827697e-01
1.182539576569046763e-01
1.167879334722573964e-01
1.151797763143594389e-01
1.080491048068954463e-01
1.132462810772733863e-01
1.150592136220672246e-01
1.206803082464597138e-01
1.106843620777512166e-01
1.122393247313224346e-01
1.175250912085175486e-01
1.159866119854343208e-01
1.173381831258153291e-01
1.229213652081596608e-01
1.217089327147755917e-01
1.125335778396290148e-01
1.200221908398163562e-01
1.173765403194687307e-01
1.171654367198546737e-01
1.198807866288683355e-01
1.254234230814453843e-01
1.137048563084159108e-01
1.131755079309909734e-01
1.218075154970089530e-01
1.196015717175144405e-01
1.178427084850577206e-01
1.207609098858367230e-01
1.212362452314641181e-01
1.112166713230693937e-01
1.203405735775446295e-01
1.195696909840290312e-01
1.110640000647459269e-01
1.109199347786414269e-01
1.172943089825984747e-01
1.154241793956130024e-01
1.142117634033545520e-01
1.159344838382915105e-01
1.215581889288165629e-01
1.149102029510033485e-01
