1.713209253396743348e+00
1.986760715032235280e+00
1.667176323059277765e+00
1.495514572583712010e+00
1.400333115993402044e+00
1.330268360712589359e+00
1.268320217040868947e+00
1.218658667497145798e+00
1.173388662246557468e+00
1.144122392091995621e+00
1.109484186844948095e+00
1.073503831869516700e+00
1.050606393355589585e+00
1.021298331327927356e+00
9.981020815861531004e-01
9.864653469660342733e-01
9.689820691561087385e-01
9.557208988911066738e-01
9.457548497579036928e-01
9.309413639398721463e-01
9.206849310642634121e-01
9.149941542209723000e-01
9.039486094927176030e-01
8.948677607071705564e-01
8.873631202257596939e-01
8.809457710156074484e-01
8.742136764220702627e-01
8.706914337781759272e-01
8.627058224800305819e-01
8.597656080356010921e-01
8.516028587634746350e-01
8.504216583875509050e-01
8.458099380517617449e-01
8.412323788190498863e-01
8.336860830967243174e-01
8.257566967071631181e-01
8.244104344111222726e-01
8.200388532418471099e-01
8.129394875122950559e-01
8.080515069839281361e-01
8.064285561060293706e-01
8.062675664058098768e-01
8.016307118611457616e-01
8.009264863454378380e-01
7.939762515135300180e-01
7.933857335494114427e-01
7.872776826222737112e-01
7.843993824261885628e-01
7.804565020096607686e-01
7.785589282329266059e-01
7.817820263214599885e-01
7.740051579781067614e-01
7.647672577546192896e-01
7.606465426775125271e-01
7.675571794693286654e-01
7.654866781754371408e-01
7.574732941694748423e-01
7.590332184082422273e-01
7.508052603556559790e-01
7.497308919062981580e-01
7.513903080652921673e-01
7.407625613304285039e-01
7.443222843683683365e-01
7.362356457954798428e-01
7.343226167636039969e-01
7.419230594084813557e-01
7.359885601661144694e-01
7.303674555741823671e-01
7.340880958697735270e-01
7.331537518745813165e-01
7.290297541862879038e-01
7.242856701979270007e-01
7.271726161241531816e-01
7.212992719350717064e-01
7.213656368928077489e-01
7.199219926045491436e-01
7.215516846149395702e-01
7.174301116130290534e-01
7.103357489292437821e-01
7.125149985918631801e-01
7.034958944106712853e-01
7.128889475877467907e-01
7.105302290274546628e-01
7.052299521672420468e-01
7.078704088162153241e-01
6.959155480831097362e-01
6.988668969808480291e-01
7.022665107097381121e-01
6.978974521924288243e-01
6.906320789685616024e-01
6.899642262703332696e-01
6.871267084127817837e-01
6.851983570135556922e-01
6.814752939419869149e-01
6.792998420122342562e-01
6.808912796087753794e-01
6.800882438054451917e-01
6.707921379651778926e-01
6.815566683426881323e-01
6.718101083468168699e-01
6.752169827620188025e-01
6.715342287833874213e-01
6.744239425047849901e-01
6.654377103616029299e-01
6.763055938940781830e-01
6.677667622382824630e-01
6.593534520803353560e-01
6.624936213860145306e-01
6.669227243998111510e-01
6.674474820112570317e-01
6.544369264290883503e-01
6.641559256957128010e-01
6.607702238437457298e-01
6.561073053341645034e-01
6.571877379447985668e-01
6.540345774247096067e-01
6.554750058895502107e-01
6.498604733974505665e-01
6.454660508877191338e-01
6.538396516671547420e-01
6.498125652472178659e-01
6.497970144718121510e-01
6.435144600959924466e-01
6.465102108625265798e-01
6.418519030014674387e-01
6.390901352350528697e-01
6.340223854168867135e-01
6.476013665780042672e-01
6.333753063128544358e-01
6.425672272076973224e-01
6.406889388958613152e-01
6.339758260127825729e-01
6.322694867849349976e-01
6.305982531645358824e-01
6.299408982961606229e-01
6.305519990431956989e-01
6.290900140236586058e-01
6.307556454187784878e-01
6.272042616055562014e-01
6.227580571021789080e-01
6.181803905046903136e-01
6.256744987689532023e-01
6.199091306863686590e-01
6.195785196163715591e-01
6.231861768624721298e-01
6.167246850637289057e-01
6.180959249154115431e-01
6.088044070280514974e-01
6.150874858483289520e-01
6.181958588270041188e-01
6.126270161989407770e-01
6.206763342404977291e-01
6.090394502266859300e-01
6.043419930415275809e-01
6.103906409862713822e-01
6.064647872478533541e-01
6.084531862002152680e-01
6.130146197783641338e-01
6.054442481352733108e-01
6.049047110936580651e-01
6.119396637647579462e-01
6.003202994664510461e-01
6.023147126038869148e-01
5.979305623433528449e-01
5.992134775106723321e-01
5.994640896717707834e-01
5.926675698696038941e-01
5.943607720044943310e-01
5.881534137022801367e-01
5.959401451624356527e-01
5.970975499122570529e-01
5.883353232573240721e-01
5.940666896410476960e-01
5.868356401339555051e-01
5.859732024944745987e-01
5.908135670117843352e-01
5.875499138465294369e-01
5.807597589798462190e-01
5.856753453230246764e-01
5.804219746436828364e-01
5.784253557523091338e-01
5.777394519402430095e-01
5.815883974998424799e-01
5.866979997127483859e-01
5.791582250442259827e-01
5.734750121067732076e-01
5.803764242010238661e-01
5.767509090594756804e-01
5.787481612119919072e-01
5.706242195688761010e-01
5.781205555185293665e-01
5.764798279756154775e-01
5.667866904766131197e-01
5.757647632788389647e-01
5.649513739805954726e-01
5.625632338798962628e-01
5.639734152035835724e-01
5.685428763047243317e-01
5.654256105422973411e-01
5.670274815498254073e-01
5.616926576082522660e-01
5.625542474862856857e-01
5.656012215675452204e-01
5.653336131419890442e-01
5.607285594328855760e-01
5.554390439620384701e-01
5.603206429726038662e-01
5.605595143941732861e-01
5.587355466225207845e-01
5.487233744981961925e-01
5.512345395027062889e-01
5.497757823803486321e-01
5.592938686792666703e-01
5.580550318345045557e-01
5.540535436990933205e-01
5.572436792728228117e-01
5.521993978665424851e-01
5.526822719818506036e-01
5.522853615956428985e-01
5.574277546161260366e-01
5.559986288730914827e-01
5.533681237544768594e-01
5.497431698517921683e-01
5.468210719334773984e-01
5.487765555962538233e-01
5.479574496929462413e-01
5.443255478755021359e-01
5.436625780203403480e-01
5.382289182681303519e-01
5.410880864430696047e-01
5.457323476290091291e-01
5.447279421946941147e-01
5.426661586914307556e-01
5.439583841806803211e-01
5.381999152593123226e-01
5.415788581738105734e-01
5.375675956408182410e-01
5.370668894969500284e-01
5.367102517531467942e-01
5.385337530038295517e-01
5.421000045079451546e-01
5.389355628536297571e-01
5.325517587172678979e-01
5.430387528278888265e-01
5.350081362785437111e-01
5.317372444348457128e-01
5.315167846587988132e-01
5.295877495637306698e-01
5.286564344014876848e-01
5.330277752417784676e-01
5.269594570000966094e-01
5.307301159852589878e-01
5.322765882962788853e-01
5.298821277343309655e-01
5.271978111603321526e-01
5.223042488098144087e-01
5.299916810714281334e-01
5.233670787169383276e-01
5.248367260281856517e-01
5.295881975155610766e-01
5.244293150993494246e-01
5.164241103789745102e-01
5.206313901222668905e-01
5.219800538741625751e-01
5.261959516085110700e-01
5.146957940016037014e-01
5.152946138993287351e-01
5.202004402875900491e-01
5.236092324440295709e-01
5.154551536608964479e-01
5.210375675788292416e-01
5.119181914971424607e-01
5.083246195163482195e-01
5.123914675834851939e-01
5.104423367824310054e-01
5.206581353377073285e-01
5.143402186723855518e-01
5.079507457904326451e-01
5.112561152149469601e-01
5.128018195812519275e-01
5.137591658494411462e-01
5.133963147799174287e-01
5.092595202800554999e-01
5.152515519123811449e-01
5.073413652869370738e-01
5.112858114334253301e-01
5.095057566196490306e-01
5.097859502602846149e-01
5.013774861892064116e-01
5.184819190930097799e-01
5.110884118920717700e-01
5.059335499237744838e-01
5.054993228270456829e-01
4.994473075255369543e-01
5.007124684559993710e-01
5.051167848018499607e-01
5.067109380777065075e-01
4.981207392154595737e-01
4.957500159740447776e-01
4.977984282450798048e-01
5.025658439367245434e-01
4.993078620770038945e-01
4.980612239776513461e-01
5.075920656705513734e-01
4.960025835495728841e-01
4.983381085670911537e-01
4.927872135088993688e-01
5.019149800141652351e-01
4.990580373085461985e-01
4.940329108482752196e-01
5.015348017979890383e-01
4.952543384371659863e-01
4.907156974459305765e-01
4.852015499121103415e-01
4.912970402301886086e-01
4.974606145650912747e-01
4.875058265832754034e-01
4.989509697908010022e-01
4.935155197595938459e-01
4.920021812121073146e-01
4.862775445748598324e-01
4.905476158246016016e-01
4.869458183264120943e-01
4.908731408226184589e-01
4.885936541817126888e-01
4.957376944713103306e-01
4.861407453815142499e-01
4.886590089553441985e-01
4.905349519008245229e-01
4.870471569972160686e-01
4.860329569150240170e-01
4.937558313974967361e-01
4.874000747234393249e-01
4.841216557301007972e-01
4.868800697800440558e-01
4.819382099769054517e-01
4.887930258344381218e-01
4.923477133879294865e-01
4.844572605612950666e-01
4.792423678896365891e-01
4.806242070136926281e-01
4.823759994445702692e-01
4.780152017871538983e-01
4.847207940541781168e-01
4.838777963167582019e-01
4.775994935861000434e-01
4.684793798205180160e-01
4.809871223492500070e-01
4.798458256400548461e-01
4.743199038199889528e-01
4.749607473993912587e-01
4.780136722402694716e-01
4.708360445423003804e-01
4.805434908622350232e-01
4.800234299439650187e-01
4.717617395596626628e-01
4.764825997444299688e-01
4.731466149290402545e-01
4.733539318427061326e-01
4.780326750798102875e-01
4.808926853231894616e-01
4.767424357625154596e-01
4.757718599377534496e-01
4.688944307657388344e-01
4.733332513616635429e-01
4.705161249408355006e-01
4.643444094902429709e-01
4.779873856367208851e-01
4.661613637820268274e-01
4.740101755429536601e-01
4.765835961852318281e-01
4.751183810906532412e-01
4.717893044535930169e-01
4.742608209068958636e-01
4.700385380631837973e-01
4.658824639824720726e-01
4.688661016714878449e-01
4.630834326148033364e-01
4.724223053990266319e-01
4.772051355013480767e-01
4.726677407821019417e-01
4.691379721730183361e-01
4.616478278086735831e-01
4.667673271818038594e-01
4.686043550570805905e-01
4.690430951424134354e-01
4.655803000315641982e-01
4.731357007836684003e-01
4.629206179426266776e-01
4.683739414963966619e-01
4.600561175590906493e-01
4.592751081937398450e-01
4.649589956570894245e-01
4.615792481563030236e-01
4.632319629192352406e-01
4.600211652807700280e-01
4.658887233489599211e-01
4.622431730612730494e-01
4.573808518357765918e-01
4.584920616486133915e-01
4.604613515429007431e-01
4.557932725319495670e-01
4.617978676007344352e-01
4.638354993783510571e-01
4.550325499131129270e-01
4.584095441760160927e-01
4.622981473421439169e-01
4.560198478973828684e-01
4.570924848700180787e-01
4.579552431137133839e-01
4.488095954824716793e-01
4.661915783698742377e-01
4.540523515679897315e-01
4.569817577799161201e-01
4.542227337375665530e-01
4.569949012536269062e-01
4.534230840511810912e-01
4.592408411395855206e-01
4.568130644850241784e-01
4.477360065930928723e-01
4.529716074848786356e-01
4.490292547222895503e-01
4.528169388954456087e-01
4.487404582974238165e-01
4.535502395568749567e-01
4.521825150419503947e-01
4.570285170506208638e-01
4.487919092942506682e-01
4.519031981627146255e-01
4.558410272002220154e-01
4.591324382103406654e-01
4.512472964250124341e-01
4.506398560527043462e-01
4.508703501942830094e-01
4.481744902638288841e-01
4.593062593768804658e-01
4.506800113962246557e-01
4.561186010256791934e-01
4.502504093906818383e-01
4.496906243455715546e-01
4.483131853051674498e-01
4.425353702826377855e-01
4.567810712716518506e-01
4.542716165001575712e-01
4.557468755505023617e-01
4.558434539116346107e-01
4.468963219569279666e-01
4.507190987467765697e-01
4.416108895952884916e-01
4.446502532332371471e-01
4.473138566200549615e-01
4.492598890876158824e-01
4.508096654445696849e-01
4.467337364569688440e-01
4.463031320999830132e-01
4.381703647665488588e-01
4.413668059003658661e-01
4.501286610960960610e-01
4.442614577519587993e-01
4.325905215663787828e-01
4.454140219932947176e-01
4.504250500828791970e-01
4.398013267379540792e-01
4.457139778213623504e-01
4.426156337062517876e-01
4.403919668151782263e-01
4.399286528046314482e-01
4.358553709510045171e-01
4.366937239582722174e-01
4.462907496935282214e-01
4.369621898883428446e-01
4.364612002403308044e-01
4.284633892086835982e-01
4.350616652996112110e-01
4.380627588201791989e-01
4.296861160259980439e-01
4.339139724771181594e-01
4.413418493209740889e-01
4.454128838502443566e-01
4.377515349632654651e-01
4.317261627469307084e-01
4.295346050690381778e-01
4.342399745033337366e-01
4.341734611835235125e-01
4.354110121344908491e-01
4.263453495043974528e-01
4.327060131308360091e-01
4.401273703345885413e-01
4.360444514033122165e-01
4.312656259689575666e-01
4.320756046435771935e-01
4.261971283799562693e-01
4.330477913220723285e-01
4.273035712731190205e-01
4.254398998159628631e-01
4.311870021697802313e-01
4.357346710486289521e-01
4.247440977356372604e-01
4.405044379524695741e-01
4.206089413700959678e-01
4.332309086353350880e-01
4.241244046733929629e-01
4.315242468164517398e-01
4.263820611131496907e-01
4.316880409534160634e-01
4.324760243678704152e-01
4.341038556817250482e-01
4.238998117355199935e-01
4.344492085086993916e-01
4.310423401303780655e-01
4.368021688782252054e-01
4.210469942444410307e-01
4.298239113428654057e-01
4.233923690823408470e-01
4.276389293563671590e-01
4.239643232562603226e-01
4.378579855347290994e-01
4.257428257129131088e-01
4.230695025661052600e-01
4.298036053776740917e-01
4.323646787267464986e-01
4.271468232839535362e-01
4.225488111758843313e-01
4.264433720555060869e-01
4.288989963821875917e-01
4.263423195634132856e-01
4.188390393669788603e-01
4.320803132576820360e-01
4.256436607012382134e-01
4.243648475943467280e-01
4.201754152392729869e-01
4.194909136264752259e-01
4.242333826346275094e-01
4.198477676663643354e-01
4.266780218252768653e-01
4.176345554681924477e-01
4.201361285952421309e-01
4.259681751712774411e-01
4.211063575668212433e-01
4.208827078342437522e-01
4.212206544402318231e-01
4.223880584041277420e-01
4.201791271949425477e-01
4.277944348561458221e-01
4.113862903836446039e-01
4.193950870480293025e-01
4.209760404168030878e-01
4.321590759051151531e-01
4.181077228524746059e-01
4.225366852986506827e-01
4.146378952723283051e-01
4.260554422170688138e-01
4.189883319613261214e-01
4.204796585134970566e-01
4.161945789670332685e-01
4.148860485507891993e-01
4.238561823582037702e-01
4.208340040384194736e-01
4.112878679847106200e-01
4.185461448171199916e-01
4.169658869122847555e-01
4.184418671406232582e-01
4.137879166847620027e-01
4.130502377183009610e-01
4.194150960216155299e-01
4.149760553087943893e-01
4.236656305499565955e-01
4.165934626872722646e-01
4.170024571510461686e-01
4.236967403537187926e-01
4.165437892079353333e-01
4.190190379054118397e-01
4.167458495650536165e-01
4.182463744511971115e-01
4.187378652202777274e-01
4.155766859650611988e-01
4.195271310897973893e-01
4.139411309972787500e-01
4.088766120565243134e-01
4.159997443358103286e-01
4.126090506712595807e-01
4.125853052506079921e-01
4.070282759192662136e-01
4.204382593050980943e-01
4.129213419480201597e-01
4.138561760385831012e-01
4.083623883815912237e-01
4.191897851916460138e-01
4.041000861005905609e-01
4.144918277859687694e-01
4.095854792457360727e-01
4.132237197879033430e-01
4.002349948271726743e-01
4.166087912825437445e-01
4.053502639898887150e-01
4.070331493249306209e-01
4.085685498439348695e-01
4.038974547997499220e-01
4.112840721240410558e-01
4.062294441155898106e-01
4.105940815347891570e-01
4.016049177600787279e-01
4.083018458042389498e-01
4.147527209841287976e-01
4.121193951139083267e-01
4.040823994920804130e-01
4.031732406753760212e-01
4.094617341955502643e-01
4.013416671218016374e-01
4.144498498393939245e-01
4.101023440177624102e-01
4.003209891609656457e-01
4.026681720064236303e-01
4.076364997869882933e-01
4.094475465325208563e-01
4.079883228509854076e-01
4.041153419094207777e-01
3.983829361888078791e-01
4.159382752883128420e-01
4.035950122353358371e-01
4.107581742680989634e-01
4.078318061354832547e-01
4.008180907139411442e-01
3.987891489496597774e-01
4.026297466113017420e-01
4.052872450305865515e-01
4.066811663982195513e-01
4.093893479460324891e-01
4.051663309717789541e-01
4.037325793733963497e-01
4.070874021603511084e-01
4.047175842982072003e-01
4.042018932791856534e-01
4.051197222410103937e-01
4.076548885458555205e-01
3.954740868164942635e-01
3.967702499184853071e-01
4.036741488254987353e-01
3.990759128561386926e-01
4.080264124732750908e-01
3.997071090034949314e-01
4.071511993805567164e-01
3.986668685689950808e-01
4.014676084121068245e-01
4.026587830904202470e-01
4.072627219634178397e-01
4.003841801331593508e-01
4.089984868581478250e-01
3.970227936521554812e-01
4.046747783437753543e-01
4.085340680602269070e-01
4.000004949860083703e-01
4.035850065258833053e-01
4.130041524003713604e-01
4.014055440441156031e-01
4.090442339579264397e-01
3.965225348105797520e-01
3.960705820948649536e-01
3.960558685736778606e-01
3.982107003529866684e-01
3.911482918720978752e-01
3.958429154295187713e-01
3.951301125761790267e-01
3.924718093031491772e-01
4.006497689164602027e-01
3.884090804900878768e-01
3.935248112449279412e-01
3.922764154198842279e-01
3.964881919897519369e-01
4.007791976516063559e-01
4.015354178272760866e-01
4.062978483163393606e-01
3.973806522213495507e-01
3.950242315729459164e-01
3.996909779997972478e-01
4.029932050368724705e-01
3.900927356420418879e-01
3.924001472118573419e-01
3.877968918818693878e-01
3.894291061621446004e-01
3.919084201256434197e-01
3.994151700765658508e-01
3.909677581527294388e-01
4.016571178268163456e-01
3.955872644216586465e-01
3.917714538100438015e-01
3.950673135809409375e-01
3.912872898655059828e-01
3.960639363680130143e-01
3.956883358649718185e-01
3.848425702024728667e-01
3.959826075495817554e-01
4.025013700509682546e-01
3.940887505045304051e-01
3.902160661342816694e-01
3.993226707745821114e-01
3.866041550651574954e-01
3.898535827795664432e-01
3.869320375414995183e-01
3.971674763621428350e-01
3.976815244708305497e-01
3.910284081712747106e-01
3.918690105661367662e-01
3.956617737809817181e-01
3.934369125809424883e-01
4.038817161550888879e-01
3.969029532411159633e-01
3.938973116951111075e-01
3.949762217509441009e-01
3.908530829426569708e-01
3.880548889820392144e-01
3.908892935285201431e-01
3.929848933449158199e-01
3.816553278229175561e-01
3.881716024417143363e-01
3.896943006377953655e-01
3.866485181527259951e-01
3.923606925667860734e-01
3.905505988078239454e-01
3.934866747795007225e-01
3.900052108061619061e-01
3.923861278173251255e-01
3.860329437332275515e-01
3.902995109940186613e-01
3.921809256076812522e-01
3.906796843577653999e-01
3.930888133171276944e-01
3.886738913181500554e-01
3.938364417125017058e-01
3.925414651250228038e-01
3.852953634583032860e-01
3.919955413310955983e-01
3.889083542884924638e-01
3.908685197814916745e-01
3.887379865233714926e-01
3.874849419945325391e-01
3.852247452888733492e-01
3.884086292141523122e-01
3.895276314937151652e-01
3.913791939616203530e-01
3.865153655409813149e-01
3.847048648847983254e-01
3.936803286274274116e-01
3.943795477732633947e-01
3.863668413498462795e-01
3.908504927387604355e-01
3.921807663945051092e-01
3.838680748756115313e-01
3.848688836281116132e-01
3.896727074415256009e-01
3.929663231357550246e-01
3.914719554094167608e-01
3.911957271206073505e-01
3.852334435551594272e-01
3.965524403712688550e-01
3.962097027362921353e-01
3.912437299123177059e-01
3.805582072108220082e-01
3.865744624382410066e-01
3.826275399480110750e-01
3.774895408978828915e-01
3.834405334714131586e-01
3.881007747772412531e-01
3.779943489111387001e-01
3.954523523266498808e-01
3.884268352236503463e-01
3.872892691156802902e-01
3.849303403343909968e-01
3.894659547087473972e-01
3.834391541205919851e-01
3.762708579500516071e-01
3.874593921578847189e-01
3.902008729103284002e-01
3.815830787787070633e-01
3.842705457638471711e-01
3.874901359279950275e-01
3.848842382048949240e-01
3.846837740678053508e-01
3.899647804406973228e-01
3.853270867696175217e-01
3.885066012541453229e-01
3.837988918026288276e-01
3.940493334944431547e-01
3.810801017360809784e-01
3.817227668105027671e-01
3.903865532615246048e-01
3.862907823843833577e-01
3.852821652323771828e-01
3.948245980800726418e-01
3.856698128657463087e-01
3.889293055503796337e-01
3.833403010780994657e-01
3.799569034423583846e-01
3.828974811312479964e-01
3.964401104511358631e-01
3.777618904144335876e-01
3.797216632809394254e-01
3.763001838555702916e-01
3.861478101366605520e-01
3.854521595132656686e-01
3.856452514727910508e-01
3.869525518936988706e-01
3.931793424563529982e-01
3.815693023495185243e-01
3.958966746162145833e-01
3.788056530631505603e-01
3.819541278939980744e-01
3.864458837188207152e-01
3.763342998348749857e-01
3.788396089887007823e-01
3.786367107278261201e-01
3.858360625230349283e-01
3.784100798078072203e-01
3.837403141153164499e-01
3.789779919462326063e-01
3.791353443112128740e-01
3.813335585288512575e-01
3.769573557453277934e-01
3.776987409362426162e-01
3.800687624093813666e-01
3.838521068676923886e-01
3.783109905628057601e-01
3.805511700037197964e-01
3.907756915077185145e-01
3.874086520610711681e-01
3.848671787824386459e-01
3.763508774149112446e-01
3.787298106612303483e-01
3.753856839277805446e-01
3.816586362245755204e-01
3.761916618316601402e-01
3.774090129213455436e-01
3.794142017761866215e-01
3.753314056457617287e-01
3.765727063020070653e-01
3.744717747737199565e-01
3.812041173760707391e-01
3.766727021107306728e-01
3.836412913142106529e-01
3.781658755663113713e-01
3.796094841681993959e-01
3.820133262719863643e-01
3.774107157037808191e-01
3.776820126252296572e-01
3.734624992960538514e-01
3.915248588491708759e-01
3.727281690025940897e-01
3.769884994014715551e-01
3.785033255433424837e-01
3.779983240060317273e-01
3.736496265500020009e-01
3.792856423136515276e-01
3.685451108293655853e-01
3.792966697460565806e-01
3.841301618096156223e-01
3.719138849240082867e-01
3.770405145791860813e-01
3.787333052891951324e-01
3.776030122469632988e-01
3.701980974429692761e-01
3.735717011567873946e-01
3.794150352860108377e-01
3.708904238465504655e-01
3.842601428811366904e-01
3.726359418951548097e-01
3.745509760119976050e-01
3.761320145466388598e-01
3.679235996726231694e-01
3.817032362023989323e-01
3.731692862816345935e-01
3.697527273725240704e-01
3.825549699175052054e-01
3.733741662441155684e-01
3.740488831813518766e-01
3.772070592412581913e-01
3.807766709954310547e-01
3.722983025587521810e-01
3.773007351236465912e-01
3.730104719599088292e-01
3.791589292196126948e-01
3.784456463196338993e-01
3.621345136792231689e-01
3.721330485282799971e-01
3.707694330276586903e-01
3.797453445501816627e-01
3.804053361599262217e-01
3.802284877651777029e-01
3.858220383906975637e-01
3.699405305660687926e-01
3.657690397057777876e-01
3.806267541952622069e-01
3.667396316925684574e-01
3.818751732126260401e-01
3.677809347326939093e-01
3.728494225404201390e-01
3.700962796043126835e-01
3.694092483474658017e-01
3.676957566768694896e-01
3.701846303083957679e-01
3.657237694431573760e-01
3.739932997104449264e-01
3.737913927588707441e-01
3.701785262005451438e-01
3.705315474516306384e-01
3.653970683614413129e-01
3.751354387555366765e-01
3.605403260542796029e-01
3.690440573753454578e-01
3.700847944388022670e-01
3.733131579099557285e-01
3.697803853796078344e-01
3.798390528330435889e-01
3.775512541333834182e-01
3.656215092692619573e-01
3.701766803478583334e-01
3.664372679132681387e-01
3.744772261151900761e-01
3.665212295758418781e-01
3.692996660104164719e-01
3.633423954248428123e-01
3.819993168115615734e-01
3.772211561600367080e-01
3.634010743254270093e-01
3.686270432212414017e-01
3.705247569542664543e-01
3.718315616250038036e-01
3.678897526783820870e-01
3.797339317126151581e-01
3.710288767631237383e-01
3.757236963663345697e-01
3.720571650144381404e-01
3.743958356288762945e-01
3.682482885626646163e-01
3.691205013638887422e-01
3.696850659755560042e-01
3.736159585607357614e-01
3.714617737974876266e-01
3.633241540728471275e-01
3.660117404583173029e-01
3.768118281395007596e-01
3.668877827433439376e-01
3.678122747020843852e-01
3.680999483053500887e-01
3.721470965024752386e-01
3.740571994047898752e-01
3.627948055282617101e-01
3.686156309185883995e-01
3.701026956622417430e-01
3.710828502972920995e-01
3.705090129986787217e-01
3.682065063562148799e-01
3.677360503337321895e-01
3.697608266503382701e-01
3.765293206924047453e-01
3.769919978502468960e-01
3.771501401678109544e-01
3.785460161475034946e-01
3.723314764407965050e-01
3.772447627324324593e-01
3.675641026634436370e-01
3.714913711333885926e-01
3.664895570048918860e-01
3.727563813328743092e-01
3.728681266689911622e-01
3.642199487640307431e-01
3.712104632686346051e-01
3.587566635165458928e-01
3.701190123955408473e-01
3.583325398656038163e-01
3.656197845553740278e-01
3.646901340056688534e-01
3.640805797317089310e-01
3.728710004152395729e-01
3.691055549642978661e-01
3.709679670440845234e-01
3.632796556139603616e-01
3.706240996336325755e-01
3.731004870472809931e-01
3.741458760622219937e-01
3.607674775215295448e-01
3.797809569881512304e-01
3.640927211596415858e-01
3.778661441726562376e-01
3.696357628091787584e-01
3.713453840750914337e-01
3.654238210656703956e-01
3.632223622539104690e-01
3.747427559433839095e-01
3.688582534591356987e-01
3.754127975457753896e-01
3.651693815604234450e-01
3.600611990460982903e-01
3.602070796184050905e-01
3.698329391387792930e-01
3.675329052484952452e-01
3.619418034950891983e-01
3.708225988042660459e-01
3.665455063948264702e-01
3.709528965063584316e-01
3.710257477867297538e-01
3.623083121883563518e-01
3.725011385786227702e-01
3.684425423924739817e-01
3.629311233376845136e-01
3.615548838789646169e-01
3.704781525792219532e-01
3.574585205851457115e-01
3.591031870780846957e-01
3.671774940230907447e-01
3.691095729286854032e-01
3.540536455236948377e-01
3.720641334087420593e-01
3.643469133820289030e-01
3.658266294078948988e-01
3.579420929535841456e-01
3.592396102272547020e-01
3.682802283993134029e-01
3.682276132397162560e-01
3.627644767363866207e-01
3.706267159336652517e-01
3.670506290518320558e-01
3.634337739684642687e-01
3.621471392038541071e-01
3.616046747718101861e-01
3.617859820524851333e-01
3.680888498822847965e-01
3.624320452029888284e-01
3.595521011031591052e-01
3.657356810493346821e-01
3.583374128509790313e-01
3.552210627075953475e-01
3.652552313147446883e-01
3.622088392193500983e-01
3.636787246053035383e-01
3.691882927830402727e-01
3.629418631012623075e-01
3.635365010454104651e-01
3.544042644592431679e-01
3.580057977865903629e-01
3.575213717726560825e-01
3.583768179401373155e-01
3.575210868930205343e-01
3.594664747898395074e-01
3.543939201877667200e-01
3.591181497161204939e-01
3.760640002213991862e-01
3.588900440778488021e-01
3.565723007306074721e-01
3.563482130949313653e-01
3.590359637370476587e-01
3.612507384556990497e-01
3.629283999021236662e-01
3.585611743422654762e-01
3.596797008162889719e-01
3.651791734764209263e-01
3.655028591935451376e-01
3.556683086814024786e-01
3.611248135948792459e-01
3.600372276245019099e-01
3.693686428742530836e-01
3.598386604434404834e-01
3.622437028548656235e-01
3.588063941552088743e-01
3.536440398830633658e-01
3.517283104169063312e-01
3.492406437412286513e-01
3.589280375303366410e-01
3.589855760909043680e-01
3.604053838512836228e-01
3.605190823475519779e-01
3.592393541565307991e-01
3.592556624076305161e-01
3.622721341175910714e-01
3.602528182741923102e-01
3.583552958109439968e-01
3.573209533324608334e-01
3.569313417260463472e-01
3.537959211911910762e-01
3.548497949655239347e-01
3.515890160814309495e-01
3.587597999435204743e-01
3.557116606678717985e-01
3.680267476882689848e-01
3.524262473369256243e-01
3.535074474337773220e-01
3.427413506003526567e-01
3.541307742779071788e-01
3.612693123710460918e-01
3.579747086152052504e-01
3.499663836298844699e-01
3.524550693157391668e-01
3.533378309546372775e-01
3.579936222770275234e-01
3.494447980171594970e-01
3.519123456990107535e-01
3.613953007337374346e-01
3.526871807682208648e-01
3.498832133718026149e-01
3.523956132240784744e-01
3.444932773709297180e-01
3.599317603004284494e-01
3.463049436991031405e-01
3.467243323723475101e-01
3.473845511292800170e-01
3.555759459733963124e-01
3.559515511378263941e-01
3.536522396099873178e-01
3.535184028056951866e-01
3.576183894123786677e-01
3.472119226287572746e-01
3.483879916178874714e-01
3.464042122547443259e-01
3.532778078928971999e-01
3.499904822844725483e-01
3.564583119673606637e-01
3.548228700191546903e-01
3.491383221669074888e-01
3.535373170788471686e-01
3.479016751050948986e-01
3.666729676799896365e-01
3.536473655547850981e-01
3.588425002419031729e-01
3.576101423838199955e-01
3.458733129959840058e-01
3.566127022107442035e-01
3.631301289949661615e-01
3.497263305080242635e-01
3.594023373264532695e-01
3.461231842637061962e-01
3.507066683509411087e-01
3.509333299520688287e-01
3.517275876723803263e-01
3.560904397605321181e-01
3.572985492455653667e-01
3.513853709667156822e-01
3.604759369523097279e-01
3.543435815435189706e-01
3.501168954830903290e-01
3.577914381638551133e-01
3.515501994735155122e-01
3.513910314593559625e-01
3.500568276796585665e-01
3.575950724574235573e-01
3.415993680556615453e-01
3.539540188052715530e-01
3.519562782767491349e-01
3.525912289053965698e-01
3.456122386149870773e-01
3.455735031610880359e-01
3.519936149319012886e-01
3.405594345086659924e-01
3.531153908524757856e-01
3.470818338676904813e-01
3.555785059164732198e-01
3.460279467778328288e-01
3.553655337064693942e-01
3.534594148015364756e-01
3.517460860885106566e-01
3.445647480778205041e-01
3.450507342433318247e-01
3.528619314615543123e-01
3.463939433296521764e-01
3.441345541523053164e-01
3.496976290757839445e-01
3.437987008920082577e-01
3.505257199590022799e-01
3.566556788407839185e-01
3.536542594432831033e-01
3.464425895458612681e-01
3.522716479423718683e-01
3.580294560545529969e-01
3.518300949380948062e-01
3.504339756873937617e-01
3.529987374559426794e-01
3.490502434663283471e-01
3.500132314287699442e-01
3.448360727383540381e-01
3.453473834273142473e-01
3.400036788139587651e-01
3.494649949364173058e-01
3.468099821454439513e-01
3.523998958942217707e-01
3.506310870632147192e-01
3.558776045456910619e-01
3.578640253880084887e-01
3.471754762224661950e-01
3.433547419997362016e-01
3.443217923243840350e-01
3.499226128061612706e-01
3.428952491054167995e-01
3.410175527135531071e-01
3.470448510387004748e-01
3.449950227370628952e-01
3.552863202033898493e-01
3.501259352152163995e-01
3.443225286327875612e-01
3.464296272167792790e-01
3.572468563914298900e-01
3.468760612301337587e-01
3.499925613403320201e-01
1.436140035818784577e+00
1.946264800352927926e+00
1.455381889832325415e+00
1.204022025909179394e+00
1.067662994983868741e+00
9.633627662291893712e-01
8.829719092601384656e-01
8.210881760487189762e-01
7.546073487171760519e-01
7.046532182357250207e-01
6.553644095475856801e-01
6.172478544406402312e-01
5.828884571026533568e-01
5.537014731229880082e-01
5.337342625245069527e-01
5.144381918968298217e-01
4.941002600468121786e-01
4.788160811250026239e-01
4.636438934466777795e-01
4.511374498024964819e-01
4.408606874255033836e-01
4.206675104605845927e-01
4.165988265703886029e-01
4.118417460566912158e-01
3.963940512675505623e-01
3.990127338812901603e-01
3.913264197798875799e-01
3.834533786162351854e-01
3.692374103344403524e-01
3.738040333374952895e-01
3.599712288150420658e-01
3.585368847235655410e-01
3.507459671833576542e-01
3.523805402792417052e-01
3.525775716090813749e-01
3.455501675987854848e-01
3.297184716432522422e-01
3.325474824660863415e-01
3.302866118840682153e-01
3.231280454840415595e-01
3.251957465822880033e-01
3.233455433295323034e-01
3.071498523537929404e-01
3.066992268348351369e-01
3.080859243869781272e-01
2.994798919520316738e-01
3.034951472129577277e-01
3.039369240403175243e-01
2.939649314070359454e-01
2.932106804771301145e-01
2.928948955658154385e-01
2.846395759246287960e-01
2.841509511264471155e-01
2.762476120239649169e-01
2.831378974975684026e-01
2.767328488330046410e-01
2.759883629205899247e-01
2.693916249351623882e-01
2.765859410548821562e-01
2.675974839581893305e-01
2.676526499291261296e-01
2.604652564495038014e-01
2.590575998983322137e-01
2.557507096765896937e-01
2.595352718654351243e-01
2.513084975190651993e-01
2.556856471949662812e-01
2.555830795795489552e-01
2.479828655337676102e-01
2.494130372236936510e-01
2.466056886964883565e-01
2.490073034778619299e-01
2.414720471470784002e-01
2.444917828417741412e-01
2.417469594150017387e-01
2.434180751442909241e-01
2.466291958322891775e-01
2.360510532481548129e-01
2.344029947924308188e-01
2.343820479435798354e-01
2.293899133801460266e-01
2.348595479359993632e-01
2.303327462421013716e-01
2.257955931700192931e-01
2.304619745566294786e-01
2.246486584154459010e-01
2.253727538081315984e-01
2.243372549995397980e-01
2.250706748224985954e-01
2.151410036553174920e-01
2.180655711927474982e-01
2.132983272465375779e-01
2.150924804501044563e-01
2.183522367897706151e-01
2.162275980871457282e-01
2.053457947400135764e-01
2.148947464923063877e-01
2.198494333678331081e-01
2.149205404023329380e-01
2.109329711932402263e-01
2.085145709033195682e-01
2.146002707955164679e-01
2.057848057303673095e-01
2.076952646940182501e-01
2.009170117859656879e-01
2.037469357252121027e-01
2.023597438557025729e-01
1.995470886811231970e-01
2.032852845314221391e-01
2.020702472290931695e-01
2.149717174279384135e-01
2.106017651084141906e-01
2.026439098211435252e-01
1.971049168362067339e-01
2.011321302216786677e-01
1.963742138674625937e-01
2.070688062753432701e-01
1.890625073932684364e-01
1.867113114071962121e-01
1.931434860405249476e-01
1.916866487226425164e-01
2.004900074731081061e-01
1.940240102700697966e-01
1.935249729225268778e-01
1.828681479852933278e-01
1.931757483058250957e-01
1.876840437260957895e-01
1.995305417248836033e-01
1.875002726339376757e-01
1.925349319210419297e-01
1.850673519265957356e-01
1.843726808348527257e-01
1.806990186564433332e-01
1.903171289616670259e-01
1.869670298523627705e-01
1.872335876791905163e-01
1.866342640075928094e-01
1.825553660686963509e-01
1.836010799576074659e-01
1.785688495502257833e-01
1.834393854993276174e-01
1.826476313746892566e-01
1.877098261545865898e-01
1.864739388609543691e-01
1.827337767260196755e-01
1.769359994966250293e-01
1.873017827478739017e-01
1.809690871395361611e-01
1.815143082864009438e-01
1.771275622149308393e-01
1.783797357517939441e-01
1.767392008159405226e-01
1.734618758161862728e-01
1.794884123672277620e-01
1.760821326611897997e-01
1.709918857098390033e-01
1.766328273675380478e-01
1.782724805558339176e-01
1.734133081749463789e-01
1.771598532986946584e-01
1.767941736353513538e-01
1.751038383788023345e-01
1.688476129029041761e-01
1.749947463568204409e-01
1.760077519581103866e-01
1.735406226263596363e-01
1.735869367726338153e-01
1.686194223089095834e-01
1.712126916035627833e-01
1.643421333092145442e-01
1.670688516627519549e-01
1.768100757533923040e-01
1.560854518069670627e-01
1.724404949217270555e-01
1.660061695063725362e-01
1.646188519035394482e-01
1.719039748112360655e-01
1.687918562537584488e-01
1.687330732360864394e-01
1.625214660396942790e-01
1.622532784938812145e-01
1.565830178272265560e-01
1.698481966001101073e-01
1.626827220504100391e-01
1.667532824457455820e-01
1.678014504890411318e-01
1.709063484596136384e-01
1.642384913773873023e-01
1.635075312012281290e-01
1.684809056612161515e-01
1.575414879008745495e-01
1.658307705552150013e-01
1.674575908061785579e-01
1.628223108366513849e-01
1.629904397882712130e-01
1.676209551019546273e-01
1.688147078817471558e-01
1.736568451882936903e-01
1.639345179001490405e-01
1.635349479241249016e-01
1.610086492143380232e-01
1.575807275202794067e-01
1.641721624403427726e-01
1.590521674507703598e-01
1.623505767625876006e-01
1.615679786755488401e-01
1.626388927873892720e-01
1.591540350745885846e-01
1.670303596326938034e-01
1.610903090677964500e-01
1.590621236234139035e-01
1.583582632625714359e-01
1.530138654108995078e-01
1.725283529227360779e-01
1.634909201508913390e-01
1.609229951714858109e-01
1.606630929005451736e-01
1.594415874817432521e-01
1.599402242364027504e-01
1.634924579507265330e-01
1.594969068009119695e-01
1.646266120653121778e-01
1.585634298909169015e-01
1.606831678022176690e-01
1.581327518878074823e-01
1.584710095459834212e-01
1.584026513860011809e-01
1.542808535771492129e-01
1.539490906378397639e-01
1.559156155834595381e-01
1.510612798615907915e-01
1.585739050538111927e-01
1.533521090467006853e-01
1.550992863587079829e-01
1.558966271483745447e-01
1.557574752527169648e-01
1.611605549756533196e-01
1.622865571329991097e-01
1.572339901079734259e-01
1.518816647334740588e-01
1.624543805821583864e-01
1.590674291149928032e-01
1.542075044356095437e-01
1.582682111802009572e-01
1.591127057870229122e-01
1.572755826971469761e-01
1.557520252676346251e-01
1.555961803079415617e-01
1.545360200775739434e-01
1.610862177916062288e-01
1.525822729827501778e-01
1.583128217703256846e-01
1.600820466398428510e-01
1.530989215255547931e-01
1.539584603924781803e-01
1.549545931605956495e-01
1.463409310732132484e-01
1.517638908603634595e-01
1.533903227498134014e-01
1.513487814519649810e-01
1.498758464096448251e-01
1.533914704162340770e-01
1.578037486626551744e-01
1.504336755722761043e-01
1.553309868543575889e-01
1.548567422498495216e-01
1.508856089928975464e-01
1.489528592102802584e-01
1.473620553524830346e-01
1.487071416890009823e-01
1.556223057879087268e-01
1.417302191352997065e-01
1.498711250197046763e-01
1.523781078557173430e-01
1.534016582637261206e-01
1.455641772024906522e-01
1.493590821918004685e-01
1.474955420081432156e-01
1.523497381080419488e-01
1.501976681538881309e-01
1.413113754815780165e-01
1.454001592949797084e-01
1.534563734363287024e-01
1.468824289500331171e-01
1.501637175392646073e-01
1.473220741901642150e-01
1.475677537421385410e-01
1.500611846263592009e-01
1.464053965436342419e-01
1.472772830380843223e-01
1.511026299248139082e-01
1.502276495290108260e-01
1.432187980375228820e-01
1.489223849744751027e-01
1.480209104048136048e-01
1.464404272727477252e-01
1.593578948424412556e-01
1.552526625398641946e-01
1.495476058851449852e-01
1.488885653706697454e-01
1.545358424576429301e-01
1.501403911182513651e-01
1.501275742856355844e-01
1.504413825865739407e-01
1.463496195964324176e-01
1.445906622860676227e-01
1.445864755469254970e-01
1.482994075004871182e-01
1.462637745273800971e-01
1.495393752669676724e-01
1.493896098473133094e-01
1.433851854589122954e-01
1.423985068137064991e-01
1.464099578177317507e-01
1.515255858309758064e-01
1.502871207701854117e-01
1.433716475008390001e-01
1.444442526747783118e-01
1.467781376093625911e-01
1.465907579144606343e-01
1.415442373890143102e-01
1.492156867510997242e-01
1.453512460900804881e-01
1.508179336404188997e-01
1.367527827095144921e-01
1.392255619168281666e-01
1.392194021684237115e-01
1.476195096778563920e-01
1.484562663791271220e-01
1.481200869457844072e-01
1.495990002527833040e-01
1.441967161372303963e-01
1.480625477452308658e-01
1.469814568280409517e-01
1.444263158604884856e-01
1.402940371861824687e-01
1.368691580465588864e-01
1.444964534292618452e-01
1.410617740108416618e-01
1.432145941142852485e-01
1.498970029159234219e-01
1.557167817193728099e-01
1.400439167634034698e-01
1.613869654922149011e-01
1.458778701722621973e-01
1.475587518503650719e-01
1.395670750106756397e-01
1.414847553731539420e-01
1.436230535308520018e-01
1.444693343188518109e-01
1.365001960729177177e-01
1.425474435950701002e-01
1.454913022904059938e-01
1.456040570464653960e-01
1.422654021435823257e-01
1.439053904121884997e-01
1.407741876844412210e-01
1.428244936638153606e-01
1.421433314681053162e-01
1.400002000710138805e-01
1.449993168123257514e-01
1.432238665910867681e-01
1.498239573186788687e-01
1.408926295116543770e-01
1.440567993964904370e-01
1.416084689971728316e-01
1.419766729602064959e-01
1.395014051968852808e-01
1.500610317748326539e-01
1.433706121089366736e-01
1.428720120818187111e-01
1.427791686633076429e-01
1.426491693999522858e-01
1.449937588702409630e-01
1.410413696932104888e-01
1.419524408638095370e-01
1.474635525009571069e-01
1.474014529624046443e-01
1.377033037348435462e-01
1.449033526464914567e-01
1.445499064161991365e-01
1.446441137828888002e-01
1.396520366175816596e-01
1.465587233742460249e-01
1.384771884060823077e-01
1.478851137157433937e-01
1.487511616009168092e-01
1.422307839187292033e-01
1.393213279736347787e-01
1.370704657565324780e-01
1.451316031221396019e-01
1.382992737472821532e-01
1.388614386893235741e-01
1.526730935734051942e-01
1.372905545987379849e-01
1.411888516149841788e-01
1.410974898017369750e-01
1.366651272592254163e-01
1.442761950003795257e-01
1.474927751395182784e-01
1.434619457389299801e-01
1.445417777276956084e-01
1.434590582950757143e-01
1.462331646432479260e-01
1.463662461974681861e-01
1.469632169852654047e-01
1.436653727522263224e-01
1.365697938757829133e-01
1.412857553229117935e-01
1.319749938849455184e-01
1.424452507581848437e-01
1.492017423495268225e-01
1.479687447253710264e-01
1.468974477110000787e-01
1.370702854333779863e-01
1.443255270425325698e-01
1.341444199809279092e-01
1.392366705796657389e-01
1.350907050646268370e-01
1.412443850858089156e-01
1.454726501917227854e-01
1.462415581616835769e-01
1.362552168420874121e-01
1.430712928565648911e-01
1.446328109846665433e-01
1.416179057306204137e-01
1.393083950265859849e-01
1.346231262080180291e-01
1.396928166540769567e-01
1.439549256784793674e-01
1.446573449728580651e-01
1.455457121706925927e-01
1.336080387903329780e-01
1.424932717130734383e-01
1.447339970905047180e-01
1.356780391234235772e-01
1.453006816024963732e-01
1.399274895349756354e-01
1.363895708647293870e-01
1.395184130431749991e-01
1.415449436945028783e-01
1.354569272209818487e-01
1.407545044540594870e-01
1.437776791075101313e-01
1.389124420208808774e-01
1.378668450869810769e-01
1.349381079849524268e-01
1.405102642873923002e-01
1.438585505223809180e-01
1.376697904310929532e-01
1.373206365566987386e-01
1.424440040229222604e-01
1.443537076314290457e-01
1.343842533440926246e-01
1.440149418245523505e-01
1.436240836595877590e-01
1.499638155962412234e-01
1.437271290052777595e-01
1.402230184620771591e-01
1.386033562609018388e-01
1.401032546535134204e-01
1.385819201094981856e-01
1.413433761741870465e-01
1.375518759378255851e-01
1.424775560983480571e-01
1.377035949570246109e-01
1.397807695544683038e-01
1.444106045059668775e-01
1.360946876402848726e-01
1.459624479978512412e-01
1.344034614136968009e-01
1.362554037943482510e-01
1.381151531751339256e-01
1.380774273990820478e-01
1.368229516328145212e-01
1.388244043653591997e-01
1.380752506642005384e-01
1.393669120871867950e-01
1.400353348360229844e-01
1.342132907169751588e-01
1.421248751955154488e-01
1.410938988797939830e-01
1.373466329410290010e-01
1.418244979129387739e-01
1.290321401344277918e-01
1.407913551116601047e-01
1.368685360902394954e-01
1.371412986173079496e-01
1.385085677250455505e-01
1.418552137051637407e-01
1.382717887751566954e-01
1.427506025020892910e-01
1.425488788013656860e-01
1.407840554435283720e-01
1.413817840508925505e-01
1.429922251556164092e-01
1.385458244536167671e-01
1.367013781976241238e-01
1.414514477722919883e-01
1.343824602281435965e-01
1.335506828358540288e-01
1.445559146694647967e-01
1.385011601046874097e-01
1.375968271914200791e-01
1.336765744747259732e-01
1.430354499377501365e-01
1.421861405842579362e-01
1.407172852410719932e-01
1.409698171779895370e-01
1.343068908135860440e-01
1.468272294944677481e-01
1.349467019240061516e-01
1.363313123679313899e-01
1.403854278226693564e-01
1.335680884046432371e-01
1.415295671289547863e-01
1.407520762238747003e-01
1.425971816556576011e-01
1.407636763098148169e-01
1.422102266492751843e-01
1.414755918563176396e-01
1.424453098231401316e-01
1.396792780512418619e-01
1.385885271601952073e-01
1.352219222543331323e-01
1.353365855578046451e-01
1.311170402054603334e-01
1.421827759641485223e-01
1.402139770296903787e-01
1.408873919493112692e-01
1.401522740053060823e-01
1.347415130585432053e-01
1.386639033277065336e-01
1.423066027175921566e-01
1.375847257769260701e-01
1.418173835923274284e-01
1.306753848894284253e-01
1.393398266954299636e-01
1.383531307132962462e-01
1.382464467428433652e-01
1.323401757348806329e-01
1.372971494897053668e-01
1.353036475009643247e-01
1.298394509997123358e-01
1.366761274540271576e-01
1.443417164759758231e-01
1.435357079005394332e-01
1.390034622775438433e-01
1.293373744075115017e-01
1.384633715957021005e-01
1.349304377459562831e-01
1.412363807551371697e-01
1.360727473233754869e-01
1.370441341915955846e-01
1.325501694702184985e-01
1.335153627042204860e-01
1.351019974081562047e-01
1.332040345009702920e-01
1.397952194445026275e-01
1.355498448109779541e-01
1.388415864119544874e-01
1.337411532703882688e-01
1.360638364146535273e-01
1.349065515284354755e-01
1.440813215449452400e-01
1.373602240991133872e-01
1.362914204788513717e-01
1.339952094337114874e-01
1.353289603518369744e-01
1.375939887972214282e-01
1.354825683988821750e-01
1.427342749320161530e-01
1.397058833963595870e-01
1.386183895457249460e-01
1.392349641961165008e-01
1.345076823941407929e-01
1.363133723298326494e-01
1.351772348468120166e-01
1.346522885637405631e-01
1.432684431377893863e-01
1.345852619801194139e-01
1.450868605516660026e-01
1.367720812845688583e-01
1.305634932449230845e-01
1.347698377206539566e-01
1.321845893771984581e-01
1.302587550085706480e-01
1.299163034233527247e-01
1.284004730100815062e-01
1.393248244164845828e-01
1.429941238405612880e-01
1.396948287693353663e-01
1.374568657901806823e-01
1.385578162012956194e-01
1.351189935102294626e-01
1.445427733927200920e-01
1.290883919415183601e-01
1.363435562126911471e-01
1.331126415290129483e-01
1.413252889011532842e-01
1.364226126279204365e-01
1.376973936382012431e-01
1.381094821084004054e-01
1.370523704550205002e-01
1.353453262303120075e-01
1.307658227781454685e-01
1.387492690617457280e-01
1.409757334118088012e-01
1.372273911316043427e-01
1.346491927042221537e-01
1.378904799811351001e-01
1.355870698315974898e-01
1.321775509999730536e-01
1.358170407370496990e-01
1.403304085278740398e-01
1.378123586472028428e-01
1.376493739394041294e-01
1.349545881534233993e-01
1.386943766226371166e-01
1.379850289569451161e-01
1.394014566420362644e-01
1.407913512335373929e-01
1.332013748872738490e-01
1.374057512587079644e-01
1.406848519658430996e-01
1.274911891382474183e-01
1.362107325488558229e-01
1.338638781641538211e-01
1.305746228075944371e-01
1.342665092112162173e-01
1.343618535985931506e-01
1.367551595259171304e-01
1.384880136125362926e-01
1.349987925340731809e-01
1.384690117473021398e-01
1.338114858915408489e-01
1.310821239955914375e-01
1.286773111527929059e-01
1.370854793928372450e-01
1.344325626412263275e-01
1.372503933902734230e-01
1.350303967793782534e-01
1.401524047629955361e-01
1.408630468237858646e-01
1.402487679838370083e-01
1.381164616260391054e-01
1.312131987693600232e-01
1.430810388177633230e-01
1.368817015336110110e-01
1.334622704400083848e-01
1.375284045648116349e-01
1.366684396393023915e-01
1.360122859048155664e-01
1.413535522153744339e-01
1.301032983912871477e-01
1.380364612986643980e-01
1.370369838885007741e-01
1.435918718385390813e-01
1.358683729066680612e-01
1.329500600552329659e-01
1.343562885306966714e-01
1.405962293728804102e-01
1.423068493795700551e-01
1.317841232969210741e-01
1.378379489653385470e-01
1.419106062215108044e-01
1.373540862057453515e-01
1.362910154442756594e-01
1.404597566104852369e-01
1.398855897000966797e-01
1.380587545677255390e-01
1.390304312062187186e-01
1.342635457714398683e-01
1.318828141842132984e-01
1.387955274289617291e-01
1.375678821060901946e-01
1.434650106976429751e-01
1.408571487961289281e-01
1.254516454270252768e-01
1.271246072286978668e-01
1.391130620183853028e-01
1.305176945307698066e-01
1.358559097903661306e-01
1.336281268546978540e-01
1.378043599952107900e-01
1.310344172164033538e-01
1.363312111594356113e-01
1.387872277926175957e-01
1.307494451124698587e-01
1.361308506618325587e-01
1.363504406351309650e-01
1.341060754007253886e-01
1.386432262089772049e-01
1.272356363443227778e-01
1.296820254088976443e-01
1.363501490213167855e-01
1.354878486062471576e-01
1.355542677430770226e-01
1.344413669350055518e-01
1.358673370037323525e-01
1.342901527021939934e-01
1.319248285240087748e-01
1.426595124965294725e-01
1.315100638721233839e-01
1.358057431303537899e-01
1.405673588697727017e-01
1.327349635175405496e-01
1.309201303535164895e-01
1.370079320974839088e-01
1.325711965608673271e-01
1.389063340922196688e-01
1.345837112898245758e-01
1.410359498543234946e-01
1.326007411361504740e-01
1.408533268536512617e-01
1.341350922074455443e-01
1.373042209217181508e-01
1.339510020250693212e-01
1.359411693918399222e-01
1.272389635539207808e-01
1.343053188174962997e-01
1.342921143636489623e-01
1.397239525826313444e-01
1.312077545202695317e-01
1.323668955419308180e-01
1.311493285095844397e-01
1.293337002014502413e-01
1.310392188338133090e-01
1.359806299830476350e-01
1.293106536595867162e-01
1.357201259248913827e-01
1.436712470574256773e-01
1.239162557686750710e-01
1.458695424481844249e-01
1.264594103854436158e-01
1.320044569957714853e-01
1.394608323677228034e-01
1.377637246289314388e-01
1.354912837967276462e-01
1.334650975007277141e-01
1.320103795578082273e-01
1.367295819979447713e-01
1.321891923267871916e-01
1.303299978900796241e-01
1.373790283997853579e-01
1.416310578393630559e-01
1.384148491785312240e-01
1.382546994262016660e-01
1.323425389683017261e-01
1.283042331823171789e-01
1.378351644636728879e-01
1.359690281061025630e-01
1.334871146445855139e-01
1.358857534443720927e-01
1.429276142078332312e-01
1.334224878977506579e-01
1.287962868141058204e-01
1.374120070861700182e-01
1.359619674487755892e-01
1.333076458424329869e-01
1.382480095689877508e-01
1.319783367646428229e-01
1.450023607088205269e-01
1.435484408377072640e-01
1.326119392322233081e-01
1.381417217306219747e-01
1.276533485796207124e-01
1.335755390330002901e-01
1.328840097364706874e-01
1.402863534406209589e-01
1.341839531770883387e-01
1.408189591688987496e-01
1.305946309692584684e-01
1.311365461215758810e-01
1.287952250681626554e-01
1.374274823575829807e-01
1.353575765322416191e-01
1.401721421629190389e-01
1.284337322967938899e-01
1.424982121930672696e-01
1.333191040616769074e-01
1.413209578929803256e-01
1.303888224065303802e-01
1.402916962424149983e-01
1.366209613111538657e-01
1.354176957733355946e-01
1.316453028326997343e-01
1.361272686089460560e-01
1.354992994131186124e-01
1.306930828839540371e-01
1.361003773525739369e-01
1.278096236384067830e-01
1.370118718880873332e-01
1.337067707322346921e-01
1.363185488212949326e-01
1.346714483717313116e-01
1.341517685793149062e-01
1.319365142916257561e-01
1.406370549820936677e-01
1.385470448396144694e-01
1.368167865878114342e-01
1.313304648758509274e-01
1.322034609814485007e-01
1.320302603479761305e-01
1.348067300250896938e-01
1.395870004326869307e-01
1.342973241964594000e-01
1.388668053616315956e-01
1.362302648237882496e-01
1.374357689267549643e-01
1.335728278908974165e-01
1.311324063306435472e-01
1.379231246140522893e-01
1.388126467282955467e-01
1.365141891946013153e-01
1.348406736953900453e-01
1.320054905441326865e-01
1.377574108302211109e-01
1.324837470474915513e-01
1.312953533604740985e-01
1.332979148779160072e-01
1.298271129815242175e-01
1.364922743099622193e-01
1.370306165363543993e-01
1.274797041924335961e-01
1.362819299865991596e-01
1.263169329040325639e-01
1.332659344356029452e-01
1.335524978450475519e-01
1.268410654141543803e-01
1.354068814848478075e-01
1.375069186091422979e-01
1.361950185436468785e-01
1.462140247512322133e-01
1.357536232528778197e-01
1.259394745939435012e-01
1.347323648297251708e-01
1.296538302340568549e-01
1.387429907917976379e-01
1.379682648067291073e-01
1.352375607937574276e-01
1.281276613521652452e-01
1.286836496721475431e-01
1.288119399155943923e-01
1.329933403298640959e-01
1.374625898849887728e-01
1.320490999624897299e-01
1.353090906085876455e-01
1.312641879973503178e-01
1.322962180782969177e-01
1.358476006736357988e-01
1.286658420394628521e-01
1.333477857212225504e-01
1.374367986447536105e-01
1.292419660645417745e-01
1.320481478785857088e-01
1.344759984276233666e-01
1.271491731015535476e-01
1.331828174873804504e-01
1.337332464181459901e-01
1.408239260124854453e-01
1.307134578529840774e-01
1.349844820892963648e-01
1.381973921201932187e-01
1.364992780276598205e-01
1.358974117308090757e-01
1.300622690325746178e-01
1.284827636602597356e-01
1.299031413422945258e-01
1.363745544392329090e-01
1.355123674067167105e-01
1.277299262105654476e-01
1.378667454306895801e-01
1.311849645219552163e-01
1.321243416422452632e-01
1.382169010451970992e-01
1.333404382308706337e-01
1.347465736552690974e-01
1.296477411324397089e-01
1.324764654422417587e-01
1.344126190321567604e-01
1.301720605637782524e-01
1.368902760151869125e-01
1.317361191201668613e-01
1.303761340677738190e-01
1.337469434938751700e-01
1.307001178702100752e-01
1.361327591232764367e-01
1.298340298330936671e-01
1.400191547492375677e-01
1.323987340650115141e-01
1.317222682615885321e-01
1.329605483473875471e-01
1.379691067127845339e-01
1.393231304887777855e-01
1.350481688689726956e-01
1.323905803931829384e-01
1.340309066602434762e-01
1.318621440814473633e-01
1.348212840369878707e-01
1.341943626124889322e-01
1.338329689051860338e-01
1.303206411787332653e-01
1.331232211719720893e-01
1.371118308164370470e-01
1.276371175279984171e-01
1.266648361459374317e-01
1.333076635709939950e-01
1.347843861493926709e-01
1.340849118832594389e-01
1.296310207066245501e-01
1.333563185177552290e-01
1.343475667664255913e-01
1.327222837660557153e-01
1.452608383236787259e-01
1.315685065988546898e-01
1.263563212007284275e-01
1.297371644240159216e-01
1.360130190132902150e-01
1.335026324750521187e-01
1.382246386307554309e-01
1.300001192121551519e-01
1.319231983942863173e-01
1.296839044262201313e-01
1.370895653772048473e-01
1.300889191910242493e-01
1.286165866045615724e-01
1.389660542162182988e-01
1.270686566161039477e-01
1.362565893202255796e-01
1.326080635285530329e-01
1.349157782892386193e-01
1.379629673436283954e-01
1.344437260228471820e-01
1.364638144771257999e-01
1.319131622711817442e-01
1.328100762115075051e-01
1.246134496556642740e-01
1.269704854832245655e-01
1.288696206341951311e-01
1.349776650372988274e-01
1.327295177878859700e-01
1.312704114291148305e-01
1.345736536794366056e-01
1.343306372849605024e-01
1.319255143595047530e-01
1.321663447822897797e-01
1.312944059045269007e-01
1.298712211541640515e-01
1.288014045844857458e-01
1.374200037656686246e-01
1.332243972290785006e-01
1.260487967481215832e-01
1.319825536738603589e-01
1.310938789580876895e-01
1.394020672314442155e-01
1.364088794312033892e-01
1.284061820843280799e-01
1.304785817097394995e-01
1.380701866478492024e-01
1.376777818235449258e-01
1.369155514985322952e-01
1.338897902900591796e-01
1.268725413160446402e-01
1.391391387161536042e-01
1.393036418952620925e-01
1.286064976300948792e-01
1.301447599171063896e-01
1.373643521410532475e-01
1.329213426305124457e-01
1.315141940537171428e-01
1.325984733895613499e-01
1.328520491910286372e-01
1.292779255467347566e-01
1.335168657776636958e-01
1.342623899475886284e-01
1.320805382795440797e-01
1.276370960072829297e-01
1.288803737419537965e-01
1.277759585863886826e-01
1.328946143102187338e-01
1.360554765336788596e-01
1.342166265520529922e-01
1.256110287868441588e-01
1.291552695230795689e-01
1.303404191365608866e-01
1.349489604242337104e-01
1.344604250043630600e-01
1.309319029729335837e-01
1.337448666063256741e-01
1.297281434902778086e-01
1.331703220517971575e-01
1.367670486466242841e-01
1.326033026266556503e-01
1.359307961299633383e-01
1.326389426890856316e-01
1.367583810518949450e-01
1.288975639985157906e-01
1.326785713911820819e-01
1.288305147622640368e-01
1.321941608037704163e-01
1.408114016724702766e-01
1.265673978206438843e-01
1.401325036890995746e-01
1.330004442148865762e-01
1.371749106985636346e-01
1.307625877838104189e-01
1.277600464673760705e-01
1.356042024321280903e-01
1.272508520155380962e-01
1.272952328459956706e-01
1.266374995120060631e-01
1.279311703374752529e-01
1.315350637269707690e-01
1.287635581997724765e-01
1.371950816840697696e-01
1.329174268417633586e-01
1.304752779360383030e-01
1.352614482721457012e-01
1.352652562829928518e-01
1.382601194943373080e-01
1.312925285158249022e-01
1.367926249137291494e-01
1.308162830865536030e-01
1.348324612833750602e-01
1.300215714396192601e-01
1.302371797939905762e-01
1.332344165788247048e-01
1.335313434736468963e-01
1.311172263840070240e-01
1.309115234284828899e-01
1.321433478584274346e-01
1.408988217703807111e-01
1.299512183054899461e-01
1.310071513964197465e-01
1.287388459659921935e-01
1.308167595559587837e-01
1.284916010518104557e-01
1.303126491224154415e-01
1.303631878099762442e-01
1.339570312927930718e-01
1.267504014791204503e-01
1.311732430870716504e-01
1.291160583687134267e-01
1.343214508146047537e-01
1.332400099207193545e-01
1.351062135150035148e-01
1.317256403561586076e-01
1.342132853296322814e-01
1.317917658350406529e-01
1.303777992486571669e-01
1.318333485092108015e-01
1.310001665965104811e-01
1.360420461266468595e-01
1.320814134409794560e-01
1.274628027366140059e-01
1.249530666245099869e-01
1.361934527468222911e-01
1.256976006982418181e-01
1.363506816518612330e-01
1.281406604995330156e-01
1.317213342931025932e-01
1.354301525900761249e-01
1.318887713675697682e-01
1.275698735689123342e-01
1.312564131970971049e-01
1.373340241515483562e-01
1.251050965669445458e-01
1.308426604725611564e-01
1.304702605096957624e-01
1.251737429306675198e-01
1.266399542108560261e-01
1.395935968710826092e-01
1.350913298340180035e-01
1.325353864628152911e-01
1.317938234609289105e-01
1.294002571071569685e-01
1.298266773661359841e-01
1.349357530570182984e-01
1.348146042285057189e-01
1.331189004465555548e-01
1.325550352867979342e-01
1.297502150902381246e-01
1.345996094915347108e-01
1.362054004692114240e-01
1.309214596278392428e-01
1.289417186131079918e-01
1.317659196563256141e-01
1.270781721298893385e-01
1.253152848675082864e-01
1.254511182029277860e-01
1.354989021443403774e-01
1.342914517730092461e-01
1.256618431267829961e-01
1.356320332831297271e-01
1.340696284786248860e-01
1.305954511540058371e-01
1.276919846924451651e-01
1.314354650867290975e-01
1.277177043068103424e-01
1.323376213701871751e-01
1.333687754109119661e-01
1.292167611706715458e-01
1.301709407606186086e-01
1.280839026738435915e-01
1.330047854532798168e-01
1.297093733333242183e-01
1.438482588825699682e-01
1.340606242131728298e-01
1.322399018953243910e-01
1.350568843098023109e-01
1.256590668159799640e-01
1.269324354063241789e-01
1.268514335633088297e-01
1.312466041447642451e-01
1.304933458280104763e-01
1.267785020459156753e-01
1.289354588979712002e-01
1.353097181814985339e-01
1.289767325784151319e-01
1.332260066500076945e-01
1.379666889611727287e-01
1.259468609801469574e-01
1.327034513012338990e-01
1.369282391877510718e-01
1.262161426771527817e-01
1.240411894491467715e-01
1.361906122129697139e-01
1.362195412699992725e-01
1.261147181622875035e-01
1.303689751296471244e-01
1.323272771321428176e-01
1.291929657451617308e-01
1.324458598469694381e-01
1.257734311983371434e-01
1.325485570165209348e-01
1.268837656109378931e-01
1.316940451375184784e-01
1.339582379716329208e-01
1.328195838496470937e-01
1.324403776572300739e-01
1.357949635443779224e-01
1.286152343337352566e-01
1.271409128816463896e-01
1.261445248881593595e-01
1.313226405722208445e-01
1.256680013182071565e-01
1.322230647962827077e-01
1.281626471819785895e-01
1.227052826004532693e-01
1.359780373004002563e-01
1.300634569082504688e-01
1.355063982307910808e-01
1.304750556938159278e-01
1.287910077243279161e-01
1.210674092985498662e-01
1.313626503810668700e-01
1.391100373548956881e-01
1.361138454136940068e-01
1.292910435881752251e-01
1.319985088151998942e-01
1.258936445682476701e-01
1.320968678555427545e-01
1.268260688831408800e-01
1.298605129552575232e-01
1.311309428455738058e-01
1.335373457712240586e-01
1.309433399102626627e-01
1.309812124818563461e-01
1.307794875489213526e-01
1.312649884285070900e-01
1.304417550229491352e-01
1.272785255351127631e-01
1.411161533055397266e-01
1.244541023165369603e-01
1.320707417451418286e-01
1.303551789277639095e-01
1.275293672218536789e-01
1.355427842587232645e-01
1.362298862005655586e-01
1.310073542575805605e-01
1.274942767782471231e-01
1.311207779707052878e-01
1.322237667747032941e-01
1.301568913966035246e-01
1.326003102442392945e-01
1.278399959111060913e-01
1.276823539573412603e-01
1.317863661939134845e-01
1.345972920553042407e-01
1.312013842213230197e-01
1.348736194177315717e-01
1.321918327743426269e-01
1.295216509642509450e-01
1.361350366511406007e-01
1.282115517136378224e-01
1.300501234065263578e-01
1.257408523693298585e-01
1.269869362027981341e-01

1.311384913774255034e-01
