1.858838072189918034e+00
1.801811030277839176e+00
1.583207835906591088e+00
1.477635222214918942e+00
1.408802365951049129e+00
1.348883748665834048e+00
1.301942855883867267e+00
1.264708746243745852e+00
1.234656585179842336e+00
1.211009908028138016e+00
1.189622810253730290e+00
1.174917052648006388e+00
1.164533619697277311e+00
1.147577739220399184e+00
1.142013744513193707e+00
1.126331677345129068e+00
1.115345332867059946e+00
1.107750699611810496e+00
1.100944346495163817e+00
1.092979031342726559e+00
1.087596538280829472e+00
1.085689928898444512e+00
1.078765542079240802e+00
1.071382776743326382e+00
1.061299741115325546e+00
1.062837986457042305e+00
1.059255049931697279e+00
1.051894150636135006e+00
1.046437287636292179e+00
1.044964990401879401e+00
1.044848439937982709e+00
1.037632084504152008e+00
1.033370936681062835e+00
1.034692564835915096e+00
1.027298073738049267e+00
1.016434047466669321e+00
1.011464248865078686e+00
1.011661677788465497e+00
1.010330655483099083e+00
1.000362119919214532e+00
1.002755858195133687e+00
1.002128314513426544e+00
9.985779377130361567e-01
9.946345784725286743e-01
9.879479279884925136e-01
9.880180416963039169e-01
9.870156193390871024e-01
9.833129221048110269e-01
9.826824061381511655e-01
9.786102044276702161e-01
9.735367068877587293e-01
9.709874555086478454e-01
9.659366584741152506e-01
9.659387877354255192e-01
9.591937346336169012e-01
9.565811446079841573e-01
9.623640982004312283e-01
9.535069691829192173e-01
9.491573474346063355e-01
9.541259536376366368e-01
9.527873019377390840e-01
9.508827784122564353e-01
9.397956333099267701e-01
9.367633234231900197e-01
9.412274194069397693e-01
9.433219139392559072e-01
9.359050613183241829e-01
9.280984826577015623e-01
9.264952237789447764e-01
9.358288414967366187e-01
9.314779573526137391e-01
9.286235899497301549e-01
9.281899609626867997e-01
9.251193789335397932e-01
9.212659349808326459e-01
9.212354913736000572e-01
9.136207906099466092e-01
9.098560831485650313e-01
9.103304788088186772e-01
9.106911290914584400e-01
9.065739070757841134e-01
9.062759763155228132e-01
9.054555202141786330e-01
9.051984204695775471e-01
9.126721276686742268e-01
9.057513374548692431e-01
9.037346460880377741e-01
8.983018581683819281e-01
8.983518062493740519e-01
8.889348453436142217e-01
8.942080803406544653e-01
8.917182934589874543e-01
8.885961078680478797e-01
8.825370887915293672e-01
8.870074800955943806e-01
8.859039216469495326e-01
8.764221707979837905e-01
8.813823594496800196e-01
8.769284717547587427e-01
8.707102975784204446e-01
8.787158383772923909e-01
8.771490874198767385e-01
8.744100375053209806e-01
8.644710036424489985e-01
8.653308079792902952e-01
8.649799774854610712e-01
8.645844653630867516e-01
8.605248630046844482e-01
8.666367700466742763e-01
8.642983173712706080e-01
8.533981161239819757e-01
8.580857989115592277e-01
8.533966382344563284e-01
8.504892561680231777e-01
8.465931097666422600e-01
8.467506983341315241e-01
8.453241582864370329e-01
8.437853226294884657e-01
8.396169624267479925e-01
8.410176216027676066e-01
8.450002858271965511e-01
8.344456298229021574e-01
8.393565425506004374e-01
8.419516062125181888e-01
8.388447008071802102e-01
8.342725102718059338e-01
8.363034552488571860e-01
8.339317739774019245e-01
8.317786799027369060e-01
8.250634584671411309e-01
8.247291467128655684e-01
8.310529233553470840e-01
8.205675277954492808e-01
8.216267325939276001e-01
8.230939230093589076e-01
8.224616390008192557e-01
8.176989203080152757e-01
8.180591370814885854e-01
8.206235868044388093e-01
8.138288426093566175e-01
8.079772999653449528e-01
8.114982487299503555e-01
8.150200285972692971e-01
8.075645555288363253e-01
8.155990690757066730e-01
8.087066144515306920e-01
8.100628033662453653e-01
8.048513774688427214e-01
8.062927402746983274e-01
7.950541514616745742e-01
8.073893957413159628e-01
7.999657878508934505e-01
8.026906080735035642e-01
7.967285228081238957e-01
7.958757285888378163e-01
7.965221331669734006e-01
7.926054163621022441e-01
7.857213478057812894e-01
7.884666860103607400e-01
7.905593027671178330e-01
7.858546820970682134e-01
7.815611909597347529e-01
7.866689883745633383e-01
7.787170486572461137e-01
7.738250032449379701e-01
7.736883358313486614e-01
7.738385756810506333e-01
7.721774873825220098e-01
7.734347180678293743e-01
7.706873372579232662e-01
7.759233707800889945e-01
7.710081618565779449e-01
7.679934209738021877e-01
7.703324338564505602e-01
7.713224718203911534e-01
7.601762018142602662e-01
7.606652579246423462e-01
7.543926694454290427e-01
7.718505903696402104e-01
7.541579266389211167e-01
7.574430333498196610e-01
7.598289808401694767e-01
7.541322325284663952e-01
7.549306443104377706e-01
7.502944234089973241e-01
7.550799117638514746e-01
7.555723249148099674e-01
7.511579310282682220e-01
7.482101885172036670e-01
7.452213161266767472e-01
7.592645393732266879e-01
7.485504272656563485e-01
7.537972467832075862e-01
7.508584463443511714e-01
7.422678672350370155e-01
7.497279990177888598e-01
7.431773979694414889e-01
7.448676342383409033e-01
7.392433244448441965e-01
7.335737624993691197e-01
7.366211865192804353e-01
7.299041599035263062e-01
7.298293480506310438e-01
7.340783591453845514e-01
7.257535078586676569e-01
7.293825906820786686e-01
7.327300138962574705e-01
7.285575008545166487e-01
7.277498608980423889e-01
7.282461270307882817e-01
7.269236006797887839e-01
7.253487276725280042e-01
7.233118333113499610e-01
7.208559374014537058e-01
7.147608560629380436e-01
7.163209383304302014e-01
7.153215407561033246e-01
7.137028507697276147e-01
7.107695908882678548e-01
7.118340873565429661e-01
7.132829747138879073e-01
7.149666634125587672e-01
7.090889526483340477e-01
7.104508881385509511e-01
7.048384674084492429e-01
7.074571464306268487e-01
7.064181161232483408e-01
7.074031828305660241e-01
7.046773786728198763e-01
6.961163008824372556e-01
6.976881280923501460e-01
6.990146443629876583e-01
6.988199097223770639e-01
7.046563650553042679e-01
6.968559936071053729e-01
7.036497057248384257e-01
7.050373230225001064e-01
6.948461015255023021e-01
6.936712336081725105e-01
6.870067770664508577e-01
6.920683778249300255e-01
6.965546954136628832e-01
6.935552133199496261e-01
6.936772381648038666e-01
6.830660230838335734e-01
6.895483135412900921e-01
6.834694286951652487e-01
6.923138718574475270e-01
6.921350574646241149e-01
6.887038721488072390e-01
6.801117450763017880e-01
6.802367464854166546e-01
6.849394326026623236e-01
6.838875059133920908e-01
6.893205786362672782e-01
6.832145857505309561e-01
6.793321708073982723e-01
6.839996567139259298e-01
6.794152664068418002e-01
6.837466187966175779e-01
6.774487476318310497e-01
6.744633624951045237e-01
6.725770471951900698e-01
6.801399243183624543e-01
6.720151215027539982e-01
6.698211893821374163e-01
6.753371196679579525e-01
6.637268397288444977e-01
6.677724982683475030e-01
6.730554623481554977e-01
6.642525474994610546e-01
6.693001344417914833e-01
6.649623031799609674e-01
6.671141939285474276e-01
6.752825891360257904e-01
6.729776685818648074e-01
6.713655777466602803e-01
6.722268520257411728e-01
6.604852617551119076e-01
6.713960400758645086e-01
6.597814183968764290e-01
6.620039504307967393e-01
6.599578878054251918e-01
6.599142572818658126e-01
6.597678934152310104e-01
6.633112539083529935e-01
6.538917725666975045e-01
6.522997402992003479e-01
6.444435666768978388e-01
6.470613954158929149e-01
6.480733393094478823e-01
6.467682410509157931e-01
6.513552011587681045e-01
6.398785513180952345e-01
6.394833079515359620e-01
6.500003037544397344e-01
6.394368313061885578e-01
6.378982184024957203e-01
6.425331355669559041e-01
6.413253491505598314e-01
6.358556775710522135e-01
6.424829516655359285e-01
6.355524666798419986e-01
6.383408683996933952e-01
6.336232078381073274e-01
6.203303145292478060e-01
6.232717645473969670e-01
6.344062773845134950e-01
6.355477008299950104e-01
6.394155955467468733e-01
6.253247105922454807e-01
6.233178901366698277e-01
6.181285192569097031e-01
6.164848558413676960e-01
6.208777743272292371e-01
6.238263526023962724e-01
6.217103721239627401e-01
6.166180598430144322e-01
6.114768448548438817e-01
6.158036192258199426e-01
6.242225334430352435e-01
6.212910499328222480e-01
6.213486043306497564e-01
6.139299539419320606e-01
6.155005785899284598e-01
6.124156755514633677e-01
6.220043134230833770e-01
6.097228580560439815e-01
6.106054897491748346e-01
6.165331450028297411e-01
6.120893944532442843e-01
6.144065623099986828e-01
6.105432667793371238e-01
6.043610484936298155e-01
6.074288074786846625e-01
6.075984131831388968e-01
5.972750694323808451e-01
6.054534487999402304e-01
6.039773752291996978e-01
6.066554288833568842e-01
6.086646741017317508e-01
5.983303433809524785e-01
5.967403169625844495e-01
5.918341390597514629e-01
6.025766428464498503e-01
6.010644688056065998e-01
5.937865598079485885e-01
5.980313404248310816e-01
5.939687854968584979e-01
5.967047430765934912e-01
5.979947807697149065e-01
5.958029969380451707e-01
5.885588224117572764e-01
5.856678333037939055e-01
5.898429532845814727e-01
5.882423141827950452e-01
6.008324015599030288e-01
5.941214100672648213e-01
5.863192264850323188e-01
5.907656385348393213e-01
5.904338073271971910e-01
5.877897563653114998e-01
5.815289772473848373e-01
5.843777190416287182e-01
5.842658951496466635e-01
5.834357370168734569e-01
5.856829896187171203e-01
5.891825293119137275e-01
5.826256580077684433e-01
5.787523433948174034e-01
5.801238158574471004e-01
5.807922107286942470e-01
5.818355251581240895e-01
5.806040765383304603e-01
5.737682326481892137e-01
5.768320639164019603e-01
5.735227189002892745e-01
5.784001925052740800e-01
5.797853133617303367e-01
5.837556156592491607e-01
5.713794659345577953e-01
5.673190100070757413e-01
5.736253294043052176e-01
5.710731009642283640e-01
5.741626921372535719e-01
5.724158685940962110e-01
5.738117840809699999e-01
5.756961794235767593e-01
5.799432190564962619e-01
5.729286222121654504e-01
5.706089918430035102e-01
5.631901633280974595e-01
5.671027480791777098e-01
5.728758179224454627e-01
5.586439425364518874e-01
5.659549311949656492e-01
5.647285656287119870e-01
5.681946659699464997e-01
5.654301493595808026e-01
5.677498843425359265e-01
5.597697068483401539e-01
5.631378497068698641e-01
5.631991349733792562e-01
5.655697659040108682e-01
5.634118684591391535e-01
5.551725069681803237e-01
5.678701808819404118e-01
5.650896089199262118e-01
5.500645049871542014e-01
5.711703370014826753e-01
5.645348207308695798e-01
5.607548596767278903e-01
5.632441539030809130e-01
5.535266090662050997e-01
5.545932858418195499e-01
5.648200871088565611e-01
5.646583389777403150e-01
5.495787158990517174e-01
5.609890933984365002e-01
5.474052202243071541e-01
5.553335880621885767e-01
5.544659352455383328e-01
5.533595497791583551e-01
5.523473611244789083e-01
5.659394323825835960e-01
5.696755204445276277e-01
5.542451240313358563e-01
5.554980056408124200e-01
5.488732444170193459e-01
5.602207725628828294e-01
5.592530508836109915e-01
5.582281738137587768e-01
5.501824103104762109e-01
5.541365362894841162e-01
5.544225801260043163e-01
5.526715720311189406e-01
5.616206762118217677e-01
5.559629421967726692e-01
5.512265806014721159e-01
5.550714048819663793e-01
5.649763373228219310e-01
5.571108862375602211e-01
5.539227949503140458e-01
5.607850860326718534e-01
5.527591929221764566e-01
5.466437571323834455e-01
5.622420540986916571e-01
5.543110512005977597e-01
5.458885458799508372e-01
5.465521711569566454e-01
5.617142442709360806e-01
5.447445140435145383e-01
5.517334341620787619e-01
5.483590332743448759e-01
5.439720328801717075e-01
5.493847810305081403e-01
5.462859491507212617e-01
5.389168102007645400e-01
5.455569647443599957e-01
5.424331079690883906e-01
5.425999746108666200e-01
5.360625785894882478e-01
5.417062701323093199e-01
5.344569065631964433e-01
5.301401253694143501e-01
5.363347997268040901e-01
5.257002073220717886e-01
5.276037684999979049e-01
5.282572439083685900e-01
5.283168812592824448e-01
5.299117052402251282e-01
5.338081252880585437e-01
5.340226387366270311e-01
5.376382047549271848e-01
5.273039773488655824e-01
5.290876447390286952e-01
5.310915980583582607e-01
5.278439201987706886e-01
5.186335977835533351e-01
5.234789165930869848e-01
5.307330635877756109e-01
5.219509251606769817e-01
5.284534135690102108e-01
5.290298190636512077e-01
5.188857713570961261e-01
5.196635474761327478e-01
5.177371836625612733e-01
5.257339034325037019e-01
5.141043508664155937e-01
5.156412774171584834e-01
5.129421978424757445e-01
5.072917251250682602e-01
5.117285146163059739e-01
5.125433168732203004e-01
5.100124902068040589e-01
5.235792203973501646e-01
5.083880666738901377e-01
5.137832709611990234e-01
5.188249111175536887e-01
5.063185244416579245e-01
5.245107354261936417e-01
5.162684393998904220e-01
5.124123893487148029e-01
5.018272012472152488e-01
5.120554583194928400e-01
5.153384302671139006e-01
5.103271872569352663e-01
5.012904302431986370e-01
5.100333229089394349e-01
4.993348282881271971e-01
5.020613968372344971e-01
5.008876243462929700e-01
4.982824022953327159e-01
5.001825978358586111e-01
5.106470602445113416e-01
4.929465921261371730e-01
5.059406941517805567e-01
4.974079274978392973e-01
4.995785384606092339e-01
4.941437644072068092e-01
5.038310113625649178e-01
4.995333563058804160e-01
4.912392861185929660e-01
4.986423123723421336e-01
4.997756499510545014e-01
5.066365939684402964e-01
4.931320380706053497e-01
4.986143130522507905e-01
5.008525675688034751e-01
4.930279236573439361e-01
4.968721547187903154e-01
4.904821606782766574e-01
5.000641693671544763e-01
4.938919466275435433e-01
4.872760980557172550e-01
4.916624715695014358e-01
4.962480028470357407e-01
5.005295645732146248e-01
4.889977482266915088e-01
4.970264160480254989e-01
4.946585153922056777e-01
4.895814850544318309e-01
4.934947898754706852e-01
4.862479032614292485e-01
4.954689279198646323e-01
4.887705153379685030e-01
4.949949873563571079e-01
4.858806939461292607e-01
4.871017611179596085e-01
4.774568076317127208e-01
4.957322528729071753e-01
4.927200016302940022e-01
4.894163720882855895e-01
4.925657754525160081e-01
4.758163553017836223e-01
4.790396993741011245e-01
4.782542248184864508e-01
4.893780996402104511e-01
4.816089437940181961e-01
4.892586661454959018e-01
4.842130341590979437e-01
4.791214941021723628e-01
4.776054846934782994e-01
4.741546287750586508e-01
4.761591173135317212e-01
4.832248986531526569e-01
4.733283268335538030e-01
4.740128032672099589e-01
4.763510660865368229e-01
4.818610331951043713e-01
4.788024668128062489e-01
4.738632660645705208e-01
4.659073815895961035e-01
4.764534045870487677e-01
4.713691226564921122e-01
4.667639075945585470e-01
4.676097069795315253e-01
4.681488649585308082e-01
4.754872725560114755e-01
4.697082886329064233e-01
4.695408170039837015e-01
4.729083006962751523e-01
4.732799018804843549e-01
4.719615227518937361e-01
4.622645584436563260e-01
4.724250073616321211e-01
4.710947833764247417e-01
4.653471712118539827e-01
4.682048729979074730e-01
4.706281173305633669e-01
4.720999798713585993e-01
4.640884645856343527e-01
4.593836293770716672e-01
4.661678060125081791e-01
4.698436600275529007e-01
4.701247641673454991e-01
4.708813000183839081e-01
4.611075523190009129e-01
4.645430674919715508e-01
4.664363501163629189e-01
4.635861139649000151e-01
4.631575894661438819e-01
4.670286464385497438e-01
4.686324565838544953e-01
4.641102808408247848e-01
4.601676024305514923e-01
4.519754976416245351e-01
4.673718822690156594e-01
4.598190312966322080e-01
4.640310958409920583e-01
4.581971085606477145e-01
4.648104925950368171e-01
4.626472129271580469e-01
4.639189859613394029e-01
4.602344511029047847e-01
4.631839537467711820e-01
4.579467757772176517e-01
4.606876105452195058e-01
4.665013109644254308e-01
4.667741307081320623e-01
4.708532778880534786e-01
4.619909803836773632e-01
4.598907049649800793e-01
4.576471321475811260e-01
4.671607796198282703e-01
4.616536250481238501e-01
4.545860263781669741e-01
4.614588001217597713e-01
4.622548608443675655e-01
4.589612989471508753e-01
4.539860754823073496e-01
4.659307157381987197e-01
4.617701276372640495e-01
4.609075752206338028e-01
4.651286434286679983e-01
4.588852050976875430e-01
4.601352474628350731e-01
4.592067403288987992e-01
4.581487422952285060e-01
4.677747990840520620e-01
4.605011091782496568e-01
4.570943087339401356e-01
4.610569073985784638e-01
4.592929078218264682e-01
4.586627993064049114e-01
4.610249627095002189e-01
4.619243010496482116e-01
4.532977641392976764e-01
4.536497667813912393e-01
4.582790102332066073e-01
4.484104467890201451e-01
4.547937717575293304e-01
4.629106805874751429e-01
4.618475034832954518e-01
4.516304458181063519e-01
4.536613223262322414e-01
4.573011169830957789e-01
4.517701039711634059e-01
4.542866750405384901e-01
4.534412607168539777e-01
4.531984903873541581e-01
4.544484802545645241e-01
4.459902822589262850e-01
4.573562986193558944e-01
4.545981668891050931e-01
4.526183612835713022e-01
4.484947282534379465e-01
4.482582997817259329e-01
4.478650758281731981e-01
4.491119586504422889e-01
4.487962524478252280e-01
4.499757693746150866e-01
4.515540960125434267e-01
4.490993602535663376e-01
4.482505754400522013e-01
4.495788288422120083e-01
4.470679560915017947e-01
4.464921682308881645e-01
4.458996495757347467e-01
4.543973433665740025e-01
4.426782969098824738e-01
4.453107748658229337e-01
4.441841560296523328e-01
4.470594680080047234e-01
4.451979321164962755e-01
4.445971311284945826e-01
4.459999497884359343e-01
4.430597384006549344e-01
4.403384352341676578e-01
4.441392295635663290e-01
4.380339171259831077e-01
4.362542759531583547e-01
4.450144269527533392e-01
4.460112819686913865e-01
4.424757890594311349e-01
4.407872305848659633e-01
4.536210659604806295e-01
4.424253213099944015e-01
4.459873111584247707e-01
4.452190596705827841e-01
4.388793772611862543e-01
4.475723632253133522e-01
4.398119357916024930e-01
4.431055893882727137e-01
4.522835210729868050e-01
4.443612129260332000e-01
4.447753118780943260e-01
4.471253070693749776e-01
4.445192763056510787e-01
4.421711500256489402e-01
4.375225229523120873e-01
4.431850539950223933e-01
4.382741413055322166e-01
4.522975519681587953e-01
4.434021938687715547e-01
4.399024139230067743e-01
4.515801906203612548e-01
4.472905579285744171e-01
4.510452570059360622e-01
4.382183643487783664e-01
4.369895919775351745e-01
4.447323961899830591e-01
4.401690413936590329e-01
4.375057695767818333e-01
4.598129316400259015e-01
4.451160389261368255e-01
4.410577959739244713e-01
4.337058183474418183e-01
4.414206934662965875e-01
4.401292019165479186e-01
4.335577053137314452e-01
4.406623200728342904e-01
4.380840468865174753e-01
4.427439533365078450e-01
4.428664866930399069e-01
4.457160205031052702e-01
4.379639188066506983e-01
4.433569308656912789e-01
4.471685669361016857e-01
4.487895191862033006e-01
4.372965179956876391e-01
4.428144550094237908e-01
4.380697261828642719e-01
4.456280612792724027e-01
4.441621554967684626e-01
4.330175310755387530e-01
4.454939118562600275e-01
4.398842740517396321e-01
4.438493282367021453e-01
4.269812938494559895e-01
4.427489686470765240e-01
4.353702073295911412e-01
4.271920114373549682e-01
4.348392446453754889e-01
4.424479621343123670e-01
4.453071814699050557e-01
4.455031268871747496e-01
4.435300781940802461e-01
4.412838789132925155e-01
4.389029664488939275e-01
4.391454478486990221e-01
4.403869029038991467e-01
4.423902196761889116e-01
4.451224003464747669e-01
4.295456409454345703e-01
4.396328066404049384e-01
4.420463427901267783e-01
4.440720526835857385e-01
4.390700859137070533e-01
4.505162867215963263e-01
4.413734167814254983e-01
4.409732409776785378e-01
4.441703131565680751e-01
4.380106210708618053e-01
4.414112369601543295e-01
4.456762321866475363e-01
4.499049257391538603e-01
4.409535400378398196e-01
4.436405777549132234e-01
4.411580404409995437e-01
4.476344270583910712e-01
4.333733242291670784e-01
4.418670903795804961e-01
4.358714226728830354e-01
4.402977849810551514e-01
4.431359043488135585e-01
4.447324616022599320e-01
4.328637675215036285e-01
4.354348651873759524e-01
4.360796907009222845e-01
4.391839755269197343e-01
4.424086919961831565e-01
4.393806078113042246e-01
4.306970250912201537e-01
4.358500209374305268e-01
4.360126274136396640e-01
4.372242166827886578e-01
4.402901175312506910e-01
4.341946672170590160e-01
4.312421074280372024e-01
4.421546931068102704e-01
4.325799436141283261e-01
4.369875247661884066e-01
4.312856519833589419e-01
4.277441380497736811e-01
4.367628991221770285e-01
4.291781357083565007e-01
4.282908895841011643e-01
4.350619025719471566e-01
4.325741119491748332e-01
4.240721200139094815e-01
4.406543775246693495e-01
4.324682155098670822e-01
4.270552484652934688e-01
4.250967055559158325e-01
4.353987244459299188e-01
4.337543319051082591e-01
4.436623117862603660e-01
4.340551061890063900e-01
4.376732724599349256e-01
4.291272924878658523e-01
4.271019809139080525e-01
4.323902171773787995e-01
4.222950209027681590e-01
4.304258863895367160e-01
4.342679895651646027e-01
4.282179136688892829e-01
4.304723766369697446e-01
4.379951400634570224e-01
4.410662886806023253e-01
4.331710283572857145e-01
4.308912566074958317e-01
4.269701860271967186e-01
4.313832077460411085e-01
4.305885601502198456e-01
4.239151270343707312e-01
4.329732424173599603e-01
4.266752920471704735e-01
4.349986439714064734e-01
4.269522986350915428e-01
4.322144543131192784e-01
4.280192958238797085e-01
4.410207750323490994e-01
4.268437814254026907e-01
4.285420924807206156e-01
4.343180790925637025e-01
4.186859784982143173e-01
4.275404430352724439e-01
4.323967770888255124e-01
4.287679099883788814e-01
4.217959484228721023e-01
4.327471195123134273e-01
4.369276407437446830e-01
4.269276046982178330e-01
4.294036817474242707e-01
4.257147983480722431e-01
4.333164545205923091e-01
4.158374715691957602e-01
4.181411292308416239e-01
4.261793268414644231e-01
4.210363837388845787e-01
4.250505887545071859e-01
4.266866806990061156e-01
4.195576138985462888e-01
4.205280501490984424e-01
4.161784501029894834e-01
4.191912633868364324e-01
4.263201516790267598e-01
4.299814064533282743e-01
4.331728546283183934e-01
4.239886987667817464e-01
4.162367773743776422e-01
4.198686987543717164e-01
4.213238475414423090e-01
4.208116595561687823e-01
4.205394684504240033e-01
4.222243729692238823e-01
4.092533126091345563e-01
4.112042689170593013e-01
4.184172801482372028e-01
4.170378680794666892e-01
4.165163450898268227e-01
4.234276196131339653e-01
4.224388460700328474e-01
4.175014228392869842e-01
4.145916795119261034e-01
4.166620042461615103e-01
4.156133659375019773e-01
4.201507860269301786e-01
4.097040582161683431e-01
4.111670813499352928e-01
4.170601673615284555e-01
4.240392745305330280e-01
4.217526396497702224e-01
4.166901618242263572e-01
4.123035942514737262e-01
4.111914241543183079e-01
4.175130496804531077e-01
4.098134113810001367e-01
4.153474450875551116e-01
4.140480888959688910e-01
4.188542071061256422e-01
4.116053262200111140e-01
4.089768140361859095e-01
4.086116646344845060e-01
4.139136241796689264e-01
4.108257896625078787e-01
4.111000796541189328e-01
4.163963854694977540e-01
4.081159409804221982e-01
4.179275453472748869e-01
4.119870987458106870e-01
4.138391156227160805e-01
4.128690259196819423e-01
4.082620103771870124e-01
4.077816903209074972e-01
4.163199529815942990e-01
4.227641581342770349e-01
4.108171737346893448e-01
4.151101935750398653e-01
4.149884390525328537e-01
4.085117377149752871e-01
4.117841482162475364e-01
4.055333178394879834e-01
4.154391439297260291e-01
4.141649222908875827e-01
4.123259707903250693e-01
4.200635717465327490e-01
4.145791227618852992e-01
4.115048562869047521e-01
4.090515967362966521e-01
4.074548683105370661e-01
4.030058528368289927e-01
3.974588236747643721e-01
4.107530501790535582e-01
4.097433846348371156e-01
4.115728537241618024e-01
4.130991244163268461e-01
4.087979041613065134e-01
4.072767915251927495e-01
4.135666882380460985e-01
4.084729206867707130e-01
4.029844602331136838e-01
4.018052545495522376e-01
4.050789823898902076e-01
4.060803417976086016e-01
4.208770664074482082e-01
4.006706436857199183e-01
4.049540546077948222e-01
4.145420466478054178e-01
4.031081253519425145e-01
4.044884339357033842e-01
4.021238794693580143e-01
4.108814261280573366e-01
4.055818773615054718e-01
4.120267837093426477e-01
4.005473105571208947e-01
4.005994766186445344e-01
3.982588946055143353e-01
4.078763211002716660e-01
4.035910541812579022e-01
4.019940790839684475e-01
3.994947980229671125e-01
4.054149613930628782e-01
4.013588069341121334e-01
4.016856498825244204e-01
4.083974803869541148e-01
3.957520711116301881e-01
4.030060760485820182e-01
4.059850491392306693e-01
4.013941496992722291e-01
3.947212642584091435e-01
3.984398377629426724e-01
3.988557034195998052e-01
4.043878434942319022e-01
4.015276992168181902e-01
3.933902357251216064e-01
4.002502354673850293e-01
4.024936341322385425e-01
4.043662844178004256e-01
3.999183460305898441e-01
3.969586480886508340e-01
4.059262609252562992e-01
3.973853829579475638e-01
3.994329545360345013e-01
3.918861730740620386e-01
4.006088864344816702e-01
4.014043296376864078e-01
3.929452188504047871e-01
3.861825229647832258e-01
4.011025167428530214e-01
4.055999141090955717e-01
3.994311143190432678e-01
4.000948119239929324e-01
4.041792468382762182e-01
3.976089869172145241e-01
3.940451296858298313e-01
3.970137343192711721e-01
4.049286592847261557e-01
3.885616838932037242e-01
3.942797484306188593e-01
3.966881754306646468e-01
3.928400039290770307e-01
3.956893547223164220e-01
3.975731579921184533e-01
3.964583289164763102e-01
3.915431953393496145e-01
4.048725075064561474e-01
3.983654309159669893e-01
3.957438512872427094e-01
3.958543441234490534e-01
3.985940361634278672e-01
3.881142465349955439e-01
3.884494435710784677e-01
3.906058220145030013e-01
3.918545993474813471e-01
4.017380145879892450e-01
4.000260567817932600e-01
3.870665546793203848e-01
3.970528745116331804e-01
4.016807964214911819e-01
3.969152181958540693e-01
3.974531216117052068e-01
4.063618569419933935e-01
4.017029832570980785e-01
3.950539247729839554e-01
3.954748501762365698e-01
3.986287555251366022e-01
3.937491386364667667e-01
3.933351037593988409e-01
3.937360300467564467e-01
3.868734942223781004e-01
3.944018843846443523e-01
3.949727282692224728e-01
3.926296145105973023e-01
3.953639837793814782e-01
3.936756500066855291e-01
3.926112926923311930e-01
3.909553768925177475e-01
3.943424195815355415e-01
3.941480263685568919e-01
4.008426080529506330e-01
3.937711535738064872e-01
3.974515552322069878e-01
3.910561087803963165e-01
4.018361565776360500e-01
3.923550909910446527e-01
3.989030763888970488e-01
3.862444788981706512e-01
3.943679197858541707e-01
3.958242211586389669e-01
4.001271375096761007e-01
3.893924282529415137e-01
3.896038491756488309e-01
3.942610066670637625e-01
3.938554476468991150e-01
3.969441629373110514e-01
3.886570121997441896e-01
3.936020171030973902e-01
3.847773679555990811e-01
3.860609430915269980e-01
3.901991198460261212e-01
3.873755524555841934e-01
3.998801503808070423e-01
3.910982645857028484e-01
3.952293676825670010e-01
3.931002487738927131e-01
3.912691411299583089e-01
3.880011964684877412e-01
3.907508463431627055e-01
3.902839359946739806e-01
3.963036140952354569e-01
4.000057911643615238e-01
3.935849028520094772e-01
3.961731486213512787e-01
3.951588034629821555e-01
3.889773799058718340e-01
3.905627745084273572e-01
3.854087117390754824e-01
3.948143335107045515e-01
3.894596211039103029e-01
3.883306716879209031e-01
3.921845968335102572e-01
3.795217988964839084e-01
3.957874006567856928e-01
4.063090214362511388e-01
3.960600209541809691e-01
3.916217113916690695e-01
3.854972401490578404e-01
3.891653601175699695e-01
3.938440631597470154e-01
3.904410933454831589e-01
3.916528202784367307e-01
3.883103439441094040e-01
3.852310602863629474e-01
3.816335725860717787e-01
3.819275042567497613e-01
3.925375142540687423e-01
3.863396621285340449e-01
3.828307102888058311e-01
3.901896271185997245e-01
3.938491948904135342e-01
3.854943302961496010e-01
3.890185066904777167e-01
3.848857204501445750e-01
3.833217668991822369e-01
3.898142082568926692e-01
3.920055053172967208e-01
3.872880893640028854e-01
3.960249152703163023e-01
3.824835865543438906e-01
3.929428063524075254e-01
3.825734111743095411e-01
3.840792676959282059e-01
3.887810099965486876e-01
3.895662219860615005e-01
3.911740626280124644e-01
3.951115790085915069e-01
3.890299359957377079e-01
3.919734912040905850e-01
3.881549982688365930e-01
3.884234856718625784e-01
3.823043361306190380e-01
3.886415339433230143e-01
3.919424765385114418e-01
3.958675996997417790e-01
3.860060910765941156e-01
3.875940367197379111e-01
3.941259924799968006e-01
3.873817519499705431e-01
3.838864241272975097e-01
3.863470852375030518e-01
3.856037722184108008e-01
3.886630042623250847e-01
3.911212482513525823e-01
3.946197700424072252e-01
3.891176626468316191e-01
3.896557162969540578e-01
3.904972076033934592e-01
3.858924284959450723e-01
3.893537722336940510e-01
3.917448241741229298e-01
3.900447996381001814e-01
3.937900870656355634e-01
3.935936517058274409e-01
3.939267983803382278e-01
3.914798898574633479e-01
3.889903274484169948e-01
3.889239880519035353e-01
3.896486980792803756e-01
3.909177814538662421e-01
3.826264580090840695e-01
3.908822194505960357e-01
3.933946922803536195e-01
3.958595215510099519e-01
3.920341847798763379e-01
3.924934579011721270e-01
3.865394184986750137e-01
3.931169914129452603e-01
3.962741050964746492e-01
3.918238103389740101e-01
3.917175964667247157e-01
3.949523222370025510e-01
3.871731687050599113e-01
3.859135584571422584e-01
3.915956730261827001e-01
3.865530253602908473e-01
3.949490709946705813e-01
3.948375891798581727e-01
3.957133463942087426e-01
3.834123946917362691e-01
3.911645814776420482e-01
3.991254288416642426e-01
3.905052905663465856e-01
3.850941785253011451e-01
3.845563345612623696e-01
4.010197599728902440e-01
3.893953533126757738e-01
3.937693370840488205e-01
3.862381613789460655e-01
3.870413527656824115e-01
3.861810530989597812e-01
3.904844158735030768e-01
3.855487031432298650e-01
3.888309200222675455e-01
3.818224794589556437e-01
3.888335282603899712e-01
3.825455940304658409e-01
3.841131127415559066e-01
3.864760045439769032e-01
3.829578113479492063e-01
3.817042915484843979e-01
3.923316485988788127e-01
3.902339295316964995e-01
3.880656539247586134e-01
3.901059307349034055e-01
3.926673249174387204e-01
3.978421089358818996e-01
3.850381693014731654e-01
3.852698306242625104e-01
