8.358824729919433594e+00
9.851829528808593750e+00
1.190971088409423828e+01
1.342407512664794922e+01
1.477314186096191406e+01
1.604560089111328125e+01
1.701697731018066406e+01
1.792413330078125000e+01
1.866849136352539062e+01
1.944491195678710938e+01
2.015216064453125000e+01
2.085424041748046875e+01
2.145780563354492188e+01
2.202332115173339844e+01
2.249104690551757812e+01
2.297940063476562500e+01
2.349496841430664062e+01
2.397788238525390625e+01
2.453778457641601562e+01
2.495196151733398438e+01
2.534615135192871094e+01
2.580059051513671875e+01
2.622351455688476562e+01
2.655420875549316406e+01
2.690819168090820312e+01
2.717664909362792969e+01
2.746598434448242188e+01
2.784174346923828125e+01
2.806607627868652344e+01
2.831779479980468750e+01
2.845453453063964844e+01
2.860458374023437500e+01
2.880932998657226562e+01
2.895558929443359375e+01
2.913922500610351562e+01
2.942078399658203125e+01
2.945019721984863281e+01
2.952358627319335938e+01
2.978495216369628906e+01
3.001552391052246094e+01
3.003289413452148438e+01
3.014961814880371094e+01
3.025549125671386719e+01
3.043725204467773438e+01
3.049115371704101562e+01
3.063755607604980469e+01
3.068085098266601562e+01
3.073449325561523438e+01
3.076258850097656250e+01
3.079541397094726562e+01
3.080400848388671875e+01
3.085729789733886719e+01
3.101156616210937500e+01
3.114704132080078125e+01
3.107304763793945312e+01
3.107203292846679688e+01
3.082705879211425781e+01
3.082793807983398438e+01
3.092586708068847656e+01
3.099309349060058594e+01
3.091972351074218750e+01
3.083907890319824219e+01
3.089096450805664062e+01
3.086288833618164062e+01
3.084503746032714844e+01
3.089822387695312500e+01
3.090651321411132812e+01
3.088634300231933594e+01
3.077744293212890625e+01
3.079897689819335938e+01
3.079774665832519531e+01
3.090191650390625000e+01
3.082747268676757812e+01
3.073783111572265625e+01
3.068077087402343750e+01
3.070491981506347656e+01
3.064538192749023438e+01
3.050067329406738281e+01
3.066065216064453125e+01
3.066078376770019531e+01
3.067456245422363281e+01
3.066527557373046875e+01
3.050645446777343750e+01
3.049829673767089844e+01
3.046384048461914062e+01
3.050509643554687500e+01
3.056318664550781250e+01
3.068853187561035156e+01
3.065032958984375000e+01
3.058495521545410156e+01
3.070709800720214844e+01
3.059683036804199219e+01
3.066640663146972656e+01
3.080025482177734375e+01
3.069973945617675781e+01
3.092791557312011719e+01
3.069517326354980469e+01
3.066073036193847656e+01
3.044932174682617188e+01
3.061563491821289062e+01
3.062369537353515625e+01
3.070274734497070312e+01
3.071612548828125000e+01
3.074782180786132812e+01
3.067120552062988281e+01
3.068415069580078125e+01
3.066136932373046875e+01
3.061584281921386719e+01
3.068453025817871094e+01
3.080538558959960938e+01
3.078340721130371094e+01
3.068838882446289062e+01
3.068906021118164062e+01
3.060248565673828125e+01
3.067740440368652344e+01
3.064838027954101562e+01
3.054872894287109375e+01
3.075043106079101562e+01
3.053815460205078125e+01
3.058072853088378906e+01
3.069681739807128906e+01
3.092663955688476562e+01
3.094075393676757812e+01
3.093018913269042969e+01
3.097701835632324219e+01
3.082736778259277344e+01
3.086875152587890625e+01
3.079723739624023438e+01
3.084249877929687500e+01
3.073389625549316406e+01
3.087195777893066406e+01
3.082926559448242188e+01
3.097867584228515625e+01
3.081509780883789062e+01
3.069930839538574219e+01
3.083178520202636719e+01
3.081087875366210938e+01
3.067224121093750000e+01
3.075947380065917969e+01
3.068808174133300781e+01
3.052946090698242188e+01
3.056703186035156250e+01
3.047684097290039062e+01
3.038226127624511719e+01
3.029347801208496094e+01
3.045046615600585938e+01
3.036628913879394531e+01
3.053077888488769531e+01
3.046238327026367188e+01
3.066037368774414062e+01
3.064641189575195312e+01
3.068903541564941406e+01
3.081878471374511719e+01
3.079246711730957031e+01
3.077027893066406250e+01
3.069195175170898438e+01
3.078600502014160156e+01
3.084176826477050781e+01
3.080465507507324219e+01
3.080819702148437500e+01
3.081646156311035156e+01
3.075654029846191406e+01
3.074389648437500000e+01
3.076802444458007812e+01
3.070971488952636719e+01
3.073246574401855469e+01
3.084424591064453125e+01
3.081694030761718750e+01
3.079645538330078125e+01
3.086350250244140625e+01
3.089073562622070312e+01
3.085730171203613281e+01
3.076107215881347656e+01
3.060506057739257812e+01
3.073859405517578125e+01
3.081888580322265625e+01
3.094523239135742188e+01
3.080287742614746094e+01
3.074446105957031250e+01
3.082921981811523438e+01
3.083694458007812500e+01
3.084982681274414062e+01
3.077714157104492188e+01
3.070482635498046875e+01
3.060670471191406250e+01
3.063529968261718750e+01
3.058521080017089844e+01
3.065905761718750000e+01
3.055741119384765625e+01
3.061171913146972656e+01
3.056841278076171875e+01
3.042379379272460938e+01
3.045231246948242188e+01
3.057865715026855469e+01
3.067295074462890625e+01
3.066359710693359375e+01
3.059613609313964844e+01
3.061434555053710938e+01
3.072122764587402344e+01
3.083447074890136719e+01
3.084008216857910156e+01
3.091635894775390625e+01
3.081744575500488281e+01
3.080216598510742188e+01
3.080475997924804688e+01
3.082522583007812500e+01
3.089232635498046875e+01
3.084381484985351562e+01
3.085734558105468750e+01
3.076702880859375000e+01
3.074295806884765625e+01
3.080441665649414062e+01
3.086749649047851562e+01
3.103327941894531250e+01
3.112818908691406250e+01
3.123816108703613281e+01
3.099879646301269531e+01
3.107538986206054688e+01
3.103869628906250000e+01
3.103902053833007812e+01
3.099050903320312500e+01
3.099737930297851562e+01
3.105687332153320312e+01
3.109621429443359375e+01
3.117998123168945312e+01
3.125275611877441406e+01
3.114879417419433594e+01
3.097653198242187500e+01
3.095899963378906250e+01
3.108882331848144531e+01
3.102113914489746094e+01
3.100980186462402344e+01
3.097444152832031250e+01
3.090813636779785156e+01
3.089764213562011719e+01
3.081392097473144531e+01
3.092561149597167969e+01
3.103902435302734375e+01
3.111396980285644531e+01
3.089610671997070312e+01
3.109003067016601562e+01
3.094852066040039062e+01
3.107908248901367188e+01
3.099383163452148438e+01
3.105786132812500000e+01
3.092146682739257812e+01
3.101445388793945312e+01
3.115852737426757812e+01
3.107892036437988281e+01
3.119886779785156250e+01
3.101809120178222656e+01
3.104565429687500000e+01
3.122110366821289062e+01
3.115975189208984375e+01
3.111537361145019531e+01
3.101285171508789062e+01
3.098879623413085938e+01
3.090130615234375000e+01
3.091515159606933594e+01
3.094428443908691406e+01
3.099706649780273438e+01
3.104782867431640625e+01
3.087476539611816406e+01
3.097178077697753906e+01
3.079905509948730469e+01
3.066474914550781250e+01
3.073937034606933594e+01
3.086499023437500000e+01
3.082636070251464844e+01
3.099007034301757812e+01
3.092482948303222656e+01
3.091085815429687500e+01
3.082820320129394531e+01
3.080088615417480469e+01
3.075332832336425781e+01
3.080762481689453125e+01
3.075794982910156250e+01
3.089361190795898438e+01
3.104986381530761719e+01
3.096056938171386719e+01
3.113815307617187500e+01
3.096292686462402344e+01
3.098922348022460938e+01
3.096089363098144531e+01
3.088294792175292969e+01
3.100789451599121094e+01
3.106785583496093750e+01
3.108840370178222656e+01
3.110107040405273438e+01
3.108781051635742188e+01
3.119578933715820312e+01
3.119017791748046875e+01
3.109145736694335938e+01
3.128009033203125000e+01
3.122263145446777344e+01
3.121392822265625000e+01
3.120278739929199219e+01
3.116719436645507812e+01
3.115574645996093750e+01
3.121678161621093750e+01
3.124165725708007812e+01
3.119732093811035156e+01
3.104851531982421875e+01
3.080166435241699219e+01
3.101696777343750000e+01
3.108510208129882812e+01
3.119326210021972656e+01
3.135119819641113281e+01
3.138382720947265625e+01
3.133742523193359375e+01
3.132842826843261719e+01
3.115463447570800781e+01
3.117925834655761719e+01
3.103536224365234375e+01
3.109927749633789062e+01
3.111654853820800781e+01
3.119489669799804688e+01
3.112418556213378906e+01
3.119161605834960938e+01
3.118803787231445312e+01
3.125151443481445312e+01
3.118060111999511719e+01
3.122323226928710938e+01
3.117291069030761719e+01
3.121087646484375000e+01
3.120976448059082031e+01
3.118320846557617188e+01
3.114121437072753906e+01
3.112560462951660156e+01
3.103092575073242188e+01
3.132278823852539062e+01
3.147869110107421875e+01
3.150186920166015625e+01
3.156933403015136719e+01
3.161613845825195312e+01
3.154907226562500000e+01
3.154638671875000000e+01
3.138030624389648438e+01
3.149558830261230469e+01
3.147285842895507812e+01
3.112161254882812500e+01
3.111214256286621094e+01
3.102104949951171875e+01
3.091702079772949219e+01
3.092785263061523438e+01
3.112129974365234375e+01
3.105486488342285156e+01
3.130281448364257812e+01
3.123682403564453125e+01
3.121211814880371094e+01
3.108931541442871094e+01
3.118562316894531250e+01
3.123369026184082031e+01
3.108667373657226562e+01
3.107520294189453125e+01
3.119812202453613281e+01
3.125320053100585938e+01
3.108969116210937500e+01
3.110864830017089844e+01
3.110792922973632812e+01
3.111860656738281250e+01
3.128191947937011719e+01
3.122307014465332031e+01
3.124841690063476562e+01
3.127640533447265625e+01
3.125261306762695312e+01
3.114873313903808594e+01
3.119454574584960938e+01
3.120141220092773438e+01
3.117177772521972656e+01
3.118778038024902344e+01
3.116680526733398438e+01
3.121940231323242188e+01
3.123360443115234375e+01
3.115626144409179688e+01
3.125434875488281250e+01
3.134908294677734375e+01
3.152634239196777344e+01
3.140505218505859375e+01
3.142811965942382812e+01
3.143066024780273438e+01
3.126221466064453125e+01
3.122229385375976562e+01
3.143615531921386719e+01
3.143953323364257812e+01
3.137636184692382812e+01
3.130497550964355469e+01
3.127649879455566406e+01
3.125078392028808594e+01
3.114963531494140625e+01
3.126399803161621094e+01
3.118040847778320312e+01
3.106672286987304688e+01
3.122603225708007812e+01
3.131030273437500000e+01
3.129342651367187500e+01
3.135710334777832031e+01
3.128684043884277344e+01
3.145524978637695312e+01
3.149802017211914062e+01
3.142665481567382812e+01
3.151304244995117188e+01
3.141401672363281250e+01
3.158611297607421875e+01
3.149264144897460938e+01
3.145911026000976562e+01
3.125002098083496094e+01
3.119839859008789062e+01
3.122392082214355469e+01
3.122075462341308594e+01
3.125084686279296875e+01
3.111314010620117188e+01
3.122157478332519531e+01
3.121160125732421875e+01
3.137717247009277344e+01
3.134741210937500000e+01
3.145414352416992188e+01
3.137732696533203125e+01
3.140519714355468750e+01
3.138288116455078125e+01
3.124663734436035156e+01
3.151265144348144531e+01
3.141277313232421875e+01
3.139290428161621094e+01
3.120062828063964844e+01
3.128087234497070312e+01
3.133800315856933594e+01
3.131423950195312500e+01
3.137836837768554688e+01
3.134412956237792969e+01
3.122328567504882812e+01
3.139318847656250000e+01
3.127644538879394531e+01
3.116532516479492188e+01
3.136654663085937500e+01
3.141340827941894531e+01
3.126368522644042969e+01
3.122533416748046875e+01
3.126237106323242188e+01
3.110579109191894531e+01
3.121097183227539062e+01
3.128507232666015625e+01
3.131298446655273438e+01
3.108428764343261719e+01
3.118369674682617188e+01
3.109116554260253906e+01
3.112280273437500000e+01
3.128293609619140625e+01
3.126036262512207031e+01
3.131903076171875000e+01
3.140387916564941406e+01
3.167041969299316406e+01
3.145427322387695312e+01
3.151252937316894531e+01
3.152603912353515625e+01
3.148780632019042969e+01
3.153921127319335938e+01
3.156534194946289062e+01
3.156648254394531250e+01
3.154777526855468750e+01
3.159067535400390625e+01
3.133052253723144531e+01
3.139196968078613281e+01
3.136166381835937500e+01
3.152548027038574219e+01
3.132316970825195312e+01
3.129306030273437500e+01
3.118907928466796875e+01
3.128322410583496094e+01
3.124898529052734375e+01
3.130338287353515625e+01
3.138235092163085938e+01
3.158106040954589844e+01
3.161681938171386719e+01
3.148681831359863281e+01
3.144221305847167969e+01
3.155648040771484375e+01
3.157572937011718750e+01
3.143930816650390625e+01
3.140826416015625000e+01
3.148239517211914062e+01
3.155205917358398438e+01
3.172009277343750000e+01
3.158618354797363281e+01
3.150095367431640625e+01
3.157970046997070312e+01
3.160118293762207031e+01
3.155935668945312500e+01
3.151418876647949219e+01
3.157479476928710938e+01
3.151390266418457031e+01
3.154202079772949219e+01
3.151037216186523438e+01
3.155123329162597656e+01
3.151685333251953125e+01
3.141926574707031250e+01
3.148961448669433594e+01
3.137677574157714844e+01
3.138915252685546875e+01
3.151984405517578125e+01
3.156004714965820312e+01
3.149917602539062500e+01
3.163194084167480469e+01
3.162699890136718750e+01
3.170077896118164062e+01
3.146931457519531250e+01
3.160250663757324219e+01
3.148555755615234375e+01
3.153509140014648438e+01
3.154024505615234375e+01
3.156119728088378906e+01
3.162431716918945312e+01
3.160398864746093750e+01
3.149370002746582031e+01
3.163343048095703125e+01
3.170528793334960938e+01
3.179749107360839844e+01
3.158291816711425781e+01
3.171823692321777344e+01
3.167137336730957031e+01
3.156842994689941406e+01
3.155214691162109375e+01
3.175219535827636719e+01
3.176719093322753906e+01
3.174694252014160156e+01
3.173036003112792969e+01
3.165227508544921875e+01
3.167937660217285156e+01
3.177328681945800781e+01
3.158197021484375000e+01
3.156253051757812500e+01
3.157945632934570312e+01
3.143002700805664062e+01
3.144526672363281250e+01
3.153214836120605469e+01
3.141433715820312500e+01
3.156138038635253906e+01
3.161788177490234375e+01
3.157624053955078125e+01
3.143396759033203125e+01
3.144843292236328125e+01
3.126494598388671875e+01
3.127328872680664062e+01
3.133362007141113281e+01
3.141319656372070312e+01
3.160417556762695312e+01
3.171455383300781250e+01
3.154438209533691406e+01
3.157428169250488281e+01
3.161385345458984375e+01
3.165637207031250000e+01
3.150932312011718750e+01
3.152064132690429688e+01
3.170636940002441406e+01
3.180013847351074219e+01
3.197309112548828125e+01
3.190304565429687500e+01
3.198190307617187500e+01
3.195919036865234375e+01
3.191928100585937500e+01
3.183129692077636719e+01
3.178251647949218750e+01
3.181824111938476562e+01
3.181275177001953125e+01
3.178920936584472656e+01
3.165636444091796875e+01
3.152918624877929688e+01
3.162903976440429688e+01
3.170662689208984375e+01
3.175529479980468750e+01
3.170839309692382812e+01
3.180140304565429688e+01
3.181157493591308594e+01
3.170907211303710938e+01
3.160914802551269531e+01
3.161845016479492188e+01
3.186132621765136719e+01
3.172194290161132812e+01
3.165615653991699219e+01
3.165471649169921875e+01
3.177041053771972656e+01
3.158773803710937500e+01
3.158460235595703125e+01
3.157478332519531250e+01
3.158753967285156250e+01
3.167599678039550781e+01
3.143545341491699219e+01
3.141671752929687500e+01
3.151165580749511719e+01
3.138546752929687500e+01
3.137545013427734375e+01
3.132244873046875000e+01
3.137698364257812500e+01
3.153915214538574219e+01
3.168541717529296875e+01
3.152678680419921875e+01
3.161606979370117188e+01
3.140856170654296875e+01
3.140625762939453125e+01
3.140507507324218750e+01
3.145695877075195312e+01
3.146161651611328125e+01
3.151852989196777344e+01
3.163613128662109375e+01
3.169149780273437500e+01
3.179607009887695312e+01
3.158967971801757812e+01
3.153109359741210938e+01
3.160541152954101562e+01
3.141915893554687500e+01
3.148506546020507812e+01
3.149831199645996094e+01
3.149618530273437500e+01
3.142940139770507812e+01
3.169303321838378906e+01
3.165534210205078125e+01
3.159870910644531250e+01
3.148360824584960938e+01
3.145794105529785156e+01
3.136528587341308594e+01
3.156946563720703125e+01
3.158854293823242188e+01
3.153029251098632812e+01
3.152548599243164062e+01
3.170781135559082031e+01
3.161261367797851562e+01
3.158240127563476562e+01
3.156503486633300781e+01
3.158766555786132812e+01
3.161144447326660156e+01
3.167311286926269531e+01
3.174197196960449219e+01
3.161408615112304688e+01
3.180933952331542969e+01
3.169976425170898438e+01
3.193771171569824219e+01
3.205883789062500000e+01
3.204586791992187500e+01
3.188359069824218750e+01
3.195811653137207031e+01
3.183419036865234375e+01
3.178750038146972656e+01
3.191607093811035156e+01
3.187959289550781250e+01
3.198733329772949219e+01
3.195690155029296875e+01
3.184689712524414062e+01
3.165740585327148438e+01
3.181080245971679688e+01
3.164857673645019531e+01
3.179029655456542969e+01
3.158432960510253906e+01
3.183967971801757812e+01
3.187109756469726562e+01
3.176671218872070312e+01
3.185749626159667969e+01
3.176506996154785156e+01
3.162259101867675781e+01
3.182778930664062500e+01
3.171007156372070312e+01
3.188386917114257812e+01
3.187943840026855469e+01
3.183813476562500000e+01
3.160332107543945312e+01
3.184279251098632812e+01
3.171447944641113281e+01
3.160897827148437500e+01
3.173966789245605469e+01
3.170013427734375000e+01
3.167282867431640625e+01
3.172959709167480469e+01
3.187362098693847656e+01
3.200592803955078125e+01
3.208317947387695312e+01
3.200012207031250000e+01
3.185345840454101562e+01
3.190803527832031250e+01
3.191783523559570312e+01
3.185003662109375000e+01
3.173041343688964844e+01
3.166949844360351562e+01
3.169656562805175781e+01
3.176116561889648438e+01
3.168493461608886719e+01
3.178679656982421875e+01
3.186355590820312500e+01
3.180487823486328125e+01
3.173020362854003906e+01
3.183379936218261719e+01
3.178885459899902344e+01
3.179070091247558594e+01
3.182968521118164062e+01
3.188195800781250000e+01
3.189144515991210938e+01
3.198919105529785156e+01
3.202106475830078125e+01
3.206884384155273438e+01
3.198662185668945312e+01
3.196173858642578125e+01
3.194652748107910156e+01
3.188373947143554688e+01
3.186443138122558594e+01
3.198900032043457031e+01
3.202391052246093750e+01
3.195678710937500000e+01
3.201580810546875000e+01
3.212738037109375000e+01
3.188230514526367188e+01
3.197391510009765625e+01
3.189952087402343750e+01
3.201444625854492188e+01
3.199405288696289062e+01
3.193342399597167969e+01
3.188467597961425781e+01
3.179660224914550781e+01
3.188997650146484375e+01
3.187941360473632812e+01
3.191229438781738281e+01
3.176707458496093750e+01
3.184790992736816406e+01
3.185995292663574219e+01
3.184113693237304688e+01
3.198533248901367188e+01
3.208173370361328125e+01
3.209190368652343750e+01
3.206565856933593750e+01
3.216754150390625000e+01
3.222690582275390625e+01
3.228456115722656250e+01
3.227537536621093750e+01
3.223218536376953125e+01
3.214818191528320312e+01
3.218418502807617188e+01
3.198885345458984375e+01
3.199216461181640625e+01
3.222184753417968750e+01
3.221109008789062500e+01
3.209009170532226562e+01
3.213626098632812500e+01
3.221986007690429688e+01
3.220559692382812500e+01
3.237675857543945312e+01
3.231169509887695312e+01
3.225743103027343750e+01
3.223475646972656250e+01
3.214447021484375000e+01
3.224546813964843750e+01
3.221569824218750000e+01
3.208168029785156250e+01
3.196917724609375000e+01
3.199873352050781250e+01
3.195440483093261719e+01
3.193524169921875000e+01
3.190225410461425781e+01
3.187633323669433594e+01
3.190830993652343750e+01
3.214416885375976562e+01
3.218894195556640625e+01
3.208494949340820312e+01
3.209778213500976562e+01
3.191541862487792969e+01
3.217978286743164062e+01
3.207691192626953125e+01
3.202132034301757812e+01
3.200704193115234375e+01
3.192093467712402344e+01
3.194885063171386719e+01
3.191866493225097656e+01
3.207303237915039062e+01
3.197687911987304688e+01
3.177502441406250000e+01
3.186224937438964844e+01
3.192264175415039062e+01
3.191419219970703125e+01
3.213882446289062500e+01
3.212376022338867188e+01
3.207649993896484375e+01
3.210776519775390625e+01
3.218409347534179688e+01
3.225828170776367188e+01
3.210516738891601562e+01
3.205671691894531250e+01
3.187605094909667969e+01
3.188730812072753906e+01
3.189945220947265625e+01
3.200336074829101562e+01
3.206079864501953125e+01
3.190503692626953125e+01
3.200984191894531250e+01
3.199532318115234375e+01
3.198293685913085938e+01
3.218717956542968750e+01
3.211191940307617188e+01
3.210302352905273438e+01
3.209943389892578125e+01
3.214315414428710938e+01
3.206533050537109375e+01
3.203701782226562500e+01
3.207257843017578125e+01
3.194371795654296875e+01
3.191251373291015625e+01
3.198051452636718750e+01
3.200839996337890625e+01
3.208551406860351562e+01
3.203598022460937500e+01
3.199573135375976562e+01
3.199473571777343750e+01
3.180867767333984375e+01
3.193755722045898438e+01
3.215382385253906250e+01
3.196664237976074219e+01
3.186781120300292969e+01
3.188930511474609375e+01
3.197398567199707031e+01
3.195797348022460938e+01
3.186175155639648438e+01
3.178078460693359375e+01
3.206148529052734375e+01
3.189785003662109375e+01
3.203012847900390625e+01
3.197970581054687500e+01
3.202328872680664062e+01
3.219860076904296875e+01
3.209648132324218750e+01
3.197096252441406250e+01
3.216596221923828125e+01
3.234690093994140625e+01
3.220655822753906250e+01
3.225857543945312500e+01
3.212657165527343750e+01
3.225569915771484375e+01
3.205619812011718750e+01
3.196115875244140625e+01
3.220763397216796875e+01
3.202001953125000000e+01
3.203038406372070312e+01
3.185605239868164062e+01
3.199174880981445312e+01
3.189387702941894531e+01
3.195976448059082031e+01
3.196397018432617188e+01
3.202075958251953125e+01
3.206962585449218750e+01
3.198685836791992188e+01
3.203654479980468750e+01
3.197228431701660156e+01
3.192086791992187500e+01
3.201732635498046875e+01
3.195591354370117188e+01
3.205918121337890625e+01
3.206787109375000000e+01
3.204926300048828125e+01
3.198427581787109375e+01
3.192199325561523438e+01
3.189215469360351562e+01
3.190699386596679688e+01
3.202597427368164062e+01
3.192281723022460938e+01
3.193959617614746094e+01
3.184695434570312500e+01
3.180015945434570312e+01
3.187613868713378906e+01
3.205039215087890625e+01
3.209816360473632812e+01
3.223046875000000000e+01
3.255233001708984375e+01
3.238648223876953125e+01
3.216819763183593750e+01
3.220920562744140625e+01
3.223176574707031250e+01
3.225786209106445312e+01
3.248769760131835938e+01
3.231134796142578125e+01
3.244945144653320312e+01
3.223393630981445312e+01
3.237232971191406250e+01
3.236074829101562500e+01
3.245940399169921875e+01
3.226635742187500000e+01
3.218626785278320312e+01
3.221170425415039062e+01
3.220418548583984375e+01
3.194612503051757812e+01
3.202891540527343750e+01
3.210242080688476562e+01
3.216728210449218750e+01
3.215148162841796875e+01
3.216309738159179688e+01
3.209890747070312500e+01
3.216325759887695312e+01
3.222089385986328125e+01
3.224546051025390625e+01
3.220926284790039062e+01
3.213470458984375000e+01
3.206995391845703125e+01
3.214622497558593750e+01
3.209162139892578125e+01
3.210087203979492188e+01
3.205992126464843750e+01
3.205489349365234375e+01
3.195909118652343750e+01
3.210389328002929688e+01
3.205882263183593750e+01
3.201219558715820312e+01
3.219911575317382812e+01
3.218556976318359375e+01
3.220935058593750000e+01
3.222874832153320312e+01
3.201338577270507812e+01
3.194187927246093750e+01
3.204544830322265625e+01
3.198950576782226562e+01
3.208572769165039062e+01
3.195805168151855469e+01
3.183789634704589844e+01
3.195587921142578125e+01
3.199794006347656250e+01
3.195210647583007812e+01
3.209346389770507812e+01
3.215951156616210938e+01
3.224730300903320312e+01
3.222982788085937500e+01
3.222120666503906250e+01
3.193905448913574219e+01
3.205273056030273438e+01
3.227810287475585938e+01
3.229360961914062500e+01
3.212490081787109375e+01
3.204759216308593750e+01
3.192126846313476562e+01
3.202494812011718750e+01
3.210416793823242188e+01
3.203693389892578125e+01
3.207312011718750000e+01
3.192133331298828125e+01
3.202547454833984375e+01
3.225001144409179688e+01
3.198907852172851562e+01
3.197805023193359375e+01
3.217429733276367188e+01
3.198877525329589844e+01
3.201432037353515625e+01
3.205888748168945312e+01
3.212531280517578125e+01
3.214081192016601562e+01
3.192017364501953125e+01
3.201422119140625000e+01
3.217979812622070312e+01
3.193289566040039062e+01
3.194927787780761719e+01
3.198766326904296875e+01
3.193738174438476562e+01
3.189794921875000000e+01
3.194096946716308594e+01
3.189480972290039062e+01
3.197741699218750000e+01
3.203635406494140625e+01
3.199273300170898438e+01
3.218677902221679688e+01
3.206433868408203125e+01
3.200585937500000000e+01
3.208670043945312500e+01
3.220656585693359375e+01
3.213645553588867188e+01
3.199634552001953125e+01
3.201470947265625000e+01
3.204845809936523438e+01
3.193808174133300781e+01
3.203575515747070312e+01
3.208637237548828125e+01
3.191468048095703125e+01
3.196947860717773438e+01
3.194260025024414062e+01
3.197868347167968750e+01
3.209902954101562500e+01
3.204806518554687500e+01
3.204407882690429688e+01
3.213163375854492188e+01
3.194012832641601562e+01
3.202324676513671875e+01
3.214036941528320312e+01
3.209764862060546875e+01
3.199645614624023438e+01
3.209424591064453125e+01
3.203640747070312500e+01
3.195623588562011719e+01
3.200650787353515625e+01
3.203294754028320312e+01
3.200671386718750000e+01
3.198410987854003906e+01
3.190922546386718750e+01
3.190669059753417969e+01
3.188789367675781250e+01
3.183934783935546875e+01
3.180870628356933594e+01
3.192969512939453125e+01
3.198594665527343750e+01
3.193328285217285156e+01
3.173258209228515625e+01
3.170315551757812500e+01
3.187684822082519531e+01
3.189039993286132812e+01
3.200821304321289062e+01
3.205134963989257812e+01
3.200930023193359375e+01
3.211870574951171875e+01
3.198329353332519531e+01
3.197466468811035156e+01
3.201795959472656250e+01
3.206719970703125000e+01
3.211243438720703125e+01
3.198463249206542969e+01
3.204135894775390625e+01
3.219028472900390625e+01
3.202787017822265625e+01
3.215335845947265625e+01
3.212931442260742188e+01
3.205683517456054688e+01
3.212164306640625000e+01
3.223527526855468750e+01
3.216334152221679688e+01
3.222247314453125000e+01
3.221513748168945312e+01
3.210841369628906250e+01
3.198368835449218750e+01
3.200937652587890625e+01
3.186315917968750000e+01
3.188628387451171875e+01
3.202388000488281250e+01
3.197801589965820312e+01
3.206072998046875000e+01
3.200489044189453125e+01
3.186098480224609375e+01
3.193601226806640625e+01
3.189795112609863281e+01
3.225630187988281250e+01
3.216020584106445312e+01
3.216371154785156250e+01
3.209526062011718750e+01
3.205047607421875000e+01
3.211328887939453125e+01
3.208419799804687500e+01
3.205736541748046875e+01
3.192561721801757812e+01
3.190570640563964844e+01
3.202215957641601562e+01
3.204884338378906250e+01
3.190849685668945312e+01
3.210530090332031250e+01
3.202286911010742188e+01
3.186705780029296875e+01
3.194581222534179688e+01
3.204441070556640625e+01
3.196338272094726562e+01
3.203302383422851562e+01
3.198262023925781250e+01
3.212030029296875000e+01
3.179906463623046875e+01
3.188168334960937500e+01
3.172437286376953125e+01
3.179278755187988281e+01
3.184782409667968750e+01
3.196934890747070312e+01
3.186793518066406250e+01
3.198663711547851562e+01
3.200180816650390625e+01
3.195581817626953125e+01
3.206654357910156250e+01
3.206816482543945312e+01
3.206228256225585938e+01
3.188705253601074219e+01
3.192061996459960938e+01
3.192676162719726562e+01
3.196511459350585938e+01
3.200589752197265625e+01
3.189599227905273438e+01
3.182222175598144531e+01
3.189540672302246094e+01
3.203641510009765625e+01
3.203062438964843750e+01
3.203583526611328125e+01
3.221294403076171875e+01
3.217302703857421875e+01
3.211843872070312500e+01
3.214674377441406250e+01
3.213766860961914062e+01
3.231671524047851562e+01
3.226294708251953125e+01
3.213967895507812500e+01
3.211002731323242188e+01
3.195187568664550781e+01
3.186978912353515625e+01
3.188703155517578125e+01
3.185723495483398438e+01
3.179269027709960938e+01
3.188123130798339844e+01
3.182605743408203125e+01
3.203363037109375000e+01
3.200372314453125000e+01
3.215726470947265625e+01
3.212167739868164062e+01
3.220433044433593750e+01
3.208457565307617188e+01
3.200566101074218750e+01
3.193025207519531250e+01
3.203979492187500000e+01
3.199061584472656250e+01
3.190262603759765625e+01
3.190771675109863281e+01
3.212098693847656250e+01
3.199859237670898438e+01
3.192056465148925781e+01
3.194319534301757812e+01
3.211056900024414062e+01
3.212008666992187500e+01
3.199683570861816406e+01
3.209952926635742188e+01
3.185863685607910156e+01
3.186891937255859375e+01
3.204018020629882812e+01
3.192993164062500000e+01
3.187989616394042969e+01
3.162430572509765625e+01
3.170149993896484375e+01
3.174567413330078125e+01
3.160120391845703125e+01
3.170942306518554688e+01
3.187501335144042969e+01
3.183546829223632812e+01
3.175858879089355469e+01
3.176845550537109375e+01
3.180753898620605469e+01
3.196566390991210938e+01
3.192188835144042969e+01
3.191943359375000000e+01
3.199742698669433594e+01
3.186747741699218750e+01
3.201446533203125000e+01
3.200724411010742188e+01
3.203711318969726562e+01
3.198663330078125000e+01
3.206229782104492188e+01
3.210484313964843750e+01
3.203628540039062500e+01
3.195567321777343750e+01
3.198508262634277344e+01
3.208670043945312500e+01
3.225661468505859375e+01
3.223378753662109375e+01
3.224701690673828125e+01
3.238016510009765625e+01
3.226142120361328125e+01
3.224584960937500000e+01
3.214908599853515625e+01
3.220630645751953125e+01
3.216640853881835938e+01
3.220326232910156250e+01
3.223419189453125000e+01
3.223654174804687500e+01
3.223748016357421875e+01
3.213607025146484375e+01
3.210580444335937500e+01
3.204426574707031250e+01
3.221595001220703125e+01
3.207845306396484375e+01
3.218063354492187500e+01
3.211127853393554688e+01
3.200161743164062500e+01
3.204372406005859375e+01
3.217346572875976562e+01
3.221313858032226562e+01
3.215020751953125000e+01
3.207030868530273438e+01
3.203381347656250000e+01
3.205863952636718750e+01
3.214385986328125000e+01
3.239118576049804688e+01
3.224563217163085938e+01
3.215983963012695312e+01
3.201504516601562500e+01
3.215657043457031250e+01
3.203540039062500000e+01
3.215752029418945312e+01
3.220795822143554688e+01
3.217595291137695312e+01
3.214527130126953125e+01
3.194510269165039062e+01
3.192397689819335938e+01
3.215560150146484375e+01
3.202862548828125000e+01
3.202692413330078125e+01
3.197608184814453125e+01
3.185406875610351562e+01
3.199292373657226562e+01
3.208808517456054688e+01
3.202856063842773438e+01
3.205829238891601562e+01
3.196531295776367188e+01
3.209645080566406250e+01
3.194769287109375000e+01
3.197675323486328125e+01
3.201750946044921875e+01
3.208943557739257812e+01
3.221719360351562500e+01
3.213954925537109375e+01
3.199222755432128906e+01
3.216325759887695312e+01
3.208064270019531250e+01
3.206060028076171875e+01
3.216470336914062500e+01
3.216139221191406250e+01
3.215903472900390625e+01
3.209527969360351562e+01
3.201013565063476562e+01
3.206721496582031250e+01
3.208926773071289062e+01
3.220676422119140625e+01
3.208537292480468750e+01
3.219548797607421875e+01
3.215295410156250000e+01
3.199482154846191406e+01
3.208229827880859375e+01
3.205850982666015625e+01
3.209127426147460938e+01
3.211128234863281250e+01
3.191375350952148438e+01
3.200828552246093750e+01
3.216384506225585938e+01
3.229742813110351562e+01
3.241991043090820312e+01
3.244842147827148438e+01
3.232544708251953125e+01
3.218741607666015625e+01
3.232556915283203125e+01
3.224998855590820312e+01
3.231947708129882812e+01
3.232096481323242188e+01
3.227964019775390625e+01
3.237757110595703125e+01
3.228059387207031250e+01
3.225702667236328125e+01
3.235071563720703125e+01
3.216548156738281250e+01
3.223486328125000000e+01
3.240067291259765625e+01
3.236873245239257812e+01
3.214925384521484375e+01
3.212942504882812500e+01
3.225014114379882812e+01
3.213954162597656250e+01
3.220096588134765625e+01
3.194408416748046875e+01
3.202006530761718750e+01
3.217143249511718750e+01
3.225292205810546875e+01
3.237512969970703125e+01
3.233101272583007812e+01
3.218720245361328125e+01
3.229583740234375000e+01
3.228846740722656250e+01
3.240982818603515625e+01
3.215604782104492188e+01
3.226454925537109375e+01
3.229247283935546875e+01
3.218296432495117188e+01
3.228225708007812500e+01
3.237105941772460938e+01
3.220758438110351562e+01
3.225039291381835938e+01
3.231411743164062500e+01
3.234901046752929688e+01
3.232213211059570312e+01
3.224804687500000000e+01
3.216004562377929688e+01
3.231736373901367188e+01
3.221132278442382812e+01
3.226075744628906250e+01
3.236385345458984375e+01
3.235734558105468750e+01
3.235512542724609375e+01
3.216125869750976562e+01
3.225408554077148438e+01
3.219957733154296875e+01
3.209185028076171875e+01
3.221150970458984375e+01
3.201699066162109375e+01
3.218817138671875000e+01
3.200207519531250000e+01
3.216205596923828125e+01
3.208300781250000000e+01
3.208267974853515625e+01
3.197089767456054688e+01
3.196287536621093750e+01
3.206010818481445312e+01
3.199980545043945312e+01
3.210922241210937500e+01
3.203423309326171875e+01
3.211959075927734375e+01
3.205849075317382812e+01
3.210337829589843750e+01
3.188627815246582031e+01
3.197642898559570312e+01
3.185348510742187500e+01
3.190507888793945312e+01
3.178221702575683594e+01
3.173523521423339844e+01
3.180075073242187500e+01
3.182177925109863281e+01
3.187255096435546875e+01
3.189730453491210938e+01
3.197694206237792969e+01
3.196549606323242188e+01
3.210730361938476562e+01
3.202922058105468750e+01
3.201659393310546875e+01
3.192953491210937500e+01
3.205255508422851562e+01
3.191277885437011719e+01
3.209782409667968750e+01
3.202167510986328125e+01
3.199006652832031250e+01
3.198329925537109375e+01
3.202337646484375000e+01
3.211555862426757812e+01
3.198149871826171875e+01
3.188496208190917969e+01
3.177426910400390625e+01
3.177849197387695312e+01
3.177043533325195312e+01
3.172603607177734375e+01
3.181993103027343750e+01
3.186602210998535156e+01
3.190360260009765625e+01
3.179546737670898438e+01
3.196916007995605469e+01
3.190234947204589844e+01
3.198118591308593750e+01
3.200579071044921875e+01
3.218155670166015625e+01
3.217829895019531250e+01
3.207702255249023438e+01
3.202359390258789062e+01
3.203949737548828125e+01
3.206855392456054688e+01
3.191419792175292969e+01
3.197106552124023438e+01
3.192271614074707031e+01
3.207827758789062500e+01
3.200726318359375000e+01
3.190618896484375000e+01
3.203715515136718750e+01
3.197988891601562500e+01
3.210491561889648438e+01
3.189697647094726562e+01
3.200520324707031250e+01
3.199276351928710938e+01
3.185124206542968750e+01
3.195523452758789062e+01
3.203993225097656250e+01
3.210383605957031250e+01
3.202587509155273438e+01
3.204881668090820312e+01
3.219499206542968750e+01
3.208218002319335938e+01
3.206011581420898438e+01
3.198540115356445312e+01
3.201647949218750000e+01
3.201341247558593750e+01
3.196512222290039062e+01
3.202511215209960938e+01
3.220493316650390625e+01
3.209375000000000000e+01
3.195144844055175781e+01
3.192518997192382812e+01
3.196654891967773438e+01
3.215956878662109375e+01
3.229260253906250000e+01
3.228363800048828125e+01
3.223896026611328125e+01
3.226275634765625000e+01
3.212008666992187500e+01
3.196908760070800781e+01
3.224707794189453125e+01
3.217121505737304688e+01
3.225725173950195312e+01
3.238706970214843750e+01
3.226934051513671875e+01
3.233248138427734375e+01
3.215407180786132812e+01
3.204027175903320312e+01
3.214532470703125000e+01
3.208956146240234375e+01
3.190341949462890625e+01
3.201480865478515625e+01
3.209403991699218750e+01
3.209741210937500000e+01
3.201687622070312500e+01
3.203923034667968750e+01
3.205766677856445312e+01
3.206073760986328125e+01
3.194497871398925781e+01
3.193557739257812500e+01
3.193078804016113281e+01
3.193429374694824219e+01
3.201934432983398438e+01
3.187418556213378906e+01
3.188618850708007812e+01
3.190988159179687500e+01
3.188402175903320312e+01
3.195059013366699219e+01
3.189939880371093750e+01
3.183539390563964844e+01
3.212679672241210938e+01
3.195611572265625000e+01
3.217307281494140625e+01
3.222780609130859375e+01
3.209580230712890625e+01
3.208566284179687500e+01
3.215649414062500000e+01
3.205698394775390625e+01
3.223506927490234375e+01
3.208646774291992188e+01
3.223906707763671875e+01
3.214726257324218750e+01
3.232403945922851562e+01
3.235163116455078125e+01
3.236356353759765625e+01
3.225643539428710938e+01
3.232349395751953125e+01
3.218555068969726562e+01
3.223107910156250000e+01
3.219985961914062500e+01
3.208513641357421875e+01
3.195743942260742188e+01
3.200830459594726562e+01
3.208284759521484375e+01
3.206051635742187500e+01
3.207434463500976562e+01
3.213523101806640625e+01
3.209848785400390625e+01
3.214197921752929688e+01
3.221251678466796875e+01
3.219825744628906250e+01
3.208593750000000000e+01
3.203229522705078125e+01
3.208539199829101562e+01
3.199891853332519531e+01
3.201387405395507812e+01
3.226811599731445312e+01
3.208422088623046875e+01
3.211919403076171875e+01
3.207526397705078125e+01
3.213005065917968750e+01
3.210865783691406250e+01
3.210638427734375000e+01
3.210722732543945312e+01
3.189894676208496094e+01
3.194238281250000000e+01
3.202851486206054688e+01
3.196675300598144531e+01
3.215371704101562500e+01
3.211567306518554688e+01
3.217527008056640625e+01
3.227204513549804688e+01
3.231325149536132812e+01
3.212631988525390625e+01
3.218084716796875000e+01
3.207254028320312500e+01
3.217673492431640625e+01
3.225986862182617188e+01
3.232012939453125000e+01
3.211047744750976562e+01
3.214970397949218750e+01
3.212189102172851562e+01
3.206105041503906250e+01
3.210865020751953125e+01
3.210873413085937500e+01
3.218007659912109375e+01
3.227329254150390625e+01
3.209485626220703125e+01
3.213216781616210938e+01
3.217857742309570312e+01
3.210015869140625000e+01
3.208243560791015625e+01
3.228012847900390625e+01
3.235822677612304688e+01
3.223091506958007812e+01
3.223399734497070312e+01
3.216361999511718750e+01
3.216162109375000000e+01
3.221038055419921875e+01
3.225697326660156250e+01
3.229748153686523438e+01
3.221315765380859375e+01
3.227538299560546875e+01
3.246858215332031250e+01
3.224188995361328125e+01
3.219818878173828125e+01
3.237748718261718750e+01
3.229521179199218750e+01
3.228440475463867188e+01
3.232374572753906250e+01
3.227031326293945312e+01
3.223065948486328125e+01
3.229246520996093750e+01
3.216303253173828125e+01
3.220085906982421875e+01
3.230495452880859375e+01
3.219140243530273438e+01
3.208957672119140625e+01
3.200141906738281250e+01
3.209120559692382812e+01
3.203691101074218750e+01
3.216592407226562500e+01
3.212696075439453125e+01
3.221422195434570312e+01
3.216865539550781250e+01
3.208355712890625000e+01
3.214175415039062500e+01
3.205038833618164062e+01
3.198697471618652344e+01
3.191957283020019531e+01
3.188991165161132812e+01
3.201930236816406250e+01
3.218803024291992188e+01
3.206079483032226562e+01
3.219582366943359375e+01
3.223258972167968750e+01
3.208530426025390625e+01
3.196310806274414062e+01
3.203196716308593750e+01
3.207082366943359375e+01
3.205575180053710938e+01
3.213024139404296875e+01
3.195999717712402344e+01
3.184658432006835938e+01
3.182330322265625000e+01
3.185447692871093750e+01
3.195699501037597656e+01
3.182101249694824219e+01
3.168889427185058594e+01
3.194449043273925781e+01
3.208686065673828125e+01
3.205093765258789062e+01
3.204161453247070312e+01
3.202222442626953125e+01
3.191913223266601562e+01
3.221882629394531250e+01
3.219292449951171875e+01
3.236533355712890625e+01
3.217882537841796875e+01
3.218006896972656250e+01
3.213114929199218750e+01
3.211106872558593750e+01
3.200177001953125000e+01
3.207750701904296875e+01
3.209775543212890625e+01
3.220562744140625000e+01
3.203153610229492188e+01
3.194686126708984375e+01
3.224816513061523438e+01
3.221597290039062500e+01
3.198816680908203125e+01
3.215171051025390625e+01
3.222007751464843750e+01
3.220104980468750000e+01
3.226009750366210938e+01
3.217700958251953125e+01
3.218556976318359375e+01
3.201803588867187500e+01
3.198356437683105469e+01
3.199484825134277344e+01
3.214182281494140625e+01
3.194251251220703125e+01
3.171499252319335938e+01
3.165017890930175781e+01
3.171041679382324219e+01
3.189442634582519531e+01
3.204408264160156250e+01
3.197079658508300781e+01
3.196750450134277344e+01
3.212079238891601562e+01
3.200627136230468750e+01
3.188456726074218750e+01
3.189883613586425781e+01
3.205917739868164062e+01
3.184269142150878906e+01
3.193684577941894531e+01
3.194554519653320312e+01
3.199611091613769531e+01
3.194817733764648438e+01
3.201570892333984375e+01
3.204499435424804688e+01
3.211037445068359375e+01
3.222078704833984375e+01
3.197953414916992188e+01
3.201599121093750000e+01
3.193024253845214844e+01
3.179536819458007812e+01
3.198752975463867188e+01
3.196372985839843750e+01
3.201105499267578125e+01
3.210656738281250000e+01
3.220016479492187500e+01
3.219945907592773438e+01
3.219325256347656250e+01
3.203413772583007812e+01
3.210244369506835938e+01
3.213215637207031250e+01
3.214505004882812500e+01
3.219907379150390625e+01
3.218073272705078125e+01
3.218146133422851562e+01
3.207236480712890625e+01
3.219477844238281250e+01
3.211592864990234375e+01
3.220661926269531250e+01
3.228118896484375000e+01
3.228151702880859375e+01
3.229958343505859375e+01
3.236737442016601562e+01
3.207364273071289062e+01
3.210459899902343750e+01
3.219692611694335938e+01
3.225897979736328125e+01
3.230331039428710938e+01
3.243811035156250000e+01
3.226188659667968750e+01
3.232010650634765625e+01
3.220261383056640625e+01
3.208551788330078125e+01
3.211112213134765625e+01
3.209450912475585938e+01
3.191136932373046875e+01
3.195115661621093750e+01
3.194667434692382812e+01
3.210127258300781250e+01
3.217637634277343750e+01
3.218641281127929688e+01
3.223317337036132812e+01
3.219040298461914062e+01
3.213752746582031250e+01
3.223997497558593750e+01
3.221372604370117188e+01
3.232539749145507812e+01
3.234891510009765625e+01
3.244531631469726562e+01
3.258915710449218750e+01
3.232569885253906250e+01
3.219401550292968750e+01
3.223193359375000000e+01
3.229012680053710938e+01
3.223704910278320312e+01
3.225908660888671875e+01
3.247298431396484375e+01
3.258002471923828125e+01
3.262982177734375000e+01
3.261172485351562500e+01
3.262567901611328125e+01
3.264289093017578125e+01
3.269016265869140625e+01
3.254972839355468750e+01
3.227791595458984375e+01
3.224383163452148438e+01
3.232027053833007812e+01
3.224603652954101562e+01
3.244251251220703125e+01
3.235277938842773438e+01
3.243186187744140625e+01
3.232409667968750000e+01
3.240874481201171875e+01
3.240054321289062500e+01
3.240692901611328125e+01
3.250998687744140625e+01
3.256391143798828125e+01
3.235327911376953125e+01
3.243846511840820312e+01
3.247621917724609375e+01
3.252219390869140625e+01
3.235283660888671875e+01
3.237146759033203125e+01
3.242734527587890625e+01
3.228339004516601562e+01
3.223360824584960938e+01
3.226280975341796875e+01
3.221203613281250000e+01
3.209568786621093750e+01
3.216793060302734375e+01
3.218339538574218750e+01
3.207135009765625000e+01
3.210400390625000000e+01
3.217429351806640625e+01
3.221192932128906250e+01
3.235854721069335938e+01
3.222237396240234375e+01
3.219366455078125000e+01
3.238059997558593750e+01
3.238674545288085938e+01
3.223568725585937500e+01
3.223691558837890625e+01
3.230271148681640625e+01
3.239611816406250000e+01
3.231298065185546875e+01
3.219726943969726562e+01
3.209949493408203125e+01
3.225966644287109375e+01
3.211568450927734375e+01
3.225727844238281250e+01
3.226136016845703125e+01
3.235958099365234375e+01
3.230310440063476562e+01
3.225549316406250000e+01
3.225907516479492188e+01
3.233518218994140625e+01
3.232169342041015625e+01
3.238938903808593750e+01
3.227921295166015625e+01
3.223967361450195312e+01
3.223512268066406250e+01
3.221926879882812500e+01
3.219824981689453125e+01
3.216125869750976562e+01
3.225526428222656250e+01
3.238342285156250000e+01
3.242188262939453125e+01
3.225466918945312500e+01
3.233380508422851562e+01
3.229017257690429688e+01
3.216748046875000000e+01
3.231637573242187500e+01
3.208391189575195312e+01
3.215354919433593750e+01
3.200660705566406250e+01
3.195037841796875000e+01
3.191700744628906250e+01
3.194162940979003906e+01
3.206992340087890625e+01
3.203187561035156250e+01
3.208673095703125000e+01
3.208975982666015625e+01
3.207008743286132812e+01
3.205065536499023438e+01
3.202145004272460938e+01
3.208754348754882812e+01
3.207646179199218750e+01
3.199571037292480469e+01
3.218373870849609375e+01
3.201513671875000000e+01
3.205301666259765625e+01
3.216856384277343750e+01
3.197838973999023438e+01
3.210868835449218750e+01
3.225713729858398438e+01
3.224221801757812500e+01
3.229425048828125000e+01
3.242884826660156250e+01
3.244038391113281250e+01
3.247129821777343750e+01
3.236054229736328125e+01
3.230132675170898438e+01
3.235163497924804688e+01
3.228260421752929688e+01
3.233080673217773438e+01
3.240092468261718750e+01
3.227830505371093750e+01
3.226913833618164062e+01
3.239039993286132812e+01
3.223299407958984375e+01
3.219058609008789062e+01
3.219657897949218750e+01
3.223678970336914062e+01
3.204725646972656250e+01
3.212309646606445312e+01
3.204068756103515625e+01
3.211498260498046875e+01
3.209147644042968750e+01
3.228623962402343750e+01
3.218745803833007812e+01
3.201757049560546875e+01
3.209657287597656250e+01
3.209146881103515625e+01
3.230858612060546875e+01
3.221366882324218750e+01
3.225219726562500000e+01
3.225315093994140625e+01
3.204256439208984375e+01
3.213355255126953125e+01
3.226251220703125000e+01
3.216552352905273438e+01
3.222207260131835938e+01
3.223953628540039062e+01
3.254199218750000000e+01
3.241431808471679688e+01
3.240277481079101562e+01
3.232324981689453125e+01
3.233307266235351562e+01
3.214055633544921875e+01
3.227887344360351562e+01
3.218764877319335938e+01
3.221275329589843750e+01
3.222084808349609375e+01
3.222438049316406250e+01
3.212596511840820312e+01
3.228084564208984375e+01
3.226746368408203125e+01
3.219209671020507812e+01
3.214461898803710938e+01
3.212766265869140625e+01
3.209861373901367188e+01
3.216284942626953125e+01
3.212714385986328125e+01
3.203203201293945312e+01
3.216138458251953125e+01
3.217245483398437500e+01
3.214878463745117188e+01
3.212075805664062500e+01
3.231848907470703125e+01
3.224880218505859375e+01
3.240895462036132812e+01
3.236493682861328125e+01
3.224094390869140625e+01
3.210663604736328125e+01
3.216115188598632812e+01
3.228002929687500000e+01
3.219017410278320312e+01
3.235383605957031250e+01
3.240541839599609375e+01
3.238239669799804688e+01
3.227825927734375000e+01
3.237250137329101562e+01
3.235956573486328125e+01
3.229497528076171875e+01
3.234735488891601562e+01
3.231824111938476562e+01
3.248765945434570312e+01
3.246657180786132812e+01
3.261109924316406250e+01
3.254106140136718750e+01
3.249982070922851562e+01
3.269144821166992188e+01
3.255202102661132812e+01
3.239269256591796875e+01
3.252220916748046875e+01
3.241609954833984375e+01
3.226854705810546875e+01
3.236582183837890625e+01
3.242028045654296875e+01
3.251011657714843750e+01
3.240296554565429688e+01
3.241465759277343750e+01
3.232740402221679688e+01
3.232762908935546875e+01
3.246271133422851562e+01
3.235821151733398438e+01
3.245858383178710938e+01
3.256411743164062500e+01
3.265710067749023438e+01
3.264567565917968750e+01
3.249169158935546875e+01
3.256269073486328125e+01
3.263242721557617188e+01
3.259181976318359375e+01
3.252192306518554688e+01
3.271714782714843750e+01
3.250760650634765625e+01
3.248314666748046875e+01
3.248793029785156250e+01
3.248176193237304688e+01
3.246791076660156250e+01
3.238954925537109375e+01
3.240576934814453125e+01
3.258224105834960938e+01
3.254737091064453125e+01
3.241996002197265625e+01
3.252570724487304688e+01
3.259522628784179688e+01
3.257456207275390625e+01
3.247181701660156250e+01
3.256212615966796875e+01
3.259895324707031250e+01
3.264743041992187500e+01
3.262767028808593750e+01
3.269133758544921875e+01
3.252838134765625000e+01
3.228226852416992188e+01
3.227799606323242188e+01
3.234064865112304688e+01
3.235486984252929688e+01
3.229557037353515625e+01
3.230008697509765625e+01
3.232221221923828125e+01
3.237889480590820312e+01
3.219454193115234375e+01
3.221737289428710938e+01
3.225563049316406250e+01
3.237411880493164062e+01
3.232950592041015625e+01
3.230159378051757812e+01
3.221211242675781250e+01
3.224931716918945312e+01
3.252454376220703125e+01
3.246427917480468750e+01
3.257325744628906250e+01
3.242946243286132812e+01
3.252671051025390625e+01
3.253967666625976562e+01
3.257952880859375000e+01
3.264188385009765625e+01
3.276379013061523438e+01
3.258330917358398438e+01
3.268420791625976562e+01
3.259683609008789062e+01
3.250341796875000000e+01
3.241220092773437500e+01
3.234303665161132812e+01
3.234604263305664062e+01
3.246309661865234375e+01
3.239431762695312500e+01
3.253393554687500000e+01
3.255787658691406250e+01
3.268016433715820312e+01
3.264205932617187500e+01
3.266685867309570312e+01
3.272145462036132812e+01
3.268082427978515625e+01
3.264724731445312500e+01
3.256529617309570312e+01
3.241240692138671875e+01
3.249845886230468750e+01
3.229033660888671875e+01
3.224116516113281250e+01
3.251957702636718750e+01
3.268677520751953125e+01
3.226660156250000000e+01
3.238920593261718750e+01
3.214215469360351562e+01
3.223317718505859375e+01
3.220436859130859375e+01
3.213044357299804688e+01
3.216630554199218750e+01
3.243907928466796875e+01
3.250148391723632812e+01
3.236610412597656250e+01
3.246605300903320312e+01
3.243984985351562500e+01
3.243022918701171875e+01
3.262873840332031250e+01
3.256816864013671875e+01
3.264172744750976562e+01
3.246889114379882812e+01
3.246031570434570312e+01
3.237275314331054688e+01
3.240829467773437500e+01
3.229363250732421875e+01
3.228618240356445312e+01
3.238677978515625000e+01
3.244799804687500000e+01
3.241831207275390625e+01
3.236225128173828125e+01
3.239834594726562500e+01
3.245601654052734375e+01
3.260162353515625000e+01
3.264469146728515625e+01
3.250341033935546875e+01
3.248635101318359375e+01
3.239800262451171875e+01
3.226993560791015625e+01
3.212411880493164062e+01
3.211435317993164062e+01
3.216156005859375000e+01
3.237444305419921875e+01
3.249301910400390625e+01
3.232538604736328125e+01
3.230229949951171875e+01
3.224582672119140625e+01
3.236978530883789062e+01
3.235533142089843750e+01
3.244677352905273438e+01
3.248782348632812500e+01
3.247290802001953125e+01
3.246831130981445312e+01
3.257559204101562500e+01
3.257975769042968750e+01
3.253823089599609375e+01
3.261871337890625000e+01
3.273403549194335938e+01
3.265381622314453125e+01
3.251782989501953125e+01
3.237195968627929688e+01
3.240182113647460938e+01
3.240732955932617188e+01
3.251123046875000000e+01
3.259061050415039062e+01
3.255450439453125000e+01
3.276755142211914062e+01
3.273293304443359375e+01
3.267993545532226562e+01
3.255364608764648438e+01
3.251045227050781250e+01
3.247990417480468750e+01
