7.753718852996826172e+00
9.325847625732421875e+00
1.064817237854003906e+01
1.181881999969482422e+01
1.283864688873291016e+01
1.364867305755615234e+01
1.446938323974609375e+01
1.512472152709960938e+01
1.569811058044433594e+01
1.626422500610351562e+01
1.683546829223632812e+01
1.736388778686523438e+01
1.794428634643554688e+01
1.852108192443847656e+01
1.902432250976562500e+01
1.952507400512695312e+01
2.005692100524902344e+01
2.049308776855468750e+01
2.088613128662109375e+01
2.136404418945312500e+01
2.181216430664062500e+01
2.219396591186523438e+01
2.268014144897460938e+01
2.301689147949218750e+01
2.339606094360351562e+01
2.370440864562988281e+01
2.402647590637207031e+01
2.441367721557617188e+01
2.462382698059082031e+01
2.486645889282226562e+01
2.508353996276855469e+01
2.540264511108398438e+01
2.562018585205078125e+01
2.585286903381347656e+01
2.608924484252929688e+01
2.624343872070312500e+01
2.641240692138671875e+01
2.649097061157226562e+01
2.659954071044921875e+01
2.678687095642089844e+01
2.685794448852539062e+01
2.694655227661132812e+01
2.696736907958984375e+01
2.697842788696289062e+01
2.706611824035644531e+01
2.721555328369140625e+01
2.731189346313476562e+01
2.725251960754394531e+01
2.731580352783203125e+01
2.745322036743164062e+01
2.750399589538574219e+01
2.740693283081054688e+01
2.736093521118164062e+01
2.745660591125488281e+01
2.750236892700195312e+01
2.747109603881835938e+01
2.745973777770996094e+01
2.749638748168945312e+01
2.748934173583984375e+01
2.736103820800781250e+01
2.735165405273437500e+01
2.740985298156738281e+01
2.740319061279296875e+01
2.736482238769531250e+01
2.725361633300781250e+01
2.734142684936523438e+01
2.726200866699218750e+01
2.726604843139648438e+01
2.729859542846679688e+01
2.723560714721679688e+01
2.712371635437011719e+01
2.705511093139648438e+01
2.704350280761718750e+01
2.707391357421875000e+01
2.711221313476562500e+01
2.704496383666992188e+01
2.703547286987304688e+01
2.710140991210937500e+01
2.712268829345703125e+01
2.727651977539062500e+01
2.707496070861816406e+01
2.707557868957519531e+01
2.710300254821777344e+01
2.701088714599609375e+01
2.711643028259277344e+01
2.704770851135253906e+01
2.709387588500976562e+01
2.714373779296875000e+01
2.716486740112304688e+01
2.720566177368164062e+01
2.714489555358886719e+01
2.710466957092285156e+01
2.722139358520507812e+01
2.716885566711425781e+01
2.721179008483886719e+01
2.724636840820312500e+01
2.733913612365722656e+01
2.727539825439453125e+01
2.736365127563476562e+01
2.736418914794921875e+01
2.743198776245117188e+01
2.745193862915039062e+01
2.755982398986816406e+01
2.764646911621093750e+01
2.765757560729980469e+01
2.771898651123046875e+01
2.768378639221191406e+01
2.768843269348144531e+01
2.778669738769531250e+01
2.792489242553710938e+01
2.788862037658691406e+01
2.771825790405273438e+01
2.787109184265136719e+01
2.795320701599121094e+01
2.796226119995117188e+01
2.802285575866699219e+01
2.808894157409667969e+01
2.808233261108398438e+01
2.811319732666015625e+01
2.815001678466796875e+01
2.831971740722656250e+01
2.825626373291015625e+01
2.832941055297851562e+01
2.822135543823242188e+01
2.823531532287597656e+01
2.806945037841796875e+01
2.806359672546386719e+01
2.814224243164062500e+01
2.822214508056640625e+01
2.818404388427734375e+01
2.827108383178710938e+01
2.826987838745117188e+01
2.829887771606445312e+01
2.831853103637695312e+01
2.834225654602050781e+01
2.839632987976074219e+01
2.832630538940429688e+01
2.827552032470703125e+01
2.835547637939453125e+01
2.832862281799316406e+01
2.845494842529296875e+01
2.827393341064453125e+01
2.838832664489746094e+01
2.818425178527832031e+01
2.816972923278808594e+01
2.827502822875976562e+01
2.816696357727050781e+01
2.832534217834472656e+01
2.829626846313476562e+01
2.836355590820312500e+01
2.842562103271484375e+01
2.844598007202148438e+01
2.849722671508789062e+01
2.848789978027343750e+01
2.854621505737304688e+01
2.842331695556640625e+01
2.845296287536621094e+01
2.871760559082031250e+01
2.861131668090820312e+01
2.863672065734863281e+01
2.859671592712402344e+01
2.870700073242187500e+01
2.873484802246093750e+01
2.866748619079589844e+01
2.860838699340820312e+01
2.864505386352539062e+01
2.869333648681640625e+01
2.879673004150390625e+01
2.882226371765136719e+01
2.870310401916503906e+01
2.882085990905761719e+01
2.872046852111816406e+01
2.892055892944335938e+01
2.896289443969726562e+01
2.892609596252441406e+01
2.897374343872070312e+01
2.911457443237304688e+01
2.910956192016601562e+01
2.893834114074707031e+01
2.898766326904296875e+01
2.894631195068359375e+01
2.896810531616210938e+01
2.885661888122558594e+01
2.890061950683593750e+01
2.896781158447265625e+01
2.890247154235839844e+01
2.880825042724609375e+01
2.890517044067382812e+01
2.892536735534667969e+01
2.900408935546875000e+01
2.904785537719726562e+01
2.891625404357910156e+01
2.887434768676757812e+01
2.909725952148437500e+01
2.907068061828613281e+01
2.919381713867187500e+01
2.919276618957519531e+01
2.934182739257812500e+01
2.914925384521484375e+01
2.923304748535156250e+01
2.922729301452636719e+01
2.937857627868652344e+01
2.954995536804199219e+01
2.945993423461914062e+01
2.944597816467285156e+01
2.939271163940429688e+01
2.955309677124023438e+01
2.949826049804687500e+01
2.955633544921875000e+01
2.976356124877929688e+01
2.988079071044921875e+01
2.984618759155273438e+01
2.992548370361328125e+01
3.007020568847656250e+01
3.002716445922851562e+01
3.000223350524902344e+01
2.999235153198242188e+01
2.988890838623046875e+01
2.999878692626953125e+01
3.012505912780761719e+01
3.009493064880371094e+01
3.023066139221191406e+01
3.022879409790039062e+01
3.033383560180664062e+01
3.023934173583984375e+01
3.028554153442382812e+01
3.021336936950683594e+01
3.019950103759765625e+01
3.006134033203125000e+01
3.017729187011718750e+01
3.036363983154296875e+01
3.014435577392578125e+01
3.036279678344726562e+01
3.041676902770996094e+01
3.044422721862792969e+01
3.052564811706542969e+01
3.052131271362304688e+01
3.056110954284667969e+01
3.060423088073730469e+01
3.062126159667968750e+01
3.074332427978515625e+01
3.064572143554687500e+01
3.061966133117675781e+01
3.050789451599121094e+01
3.044628524780273438e+01
3.058611679077148438e+01
3.058512306213378906e+01
3.033516693115234375e+01
3.052338218688964844e+01
3.070106315612792969e+01
3.072624015808105469e+01
3.062558746337890625e+01
3.058761405944824219e+01
3.049921226501464844e+01
3.054700279235839844e+01
3.056731986999511719e+01
3.061672401428222656e+01
3.048409080505371094e+01
3.039897727966308594e+01
3.046447563171386719e+01
3.036143875122070312e+01
3.035527229309082031e+01
3.041369438171386719e+01
3.041907882690429688e+01
3.035685539245605469e+01
3.044910812377929688e+01
3.052434158325195312e+01
3.043705749511718750e+01
3.052735519409179688e+01
3.033668327331542969e+01
3.054249191284179688e+01
3.043849372863769531e+01
3.056254768371582031e+01
3.053686714172363281e+01
3.051936340332031250e+01
3.037400054931640625e+01
3.029734802246093750e+01
3.030807685852050781e+01
3.038796234130859375e+01
3.033654403686523438e+01
3.037392425537109375e+01
3.028219604492187500e+01
3.041293525695800781e+01
3.032109832763671875e+01
3.040587425231933594e+01
3.050175857543945312e+01
3.060935020446777344e+01
3.064918518066406250e+01
3.076502990722656250e+01
3.087342071533203125e+01
3.086408042907714844e+01
3.082911491394042969e+01
3.091143798828125000e+01
3.082657241821289062e+01
3.080873870849609375e+01
3.064652442932128906e+01
3.080839538574218750e+01
3.076204681396484375e+01
3.086363029479980469e+01
3.063171195983886719e+01
3.062377929687500000e+01
3.085411262512207031e+01
3.084757232666015625e+01
3.075181198120117188e+01
3.084260940551757812e+01
3.073416519165039062e+01
3.074307823181152344e+01
3.063179206848144531e+01
3.069339179992675781e+01
3.057665634155273438e+01
3.041926574707031250e+01
3.041011047363281250e+01
3.037600326538085938e+01
3.041770172119140625e+01
3.027457046508789062e+01
3.058997726440429688e+01
3.072621345520019531e+01
3.057392311096191406e+01
3.071249961853027344e+01
3.068797111511230469e+01
3.067367935180664062e+01
3.083195877075195312e+01
3.072459983825683594e+01
3.073393821716308594e+01
3.075778198242187500e+01
3.084099960327148438e+01
3.088286781311035156e+01
3.094357490539550781e+01
3.100244903564453125e+01
3.086457061767578125e+01
3.080340576171875000e+01
3.083162307739257812e+01
3.094459915161132812e+01
3.089398002624511719e+01
3.105056381225585938e+01
3.111684417724609375e+01
3.115672302246093750e+01
3.104695129394531250e+01
3.124276924133300781e+01
3.114506149291992188e+01
3.099097061157226562e+01
3.112807655334472656e+01
3.120157814025878906e+01
3.134846687316894531e+01
3.147585105895996094e+01
3.153769302368164062e+01
3.140889549255371094e+01
3.145011329650878906e+01
3.144665145874023438e+01
3.125534057617187500e+01
3.143325805664062500e+01
3.149035835266113281e+01
3.137915229797363281e+01
3.145373153686523438e+01
3.122062301635742188e+01
3.127720832824707031e+01
3.123653411865234375e+01
3.131958770751953125e+01
3.121088027954101562e+01
3.131220817565917969e+01
3.124822235107421875e+01
3.143486022949218750e+01
3.144701385498046875e+01
3.147233200073242188e+01
3.135008430480957031e+01
3.140236282348632812e+01
3.135770034790039062e+01
3.133946800231933594e+01
3.124184417724609375e+01
3.134005737304687500e+01
3.158713531494140625e+01
3.131826400756835938e+01
3.125741195678710938e+01
3.130885505676269531e+01
3.153586578369140625e+01
3.149203681945800781e+01
3.150879478454589844e+01
3.148064231872558594e+01
3.129747390747070312e+01
3.124733161926269531e+01
3.125970077514648438e+01
3.119133949279785156e+01
3.132519149780273438e+01
3.123329162597656250e+01
3.116135597229003906e+01
3.141578483581542969e+01
3.131385612487792969e+01
3.126581001281738281e+01
3.129327583312988281e+01
3.111652374267578125e+01
3.114227867126464844e+01
3.124822998046875000e+01
3.134148025512695312e+01
3.122180557250976562e+01
3.124013328552246094e+01
3.141995239257812500e+01
3.160601425170898438e+01
3.155920791625976562e+01
3.133034515380859375e+01
3.138367271423339844e+01
3.153429412841796875e+01
3.132324028015136719e+01
3.149555206298828125e+01
3.149965667724609375e+01
3.145938491821289062e+01
3.150347137451171875e+01
3.158062171936035156e+01
3.161869430541992188e+01
3.142842102050781250e+01
3.142921638488769531e+01
3.140148735046386719e+01
3.142711257934570312e+01
3.131232070922851562e+01
3.132379913330078125e+01
3.133577919006347656e+01
3.145401382446289062e+01
3.159753608703613281e+01
3.156421852111816406e+01
3.175449371337890625e+01
3.173690605163574219e+01
3.182346725463867188e+01
3.168178558349609375e+01
3.167711639404296875e+01
3.179143714904785156e+01
3.180939292907714844e+01
3.191292953491210938e+01
3.175131225585937500e+01
3.183617973327636719e+01
3.166738128662109375e+01
3.152914047241210938e+01
3.141027832031250000e+01
3.138469886779785156e+01
3.149285697937011719e+01
3.150777244567871094e+01
3.135243988037109375e+01
3.145293807983398438e+01
3.128043556213378906e+01
3.145908546447753906e+01
3.150950241088867188e+01
3.153419303894042969e+01
3.156220626831054688e+01
3.144268989562988281e+01
3.149786186218261719e+01
3.154998397827148438e+01
3.164356613159179688e+01
3.169913673400878906e+01
3.167938613891601562e+01
3.156329727172851562e+01
3.164132118225097656e+01
3.173643112182617188e+01
3.183481216430664062e+01
3.164584732055664062e+01
3.171859741210937500e+01
3.184174156188964844e+01
3.189092636108398438e+01
3.156410217285156250e+01
3.160530853271484375e+01
3.152699279785156250e+01
3.146210289001464844e+01
3.156325912475585938e+01
3.179199981689453125e+01
3.170264625549316406e+01
3.157388305664062500e+01
3.151039886474609375e+01
3.134274291992187500e+01
3.124604225158691406e+01
3.125313568115234375e+01
3.144001007080078125e+01
3.140751266479492188e+01
3.131509017944335938e+01
3.131832122802734375e+01
3.152652359008789062e+01
3.139152526855468750e+01
3.116446876525878906e+01
3.131622886657714844e+01
3.132339096069335938e+01
3.139449310302734375e+01
3.145428848266601562e+01
3.125622367858886719e+01
3.150490951538085938e+01
3.136123275756835938e+01
3.140368652343750000e+01
3.149314880371093750e+01
3.153069496154785156e+01
3.141269111633300781e+01
3.134099578857421875e+01
3.132994270324707031e+01
3.158205413818359375e+01
3.140493392944335938e+01
3.150858497619628906e+01
3.151895332336425781e+01
3.170242309570312500e+01
3.162846374511718750e+01
3.166071319580078125e+01
3.149510192871093750e+01
3.149423599243164062e+01
3.128971481323242188e+01
3.136622619628906250e+01
3.152934646606445312e+01
3.167686462402343750e+01
3.152254676818847656e+01
3.161122894287109375e+01
3.158994293212890625e+01
3.178799247741699219e+01
3.169462585449218750e+01
3.175226593017578125e+01
3.171768379211425781e+01
3.188000488281250000e+01
3.183260536193847656e+01
3.181007003784179688e+01
3.189196395874023438e+01
3.191674423217773438e+01
3.190701103210449219e+01
3.207996749877929688e+01
3.194829177856445312e+01
3.192139434814453125e+01
3.186806106567382812e+01
3.192864990234375000e+01
3.205316925048828125e+01
3.206726837158203125e+01
3.189022827148437500e+01
3.178397560119628906e+01
3.169740676879882812e+01
3.167007827758789062e+01
3.176570129394531250e+01
3.176520538330078125e+01
3.162997055053710938e+01
3.152241897583007812e+01
3.149514770507812500e+01
3.152916145324707031e+01
3.146161270141601562e+01
3.146813201904296875e+01
3.154633712768554688e+01
3.156378364562988281e+01
3.146512603759765625e+01
3.129119491577148438e+01
3.135932350158691406e+01
3.141316795349121094e+01
3.130259704589843750e+01
3.126475143432617188e+01
3.127427864074707031e+01
3.137800598144531250e+01
3.140621948242187500e+01
3.142264366149902344e+01
3.132034683227539062e+01
3.120317459106445312e+01
3.126666831970214844e+01
3.118441009521484375e+01
3.117293548583984375e+01
3.133465957641601562e+01
3.136557769775390625e+01
3.134393692016601562e+01
3.162366104125976562e+01
3.160473060607910156e+01
3.144828987121582031e+01
3.137103652954101562e+01
3.145904922485351562e+01
3.134821891784667969e+01
3.153137207031250000e+01
3.146006774902343750e+01
3.150283050537109375e+01
3.157696914672851562e+01
3.149624443054199219e+01
3.146753120422363281e+01
3.165212821960449219e+01
3.152472496032714844e+01
3.177463912963867188e+01
3.200329589843750000e+01
3.204934692382812500e+01
3.208080673217773438e+01
3.193556785583496094e+01
3.197947120666503906e+01
3.186877632141113281e+01
3.179919815063476562e+01
3.198197555541992188e+01
3.205670928955078125e+01
3.192810440063476562e+01
3.207725524902343750e+01
3.215614700317382812e+01
3.217197418212890625e+01
3.226257324218750000e+01
3.208441543579101562e+01
3.197868347167968750e+01
3.206388854980468750e+01
3.202396392822265625e+01
3.181710052490234375e+01
3.189469146728515625e+01
3.180201148986816406e+01
3.186424255371093750e+01
3.196432876586914062e+01
3.211052703857421875e+01
3.198093032836914062e+01
3.207453536987304688e+01
3.218025970458984375e+01
3.219596099853515625e+01
3.215433502197265625e+01
3.204881668090820312e+01
3.219886398315429688e+01
3.196630096435546875e+01
3.187832450866699219e+01
3.186444854736328125e+01
3.209542846679687500e+01
3.224306869506835938e+01
3.217799377441406250e+01
3.223113250732421875e+01
3.215679931640625000e+01
3.218529129028320312e+01
3.213395309448242188e+01
3.210709381103515625e+01
3.192311477661132812e+01
3.199429130554199219e+01
3.214178466796875000e+01
3.214807128906250000e+01
3.213397979736328125e+01
3.220562744140625000e+01
3.225048446655273438e+01
3.216400527954101562e+01
3.214871978759765625e+01
3.228830718994140625e+01
3.213072586059570312e+01
3.232500457763671875e+01
3.194653701782226562e+01
3.199256324768066406e+01
3.206962585449218750e+01
3.213948822021484375e+01
3.216020584106445312e+01
3.210232162475585938e+01
3.195656394958496094e+01
3.213659667968750000e+01
3.233184814453125000e+01
3.219269561767578125e+01
3.209522628784179688e+01
3.204856109619140625e+01
3.189105606079101562e+01
3.209727096557617188e+01
3.192974662780761719e+01
3.187983703613281250e+01
3.186674499511718750e+01
3.193741416931152344e+01
3.191974449157714844e+01
3.204275512695312500e+01
3.202191162109375000e+01
3.220735168457031250e+01
3.217470932006835938e+01
3.204700088500976562e+01
3.212258148193359375e+01
3.205636596679687500e+01
3.193706130981445312e+01
3.202237701416015625e+01
3.208470535278320312e+01
3.216856765747070312e+01
3.230386352539062500e+01
3.228852081298828125e+01
3.235157775878906250e+01
3.226367568969726562e+01
3.225429534912109375e+01
3.237192153930664062e+01
3.244256591796875000e+01
3.251249694824218750e+01
3.244711303710937500e+01
3.239554595947265625e+01
3.238626098632812500e+01
3.238378143310546875e+01
3.236030960083007812e+01
3.236373519897460938e+01
3.208753585815429688e+01
3.225040817260742188e+01
3.234751510620117188e+01
3.219391632080078125e+01
3.215013122558593750e+01
3.208955383300781250e+01
3.215314483642578125e+01
3.226498413085937500e+01
3.236015319824218750e+01
3.215339660644531250e+01
3.201038360595703125e+01
3.213795471191406250e+01
3.217978286743164062e+01
3.200463867187500000e+01
3.214990234375000000e+01
3.240781402587890625e+01
3.228833007812500000e+01
3.235248184204101562e+01
3.232745361328125000e+01
3.241912078857421875e+01
3.224539947509765625e+01
3.226638793945312500e+01
3.215283966064453125e+01
3.224129486083984375e+01
3.213263702392578125e+01
3.233788299560546875e+01
3.226086044311523438e+01
3.226831054687500000e+01
3.212209701538085938e+01
3.222484588623046875e+01
3.237428283691406250e+01
3.247242736816406250e+01
3.243097305297851562e+01
3.255894470214843750e+01
3.248429489135742188e+01
3.252492904663085938e+01
3.253467559814453125e+01
3.236351013183593750e+01
3.235790252685546875e+01
3.224024200439453125e+01
3.231994628906250000e+01
3.247900390625000000e+01
3.233244323730468750e+01
3.232744979858398438e+01
3.221125411987304688e+01
3.228879165649414062e+01
3.238128280639648438e+01
3.232902526855468750e+01
3.228487396240234375e+01
3.224179458618164062e+01
3.209529876708984375e+01
3.230519104003906250e+01
3.205054092407226562e+01
3.213466644287109375e+01
3.220366668701171875e+01
3.224124908447265625e+01
3.217687606811523438e+01
3.247526931762695312e+01
3.251239013671875000e+01
3.254192352294921875e+01
3.264788818359375000e+01
3.255960845947265625e+01
3.264531707763671875e+01
3.248075866699218750e+01
3.271557235717773438e+01
3.268085098266601562e+01
3.260656738281250000e+01
3.256657409667968750e+01
3.258061218261718750e+01
3.277465820312500000e+01
3.267908477783203125e+01
3.266794204711914062e+01
3.256428909301757812e+01
3.270072174072265625e+01
3.262049484252929688e+01
3.253331375122070312e+01
3.255385589599609375e+01
3.262127685546875000e+01
3.259014511108398438e+01
3.253158569335937500e+01
3.247388839721679688e+01
3.247395324707031250e+01
3.246400451660156250e+01
3.259404754638671875e+01
3.240440368652343750e+01
3.238997268676757812e+01
3.234960174560546875e+01
3.239040374755859375e+01
3.241094207763671875e+01
3.224927520751953125e+01
3.215367126464843750e+01
3.217663955688476562e+01
3.214811325073242188e+01
3.212329101562500000e+01
3.230139923095703125e+01
3.233022308349609375e+01
3.223667907714843750e+01
3.210660552978515625e+01
3.225196456909179688e+01
3.211145019531250000e+01
3.227067947387695312e+01
3.204450988769531250e+01
3.210512542724609375e+01
3.188553428649902344e+01
3.194159507751464844e+01
3.200288009643554688e+01
3.214241027832031250e+01
3.216349411010742188e+01
3.217828369140625000e+01
3.224528884887695312e+01
3.201115417480468750e+01
3.206000518798828125e+01
3.197545814514160156e+01
3.218968200683593750e+01
3.210015106201171875e+01
3.211437225341796875e+01
3.217828369140625000e+01
3.220248413085937500e+01
3.216584777832031250e+01
3.215185928344726562e+01
3.213904571533203125e+01
3.205531311035156250e+01
3.212564849853515625e+01
3.215262603759765625e+01
3.203056716918945312e+01
3.209176635742187500e+01
3.215424728393554688e+01
3.180422210693359375e+01
3.196097564697265625e+01
3.195427513122558594e+01
3.194481849670410156e+01
3.215177154541015625e+01
3.220924377441406250e+01
3.236880493164062500e+01
3.252682113647460938e+01
3.258808517456054688e+01
3.258959197998046875e+01
3.249360656738281250e+01
3.268416595458984375e+01
3.258879852294921875e+01
3.255041503906250000e+01
3.271811676025390625e+01
3.256389999389648438e+01
3.273348236083984375e+01
3.254470825195312500e+01
3.262756347656250000e+01
3.257331848144531250e+01
3.258432769775390625e+01
3.262157440185546875e+01
3.282054138183593750e+01
3.263017272949218750e+01
3.251214981079101562e+01
3.241280746459960938e+01
3.241490554809570312e+01
3.235956192016601562e+01
3.256956481933593750e+01
3.265635681152343750e+01
3.237625122070312500e+01
3.259645843505859375e+01
3.244421768188476562e+01
3.253684997558593750e+01
3.251521301269531250e+01
3.246585083007812500e+01
3.250537872314453125e+01
3.250331878662109375e+01
3.256951141357421875e+01
3.242218017578125000e+01
3.254420852661132812e+01
3.264538574218750000e+01
3.246250915527343750e+01
3.249481964111328125e+01
3.226122283935546875e+01
3.237570571899414062e+01
3.218644332885742188e+01
3.234036254882812500e+01
3.229419708251953125e+01
3.238642120361328125e+01
3.243603897094726562e+01
3.230779647827148438e+01
3.240892028808593750e+01
3.227915573120117188e+01
3.232479858398437500e+01
3.224573135375976562e+01
3.239396667480468750e+01
3.247409820556640625e+01
3.245557022094726562e+01
3.226211166381835938e+01
3.230017089843750000e+01
3.229810333251953125e+01
3.221885681152343750e+01
3.236252593994140625e+01
3.232555389404296875e+01
3.233770751953125000e+01
3.228438186645507812e+01
3.222515106201171875e+01
3.233987045288085938e+01
3.224676132202148438e+01
3.217949676513671875e+01
3.237225723266601562e+01
3.246885299682617188e+01
3.243478393554687500e+01
3.234689712524414062e+01
3.252910614013671875e+01
3.250142288208007812e+01
3.255289459228515625e+01
3.254321670532226562e+01
3.246949768066406250e+01
3.255234527587890625e+01
3.259229278564453125e+01
3.259554672241210938e+01
3.284342193603515625e+01
3.276562500000000000e+01
3.270622253417968750e+01
3.278211593627929688e+01
3.259917449951171875e+01
3.261929321289062500e+01
3.257115173339843750e+01
3.251988983154296875e+01
3.253445053100585938e+01
3.256011199951171875e+01
3.263803482055664062e+01
3.269985580444335938e+01
3.262231826782226562e+01
3.283103561401367188e+01
3.277753448486328125e+01
3.296570968627929688e+01
3.274646377563476562e+01
3.289394760131835938e+01
3.287738037109375000e+01
3.293629837036132812e+01
3.284666061401367188e+01
3.294985580444335938e+01
3.293479537963867188e+01
3.280101013183593750e+01
3.289889907836914062e+01
3.272608184814453125e+01
3.277956390380859375e+01
3.270104980468750000e+01
3.256775665283203125e+01
3.277793121337890625e+01
3.258240127563476562e+01
3.267231750488281250e+01
3.290215301513671875e+01
3.285311126708984375e+01
3.285469055175781250e+01
3.284272003173828125e+01
3.288612365722656250e+01
3.275251770019531250e+01
3.278778839111328125e+01
3.271620559692382812e+01
3.283594894409179688e+01
3.300202178955078125e+01
3.269421386718750000e+01
3.268142318725585938e+01
3.262886428833007812e+01
3.273222351074218750e+01
3.261571502685546875e+01
3.256872558593750000e+01
3.277856826782226562e+01
3.269081878662109375e+01
3.285201263427734375e+01
3.286022186279296875e+01
3.281359863281250000e+01
3.284667587280273438e+01
3.295626068115234375e+01
3.287681198120117188e+01
3.312799453735351562e+01
3.285929489135742188e+01
3.287682342529296875e+01
3.277552795410156250e+01
3.266435241699218750e+01
3.257655334472656250e+01
3.270560455322265625e+01
3.256873321533203125e+01
3.259608459472656250e+01
3.236917877197265625e+01
3.225005340576171875e+01
3.232687377929687500e+01
3.226576995849609375e+01
3.201269531250000000e+01
3.206584167480468750e+01
3.216342926025390625e+01
3.224946594238281250e+01
3.204793548583984375e+01
3.208889389038085938e+01
3.206172180175781250e+01
3.198545074462890625e+01
3.223966979980468750e+01
3.206458282470703125e+01
3.213111114501953125e+01
3.228005599975585938e+01
3.222206115722656250e+01
3.231472778320312500e+01
3.247894287109375000e+01
3.254930496215820312e+01
3.229010009765625000e+01
3.254170227050781250e+01
3.254723358154296875e+01
3.268824005126953125e+01
3.262581634521484375e+01
3.242264175415039062e+01
3.241818237304687500e+01
3.256002807617187500e+01
3.238651275634765625e+01
3.241659164428710938e+01
3.260803222656250000e+01
3.241695785522460938e+01
3.248320388793945312e+01
3.255863952636718750e+01
3.271533203125000000e+01
3.252645874023437500e+01
3.243752288818359375e+01
3.237179565429687500e+01
3.239127731323242188e+01
3.222559356689453125e+01
3.222037887573242188e+01
3.216433715820312500e+01
3.194967460632324219e+01
3.202770233154296875e+01
3.219961547851562500e+01
3.215806579589843750e+01
3.202357101440429688e+01
3.203927993774414062e+01
3.207973480224609375e+01
3.202968215942382812e+01
3.212841796875000000e+01
3.220014190673828125e+01
3.210317993164062500e+01
3.210121536254882812e+01
3.190676307678222656e+01
3.220032501220703125e+01
3.235861206054687500e+01
3.218640899658203125e+01
3.207049560546875000e+01
3.216632843017578125e+01
3.209992980957031250e+01
3.206069183349609375e+01
3.195021438598632812e+01
3.197806739807128906e+01
3.186127853393554688e+01
3.179507255554199219e+01
3.182717704772949219e+01
3.179076766967773438e+01
3.169835662841796875e+01
3.187815093994140625e+01
3.178068542480468750e+01
3.193958854675292969e+01
3.187304687500000000e+01
3.198074913024902344e+01
3.208290100097656250e+01
3.190751457214355469e+01
3.196716499328613281e+01
3.212665557861328125e+01
3.203078842163085938e+01
3.210525512695312500e+01
3.210268020629882812e+01
3.203118133544921875e+01
3.200363159179687500e+01
3.177525329589843750e+01
3.182131385803222656e+01
3.201067733764648438e+01
3.193660926818847656e+01
3.201150512695312500e+01
3.196798133850097656e+01
3.204777526855468750e+01
3.197120475769042969e+01
3.202792739868164062e+01
3.188091087341308594e+01
3.185489082336425781e+01
3.191853904724121094e+01
3.184783172607421875e+01
3.174633979797363281e+01
3.184525489807128906e+01
3.186056327819824219e+01
3.178850936889648438e+01
3.200194931030273438e+01
3.196765708923339844e+01
3.183130645751953125e+01
3.181039237976074219e+01
3.168107986450195312e+01
3.168713569641113281e+01
3.188933181762695312e+01
3.184039306640625000e+01
3.199702835083007812e+01
3.194515800476074219e+01
3.190312385559082031e+01
3.191521072387695312e+01
3.191343688964843750e+01
3.203144073486328125e+01
3.198805427551269531e+01
3.206656646728515625e+01
3.229158782958984375e+01
3.209609603881835938e+01
3.216001892089843750e+01
3.200814819335937500e+01
3.198162078857421875e+01
3.184743499755859375e+01
3.201239776611328125e+01
3.181596183776855469e+01
3.170233154296875000e+01
3.191774940490722656e+01
3.183901977539062500e+01
3.183126068115234375e+01
3.192777633666992188e+01
3.202885437011718750e+01
3.202098846435546875e+01
3.189794540405273438e+01
3.200236511230468750e+01
3.195816040039062500e+01
3.231998825073242188e+01
3.217089462280273438e+01
3.232757568359375000e+01
3.226440429687500000e+01
3.214356994628906250e+01
3.186592102050781250e+01
3.209738922119140625e+01
3.204536437988281250e+01
3.194918060302734375e+01
3.201364517211914062e+01
3.193090438842773438e+01
3.171466064453125000e+01
3.177960777282714844e+01
3.181680870056152344e+01
3.184479522705078125e+01
3.167928695678710938e+01
3.168599700927734375e+01
3.167332458496093750e+01
3.157139778137207031e+01
3.168285369873046875e+01
3.152115249633789062e+01
3.186237907409667969e+01
3.162424850463867188e+01
3.148643112182617188e+01
3.161523437500000000e+01
3.168724441528320312e+01
3.153907775878906250e+01
3.142308616638183594e+01
3.161232376098632812e+01
3.166198921203613281e+01
3.155572700500488281e+01
3.183981704711914062e+01
3.203584671020507812e+01
3.195020294189453125e+01
3.198073387145996094e+01
3.185226440429687500e+01
3.197214126586914062e+01
3.196172714233398438e+01
3.213892364501953125e+01
3.212358856201171875e+01
3.221202087402343750e+01
3.206368255615234375e+01
3.211094665527343750e+01
3.199192810058593750e+01
3.184903335571289062e+01
3.165938186645507812e+01
3.170045852661132812e+01
3.177673339843750000e+01
3.171045494079589844e+01
3.175064086914062500e+01
3.161645317077636719e+01
3.167388725280761719e+01
3.170111846923828125e+01
3.180414772033691406e+01
3.181534004211425781e+01
3.189173698425292969e+01
3.212296295166015625e+01
3.198904037475585938e+01
3.181981468200683594e+01
3.189185333251953125e+01
3.193278503417968750e+01
3.172414970397949219e+01
3.162112998962402344e+01
3.155863571166992188e+01
3.158174705505371094e+01
3.169358444213867188e+01
3.173200607299804688e+01
3.151215362548828125e+01
3.179119491577148438e+01
3.163291358947753906e+01
3.175339317321777344e+01
3.170077323913574219e+01
3.176628303527832031e+01
3.185942077636718750e+01
3.196748733520507812e+01
3.209961700439453125e+01
3.217547607421875000e+01
3.215394592285156250e+01
3.207263183593750000e+01
3.204024124145507812e+01
3.234218978881835938e+01
3.219672393798828125e+01
3.216024398803710938e+01
3.214196777343750000e+01
3.205624771118164062e+01
3.199166107177734375e+01
3.181532096862792969e+01
3.190133285522460938e+01
3.182860374450683594e+01
3.191441726684570312e+01
3.184788131713867188e+01
3.172790718078613281e+01
3.175418472290039062e+01
3.165855026245117188e+01
3.182485008239746094e+01
3.173863983154296875e+01
3.162976646423339844e+01
3.167337799072265625e+01
3.190195846557617188e+01
3.180148696899414062e+01
3.172737884521484375e+01
3.163991165161132812e+01
3.165442085266113281e+01
3.154894065856933594e+01
3.157762336730957031e+01
3.155671501159667969e+01
3.153628921508789062e+01
3.182952880859375000e+01
3.156895828247070312e+01
3.145414733886718750e+01
3.154175186157226562e+01
3.173667526245117188e+01
3.182225418090820312e+01
3.190496253967285156e+01
3.183402633666992188e+01
3.183495521545410156e+01
3.187898254394531250e+01
3.192466735839843750e+01
3.176296806335449219e+01
3.188932800292968750e+01
3.155248069763183594e+01
3.170853042602539062e+01
3.165976715087890625e+01
3.174670982360839844e+01
3.182324790954589844e+01
3.172414588928222656e+01
3.182948684692382812e+01
3.177812576293945312e+01
3.179025840759277344e+01
3.170912742614746094e+01
3.181178092956542969e+01
3.170108604431152344e+01
3.176869392395019531e+01
3.188764190673828125e+01
3.194550514221191406e+01
3.193412399291992188e+01
3.203630065917968750e+01
3.180776023864746094e+01
3.188068389892578125e+01
3.186029815673828125e+01
3.176372528076171875e+01
3.190201759338378906e+01
3.181940460205078125e+01
3.161278915405273438e+01
3.175704002380371094e+01
3.178369903564453125e+01
3.190570449829101562e+01
3.183976554870605469e+01
3.183080482482910156e+01
3.176682472229003906e+01
3.175489807128906250e+01
3.179898262023925781e+01
3.170262336730957031e+01
3.168381500244140625e+01
3.160083389282226562e+01
3.172986984252929688e+01
3.158779907226562500e+01
3.159179306030273438e+01
3.177625656127929688e+01
3.178686904907226562e+01
3.178159904479980469e+01
3.192216873168945312e+01
3.184294700622558594e+01
3.181564903259277344e+01
3.164377212524414062e+01
3.178366088867187500e+01
3.176752281188964844e+01
3.177410888671875000e+01
3.179131317138671875e+01
3.166725540161132812e+01
3.161192703247070312e+01
3.178104209899902344e+01
3.173784828186035156e+01
3.175266265869140625e+01
3.182028198242187500e+01
3.167465209960937500e+01
3.165783309936523438e+01
3.167873954772949219e+01
3.178662300109863281e+01
3.171543502807617188e+01
3.201011276245117188e+01
3.181985473632812500e+01
3.192876052856445312e+01
3.192137908935546875e+01
3.191427803039550781e+01
3.180000877380371094e+01
3.183706092834472656e+01
3.179676437377929688e+01
3.170992660522460938e+01
3.192904853820800781e+01
3.201008605957031250e+01
3.190476226806640625e+01
3.176324462890625000e+01
3.167831993103027344e+01
3.176995658874511719e+01
3.180466842651367188e+01
3.188049697875976562e+01
3.190892028808593750e+01
3.191815376281738281e+01
3.188711929321289062e+01
3.189239501953125000e+01
3.186604309082031250e+01
3.203997802734375000e+01
3.191514396667480469e+01
3.213520050048828125e+01
3.194866752624511719e+01
3.194393157958984375e+01
3.204659271240234375e+01
3.206584930419921875e+01
3.209899139404296875e+01
3.188567161560058594e+01
3.215512847900390625e+01
3.203166961669921875e+01
3.212030792236328125e+01
3.216425323486328125e+01
3.224107360839843750e+01
3.208240509033203125e+01
3.213623428344726562e+01
3.220899200439453125e+01
3.225511169433593750e+01
3.209764099121093750e+01
3.228281784057617188e+01
3.205256652832031250e+01
3.212665557861328125e+01
3.219235229492187500e+01
3.212165069580078125e+01
3.200406646728515625e+01
3.192585754394531250e+01
3.189999771118164062e+01
3.194549942016601562e+01
3.205383300781250000e+01
3.166796493530273438e+01
3.162502670288085938e+01
3.168441772460937500e+01
3.179426574707031250e+01
3.198750114440917969e+01
3.185127258300781250e+01
3.184002876281738281e+01
3.184447860717773438e+01
3.178736495971679688e+01
3.166785430908203125e+01
3.167599105834960938e+01
3.177842712402343750e+01
3.180533981323242188e+01
3.204530334472656250e+01
3.206379318237304688e+01
3.212858200073242188e+01
3.190230178833007812e+01
3.179849243164062500e+01
3.191956520080566406e+01
3.178057861328125000e+01
3.170157241821289062e+01
3.193679618835449219e+01
3.177894210815429688e+01
3.194434356689453125e+01
3.182069587707519531e+01
3.168834304809570312e+01
3.157900047302246094e+01
3.146675109863281250e+01
3.155422782897949219e+01
3.159397315979003906e+01
3.168970489501953125e+01
3.166042137145996094e+01
3.155211257934570312e+01
3.178497886657714844e+01
3.186651611328125000e+01
3.155030059814453125e+01
3.148238563537597656e+01
3.161092376708984375e+01
3.156739234924316406e+01
3.166700744628906250e+01
3.170803451538085938e+01
3.183587265014648438e+01
3.166350746154785156e+01
3.174079132080078125e+01
3.186539268493652344e+01
3.195842742919921875e+01
3.202620315551757812e+01
3.194795799255371094e+01
3.186545181274414062e+01
3.195492172241210938e+01
3.189929580688476562e+01
3.207722473144531250e+01
3.196295928955078125e+01
3.183875274658203125e+01
3.171198272705078125e+01
3.171203994750976562e+01
3.170449256896972656e+01
3.160585403442382812e+01
3.171122741699218750e+01
3.174870300292968750e+01
3.191350173950195312e+01
3.179702377319335938e+01
3.179753684997558594e+01
3.215765380859375000e+01
3.202099609375000000e+01
3.206422805786132812e+01
3.206559753417968750e+01
3.204541778564453125e+01
3.201183319091796875e+01
3.200626373291015625e+01
3.217571258544921875e+01
3.222111511230468750e+01
3.217364501953125000e+01
3.203627777099609375e+01
3.200736236572265625e+01
3.200619506835937500e+01
3.187734985351562500e+01
3.186080932617187500e+01
3.186662292480468750e+01
3.195950508117675781e+01
3.172949028015136719e+01
3.183937454223632812e+01
3.166260147094726562e+01
3.165030288696289062e+01
3.167853736877441406e+01
3.166219329833984375e+01
3.163296127319335938e+01
3.146193885803222656e+01
3.157128524780273438e+01
3.150968933105468750e+01
3.148069953918457031e+01
3.162210273742675781e+01
3.170763397216796875e+01
3.178170967102050781e+01
3.185259246826171875e+01
3.187718963623046875e+01
3.199688339233398438e+01
3.197434043884277344e+01
3.183105468750000000e+01
3.197944259643554688e+01
3.192514419555664062e+01
3.214207839965820312e+01
3.198267745971679688e+01
3.205282592773437500e+01
3.202794647216796875e+01
3.190557098388671875e+01
3.194369316101074219e+01
3.177572059631347656e+01
3.168073463439941406e+01
3.163671302795410156e+01
3.183983993530273438e+01
3.168626785278320312e+01
3.183519172668457031e+01
3.195347976684570312e+01
3.182916450500488281e+01
3.190452194213867188e+01
3.160278892517089844e+01
3.169865798950195312e+01
3.173712158203125000e+01
3.174201202392578125e+01
3.195574188232421875e+01
3.204402160644531250e+01
3.188346481323242188e+01
3.184335327148437500e+01
3.191771316528320312e+01
3.169386291503906250e+01
3.167621803283691406e+01
3.179373550415039062e+01
3.178675842285156250e+01
3.158387756347656250e+01
3.157810211181640625e+01
3.145999145507812500e+01
3.166955184936523438e+01
3.154391479492187500e+01
3.147439002990722656e+01
3.171195602416992188e+01
3.177236366271972656e+01
3.150897407531738281e+01
3.132018661499023438e+01
3.128532791137695312e+01
3.132651138305664062e+01
3.143619918823242188e+01
3.124881362915039062e+01
3.147486305236816406e+01
3.136895942687988281e+01
3.136922645568847656e+01
3.152151489257812500e+01
3.133522796630859375e+01
3.148197555541992188e+01
3.149036026000976562e+01
3.155583381652832031e+01
3.138873100280761719e+01
3.123493194580078125e+01
3.129830932617187500e+01
3.127940940856933594e+01
3.122852706909179688e+01
3.119236373901367188e+01
3.134564971923828125e+01
3.156949424743652344e+01
3.167461967468261719e+01
3.140129852294921875e+01
3.143777847290039062e+01
3.148505783081054688e+01
3.127717590332031250e+01
3.150891304016113281e+01
3.166747856140136719e+01
3.148118972778320312e+01
3.150021362304687500e+01
3.141577529907226562e+01
3.140847587585449219e+01
3.170594787597656250e+01
3.163424682617187500e+01
3.179575920104980469e+01
3.165215682983398438e+01
3.160649871826171875e+01
3.174402809143066406e+01
3.170365905761718750e+01
3.160612869262695312e+01
3.149720001220703125e+01
3.141547775268554688e+01
3.163445091247558594e+01
3.157463073730468750e+01
3.165761756896972656e+01
3.147443199157714844e+01
3.135011291503906250e+01
3.135721969604492188e+01
3.148406982421875000e+01
3.147151184082031250e+01
3.166399383544921875e+01
3.187341308593750000e+01
3.183455848693847656e+01
3.195741653442382812e+01
3.200952529907226562e+01
3.187939643859863281e+01
3.188945388793945312e+01
3.193956565856933594e+01
3.218336105346679688e+01
3.209150695800781250e+01
3.200846481323242188e+01
3.180337905883789062e+01
3.167273521423339844e+01
3.161588668823242188e+01
3.164323997497558594e+01
3.177223777770996094e+01
3.165714263916015625e+01
3.164302444458007812e+01
3.156077194213867188e+01
3.164688110351562500e+01
3.176336288452148438e+01
3.169086074829101562e+01
3.183234405517578125e+01
3.189750099182128906e+01
3.171881103515625000e+01
3.179902267456054688e+01
3.155297088623046875e+01
3.148335266113281250e+01
3.151778602600097656e+01
3.160155296325683594e+01
3.154395294189453125e+01
3.146786499023437500e+01
3.165592765808105469e+01
3.171292877197265625e+01
3.170621681213378906e+01
3.172904968261718750e+01
3.172435379028320312e+01
3.176078224182128906e+01
3.176210403442382812e+01
3.187441825866699219e+01
3.204863739013671875e+01
3.200332260131835938e+01
3.191736412048339844e+01
3.187203407287597656e+01
3.198063087463378906e+01
3.210538864135742188e+01
3.217099761962890625e+01
3.207682800292968750e+01
3.210471725463867188e+01
3.199370193481445312e+01
3.214547729492187500e+01
3.237392425537109375e+01
3.229310607910156250e+01
3.219749450683593750e+01
3.227552795410156250e+01
3.232613754272460938e+01
3.228829956054687500e+01
3.210635375976562500e+01
3.208665084838867188e+01
3.205202484130859375e+01
3.209202194213867188e+01
3.223181152343750000e+01
3.213808441162109375e+01
3.220429992675781250e+01
3.208526611328125000e+01
3.224019622802734375e+01
3.222171401977539062e+01
3.208835601806640625e+01
3.221921539306640625e+01
3.213659667968750000e+01
3.214715576171875000e+01
3.209082794189453125e+01
3.222716903686523438e+01
3.213751983642578125e+01
3.232740020751953125e+01
3.202115631103515625e+01
3.199636459350585938e+01
3.206887817382812500e+01
3.182720947265625000e+01
3.201668548583984375e+01
3.205314636230468750e+01
3.176544952392578125e+01
3.183005905151367188e+01
3.165158843994140625e+01
3.160567855834960938e+01
3.156990432739257812e+01
3.191532516479492188e+01
3.201546478271484375e+01
3.215270996093750000e+01
3.210238647460937500e+01
3.204853057861328125e+01
3.197389030456542969e+01
3.186218070983886719e+01
3.207416534423828125e+01
3.208465576171875000e+01
3.187841033935546875e+01
3.177274322509765625e+01
3.195619964599609375e+01
3.182707977294921875e+01
3.183533287048339844e+01
3.181008148193359375e+01
3.184788131713867188e+01
3.149811935424804688e+01
3.169925117492675781e+01
3.182957267761230469e+01
3.181188774108886719e+01
3.173353958129882812e+01
3.171914482116699219e+01
3.192009162902832031e+01
3.173575401306152344e+01
3.193304634094238281e+01
3.202503585815429688e+01
3.201016998291015625e+01
3.194015312194824219e+01
3.221517944335937500e+01
3.219946670532226562e+01
3.230622863769531250e+01
3.226557159423828125e+01
3.233101654052734375e+01
3.240511703491210938e+01
3.240059661865234375e+01
3.221852111816406250e+01
3.218128967285156250e+01
3.204169464111328125e+01
3.185082817077636719e+01
3.173461723327636719e+01
3.188024711608886719e+01
3.198394393920898438e+01
3.195831108093261719e+01
3.198586273193359375e+01
3.193594741821289062e+01
3.208193206787109375e+01
3.231167602539062500e+01
3.234558486938476562e+01
3.259495544433593750e+01
3.257741546630859375e+01
3.241547012329101562e+01
3.212374114990234375e+01
3.213200378417968750e+01
3.212180328369140625e+01
3.188697433471679688e+01
3.211058425903320312e+01
3.205453491210937500e+01
3.217314910888671875e+01
3.210141754150390625e+01
3.197189903259277344e+01
3.198102378845214844e+01
3.174959754943847656e+01
3.180126380920410156e+01
3.199817657470703125e+01
3.159880065917968750e+01
3.166556930541992188e+01
3.167355728149414062e+01
3.183981704711914062e+01
3.164219284057617188e+01
3.166590881347656250e+01
3.149806976318359375e+01
3.165610885620117188e+01
3.173796463012695312e+01
3.156679534912109375e+01
3.158432006835937500e+01
3.178506469726562500e+01
3.161647796630859375e+01
3.146059608459472656e+01
3.148430061340332031e+01
3.144988632202148438e+01
3.151319885253906250e+01
3.148514938354492188e+01
3.163888549804687500e+01
3.162166976928710938e+01
3.167471885681152344e+01
3.155488395690917969e+01
3.146014022827148438e+01
3.169989013671875000e+01
3.150784492492675781e+01
3.142583084106445312e+01
3.151001548767089844e+01
3.153670501708984375e+01
3.133033561706542969e+01
3.137514495849609375e+01
3.149265098571777344e+01
3.158467864990234375e+01
3.156768798828125000e+01
3.143089103698730469e+01
3.153871917724609375e+01
3.162937927246093750e+01
3.165489196777343750e+01
3.147643280029296875e+01
3.148461151123046875e+01
3.139290618896484375e+01
3.129309272766113281e+01
3.133979606628417969e+01
3.152973556518554688e+01
3.157293319702148438e+01
3.154077720642089844e+01
3.171128845214843750e+01
3.154418563842773438e+01
3.164349555969238281e+01
3.169934272766113281e+01
3.161956977844238281e+01
3.157275962829589844e+01
3.140229415893554688e+01
3.152048110961914062e+01
3.144633483886718750e+01
3.135678482055664062e+01
3.124834823608398438e+01
3.145735931396484375e+01
3.138566589355468750e+01
3.136149406433105469e+01
3.145215415954589844e+01
3.160243225097656250e+01
3.144289207458496094e+01
3.128099060058593750e+01
3.146076965332031250e+01
3.129971504211425781e+01
3.129673767089843750e+01
3.140616607666015625e+01
3.146029281616210938e+01
3.135551261901855469e+01
3.155097389221191406e+01
3.131427955627441406e+01
3.137323951721191406e+01
3.135745048522949219e+01
3.131813621520996094e+01
3.158176803588867188e+01
3.147114562988281250e+01
3.141588020324707031e+01
3.169528961181640625e+01
3.152560043334960938e+01
3.170853424072265625e+01
3.154551506042480469e+01
3.165038871765136719e+01
3.143131256103515625e+01
3.140811157226562500e+01
3.127822303771972656e+01
3.143184661865234375e+01
3.149405860900878906e+01
3.129421424865722656e+01
3.130396270751953125e+01
3.126745605468750000e+01
3.135562705993652344e+01
3.125314712524414062e+01
3.124523162841796875e+01
3.118902587890625000e+01
3.116510009765625000e+01
3.118336868286132812e+01
3.119497299194335938e+01
3.118669319152832031e+01
3.113844871520996094e+01
3.111152076721191406e+01
3.116736793518066406e+01
3.122536849975585938e+01
3.108295059204101562e+01
3.117537879943847656e+01
3.112717056274414062e+01
3.111731910705566406e+01
3.123709297180175781e+01
3.128288841247558594e+01
3.112958145141601562e+01
3.119784164428710938e+01
3.113028717041015625e+01
3.108692359924316406e+01
3.101735687255859375e+01
3.088113403320312500e+01
3.111619377136230469e+01
3.104226684570312500e+01
3.096448516845703125e+01
3.118761444091796875e+01
3.113305854797363281e+01
3.117817306518554688e+01
3.099633789062500000e+01
3.130674171447753906e+01
3.138693237304687500e+01
3.119195747375488281e+01
3.118985176086425781e+01
3.145262908935546875e+01
3.141545677185058594e+01
3.129532432556152344e+01
3.138148498535156250e+01
3.125019454956054688e+01
3.131637954711914062e+01
3.141472053527832031e+01
3.137824249267578125e+01
3.119290542602539062e+01
3.120906448364257812e+01
3.140357971191406250e+01
3.140046310424804688e+01
3.142028427124023438e+01
3.159422683715820312e+01
3.151919746398925781e+01
3.153706359863281250e+01
3.166059875488281250e+01
3.154714775085449219e+01
3.139439392089843750e+01
3.149501037597656250e+01
3.163336372375488281e+01
3.144378662109375000e+01
3.142601013183593750e+01
3.139396476745605469e+01
3.125637435913085938e+01
3.134203338623046875e+01
3.161663627624511719e+01
3.157567787170410156e+01
3.166336059570312500e+01
3.169588661193847656e+01
3.146925354003906250e+01
3.168351554870605469e+01
3.158873558044433594e+01
3.154284286499023438e+01
3.145171546936035156e+01
3.138983535766601562e+01
3.131267547607421875e+01
3.128318023681640625e+01
3.126821899414062500e+01
3.126913261413574219e+01
3.115834045410156250e+01
3.118186187744140625e+01
3.112058830261230469e+01
3.125236511230468750e+01
3.118920707702636719e+01
3.124924278259277344e+01
3.114056396484375000e+01
3.114669609069824219e+01
3.124859428405761719e+01
3.136591148376464844e+01
3.118640327453613281e+01
3.125244522094726562e+01
3.148530578613281250e+01
3.153865623474121094e+01
3.155871009826660156e+01
3.140367126464843750e+01
3.140519523620605469e+01
3.142916488647460938e+01
3.159652900695800781e+01
3.168980598449707031e+01
3.137057876586914062e+01
3.157599830627441406e+01
3.134163665771484375e+01
3.152673149108886719e+01
3.151463317871093750e+01
3.150249862670898438e+01
3.164225006103515625e+01
3.162021636962890625e+01
3.183963394165039062e+01
3.183549499511718750e+01
3.144328689575195312e+01
3.153279495239257812e+01
3.170526313781738281e+01
3.169113349914550781e+01
3.172608375549316406e+01
3.178063964843750000e+01
3.166526222229003906e+01
3.153041076660156250e+01
3.117536544799804688e+01
3.141453552246093750e+01
3.143882751464843750e+01
3.124185752868652344e+01
3.132593536376953125e+01
3.144420814514160156e+01
3.137420463562011719e+01
3.136525917053222656e+01
3.141594696044921875e+01
3.140846252441406250e+01
3.152228546142578125e+01
3.147248077392578125e+01
3.150388336181640625e+01
3.152906417846679688e+01
3.136649513244628906e+01
3.134275054931640625e+01
3.126723098754882812e+01
3.151516723632812500e+01
3.142029190063476562e+01
3.127447509765625000e+01
3.129060935974121094e+01
3.134472656250000000e+01
3.143130111694335938e+01
3.120787811279296875e+01
3.109011840820312500e+01
3.115455436706542969e+01
3.113317871093750000e+01
3.106841278076171875e+01
3.128549957275390625e+01
3.142193031311035156e+01
3.135799407958984375e+01
3.117196655273437500e+01
3.134298515319824219e+01
3.143446922302246094e+01
3.131668281555175781e+01
3.129916572570800781e+01
3.122117042541503906e+01
3.109995269775390625e+01
3.114343643188476562e+01
3.127911376953125000e+01
3.138762855529785156e+01
3.131201744079589844e+01
3.143379783630371094e+01
3.133210372924804688e+01
3.129047203063964844e+01
3.127899551391601562e+01
3.112271881103515625e+01
3.117795372009277344e+01
3.128648376464843750e+01
3.139294815063476562e+01
3.110551643371582031e+01
3.123484039306640625e+01
3.131115341186523438e+01
3.116433715820312500e+01
3.136516189575195312e+01
3.132727813720703125e+01
3.116416168212890625e+01
3.119206237792968750e+01
3.140100860595703125e+01
3.125059127807617188e+01
3.157340812683105469e+01
3.158329010009765625e+01
3.155148887634277344e+01
3.145974540710449219e+01
3.139779281616210938e+01
3.160362815856933594e+01
3.165886688232421875e+01
3.153357124328613281e+01
3.170067214965820312e+01
3.161972045898437500e+01
3.151177024841308594e+01
3.140997314453125000e+01
3.147032356262207031e+01
3.147768974304199219e+01
3.165171623229980469e+01
3.158037185668945312e+01
3.173868942260742188e+01
3.181016921997070312e+01
3.160578727722167969e+01
3.145606422424316406e+01
3.156497955322265625e+01
3.132382202148437500e+01
3.143507766723632812e+01
3.136027145385742188e+01
3.124261093139648438e+01
3.141050338745117188e+01
3.147258758544921875e+01
3.124542427062988281e+01
3.117881584167480469e+01
3.130981826782226562e+01
3.134929847717285156e+01
3.155273056030273438e+01
3.166872024536132812e+01
3.151209831237792969e+01
3.148194694519042969e+01
3.151169013977050781e+01
3.146859169006347656e+01
3.143794822692871094e+01
3.125177383422851562e+01
3.139302825927734375e+01
3.141039657592773438e+01
3.154437637329101562e+01
3.169125556945800781e+01
3.187880134582519531e+01
3.189796066284179688e+01
3.180291366577148438e+01
3.162987327575683594e+01
3.158440017700195312e+01
3.162235260009765625e+01
3.167981338500976562e+01
3.174443817138671875e+01
3.160213851928710938e+01
3.140555572509765625e+01
3.160517120361328125e+01
3.139532089233398438e+01
3.150770568847656250e+01
3.146697998046875000e+01
3.144902420043945312e+01
3.128333282470703125e+01
3.134356689453125000e+01
3.130640029907226562e+01
3.153595352172851562e+01
3.137649154663085938e+01
3.158890151977539062e+01
3.151815032958984375e+01
3.131924819946289062e+01
3.155948257446289062e+01
3.155991744995117188e+01
3.147409820556640625e+01
3.155505752563476562e+01
3.158839797973632812e+01
3.167431068420410156e+01
3.158015823364257812e+01
3.154610633850097656e+01
3.131443023681640625e+01
3.144409751892089844e+01
3.151525688171386719e+01
3.141612625122070312e+01
3.143711471557617188e+01
3.146899795532226562e+01
3.159501266479492188e+01
3.151362228393554688e+01
3.153918457031250000e+01
3.151652526855468750e+01
3.147485733032226562e+01
3.148881530761718750e+01
3.121134185791015625e+01
3.157619094848632812e+01
3.145609283447265625e+01
3.160311317443847656e+01
3.162122344970703125e+01
3.166312217712402344e+01
3.160196876525878906e+01
3.155496788024902344e+01
