-6.206988170742988586e-02
-6.769399344921112061e-02
-7.627645134925842285e-02
-7.208130508661270142e-02
-7.825569808483123779e-02
-7.609643787145614624e-02
-7.472512125968933105e-02
-7.499314099550247192e-02
-7.584591209888458252e-02
-7.674383372068405151e-02
-7.504782080650329590e-02
-7.697086036205291748e-02
-7.860294729471206665e-02
-8.138826489448547363e-02
-7.885837554931640625e-02
-8.206117153167724609e-02
-8.387125283479690552e-02
-8.373167365789413452e-02
-8.488389104604721069e-02
-8.564559370279312134e-02
-8.462238311767578125e-02
-8.281046897172927856e-02
-8.522737026214599609e-02
-8.502002060413360596e-02
-8.539429306983947754e-02
-8.491705358028411865e-02
-8.468688279390335083e-02
-8.548294007778167725e-02
-8.478605002164840698e-02
-8.388549834489822388e-02
-8.293311297893524170e-02
-8.190172165632247925e-02
-8.112411201000213623e-02
-8.078517019748687744e-02
-7.978025078773498535e-02
-7.870011776685714722e-02
-7.785867154598236084e-02
-7.721056789159774780e-02
-7.570701092481613159e-02
-7.477577775716781616e-02
-7.360090315341949463e-02
-7.317340373992919922e-02
-7.165420800447463989e-02
-7.072012126445770264e-02
-6.942211091518402100e-02
-6.773407757282257080e-02
-6.667857617139816284e-02
-6.533078849315643311e-02
-6.396695971488952637e-02
-6.261800229549407959e-02
-6.153627485036849976e-02
-5.996244028210639954e-02
-5.870496854186058044e-02
-5.797547474503517151e-02
-5.675502121448516846e-02
-5.526821315288543701e-02
-5.399391427636146545e-02
-5.284172296524047852e-02
-5.177935957908630371e-02
-5.035809427499771118e-02
-4.917154461145401001e-02
-4.790439456701278687e-02
-4.687538370490074158e-02
-4.557061567902565002e-02
-4.462347924709320068e-02
-4.338413476943969727e-02
-4.206554591655731201e-02
-4.104212298989295959e-02
-3.980489447712898254e-02
-3.867510706186294556e-02
-3.761811554431915283e-02
-3.650715947151184082e-02
-3.553628548979759216e-02
-3.452466800808906555e-02
-3.352718800306320190e-02
-3.254409506916999817e-02
-3.160009905695915222e-02
-3.063668869435787201e-02
-2.964478731155395508e-02
-2.874835208058357239e-02
-2.789101377129554749e-02
-2.707089856266975403e-02
-2.629585377871990204e-02
-2.542883716523647308e-02
-2.462023310363292694e-02
-2.387114241719245911e-02
-2.316356636583805084e-02
-2.243456058204174042e-02
-2.169415354728698730e-02
-2.093963697552680969e-02
-2.030687034130096436e-02
-1.963796094059944153e-02
-1.901990920305252075e-02
-1.836650259792804718e-02
-1.776450499892234802e-02
-1.715410500764846802e-02
-1.660645008087158203e-02
-1.599281094968318939e-02
-1.548034418374300003e-02
-1.497285254299640656e-02
-1.445970032364130020e-02
-1.396546233445405960e-02
-1.348667871206998825e-02
-1.302079390734434128e-02
-1.254810392856597900e-02
-1.211205869913101196e-02
-1.169750280678272247e-02
-1.127451471984386444e-02
-1.086457446217536926e-02
-1.048669125884771347e-02
-1.011529751121997833e-02
-9.753494523465633392e-03
-9.405499324202537537e-03
-9.060516022145748138e-03
-8.738019503653049469e-03
-8.429108187556266785e-03
-8.127341978251934052e-03
-7.838594727218151093e-03
-7.554176729172468185e-03
-7.285445928573608398e-03
-7.019927725195884705e-03
-6.763423327356576920e-03
-6.515822838991880417e-03
-6.275126244872808456e-03
-6.047206930816173553e-03
-5.825856234878301620e-03
-5.612423177808523178e-03
-5.407665390521287918e-03
-5.206488538533449173e-03
-5.016052629798650742e-03
-4.830155055969953537e-03
-4.649740178138017654e-03
-4.474991466850042343e-03
-4.308675415813922882e-03
-4.146903287619352341e-03
-3.992084879428148270e-03
-3.844605525955557823e-03
-3.700389061123132706e-03
-3.562979167327284813e-03
-3.429559059441089630e-03
-3.300568554550409317e-03
-3.176126861944794655e-03
-3.057185327634215355e-03
-2.942178165540099144e-03
-2.830808283761143684e-03
-2.724490594118833542e-03
-2.621851628646254539e-03
-2.523245988413691521e-03
-2.427749335765838623e-03
-2.335653640329837799e-03
-2.247650641947984695e-03
-2.162782941013574600e-03
-2.080775564536452293e-03
-2.002472989261150360e-03
-1.926347846165299416e-03
-1.853246008977293968e-03
-1.782742096111178398e-03
-1.715320511721074581e-03
-1.650239923037588596e-03
-1.587389619089663029e-03
-1.527148531749844551e-03
-1.469351002015173435e-03
-1.413293764926493168e-03
-1.359421876259148121e-03
-1.307639176957309246e-03
-1.257977099157869816e-03
-1.210027956403791904e-03
-1.163939945399761200e-03
-1.119573949836194515e-03
-1.076927292160689831e-03
-1.035977154970169067e-03
-9.963865159079432487e-04
-9.584010113030672073e-04
-9.217919432558119297e-04
-8.866089629009366035e-04
-8.527492755092680454e-04
-8.201849414035677910e-04
-7.888188702054321766e-04
-7.586796418763697147e-04
-7.297400152310729027e-04
-7.018511532805860043e-04
-6.750219035893678665e-04
-6.492306711152195930e-04
-6.244222749955952168e-04
-6.005303584970533848e-04
-5.775886820629239082e-04
-5.554751842282712460e-04
-5.342386430129408836e-04
-5.137930857017636299e-04
-4.941386869177222252e-04
-4.752359818667173386e-04
-4.570487944874912500e-04
-4.395478172227740288e-04
-4.227090685162693262e-04
-4.065217217430472374e-04
-3.909422957804054022e-04
-3.759565006475895643e-04
-3.615730383899062872e-04
-3.477193822618573904e-04
-3.344068536534905434e-04
-3.215889155399054289e-04
-3.092783445026725531e-04
-2.974226372316479683e-04
-2.860256354324519634e-04
-2.750662388280034065e-04
-2.645234053488820791e-04
-2.543851442169398069e-04
-2.446410071570426226e-04
-2.352600567974150181e-04
-2.262472262373194098e-04
-2.175729314330965281e-04
-2.092320937663316727e-04
-2.012111508520320058e-04
-1.934952451847493649e-04
-1.860727497842162848e-04
-1.789383386494591832e-04
-1.720781438052654266e-04
-1.654780644457787275e-04
-1.591332838870584965e-04
-1.530299487058073282e-04
-1.471590221626684070e-04
-1.415178558090701699e-04
-1.360905444016680121e-04
-1.308714126935228705e-04
-1.258508855244144797e-04
-1.210232294397428632e-04
-1.163821580121293664e-04
-1.119162989198230207e-04
-1.076217813533730805e-04
-1.034939341479912400e-04
-9.952355321729555726e-05
-9.570573456585407257e-05
-9.203341323882341385e-05
-8.850266021909192204e-05
-8.510662883054465055e-05
-8.184147736756131053e-05
-7.870094123063609004e-05
-7.568121509393677115e-05
-7.277634722413495183e-05
-6.998309254413470626e-05
-6.729704909957945347e-05
-6.471408414654433727e-05
-6.223028321983292699e-05
-5.984181916574016213e-05
-5.754502126364968717e-05
-5.533637158805504441e-05
-5.321249409462325275e-05
-5.117013279232196510e-05
-4.920615901937708259e-05
-4.731757144327275455e-05
-4.550146331894211471e-05
-4.375506978249177337e-05
-4.207569872960448265e-05
-4.046077810926362872e-05
-3.890783045790158212e-05
-3.741450200323015451e-05
-3.597847899072803557e-05
-3.459758227108977735e-05
-3.326968362671323121e-05
-3.199275670340284705e-05
-3.076483335462398827e-05
-2.958405457320623100e-05
-2.844857954187318683e-05
-2.735668567765969783e-05
-2.630670132930390537e-05
-2.529701305320486426e-05
-2.432608380331657827e-05
-2.339242018933873624e-05
-2.249459794256836176e-05
-2.163122553611174226e-05
-2.080099147860892117e-05
-2.000262247747741640e-05
-1.923489435284864157e-05
-1.849663931352552027e-05
-1.778670775820501149e-05
-1.710403375909663737e-05
-1.644756775931455195e-05
-1.581628930580336601e-05
-1.520924070064211264e-05
-1.462549244024557993e-05
-1.406414776283781976e-05
-1.352434810542035848e-05
-1.300526582781458274e-05
-1.250610330316703767e-05
-1.202610110340174288e-05
-1.156452617578906938e-05
-1.112066911446163431e-05
-1.069384416041430086e-05
-1.028339920594589785e-05
-9.888711247185710818e-06
-9.509170013188850135e-06
-9.144197065324988216e-06
-8.793230335868429393e-06
-8.455734132439829409e-06
-8.131194590532686561e-06
-7.819106940587516874e-06
-7.519000973843503743e-06
-7.230412848002742976e-06
-6.952901003387523815e-06
-6.686038886982714757e-06
-6.429419499909272417e-06
-6.182651304698083550e-06
-5.945352768321754411e-06
-5.717162821383681148e-06
-5.497732217918382958e-06
-5.286723080644151196e-06
-5.083812538941856474e-06
-4.888690909865545109e-06
-4.701056695921579376e-06
-4.520625680015655234e-06
-4.347119102021679282e-06
-4.180270934739382938e-06
-4.019827429146971554e-06
-3.865541202685562894e-06
-3.717176468853722326e-06
-3.574506308723357506e-06
-3.437312443566042930e-06
-3.305384097984642722e-06
-3.178519818902714178e-06
-3.056523837585700676e-06
-2.939211071861791424e-06
-2.826400304911658168e-06
-2.717919414862990379e-06
-2.613602418932714500e-06
-2.513289473426993936e-06
-2.416826646367553622e-06
-2.324065690118004568e-06
-2.234865632999571972e-06
-2.149088913938612677e-06
-2.066604338324395940e-06
-1.987285486393375322e-06
-1.911011167976539582e-06
-1.837663717196846846e-06
-1.767132175700680818e-06
-1.699307404123828746e-06
-1.634085833757126238e-06
-1.571367988617566880e-06
-1.511057007519411854e-06
-1.453060804124106653e-06
-1.397290475324552972e-06
-1.343660755992459599e-06
-1.292089450544153806e-06
-1.242497660314256791e-06
-1.194809101434657350e-06
-1.148950900642375927e-06
-1.104853140532213729e-06
-1.062447381627862342e-06
-1.021669163492333610e-06
-9.824562994253938086e-07
-9.447481374991184566e-07
-9.084874363907147199e-07
-8.736184327062801458e-07
-8.400876936320855748e-07
-8.078442874648317229e-07
-7.768383056827588007e-07
-7.470222840311180335e-07
-7.183507477748207748e-07
-6.907794158905744553e-07
-6.642663947786786593e-07
-6.387710413946479093e-07
-6.142541906228871085e-07
-5.906784963372047059e-07
-5.680075787495297845e-07
-5.462068202177761123e-07
-5.252428536550723948e-07
-5.050832214692491107e-07
-4.856974555877968669e-07
-4.670556847941043088e-07
-4.491295442221598933e-07
-4.318914363921066979e-07
-4.153149006924650166e-07
-3.993746418018417899e-07
-3.840461602067080094e-07
-3.693059227316553006e-07
-3.551314193828147836e-07
-3.415009359741816297e-07
-3.283936678144527832e-07
-3.157895491767703788e-07
-3.036690827684651595e-07
-2.920139365869545145e-07
-2.808060912684595678e-07
-2.700283801004843554e-07
-2.596642900698498124e-07
-2.496979618626937736e-07
-2.401143035513086943e-07
-2.308984647925171885e-07
-2.220363057858776301e-07
-2.135142977977011469e-07
-2.053193668416497530e-07
-1.974389505221552099e-07
-1.898609980344190262e-07
-1.825739275318483124e-07
-1.755664840175086283e-07
-1.688280377720730030e-07
-1.623482290824540542e-07
-1.561170677177869948e-07
-1.501251034596862155e-07
-1.443630992525868351e-07
-1.388222443665654282e-07
-1.334940549213570193e-07
-1.283703880972097977e-07
-1.234433284480473958e-07
-1.187054365914264054e-07
-1.141493939371684974e-07
-1.097682016393264348e-07
-1.055551450690472848e-07
-1.015038151308544911e-07
-9.760796615410072263e-08
-9.386165800151502481e-08
-9.025912817151038325e-08
-8.679489127416673000e-08
-8.346359692268379149e-08
-8.026015763107352541e-08
-7.717963512732239906e-08
-7.421738956736589898e-08
-7.136884505598573014e-08
-6.862960333364753751e-08
-6.599552193620183971e-08
-6.346255077005480416e-08
-6.102677474473239272e-08
-5.868449903800865286e-08
-5.643211764549960208e-08
-5.426617732950944628e-08
-5.218338117174425861e-08
-5.018050330818368820e-08
-4.825451327405971824e-08
-4.640244810616422910e-08
-4.462146208084050159e-08
-4.290884803026528971e-08
-4.126194497189317190e-08
-3.967826245343530900e-08
-3.815536331330804387e-08
-3.669091341862440458e-08
-3.528265679619835282e-08
-3.392846181782260828e-08
-3.262624659328139387e-08
-3.137401805020090251e-08
-3.016983995962618792e-08
-2.901188800308318605e-08
-2.789837694194829965e-08
-2.682760502636938327e-08
-2.579792912626999168e-08
-2.480776117863570107e-08
-2.385560726736457582e-08
-2.293999834535043192e-08
-2.205953641976066137e-08
-2.121286613032680179e-08
-2.039868540748557280e-08
-1.961576323594727000e-08
-1.886288636399058305e-08
-1.813890371238358057e-08
-1.744271393988583441e-08
-1.677323879789582861e-08
-1.612946221030142624e-08
-1.551039474634308135e-08
-1.491508605511171481e-08
-1.434262753008397340e-08
-1.379213898644593428e-08
-1.326278020741256114e-08
-1.275373762155140867e-08
-1.226423496092365895e-08
-1.179351993840782598e-08
-1.134086957677027385e-08
-1.090559464955731528e-08
-1.048702369388365696e-08
-1.008451988582237391e-08
-9.697466829550194234e-09
-9.325265892812240054e-09
-8.967350417776742688e-09
-8.623174174715586560e-09
-8.292205144755371293e-09
-7.973942395267386019e-09
-7.667894763585536566e-09
-7.373589294701332619e-09
-7.090582343494133966e-09
-6.818437370270657993e-09
-6.556737819352065344e-09
-6.305084010449490961e-09
-6.063086477325896340e-09
-5.830377514115525628e-09
-5.606599629004449525e-09
-5.391412205568713034e-09
-5.184483065079348307e-09
-4.985496016018942100e-09
-4.794147301367956970e-09
-4.610141601801842626e-09
-4.433199141118393527e-09
-4.263047692631971586e-09
-4.099426575976394815e-09
-3.942084880748097930e-09
-3.790782798773761897e-09
-3.645287183218215432e-09
-3.505376433565743355e-09
-3.370835166549568385e-09
-3.241458434999344718e-09
-3.117047953082874301e-09
-2.997411874261501907e-09
-2.882367677869979161e-09
-2.771738394358180813e-09
-2.665355269826363838e-09
-2.563055989668328039e-09
-2.464683124259181568e-09
-2.370085683267575405e-09
-2.279118893611098429e-09
-2.191643977411672495e-09
-2.107525931549503184e-09
-2.026636192198338904e-09
-1.948850858468631486e-09
-1.874051580585955890e-09
-1.802122340244238785e-09
-1.732954335587066907e-09
-1.666441318270983629e-09
-1.602481369822328361e-09
-1.540976457548026701e-09
-1.481831879424078124e-09
-1.424957152273975680e-09
-1.370264901545681369e-09
-1.317672637668465541e-09
-1.267098537205413322e-09
-1.218465661700918190e-09
-1.171699515190027796e-09
-1.126728377265351355e-09
-1.083483414099362108e-09
-1.041897790265977619e-09
-1.001908112030491793e-09
-9.634536501934576336e-10
-9.264750078230576946e-10
-8.909158966119434808e-10
-8.567215270538497407e-10
-8.238395521331653981e-10
-7.922196232357237022e-10
-7.618133346376509962e-10
-7.325739459496105610e-10
-7.044569372283149278e-10
-6.774186767088963279e-10
-6.514185302286534807e-10
-6.264161966917924929e-10
-6.023734844262662591e-10
-5.792534785165059930e-10
-5.570210404037823082e-10
-5.356418641966342875e-10
-5.150831983158354888e-10
-4.953134569163353262e-10
-4.763027749987713833e-10
-4.580218426752935557e-10
-4.404423770143495176e-10
-4.235376771521970340e-10
-4.072817916256354920e-10
-3.916497681721864410e-10
-3.766177647523960559e-10
-3.621627164829277490e-10
-3.482624466588646328e-10
-3.348957777760119825e-10
-3.220420874416873858e-10
-3.096817247083549773e-10
-2.977956492511424358e-10
-2.863659032126264492e-10
-2.753747507799886307e-10
-2.648055386078596030e-10
-2.546420019289286074e-10
-2.448685421096996606e-10
-2.354702266504915542e-10
-2.264326365297719690e-10
-2.177418523263696670e-10
-2.093846485085038012e-10
-2.013482020002399508e-10
-1.936201615704291612e-10
-1.861888004883738290e-10
-1.790426418235568917e-10
-1.721708331459126384e-10
-1.655626885588290520e-10
-1.592081744217210826e-10
-1.530975762831232601e-10
-1.472214850029018862e-10
-1.415709632857087286e-10
-1.361372403696492484e-10
-1.309121422377046429e-10
-1.258876058951585719e-10
-1.210559014142020828e-10
-1.164096111172518988e-10
-1.119416920269955540e-10
-1.076452260662108529e-10
-1.035136767968403149e-10
-9.954068819206796093e-11
-9.572014708636444880e-11
-9.204627338110782375e-11
-8.851342575555420922e-11
-8.511619881135246146e-11
-8.184933286692341881e-11
-7.870783191865626804e-11
-7.568694282422683273e-11
-7.278198876914387938e-11
-6.998852886130890738e-11
-6.730227486428930206e-11
-6.471911895289395034e-11
-6.223513371317324072e-11
-5.984646112011660080e-11
-5.754948254055314294e-11
-5.534066954693273033e-11
-5.321662555068940037e-11
-5.117409968002917253e-11
-4.920996943269528856e-11
-4.732123026762735662e-11
-4.550497825772659155e-11
-4.375843784543143045e-11
-4.207894796492972489e-11
-4.046391000045446162e-11
-3.891086064466975358e-11
-3.741741638751960863e-11
-3.598129433290964130e-11
-3.460029138202536103e-11
-3.327229464167302808e-11
-3.199526060759794177e-11
-3.076724638950700808e-11
-2.958635766936446032e-11
-2.845079553892571056e-11
-2.735881660109740210e-11
-2.630875378661912123e-11
-2.529899033321125756e-11
-2.432798754115061968e-11
-2.339424834407743958e-11
-2.249634853401794032e-11
-2.163291074053219631e-11
-2.080261136960803725e-11
-2.000418060366104811e-11
-1.923639719736414122e-11
-1.849808153875365235e-11
-1.778810085339976865e-11
-1.710537614330043255e-11
-1.644885269658225013e-11
-1.581752610835263084e-11
-1.521043013763545559e-11
-1.462663670737107680e-11
-1.406524462871372450e-11
-1.352540475452190805e-11
-1.300628268280368260e-11
-1.250708564493052677e-11
-1.202705122993474873e-11
-1.156543784353036841e-11
-1.112154205534787721e-11
-1.069468472114643021e-11
-1.028420924809037018e-11
-9.889488533643131518e-12
-9.509918894035074288e-12
-9.144916594816532296e-12
-8.793924789751716986e-12
-8.456405714563075549e-12
-8.131838084846076953e-12
-7.819726637048329820e-12
-7.519596056937416506e-12
-7.230984040706989191e-12
-6.953447800189804795e-12
-6.686565363900331960e-12
-6.429925168693895188e-12
-6.183137335469268692e-12
-5.945821526104344557e-12
-5.717613448669167653e-12
-5.498165724787673625e-12
-5.287137914977702025e-12
-5.084210396438804125e-12
-4.889072219987911083e-12
-4.701424145825416900e-12
-4.520977776173440432e-12
-4.347457723680170361e-12
-4.180597708292044246e-12
-4.020142291977224502e-12
-3.865843409278646448e-12
-3.717467306207922206e-12
-3.574784565585353846e-12
-3.437580298540354740e-12
-3.305642001447117728e-12
-3.178767362180257017e-12
-3.056762959072201191e-12
-2.939440574625806768e-12
-2.826620664961310148e-12
-2.718131058773720632e-12
-2.613804572088040956e-12
-2.513483561908391728e-12
-2.417013204164542017e-12
-2.324244963158861310e-12
-2.235037675768491994e-12
-2.149254081998397403e-12
-2.066763210226141290e-12
-1.987437775116673855e-12
-1.911156779707545716e-12
-1.837804431206735423e-12
-1.767267538907435487e-12
-1.699437682592397358e-12
-1.634211212533931423e-12
-1.571488273711951766e-12
-1.511172697393758924e-12
-1.453171892713822633e-12
-1.397397497195085325e-12
-1.343763533605268901e-12
-1.292188253100567952e-12
-1.242592725762825534e-12
-1.194900190078229674e-12
-1.149038329761875588e-12
-1.104936671672551718e-12
-1.062527670014912218e-12
-1.021746381078825205e-12
-9.825304632393727644e-13
-9.448195264355474521e-13
-9.085561079522075367e-13
-8.736848592684476333e-13
-8.401517329059693395e-13
-8.079055545222313395e-13
-7.768972097588200398e-13
-7.470788310898202056e-13
-7.184050988644219427e-13
-6.908318318440964667e-13
-6.643169629845513402e-13
-6.388196720739924839e-13
-6.143010362544276681e-13
-5.907230542397112760e-13
-5.680504894592375287e-13
-5.462479969221833986e-13
-5.252821832016363324e-13
-5.051212811739425046e-13
-4.857341742367515813e-13
-4.670911010404288355e-13
-4.491636012779465226e-13
-4.319241633191778229e-13
-4.153463597361684023e-13
-3.994049015132450364e-13
-3.840751230509836800e-13
-3.693338766330017675e-13
-3.551583669086227912e-13
-3.415269369394513532e-13
-3.284188242538843561e-13
-3.158136458510790723e-13
-3.036923197727997570e-13
-2.920362248467339716e-13
-2.808275530521986418e-13
-2.700489571544339995e-13
-2.596840928056898257e-13
-2.497171035491935198e-13
-2.401327021343130363e-13
-2.309160892013939481e-13
-2.220532649898840361e-13
-2.135306092099914510e-13
-2.053350436730105866e-13
-1.974540458438492352e-13
-1.898754184480669349e-13
-1.825877638103254319e-13
-1.755798062280308769e-13
-1.688408527572571316e-13
-1.623605492672569595e-13
-1.561289075455163378e-13
-1.501365085856617987e-13
-1.443740960116457472e-13
-1.388328200232352705e-13
-1.335042780535936058e-13
-1.283802030611555511e-13
-1.234528158953335231e-13
-1.187145542459744352e-13
-1.141581539585226346e-13
-1.097766219289655898e-13
-1.055632564326246248e-13
-1.015116064665734508e-13
-9.761547174963816631e-14
-9.386886884107936702e-14
-9.026607179817361382e-14
-8.680155118984123064e-14
-8.347001475422777261e-14
-8.026632608354108966e-14
-7.718561982053215309e-14
-7.422315258069633881e-14
-7.137438426743636377e-14
-6.863494419074439579e-14
-6.600066494851994370e-14
-6.346746723008903079e-14
-6.103151567026648960e-14
-5.868907654782082317e-14
-5.643650423294704899e-14
-5.427040042946078280e-14
-5.218744138007699873e-14
-5.018442530025507553e-14
-4.825829270698953066e-14
-4.640608237309676309e-14
-4.462495504413757641e-14
-4.291219343841717881e-14
-4.126517175379908198e-14
-3.968136583210046808e-14
-3.815834299469682278e-14
-3.669378575944445831e-14
-3.528542746617652215e-14
-3.393113020373414446e-14
-3.262881704733065769e-14
-3.137648222294696365e-14
-3.017221143612226764e-14
-2.901416493129513330e-14
-2.790055546894685407e-14
-2.682969914757828839e-14
-2.579993917074460685e-14
-2.480970513936159999e-14
-2.385748086445368260e-14
-2.294180267308799925e-14
-2.206126957276979134e-14
-2.121452969891524099e-14
-2.040028539704915461e-14
-1.961729999906854094e-14
-1.886436563599061533e-14
-1.814033034300711195e-14
-1.744408281289123314e-14
-1.677456086632712201e-14
-1.613073112311912832e-14
-1.551161102504843708e-14
-1.491625528334591250e-14
-1.434374740836262541e-14
-1.379321156803111487e-14
-1.326380919973359912e-14
-1.275472799887366129e-14
-1.226518530700803841e-14
-1.179443488811019944e-14
-1.134174998791140018e-14
-1.090643858049373388e-14
-1.048783066279592238e-14
-1.008529604230520849e-14
-9.698209608706518520e-15
-9.325979285969721727e-15
-8.968037562020157727e-15
-8.623833865442111224e-15
-8.292842188775337298e-15
-7.974550924119694351e-15
-7.668476415662300177e-15
-7.374149407150375896e-15
-7.091120971121876726e-15
-6.818955732641913958e-15
-6.557236104467491222e-15
-6.305561863531030861e-15
-6.063547186325058541e-15
-5.830821072418676879e-15
-5.607026497424618186e-15
-5.391822107065138980e-15
-5.184875440908441949e-15
-4.985873096764043000e-15
-4.794509295737983331e-15
-4.610488846848144820e-15
-4.433531805705459919e-15
-4.263367121766807252e-15
-4.099733908884432496e-15
-3.942380174756527494e-15
-3.791065362026072028e-15
-3.645559501247886552e-15
-3.505640034515080002e-15
-3.371089062601971206e-15
-3.241702662326508694e-15
-3.117282204462561331e-15
-2.997636683080523272e-15
-2.882583562580261216e-15
-2.771946660108746269e-15
-2.665556145560053943e-15
-2.563248965091837785e-15
-2.464868629367092563e-15
-2.370263943004733385e-15
-2.279289428096069325e-15
-2.191807653545408373e-15
-2.107682882322953026e-15
-2.026787424211904699e-15
-1.948996977127253824e-15
-1.874192321181674357e-15
-1.802258683410813342e-15
-1.733086267168882939e-15
-1.666568134546292292e-15
-1.602603065105844514e-15
-1.541093226542131732e-15
-1.481943857044179871e-15
-1.425065065240461570e-15
-1.370369289100054414e-15
-1.317773201756772261e-15
-1.267195488047678700e-15
-1.218558856216336774e-15
-1.171789190879861733e-15
-1.126814282479500148e-15
-1.083565838983879641e-15
-1.041976944790167121e-15
-1.001984601822910551e-15
-9.635274001934339937e-16
-9.265462593536664612e-16
-8.909842163379051022e-16
-8.567872727957624550e-16
-8.239027009262719393e-16
-7.922803140273087380e-16
-7.618715665230833389e-16
-7.326296598432599418e-16
-7.045103365163445097e-16
-6.774703449224678698e-16
-6.514683392658921716e-16
-6.264641913607412425e-16
-6.024196259057110290e-16
-5.792980616653919858e-16
-5.570639232559994325e-16
-5.356831705409655867e-16
-5.151229280540251410e-16
-4.953518026365704829e-16
-4.763397246189740846e-16
-4.580571537272004525e-16
-4.404763231624474066e-16
-4.235703396286396227e-16
-4.073131833324286329e-16
-3.916799726809888421e-16
-3.766468054633399180e-16
-3.621905735618895792e-16
-3.482892276502296122e-16
-3.349214595557806510e-16
-3.220668346086901857e-16
-3.097055798835957486e-16
-2.978187165485229231e-16
-2.863881128044445468e-16
-2.753961662479254913e-16
-2.648261215084778825e-16
-2.546618584903242869e-16
-2.448876012048220932e-16
-2.354885001056147495e-16
-2.264501821023785343e-16
-2.177587373259327560e-16
-2.094008514771377610e-16
-2.013638058268949339e-16
-1.936351992834608798e-16
-1.862032792646924452e-16
-1.790565578862424938e-16
-1.721841560686947280e-16
-1.655755123699880708e-16
-1.592205153343146740e-16
-1.531094240827811132e-16
-1.472328815482981884e-16
-1.415819409453605263e-16
-1.361478275420301642e-16
-1.309223489415203769e-16
-1.258973921563832444e-16
-1.210652941854240753e-16
-1.164186567252441956e-16
-1.119503858749103502e-16
-1.076535664045015961e-16
-1.035216999831257165e-16
-9.954840739389870250e-17
-9.572762043984686512e-17
-9.205349591712312977e-17
-8.852036929289273329e-17
-8.512284734956182997e-17
-8.185572877543868635e-17
-7.871400416473368130e-17
-7.569286925244910684e-17
-7.278769844459956643e-17
-6.999401173098747288e-17
-6.730756732943165427e-17
-6.472423595431424587e-17
-6.224004052125009273e-17
-5.985118261686635135e-17
-5.755401602902288799e-17
-5.534502358575512716e-17
-5.322079399421690018e-17
-5.117811117618660088e-17
-4.921381861044672691e-17
-4.732493182934718694e-17
-4.550855239202159517e-17
-4.376187781055462193e-17
-4.208224787209629669e-17
-4.046707184696810337e-17
-3.891389466311198457e-17
-3.742033073164133738e-17
-3.598409041662061500e-17
-3.460298334378777703e-17
-3.327487869588488685e-17
-3.199775484349486488e-17
-3.076964971420473533e-17
-2.958866741005052666e-17
-2.845301460346422390e-17
-2.736094098026966486e-17
-2.631079714232541878e-17
-2.530095850690843154e-17
-2.432987659191200385e-17
-2.339606743531721559e-17
-2.249809836030312491e-17
-2.163459128396921847e-17
-2.080422602605786164e-17
-2.000572376534204744e-17
-1.923788012684989865e-17
-1.849950727922178913e-17
-1.778947033065729613e-17
-1.710669063763765050e-17
-1.645011271770123457e-17
-1.581873899102930939e-17
-1.521159173013783729e-17
-1.462774780146320908e-17
-1.406631881302754282e-17
-1.352643787954888293e-17
-1.300727616605345128e-17
-1.250804123351442206e-17
-1.202796793986518373e-17
-1.156632009436056409e-17
-1.112239045757683031e-17
-1.069549991423107634e-17
-1.028499416445877274e-17
-9.890242069452541554e-18
-9.510644750448894388e-18
-9.145612427671080935e-18
-8.794590890108690663e-18
-8.457041643182951554e-18
-8.132449353372243070e-18
-7.820315230767195736e-18
-7.520160337793141349e-18
-7.231527243571338084e-18
-6.953970924932232413e-18
-6.687071174124647397e-18
-6.430413160071387694e-18
-6.183604799162103168e-18
-5.946271378579307297e-18
-5.718045216540720260e-18
-5.498580137959988617e-18
-5.287537825966578177e-18
-5.084596507302205815e-18
-4.889443507695326484e-18
-4.701781042125421095e-18
-4.521318356607177260e-18
-4.347784963080290137e-18
-4.180911614255373716e-18
-4.020441884142536559e-18
-3.866132995231994353e-18
-3.717746719507331824e-18
-3.575055168709790615e-18
-3.437840173952809863e-18
-3.305891838155954239e-18
-3.179007708864301388e-18
-3.056993398633901350e-18
-2.939661757851164001e-18
-2.826833908708624750e-18
-2.718336556867953736e-18
-2.614003232230874664e-18
-2.513675322914930491e-18
-2.417196905374654970e-18
-2.324421982231932492e-18
-2.235207864831097660e-18
-2.149417654780772947e-18
-2.066920037158715562e-18
-1.987588660126358028e-18
-1.911302548519114465e-18
-1.837944656280308621e-18
-1.767401659666020729e-18
-1.699567059172384589e-18
-1.634335699464029395e-18
-1.571608008674719079e-18
-1.511287827058244349e-18
-1.453282096795692991e-18
-1.397503343537287521e-18
-1.343865126909016149e-18
-1.292286073018118970e-18
-1.242686669128214324e-18
-1.194990504430217627e-18
-1.149125304018107055e-18
-1.105020654142239035e-18
-1.062608519197231077e-18
-1.021824482492880617e-18
-9.826055749050570542e-19
-9.448918258393502942e-19
-9.086258496407644710e-19
-8.737518116179522551e-19
-8.402161518262508380e-19
-8.079675333688936474e-19
-7.769567906982220627e-19
-7.471361541338611465e-19
-7.184602321396970516e-19
-6.908848222517464753e-19
-6.643678933551340672e-19
-6.388687585034798750e-19
-6.143480749188993454e-19
-5.907687745701924459e-19
-5.680945132091951278e-19
-5.462903424550270257e-19
-5.253230199868211647e-19
-5.051605959534176843e-19
-4.857717925879044230e-19
-4.671273483761123174e-19
-4.491985704905434345e-19
-4.319577483806772478e-19
-4.153786449114593410e-19
-3.994359276766302775e-19
-3.841051172999373163e-19
-3.693627166821051228e-19
-3.551861593020474849e-19
-3.415536541205024586e-19
-3.284443665257913646e-19
-3.158382890868480765e-19
-3.037160606074600251e-19
-2.920590436744506248e-19
-2.808494797540441280e-19
-2.700701273003476325e-19
-2.597044685505042198e-19
-2.497367612234812404e-19
-2.401515473815816094e-19
-2.309342221171149374e-19
-2.220706716608795385e-19
-2.135472604574653588e-19
-2.053510508851041861e-19
-1.974694025900604444e-19
-1.898902697546638304e-19
-1.826020976997327438e-19
-1.755936160894211497e-19
-1.688541103498570722e-19
-1.623732794974748118e-19
-1.561411585908325187e-19
-1.501482867516741178e-19
-1.443854228215937431e-19
-1.388437392324918053e-19
-1.335147703077867071e-19
-1.283903088648382738e-19
-1.234625354619184651e-19
-1.187238633018465212e-19
-1.141671062530508877e-19
-1.097852074309307216e-19
-1.055714589177061007e-19
-1.015194823753724167e-19
-9.762304163759284430e-20
-9.387615256962344504e-20
-9.027308306831316790e-20
-8.680828843861849336e-20
-8.347647601708878917e-20
-8.027250823663827674e-20
-7.719155126056234932e-20
-7.422884233799029144e-20
-7.137983843790159701e-20
-6.864020332442889821e-20
-6.600570415928139634e-20
-6.347234074871557325e-20
-6.103618398482180205e-20
-5.869353740423773640e-20
-5.644079501648052794e-20
-5.427452531447778873e-20
-5.219140665108223551e-20
-5.018823693259449309e-20
-4.826195623698296882e-20
-4.640960480861837140e-20
-4.462834890766785314e-20
-4.291545819187513552e-20
-4.126831217890904466e-20
-3.968436793462083358e-20
-3.816123115887807338e-20
-3.669655278798808419e-20
-3.528808715583475525e-20
-3.393368230035574156e-20
-3.263126057649685720e-20
-3.137883481208341424e-20
-3.017446953372900930e-20
-2.901632297210100478e-20
-2.790264383074626107e-20
-2.683171312495431641e-20
-2.580188134026146642e-20
-2.481157489479929967e-20
-2.385927675224909099e-20
-2.294352319066753365e-20
-2.206292318953234609e-20
-2.121612127123819240e-20
-2.040182335049082458e-20
-1.961877573167434193e-20
-1.886578772707106561e-20
-1.814169449835745901e-20
-1.744538775275967179e-20
-1.677581251187927206e-20
-1.613193318436343464e-20
-1.551276910882188672e-20
-1.491737193560703330e-20
-1.434482562681395728e-20
-1.379425453421608884e-20
-1.326481774471023686e-20
-1.275569777120665168e-20
-1.226611670850036400e-20
-1.179532815533551541e-20
-1.134260590529542119e-20
-1.090726333384817695e-20
-1.048862997233321726e-20
-1.008606524045195369e-20
-9.698951176125672309e-21
-9.326692435495533681e-21
-8.968721947477541491e-21
-8.624491220239739192e-21
-8.293473572376477785e-21
-7.975156054972746360e-21
-7.669060454236912697e-21
-7.374713403138746255e-21
-7.091665768455024883e-21
-6.819478918278896731e-21
-6.557739262304085284e-21
-6.306044923231034751e-21
-6.064011391321878686e-21
-5.831266677639038309e-21
-5.607452929632356403e-21
-5.392231277900498988e-21
-5.185270930977801548e-21
-4.986254829889237653e-21
-4.794876416976151177e-21
-4.610842059276957133e-21
-4.433872664114275571e-21
-4.263695197262478633e-21
-4.100049953089793081e-21
-3.942684496106548190e-21
-3.791358911623360905e-21
-3.645842170680084578e-21
-3.505910514458675081e-21
-3.371349069870324693e-21
-3.241952657349029051e-21
-3.117522357728927623e-21
-2.997868137573396289e-21
-2.882805618000779552e-21
-2.772160113652225271e-21
-2.665760776188324301e-21
-2.563445642998903905e-21
-2.465058002131976499e-21
-2.370446392293739646e-21
-2.279466016487318221e-21
-2.191977530322413984e-21
-2.107846840066913846e-21
-2.026944698750106397e-21
-1.949148927594991007e-21
-1.874337953669742254e-21
-1.802398887823379392e-21
-1.733220658440447302e-21
-1.666697141641088411e-21
-1.602727161281042694e-21
-1.541212570441926172e-21
-1.482058857276406128e-21
-1.425175851827572178e-21
-1.370475706545018911e-21
-1.317875319665546724e-21
-1.267293608909873382e-21
-1.218653329018159641e-21
-1.171879759085462969e-21
-1.126901510355304484e-21
-1.083649920374493750e-21
-1.042057942276974223e-21
-1.002062770112915825e-21
-9.636023047518595603e-22
-9.266180821343976879e-22
-8.910534557366480977e-22
-8.568537985186460452e-22
-8.239665534114420856e-22
-7.923417381880814156e-22
-7.619306327990575855e-22
-7.326868396013691163e-22
-7.045656270262463558e-22
-6.775234751952700711e-22
-6.515193380978198026e-22
-6.265131794652337734e-22
-6.024668310514737702e-22
-5.793434372750478673e-22
-5.571075561932062951e-22
-5.357251595019414399e-22
-5.151633801004981736e-22
-4.953909664752552606e-22
-4.763772224706687408e-22
-4.580932694667202834e-22
-4.405110366369585040e-22
-4.236037153323803717e-22
-4.073450775056090982e-22
-3.917106621576955906e-22
-3.766762102380824921e-22
-3.622189015785035694e-22
-3.483165975865147000e-22
-3.349477655148469712e-22
-3.220921095501308567e-22
-3.097297377757803036e-22
-2.978419447220107112e-22
-2.864103530851740507e-22
-2.754175953035809765e-22
-2.648467581994235501e-22
-2.546816354142649108e-22
-2.449066769219413423e-22
-2.355069132979153705e-22
-2.264678547450798959e-22
-2.177756677986009628e-22
-2.094171500823687925e-22
-2.013794400081846614e-22
-1.936502565894760889e-22
-1.862177353582285511e-22
-1.790704788520834146e-22
-1.721975439925634537e-22
-1.655883663544259485e-22
-1.592328611398585536e-22
-1.531212338518620450e-22
-1.472442453515144741e-22
-1.415928332047366620e-22
-1.361583136306839358e-22
-1.309323941235206121e-22
-1.259070346129006785e-22
-1.210745863034871120e-22
-1.164275644830111757e-22
-1.119588883359876057e-22
-1.076617799695187431e-22
-1.035296129520007314e-22
-9.955601328731938491e-23
-9.573493514549708969e-23
-9.206051571228624323e-23
-8.852712567626718836e-23
-8.512934398529924632e-23
-8.186197677918244194e-23
-7.872000690255956960e-23
-7.569863177023964378e-23
-7.279323812364893199e-23
-6.999934523284577890e-23
-6.731266169450578220e-23
-6.472910436458351793e-23
-6.224472262766563926e-23
-5.985568577519639296e-23
-5.755833980346279531e-23
-5.534917585915842324e-23
-5.322480499583444729e-23
-5.118198026200497777e-23
-4.921755252493637241e-23
-4.732851780230154958e-23
-4.551198886318740039e-23
-4.376517945087668423e-23
-4.208542321550975407e-23
-4.047013269331748499e-23
-3.891684348283196656e-23
-3.742317006867581043e-23
-3.598682159878025478e-23
-3.460558610716705991e-23
-3.327738100104644233e-23
-3.200016155295206919e-23
-3.077194298884640442e-23
-2.959088252965485173e-23
-2.845515632896454015e-23
-2.736301311556587903e-23
-2.631278365978342071e-23
-2.530286972942318742e-23
-2.433171569078008332e-23
-2.339783217446505115e-23
-2.249979291996145131e-23
-2.163622057612876792e-23
-2.080579774525528188e-23
-2.000724173950910384e-23
-1.923934560170524565e-23
-1.850091341871139224e-23
-1.779082500804212979e-23
-1.710799174164825330e-23
-1.645136601224762926e-23
-1.581994281104700611e-23
-1.521274710596753067e-23
-1.462886224063733613e-23
-1.406739049134628098e-23
-1.352746568882043254e-23
-1.300826662885745575e-23
-1.250899419536036171e-23
-1.202888477097289650e-23
-1.156720155960958367e-23
-1.112323221987300867e-23
-1.069631016429825974e-23
-1.028577038314223555e-23
-9.890990465150716740e-24
-9.511363776287588345e-24
-9.146302615178460712e-24
-8.795256356911489574e-24
-8.457685420627503760e-24
-8.133069158129057402e-24
-7.820912953628576926e-24
-7.520736390834782735e-24
-7.232079563839930979e-24
-6.954505443702529218e-24
-6.687582523507421559e-24
-6.430905723179777011e-24
-6.184079034545174627e-24
-5.946727354243181816e-24
-5.718484256383323418e-24
-5.499001458875944356e-24
-5.287943695836325700e-24
-5.084985956571516393e-24
-4.889818613176217188e-24
-4.702141109645538880e-24
-4.521667483901338852e-24
-4.348121634626789749e-24
-4.181235743544569039e-24
-4.020754219721385113e-24
-3.866433699567977289e-24
-3.718034763799610990e-24
-3.575332587058298228e-24
-3.438107471581934951e-24
-3.306148988724053454e-24
-3.179254598447238242e-24
-3.057231029829710168e-24
-2.939891125621705546e-24
-2.827054236675928764e-24
-2.718549180175946864e-24
-2.614207731533721464e-24
-2.513870935276850530e-24
-2.417385555174494882e-24
-2.324603482591699273e-24
-2.235381933704618701e-24
-2.149586013298460373e-24
-2.067082009449789327e-24
-1.987744690489901728e-24
-1.911452966269846150e-24
-1.838088902084292052e-24
-1.767540874115150661e-24
-1.699700216772727782e-24
-1.634463293455600006e-24
-1.571730411866870026e-24
-1.511405429583714032e-24
-1.453395655449768556e-24
-1.397612835651261995e-24
-1.343970787134298956e-24
-1.292387665579962757e-24
-1.242784091859665534e-24
-1.195084335326506071e-24
-1.149215524954364577e-24
-1.105107254907450075e-24
-1.062692077578366171e-24
-1.021904813334818976e-24
-9.826827477348434219e-25
-9.449663217800953212e-25
-9.086972583712014719e-25
-8.738203372447964032e-25
-8.402818172517119337e-25
-8.080303238254955449e-25
-7.770170461976366868e-25
-7.471941596757563355e-25
-7.185159103273516723e-25
-6.909385656759895074e-25
-6.644194779289813299e-25
-6.389181686611279865e-25
-6.143954906500078846e-25
-5.908141702178493313e-25
-5.681379690668187365e-25
-5.463321280132797992e-25
-5.253632190763737791e-25
-5.051991454780194964e-25
-4.858090923391067551e-25
-4.671630829452371570e-25
-4.492328169114358981e-25
-4.319905854984070904e-25
-4.154102083848587117e-25
-3.994662941104039605e-25
-3.841342893793678329e-25
-3.693907748836265802e-25
-3.552130955240583863e-25
-3.415796562333828261e-25
-3.284693549823852375e-25
-3.158623223370153662e-25
-3.037390339898689923e-25
-2.920811489248997273e-25
-2.808706712527072166e-25
-2.700904679005061917e-25
-2.597240220930935874e-25
-2.497554826566551191e-25
-2.401695407592488415e-25
-2.309515038665150133e-25
-2.220871971340629444e-25
-2.135632345784071658e-25
-2.053664520831918019e-25
-1.974842771777398927e-25
-1.899045934515853093e-25
-1.826158268361342622e-25
-1.756067853672939282e-25
-1.688667701190372474e-25
-1.623854642698381263e-25
-1.561529084507681495e-25
-1.501595870271580886e-25
-1.443962925131298171e-25
-1.388541872013545309e-25
-1.335247415332945278e-25
-1.283999066625262246e-25
-1.234717570021424790e-25
-1.187327367437854710e-25
-1.141756352057434147e-25
-1.097934389215308297e-25
-1.055794425734533372e-25
-1.015272120147527285e-25
-9.763046717306634565e-26
-9.388327310267756491e-26
-9.027992288797517804e-26
-8.681485136179188369e-26
-8.348279534277566041e-26
-8.027862723504257163e-26
-7.719743514686245215e-26
-7.423451672768308608e-26
-7.138529904944452038e-26
-6.864544337716803948e-26
-6.601074656134301267e-26
-6.347717801578182636e-26
-6.104081192488584159e-26
-5.869799980696841120e-26
-5.644511166927035411e-26
-5.427869008235550636e-26
-5.219540703927996681e-26
-5.019209168898329631e-26
-4.826565329909074222e-26
-4.641315829311101392e-26
-4.463176553919015134e-26
-4.291872326862361401e-26
-4.127144303156614548e-26
-3.968739492644279868e-26
-3.816415074077969017e-26
-3.669936546227653407e-26
-3.529078960475828608e-26
-3.393629077859052066e-26
-3.263377357199374448e-26
-3.138125042526534993e-26
-3.017679848994886078e-26
-2.901857195478557632e-26
-2.790480512720248231e-26
-2.683378469992105189e-26
-2.580386978062866711e-26
-2.481348726974675250e-26
-2.386111491224726437e-26
-2.294529516434829047e-26
-2.206462286756240586e-26
-2.121775449316040602e-26
-2.040338811249988518e-26
-1.962028342669665794e-26
-1.886723557397751566e-26
-1.814308899637582600e-26
-1.744673743973153293e-26
-1.677711470922742367e-26
-1.613318850641330667e-26
-1.551397583664556667e-26
-1.491853376462343170e-26
-1.434594092546150689e-26
-1.379532833956888473e-26
-1.326584705702607932e-26
-1.275668433539655925e-26
-1.226706672121465860e-26
-1.179624156105811085e-26
-1.134348778675573740e-26
-1.090811283389953662e-26
-1.048944493812490623e-26
-1.008684777217822069e-26
-9.699701186617387318e-27
-9.327415076507445853e-27
-8.969416285096946658e-27
-8.625157848281683759e-27
-8.294116683488761583e-27
-7.975776641493084349e-27
-7.669657780552510759e-27
-7.375287862644677063e-27
-7.092215449790618892e-27
-6.820008363310815751e-27
-6.558249061593324487e-27
-6.306533484535812658e-27
-6.064481453567258224e-27
-5.831718567906472305e-27
-5.607890456443687651e-27
-5.392653918462814457e-27
-5.185676923641440362e-27
-4.986645160212641369e-27
-4.795251249757293277e-27
-4.611203606481815857e-27
-4.434219889056361941e-27
-4.264029696916739561e-27
-4.100370718404523175e-27
-3.942994123370897952e-27
-3.791658400200837733e-27
-3.646129740999093908e-27
-3.506187049008050821e-27
-3.371614620073937103e-27
-3.242207535250669952e-27
-3.117766653381999727e-27
-2.998102848147387601e-27
-2.883031230272172401e-27
-2.772376732724409327e-27
-2.665970066261986739e-27
-2.563646949060648408e-27
-2.465251380794898967e-27
-2.370631598185120702e-27
-2.279643734264467886e-27
-2.192147966518978007e-27
-2.108010635410510589e-27
-2.027102703632791688e-27
-1.949300526483391644e-27
-1.874484118526775132e-27
-1.802539464710234426e-27
-1.733355631468972824e-27
-1.666827077842037904e-27
-1.602851729542377142e-27
-1.541332230811301764e-27
-1.482174018488542356e-27
-1.425286477570215500e-27
-1.370582267133343233e-27
-1.317977801818339150e-27
-1.267391999974544549e-27
-1.218747728107686720e-27
-1.171970163839426220e-27
-1.126988432947809597e-27
-1.083733201954838912e-27
-1.042138122573930025e-27
-1.002139639116918155e-27
-9.636763144185773521e-28
-9.266893113191065843e-28
-8.911215259956547707e-28
-8.569188398167846298e-28
-8.240292526739977063e-28
-7.924022570545024450e-28
-7.619888861894628004e-28
-7.327428214637162594e-28
-7.046193331543044285e-28
-6.775751841339758142e-28
-6.515689669089260910e-28
-6.265609591740522722e-28
-6.025126904787152227e-28
-5.793875200057229753e-28
-5.571501069405960243e-28
-5.357660252855784478e-28
-5.152024379351184435e-28
-4.954282411206141574e-28
-4.764130051489442714e-28
-4.581276484779485380e-28
-4.405441488269361231e-28
-4.236354468801883859e-28
-4.073757833246991472e-28
-3.917402895900615068e-28
-3.767047952554734049e-28
-3.622463817545966334e-28
-3.483429008930707391e-28
-3.349730470708859381e-28
-3.221163813565074209e-28
-3.097531870421295233e-28
-2.978645177919243358e-28
-2.864321254196687892e-28
-2.754385080369932647e-28
-2.648666933862628496e-28
-2.547008166195606542e-28
-2.449250851113427031e-28
-2.355244766080427759e-28
-2.264847873763210166e-28
-2.177920544240806179e-28
-2.094329647605810030e-28
-2.013946387293190822e-28
-1.936648948233966063e-28
-1.862318163512826792e-28
-1.790839921780568065e-28
-1.722105407995332005e-28
-1.656008455268934264e-28
-1.592448794873645182e-28
-1.531328565494165583e-28
-1.472554600269435734e-28
-1.416036019380204862e-28
-1.361686757832083163e-28
-1.309423759896218938e-28
-1.259166377256190970e-28
-1.210838174567331391e-28
-1.164364040561809099e-28
-1.119674280649761582e-28
-1.076700042835676995e-28
-1.035374882536473978e-28
-9.956359061024061366e-29
-9.574222661842929859e-29
-9.206754024747630017e-29
-8.853386805963890466e-29
-8.513578735841744678e-29
-8.186817035533499549e-29
-7.872595546575645809e-29
-7.570435795747624755e-29
-7.279874958009675829e-29
-7.000462847237298514e-29
-6.731775758842727620e-29
-6.473403229006565615e-29
-6.224946229118459769e-29
-5.986025591720608847e-29
-5.756274788270471651e-29
-5.535340530993874648e-29
-5.322889393269195798e-29
-5.118589754034135924e-29
-4.922132260791377825e-29
-4.733214482354341945e-29
-4.551548432011031628e-29
-4.376853947139849295e-29
-4.208865008667226459e-29
-4.047323722536547515e-29
-3.891982426194026418e-29
-3.742603989515260490e-29
-3.598958203686584693e-29
-3.460826295103378791e-29
-3.327996110545206376e-29
-3.200263621808583926e-29
-3.077433527560088423e-29
-2.959318651483249732e-29
-2.845736030233351066e-29
-2.736513533821612816e-29
-2.631483245231008719e-29
-2.530483566902142534e-29
-2.433360424439463283e-29
-2.339965160125388575e-29
-2.250154683383581515e-29
-2.163790868925843080e-29
-2.080742512774711892e-29
-2.000880818365157052e-29
-1.924084361832716022e-29
-1.850235631358125800e-29
-1.779221328093876730e-29
-1.710932667090766315e-29
-1.645265076371345404e-29
-1.582117745540087477e-29
-1.521394227636496267e-29
-1.463001385892167423e-29
-1.406849544194065415e-29
-1.352852938474354247e-29
-1.300928513004182221e-29
-1.250997199331535627e-29
-1.202982185953554332e-29
-1.156810272486023931e-29
-1.112410289798968240e-29
-1.069714755112695252e-29
-1.028657840743558920e-29
-9.891768035050897539e-30
-9.512109314650564830e-30
-9.147021457985736802e-30
-8.795947750931864020e-30
-8.458348782641241153e-30
-8.133708464074083183e-30
-7.821527257151064672e-30
-7.521327440968011441e-30
-7.232650102530362469e-30
-6.955051375171247261e-30
-6.688107704766177531e-30
-6.431408326569201937e-30
-6.184559779111213244e-30
-5.947188537307294162e-30
-5.718927846919988137e-30
-5.499428256988682720e-30
-5.288354234405879196e-30
-5.085380778493462220e-30
-4.890197182584622445e-30
-4.702504400916510680e-30
-4.522015800946622419e-30
-4.348454906403644261e-30
-4.181555773445646170e-30
-4.021062614501889217e-30
-3.866729422114633314e-30
-3.718319968939137214e-30
-3.575605926952697195e-30
-3.438370252878377431e-30
-3.306400041179356989e-30
-3.179496304171928671e-30
-3.057463439596115650e-30
-2.940114308751267017e-30
-2.827269296100577127e-30
-2.718755556954701070e-30
-2.614406641313562410e-30
-2.514062305787257054e-30
-2.417569642070630038e-30
-2.324779315361352899e-30
-2.235551394811903751e-30
-2.149748018444818157e-30
-2.067237530892804021e-30
-1.987894295319645456e-30
-1.911596060312856945e-30
-1.838226592991029179e-30
-1.767673045896483220e-30
-1.699826897390751153e-30
-1.634585456287345144e-30
-1.571848194309382870e-30
-1.511519191117837234e-30
-1.453505253520575043e-30
-1.397717890302866396e-30
-1.344071713555067562e-30
-1.292484532712169047e-30
-1.242877448593343659e-30
-1.195174289164658114e-30
-1.149302173776361429e-30
-1.105190572767404268e-30
-1.062772059781823464e-30
-1.021981183294165233e-30
-9.827563474004464853e-31
-9.450369906317128579e-31
-9.087649965472596968e-31
-8.738856341301127160e-31
-8.403448306401340906e-31
-8.080915226027241001e-31
-7.770761981958261100e-31
-7.472510383092486696e-31
-7.185704337621798740e-31
-6.909908912636392987e-31
-6.644695757994829795e-31
-6.389665205617829587e-31
-6.144422759601256402e-31
-5.908591321357366450e-31
-5.681814010801250087e-31
-5.463738649825400953e-31
-5.254033749022887164e-31
-5.052376752743843084e-31
-4.858461092061574261e-31
-4.671985370224529859e-31
-4.492668879181733518e-31
-4.320236083057352493e-31
-4.154420849930360617e-31
-3.994968802823239948e-31
-3.841638024998591258e-31
-3.694190831498678283e-31
-3.552403173100234292e-31
-3.416057583348357164e-31
-3.284943648754249709e-31
-3.158862945871493124e-31
-3.037621988329942062e-31
-2.921034577824426271e-31
-2.808922274312490929e-31
-2.701111809926824830e-31
-2.597440026051533841e-31
-2.497746820356035967e-31
-2.401880554069075131e-31
-2.309693114902447727e-31
-2.221043913731795408e-31
-2.135797768706773611e-31
-2.053823259558960405e-31
-1.974994843491687969e-31
-1.899192267432867184e-31
-1.826298922342896477e-31
-1.756203253807882815e-31
-1.688798056743031205e-31
-1.623979534997164039e-31
-1.561649182143682408e-31
-1.501711195392994297e-31
-1.444073768636300485e-31
-1.388648622247854217e-31
-1.335350885535526126e-31
-1.284098744092498980e-31
-1.234813322247832602e-31
-1.187419741011379615e-31
-1.141845354832259199e-31
-1.098019869148292183e-31
-1.055876750979222025e-31
-1.015350760388578087e-31
-9.763802426976597416e-32
-9.389054827934452158e-32
-9.028691165516143822e-32
-8.682158957376785932e-32
-8.348929231058508458e-32
-8.028485944541300416e-32
-7.720343030911096791e-32
-7.424026178197340789e-32
-7.139083408822141242e-32
-6.865076263392641435e-32
-6.601585090425597812e-32
-6.348210221841730795e-32
-6.104556103791988685e-32
-5.870257157533265750e-32
-5.644950155311157904e-32
-5.428290089533698804e-32
-5.219946646288307388e-32
-5.019599503364384583e-32
-4.826939799621251833e-32
-4.641675718586317505e-32
-4.463522202879507194e-32
-4.292207125558605540e-32
-4.127468057509791469e-32
-3.969050504206111954e-32
-3.816714077052823837e-32
-3.670223677179762663e-32
-3.529355666786684489e-32
-3.393894636533801132e-32
-3.263633111668192459e-32
-3.138371258150218680e-32
-3.017917176527108056e-32
-2.902086314185781490e-32
-2.790700583732089404e-32
-2.683590420105925683e-32
-2.580590372477412090e-32
-2.481544100097889261e-32
-2.386298347891368741e-32
-2.294709264736668651e-32
-2.206635056627721054e-32
-2.121941423334944503e-32
-2.040499207416542399e-32
-1.962182337103389053e-32
-1.886871499718876000e-32
-1.814450762132653395e-32
-1.744809921749331647e-32
-1.677841861646192074e-32
-1.613444313814713140e-32
-1.551518389792631917e-32
-1.491969315347913360e-32
-1.434705989668368740e-32
-1.379640397614480240e-32
-1.326688050529782508e-32
-1.275768133177656510e-32
-1.226802034373391008e-32
-1.179715771441281122e-32
-1.134436831073560503e-32
-1.090895932571927562e-32
-1.049025999289988503e-32
-1.008763187190814291e-32
-9.700454889473990489e-33
-9.328138359686139575e-33
-8.970108494364595038e-33
-8.625824566107978625e-33
-8.294754663722543252e-33
-7.976390385901558278e-33
-7.670247575909278775e-33
-7.375854566637437300e-33
-7.092760262128905800e-33
-6.820529729473880027e-33
-6.558745668177818072e-33
-6.307014287633194466e-33
-6.064945103310345431e-33
-5.832164528410900260e-33
-5.608319179945643001e-33
-5.393065225816958136e-33
-5.186073527606615425e-33
-4.987025232471954321e-33
-4.795616915933668823e-33
-4.611555071746037989e-33
-4.434557581264864471e-33
-4.264355182815413039e-33
-4.100684124852717942e-33
-3.943292778117306284e-33
-3.791943839687105816e-33
-3.646403680059890608e-33
-3.506449689992973689e-33
-3.371868076451299256e-33
-3.242450923871565617e-33
-3.118001336950010039e-33
-2.998329583551570111e-33
-2.883249788632022060e-33
-2.772587097406681070e-33
-2.666171614207654858e-33
-2.563840422864759147e-33
-2.465437219363533035e-33
-2.370811026148292787e-33
-2.279816743135108775e-33
-2.192314413027836221e-33
-2.108170874357046037e-33
-2.027255720718193876e-33
-1.949446994572381927e-33
-1.874625126103612483e-33
-1.802673851573749528e-33
-1.733485356110303582e-33
-1.666952192182769793e-33
-1.602972789732397423e-33
-1.541448517436312791e-33
-1.482286162265915535e-33
-1.425394256067032295e-33
-1.370685738789305297e-33
-1.318077315637719241e-33
-1.267487436691685832e-33
-1.218839694818401622e-33
-1.172059060417505531e-33
-1.127074360979475116e-33
-1.083815801527230303e-33
-1.042217536010025814e-33
-1.002216014264520318e-33
-9.637496146727918034e-34
-9.267599298592837873e-34
-8.911891952969128933e-34
-8.569842382334036446e-34
-8.240923450939613543e-34
-7.924625471782183372e-34
-7.620468604394320429e-34
-7.327986783633022909e-34
-7.046730474744597445e-34
-6.776268050897101477e-34
-6.516183497292939307e-34
-6.266084217186035521e-34
-6.025583123960084186e-34
-5.794314253162895708e-34
-5.571922201424338660e-34
-5.358063963166262946e-34
-5.152414899909750066e-34
-4.954659556725497321e-34
-4.764493498943740969e-34
-4.581626526396621759e-34
-4.405778081643377027e-34
-4.236677709147821490e-34
-4.074071024585597511e-34
-3.917702725277385875e-34
-3.767336334820579755e-34
-3.622741346119822592e-34
-3.483696435629373628e-34
-3.349987397054444349e-34
-3.221410814771044804e-34
-3.097769242462435311e-34
-2.978873269417790014e-34
-2.864540831765975695e-34
-2.754596294120590197e-34
-2.648871827112404789e-34
-2.547204881913219829e-34
-2.449440715712009099e-34
-2.355428029528852311e-34
-2.265024019167223788e-34
-2.178089783439184567e-34
-2.094492160875305562e-34
-2.014103500135927165e-34
-1.936799364123755298e-34
-1.862462662581188522e-34
-1.790979175109880335e-34
-1.722239273086292136e-34
-1.656137804867323024e-34
-1.592573407024088617e-34
-1.531448274753180654e-34
-1.472669309820368972e-34
-1.416146628233788936e-34
-1.361793101066460652e-34
-1.309525846783101534e-34
-1.259264853707683931e-34
-1.210932635640324539e-34
-1.164455379800986372e-34
-1.119762372857627776e-34
-1.076784508599389864e-34
-1.035456124646519672e-34
-9.957139693010383825e-35
-9.574972589439264260e-35
-9.207470466660873917e-35
-8.854077145951605961e-35
-8.514245058165618369e-35
