7.103218078613281250e+00
7.430495262145996094e+00
7.836406707763671875e+00
8.344539642333984375e+00
8.959414482116699219e+00
9.535654067993164062e+00
9.978212356567382812e+00
1.044621753692626953e+01
1.084015083312988281e+01
1.125716590881347656e+01
1.168509864807128906e+01
1.211668586730957031e+01
1.251996803283691406e+01
1.293376159667968750e+01
1.330857849121093750e+01
1.368197917938232422e+01
1.402928543090820312e+01
1.435575008392333984e+01
1.469892215728759766e+01
1.501975059509277344e+01
1.531900596618652344e+01
1.559505462646484375e+01
1.586046791076660156e+01
1.611937141418457031e+01
1.630877304077148438e+01
1.653624343872070312e+01
1.671188926696777344e+01
1.688458633422851562e+01
1.698409652709960938e+01
1.713254165649414062e+01
1.726115036010742188e+01
1.738693618774414062e+01
1.743913078308105469e+01
1.752082633972167969e+01
1.757092475891113281e+01
1.760232543945312500e+01
1.765056800842285156e+01
1.765616416931152344e+01
1.765220069885253906e+01
1.762994384765625000e+01
1.764367294311523438e+01
1.755733108520507812e+01
1.754698371887207031e+01
1.750362205505371094e+01
1.742707443237304688e+01
1.738722610473632812e+01
1.735370254516601562e+01
1.730791091918945312e+01
1.727888298034667969e+01
1.718733978271484375e+01
1.708446693420410156e+01
1.704055404663085938e+01
1.698997116088867188e+01
1.697652435302734375e+01
1.693351173400878906e+01
1.686330413818359375e+01
1.681434249877929688e+01
1.672650146484375000e+01
1.665904426574707031e+01
1.667645645141601562e+01
1.656850814819335938e+01
1.649190902709960938e+01
1.640633392333984375e+01
1.632452964782714844e+01
1.633417892456054688e+01
1.630153083801269531e+01
1.625790596008300781e+01
1.622608184814453125e+01
1.623653984069824219e+01
1.617822647094726562e+01
1.611356735229492188e+01
1.605770492553710938e+01
1.605397605895996094e+01
1.601050186157226562e+01
1.602021026611328125e+01
1.596665477752685547e+01
1.594967555999755859e+01
1.594125747680664062e+01
1.595625305175781250e+01
1.594533538818359375e+01
1.585964584350585938e+01
1.583761405944824219e+01
1.581049919128417969e+01
1.580258464813232422e+01
1.581842994689941406e+01
1.585500240325927734e+01
1.577849960327148438e+01
1.584409523010253906e+01
1.586505508422851562e+01
1.572657203674316406e+01
1.571263217926025391e+01
1.580059719085693359e+01
1.582907676696777344e+01
1.585515594482421875e+01
1.577115440368652344e+01
1.580723953247070312e+01
1.574374198913574219e+01
1.572343254089355469e+01
1.569494819641113281e+01
1.575230598449707031e+01
1.569297122955322266e+01
1.565477561950683594e+01
1.570682716369628906e+01
1.565640258789062500e+01
1.562252807617187500e+01
1.563375663757324219e+01
1.558520126342773438e+01
1.558422565460205078e+01
1.568824386596679688e+01
1.565300655364990234e+01
1.570180892944335938e+01
1.565676879882812500e+01
1.570604038238525391e+01
1.576839733123779297e+01
1.573290443420410156e+01
1.570045280456542969e+01
1.570532035827636719e+01
1.571446228027343750e+01
1.570108127593994141e+01
1.572285747528076172e+01
1.571046638488769531e+01
1.570853614807128906e+01
1.574469184875488281e+01
1.582477760314941406e+01
1.587042808532714844e+01
1.579052162170410156e+01
1.583661746978759766e+01
1.584339904785156250e+01
1.587140846252441406e+01
1.598386573791503906e+01
1.603008651733398438e+01
1.607708930969238281e+01
1.618081092834472656e+01
1.615936851501464844e+01
1.611647415161132812e+01
1.616698455810546875e+01
1.612417984008789062e+01
1.617202377319335938e+01
1.612270355224609375e+01
1.609698486328125000e+01
1.615441513061523438e+01
1.619715499877929688e+01
1.627463912963867188e+01
1.633402633666992188e+01
1.640187263488769531e+01
1.636693954467773438e+01
1.639463043212890625e+01
1.636584281921386719e+01
1.647606849670410156e+01
1.649386596679687500e+01
1.648466110229492188e+01
1.653512191772460938e+01
1.661754608154296875e+01
1.660163879394531250e+01
1.662416648864746094e+01
1.661788177490234375e+01
1.662868690490722656e+01
1.658244132995605469e+01
1.656641387939453125e+01
1.662186431884765625e+01
1.666367340087890625e+01
1.669069290161132812e+01
1.672407150268554688e+01
1.680947875976562500e+01
1.678899002075195312e+01
1.681383514404296875e+01
1.689515686035156250e+01
1.692864608764648438e+01
1.686513137817382812e+01
1.687892341613769531e+01
1.691675949096679688e+01
1.703552246093750000e+01
1.692750549316406250e+01
1.691177558898925781e+01
1.695603561401367188e+01
1.696772003173828125e+01
1.704036140441894531e+01
1.706266975402832031e+01
1.699888992309570312e+01
1.700516510009765625e+01
1.707267951965332031e+01
1.728397369384765625e+01
1.726753616333007812e+01
1.725540924072265625e+01
1.720788192749023438e+01
1.718232154846191406e+01
1.719746017456054688e+01
1.721388816833496094e+01
1.720495223999023438e+01
1.721766662597656250e+01
1.725601196289062500e+01
1.730733108520507812e+01
1.731020355224609375e+01
1.730143547058105469e+01
1.751109504699707031e+01
1.748701667785644531e+01
1.752358627319335938e+01
1.756385421752929688e+01
1.760058403015136719e+01
1.772811698913574219e+01
1.766127395629882812e+01
1.769761848449707031e+01
1.774327278137207031e+01
1.780568695068359375e+01
1.784833145141601562e+01
1.774354934692382812e+01
1.778589630126953125e+01
1.773064041137695312e+01
1.768619155883789062e+01
1.771953582763671875e+01
1.775013923645019531e+01
1.775639343261718750e+01
1.779511451721191406e+01
1.778371810913085938e+01
1.788152313232421875e+01
1.786559486389160156e+01
1.782759475708007812e+01
1.786221885681152344e+01
1.786751937866210938e+01
1.789194488525390625e+01
1.800302314758300781e+01
1.811743927001953125e+01
1.799765586853027344e+01
1.806500625610351562e+01
1.811734390258789062e+01
1.811203765869140625e+01
1.816508483886718750e+01
1.813007545471191406e+01
1.821690940856933594e+01
1.825949859619140625e+01
1.814802742004394531e+01
1.814628982543945312e+01
1.814654541015625000e+01
1.821377182006835938e+01
1.830397224426269531e+01
1.830666542053222656e+01
1.839324569702148438e+01
1.827839851379394531e+01
1.836418342590332031e+01
1.836185264587402344e+01
1.833281326293945312e+01
1.836337661743164062e+01
1.845020484924316406e+01
1.842439842224121094e+01
1.830997848510742188e+01
1.844167327880859375e+01
1.840216064453125000e+01
1.833462524414062500e+01
1.846169853210449219e+01
1.836165237426757812e+01
1.830213546752929688e+01
1.833455085754394531e+01
1.843718338012695312e+01
1.844503211975097656e+01
1.841168212890625000e+01
1.847545051574707031e+01
1.846974372863769531e+01
1.856119537353515625e+01
1.857764816284179688e+01
1.864270401000976562e+01
1.861691665649414062e+01
1.868987274169921875e+01
1.875462341308593750e+01
1.866617584228515625e+01
1.873336029052734375e+01
1.869414710998535156e+01
1.881016921997070312e+01
1.867993164062500000e+01
1.878348159790039062e+01
1.881508255004882812e+01
1.890044784545898438e+01
1.881486511230468750e+01
1.881073760986328125e+01
1.874544525146484375e+01
1.889030075073242188e+01
1.889034271240234375e+01
1.899938201904296875e+01
1.899792480468750000e+01
1.905502510070800781e+01
1.906571578979492188e+01
1.910690879821777344e+01
1.906357002258300781e+01
1.905277633666992188e+01
1.908744430541992188e+01
1.918676567077636719e+01
1.925694847106933594e+01
1.903011322021484375e+01
1.911958694458007812e+01
1.913588523864746094e+01
1.913961029052734375e+01
1.924857521057128906e+01
1.926921081542968750e+01
1.921986007690429688e+01
1.920392227172851562e+01
1.923966598510742188e+01
1.915342330932617188e+01
1.928522300720214844e+01
1.931562042236328125e+01
1.919194412231445312e+01
1.932232666015625000e+01
1.939056777954101562e+01
1.937813949584960938e+01
1.940435028076171875e+01
1.933332633972167969e+01
1.930898666381835938e+01
1.928440475463867188e+01
1.933202362060546875e+01
1.939116859436035156e+01
1.947559165954589844e+01
1.948310470581054688e+01
1.946784400939941406e+01
1.958534240722656250e+01
1.951531982421875000e+01
1.949230194091796875e+01
1.945077514648437500e+01
1.956143569946289062e+01
1.954354476928710938e+01
1.954427337646484375e+01
1.951862335205078125e+01
1.945606231689453125e+01
1.944489479064941406e+01
1.966304779052734375e+01
1.961627197265625000e+01
1.958868789672851562e+01
1.964380836486816406e+01
1.964261627197265625e+01
1.962709999084472656e+01
1.969308471679687500e+01
1.976037406921386719e+01
1.967468833923339844e+01
1.974914550781250000e+01
1.974202537536621094e+01
1.965166854858398438e+01
1.954661941528320312e+01
1.959842681884765625e+01
1.951975059509277344e+01
1.957527732849121094e+01
1.969124031066894531e+01
1.966753387451171875e+01
1.964588546752929688e+01
1.967080116271972656e+01
1.970645904541015625e+01
1.970946311950683594e+01
1.980911254882812500e+01
1.976858901977539062e+01
1.975020599365234375e+01
1.980338096618652344e+01
1.975076675415039062e+01
1.992452430725097656e+01
1.990049934387207031e+01
1.990592765808105469e+01
1.979341888427734375e+01
1.980717086791992188e+01
1.988613510131835938e+01
1.977453041076660156e+01
1.986379051208496094e+01
1.974336051940917969e+01
1.976070976257324219e+01
1.995034217834472656e+01
1.999062156677246094e+01
2.012427711486816406e+01
2.016673278808593750e+01
2.006944274902343750e+01
2.015690994262695312e+01
2.019701194763183594e+01
2.007262039184570312e+01
2.020592117309570312e+01
2.011931419372558594e+01
2.012272262573242188e+01
2.013311004638671875e+01
2.018499565124511719e+01
2.011800575256347656e+01
2.012629127502441406e+01
2.028329467773437500e+01
2.024377441406250000e+01
2.027051162719726562e+01
2.034925079345703125e+01
2.037917327880859375e+01
2.028021812438964844e+01
2.026269531250000000e+01
2.019463729858398438e+01
2.016807556152343750e+01
2.015514755249023438e+01
2.018512344360351562e+01
2.011976242065429688e+01
2.015933990478515625e+01
2.025037765502929688e+01
2.029302597045898438e+01
2.024783515930175781e+01
2.033047485351562500e+01
2.018948364257812500e+01
2.025934982299804688e+01
2.026715087890625000e+01
2.032752227783203125e+01
2.039038848876953125e+01
2.048685073852539062e+01
2.040606689453125000e+01
2.036770629882812500e+01
2.026373863220214844e+01
2.032853698730468750e+01
2.034103775024414062e+01
2.041794586181640625e+01
2.045955276489257812e+01
2.052818679809570312e+01
2.049791336059570312e+01
2.043913269042968750e+01
2.044947433471679688e+01
2.044972610473632812e+01
2.047298431396484375e+01
2.052989768981933594e+01
2.058789062500000000e+01
2.055715942382812500e+01
2.069177627563476562e+01
2.070832061767578125e+01
2.057001876831054688e+01
2.062006378173828125e+01
2.079362869262695312e+01
2.083257484436035156e+01
2.067915344238281250e+01
2.065274047851562500e+01
2.068952941894531250e+01
2.063802909851074219e+01
2.068496322631835938e+01
2.058762168884277344e+01
2.064092254638671875e+01
2.081808853149414062e+01
2.074945259094238281e+01
2.075701522827148438e+01
2.065472793579101562e+01
2.070088958740234375e+01
2.072660636901855469e+01
2.066751480102539062e+01
2.072428512573242188e+01
2.071501922607421875e+01
2.068720626831054688e+01
2.076234054565429688e+01
2.084959793090820312e+01
2.080661773681640625e+01
2.077436828613281250e+01
2.076049041748046875e+01
2.065437126159667969e+01
2.069286727905273438e+01
2.080464553833007812e+01
2.078129196166992188e+01
2.065101242065429688e+01
2.068860244750976562e+01
2.064513778686523438e+01
2.067402267456054688e+01
2.075118064880371094e+01
2.071707534790039062e+01
2.076774597167968750e+01
2.084596633911132812e+01
2.080081939697265625e+01
2.091636276245117188e+01
2.102441024780273438e+01
2.098587799072265625e+01
2.101952743530273438e+01
2.092822265625000000e+01
2.101864433288574219e+01
2.088094711303710938e+01
2.086315155029296875e+01
2.101678466796875000e+01
2.086981010437011719e+01
2.079668426513671875e+01
2.088770294189453125e+01
2.083206748962402344e+01
2.081212234497070312e+01
2.079547500610351562e+01
2.087642288208007812e+01
2.085919570922851562e+01
2.079478073120117188e+01
2.090203285217285156e+01
2.081822586059570312e+01
2.089447402954101562e+01
2.077864837646484375e+01
2.082536315917968750e+01
2.094237518310546875e+01
2.099402809143066406e+01
2.104840850830078125e+01
2.113246154785156250e+01
2.111206626892089844e+01
2.117224884033203125e+01
2.109805107116699219e+01
2.106436920166015625e+01
2.099762344360351562e+01
2.105433654785156250e+01
2.113667106628417969e+01
2.114784431457519531e+01
2.110999107360839844e+01
2.099094772338867188e+01
2.107233619689941406e+01
2.114684295654296875e+01
2.120857238769531250e+01
2.123406028747558594e+01
2.122251892089843750e+01
2.125200653076171875e+01
2.118564224243164062e+01
2.104843902587890625e+01
2.117721557617187500e+01
2.116587066650390625e+01
2.112320709228515625e+01
2.117402648925781250e+01
2.114254760742187500e+01
2.100414657592773438e+01
2.110832405090332031e+01
2.092456054687500000e+01
2.098480033874511719e+01
2.107277679443359375e+01
2.107727050781250000e+01
2.116618919372558594e+01
2.129970550537109375e+01
2.128751182556152344e+01
2.132704544067382812e+01
2.125824356079101562e+01
2.123129653930664062e+01
2.121995544433593750e+01
2.123727607727050781e+01
2.121305847167968750e+01
2.124923896789550781e+01
2.124290084838867188e+01
2.132042503356933594e+01
2.134258270263671875e+01
2.109273719787597656e+01
2.128540802001953125e+01
2.143386459350585938e+01
2.132244300842285156e+01
2.126008796691894531e+01
2.114659118652343750e+01
2.119557571411132812e+01
2.132605743408203125e+01
2.129057502746582031e+01
2.124892234802246094e+01
2.111031723022460938e+01
2.126725196838378906e+01
2.114816856384277344e+01
2.121576118469238281e+01
2.119187164306640625e+01
2.129575729370117188e+01
2.136244583129882812e+01
2.143559646606445312e+01
2.145433425903320312e+01
2.130880737304687500e+01
2.132847976684570312e+01
2.141122817993164062e+01
2.134565734863281250e+01
2.121833229064941406e+01
2.128854751586914062e+01
2.117776489257812500e+01
2.130463790893554688e+01
2.122637939453125000e+01
2.122237014770507812e+01
2.123042488098144531e+01
2.127680587768554688e+01
2.136089706420898438e+01
2.141896057128906250e+01
2.126857376098632812e+01
2.132900238037109375e+01
2.118116760253906250e+01
2.113093185424804688e+01
2.121849250793457031e+01
2.130426025390625000e+01
2.133219146728515625e+01
2.134884452819824219e+01
2.134743499755859375e+01
2.132229232788085938e+01
2.140436172485351562e+01
2.152118873596191406e+01
2.151998519897460938e+01
2.141271209716796875e+01
2.146656227111816406e+01
2.145813751220703125e+01
2.158126258850097656e+01
2.165600967407226562e+01
2.158210754394531250e+01
2.159473991394042969e+01
2.164687347412109375e+01
2.157869338989257812e+01
2.153192901611328125e+01
2.163128662109375000e+01
2.178036880493164062e+01
2.184686279296875000e+01
2.195557785034179688e+01
2.180944061279296875e+01
2.172019577026367188e+01
2.163934516906738281e+01
2.160349273681640625e+01
2.170111656188964844e+01
2.175311470031738281e+01
2.182275009155273438e+01
2.191590881347656250e+01
2.191175842285156250e+01
2.181920051574707031e+01
2.175969314575195312e+01
2.171932792663574219e+01
2.178518676757812500e+01
2.170208740234375000e+01
2.166720962524414062e+01
2.182972145080566406e+01
2.172742080688476562e+01
2.183513450622558594e+01
2.176954269409179688e+01
2.182387924194335938e+01
2.170633697509765625e+01
2.168435287475585938e+01
2.166805839538574219e+01
2.170423126220703125e+01
2.159895706176757812e+01
2.173480606079101562e+01
2.173375320434570312e+01
2.168266296386718750e+01
2.172631072998046875e+01
2.168315696716308594e+01
2.172069168090820312e+01
2.160941314697265625e+01
2.162720108032226562e+01
2.163843917846679688e+01
2.154794311523437500e+01
2.156790733337402344e+01
2.149921417236328125e+01
2.150841331481933594e+01
2.153505706787109375e+01
2.166758728027343750e+01
2.147303771972656250e+01
2.141055488586425781e+01
2.153142166137695312e+01
2.156422042846679688e+01
2.147383117675781250e+01
2.149083328247070312e+01
2.157532691955566406e+01
2.162303543090820312e+01
2.162979125976562500e+01
2.167274093627929688e+01
2.166809844970703125e+01
2.164999771118164062e+01
2.159062957763671875e+01
2.156219291687011719e+01
2.158871459960937500e+01
2.164885902404785156e+01
2.157709503173828125e+01
2.170198440551757812e+01
2.169480895996093750e+01
2.167597961425781250e+01
2.162379837036132812e+01
2.166159820556640625e+01
2.161255264282226562e+01
2.151700210571289062e+01
2.156634521484375000e+01
2.158046722412109375e+01
2.167086410522460938e+01
2.146435546875000000e+01
2.155184173583984375e+01
2.156861114501953125e+01
2.159795188903808594e+01
2.163317298889160156e+01
2.164377212524414062e+01
2.162715721130371094e+01
2.159767913818359375e+01
2.151335906982421875e+01
2.143179130554199219e+01
2.155016326904296875e+01
2.157962417602539062e+01
2.156025123596191406e+01
2.158866119384765625e+01
2.158700180053710938e+01
2.152246856689453125e+01
2.150148773193359375e+01
2.139963912963867188e+01
2.148685455322265625e+01
2.153120803833007812e+01
2.157682800292968750e+01
2.150932693481445312e+01
2.162028694152832031e+01
2.158796310424804688e+01
2.161580848693847656e+01
2.163796997070312500e+01
2.166061973571777344e+01
2.174592590332031250e+01
2.173373222351074219e+01
2.174088478088378906e+01
2.170704650878906250e+01
2.186475753784179688e+01
2.185186767578125000e+01
2.193600845336914062e+01
2.199521636962890625e+01
2.195088195800781250e+01
2.201834487915039062e+01
2.209566307067871094e+01
2.206206321716308594e+01
2.206553459167480469e+01
2.212522125244140625e+01
2.197385978698730469e+01
2.192485046386718750e+01
2.194952392578125000e+01
2.181639099121093750e+01
2.187448692321777344e+01
2.185963821411132812e+01
2.185702323913574219e+01
2.188037109375000000e+01
2.188740539550781250e+01
2.179855346679687500e+01
2.164908981323242188e+01
2.174755096435546875e+01
2.182521629333496094e+01
2.192030906677246094e+01
2.199165344238281250e+01
2.201308059692382812e+01
2.178263092041015625e+01
2.175543975830078125e+01
2.170858764648437500e+01
2.160815238952636719e+01
2.176004600524902344e+01
2.164164352416992188e+01
2.162673187255859375e+01
2.165418434143066406e+01
2.173522186279296875e+01
2.173560714721679688e+01
2.180075263977050781e+01
2.179798507690429688e+01
2.179123306274414062e+01
2.186513137817382812e+01
2.171076583862304688e+01
2.162792968750000000e+01
2.181422233581542969e+01
2.178723526000976562e+01
2.173645591735839844e+01
2.162564849853515625e+01
2.154846191406250000e+01
2.169691848754882812e+01
2.160873222351074219e+01
2.141804313659667969e+01
2.155248641967773438e+01
2.155512237548828125e+01
2.169202041625976562e+01
2.166088294982910156e+01
2.176451110839843750e+01
2.177257919311523438e+01
2.162759399414062500e+01
2.164640998840332031e+01
2.181627273559570312e+01
2.176620674133300781e+01
2.191235733032226562e+01
2.173885726928710938e+01
2.176130294799804688e+01
2.178145790100097656e+01
2.189241027832031250e+01
2.176969528198242188e+01
2.181358718872070312e+01
2.179546737670898438e+01
2.174601745605468750e+01
2.160099029541015625e+01
2.168981361389160156e+01
2.174881744384765625e+01
2.169337463378906250e+01
2.182461357116699219e+01
2.181026268005371094e+01
2.183882141113281250e+01
2.184483337402343750e+01
2.196408843994140625e+01
2.203819656372070312e+01
2.201901626586914062e+01
2.205252456665039062e+01
2.204474258422851562e+01
2.209950637817382812e+01
2.196791458129882812e+01
2.188957595825195312e+01
2.195331192016601562e+01
2.214313507080078125e+01
2.208462715148925781e+01
2.206346130371093750e+01
2.213326644897460938e+01
2.214838218688964844e+01
2.200457763671875000e+01
2.196855163574218750e+01
2.205106925964355469e+01
2.191050338745117188e+01
2.205606269836425781e+01
2.204052543640136719e+01
2.209275817871093750e+01
2.214551544189453125e+01
2.208803558349609375e+01
2.212414741516113281e+01
2.219014167785644531e+01
2.214748001098632812e+01
2.212078285217285156e+01
2.228354644775390625e+01
2.228156280517578125e+01
2.217814445495605469e+01
2.217353439331054688e+01
2.220519828796386719e+01
2.227607727050781250e+01
2.200155258178710938e+01
2.217573738098144531e+01
2.221897506713867188e+01
2.218263435363769531e+01
2.231997680664062500e+01
2.231340789794921875e+01
2.229301071166992188e+01
2.219237709045410156e+01
2.223469924926757812e+01
2.220762634277343750e+01
2.221422576904296875e+01
2.229059219360351562e+01
2.211375236511230469e+01
2.226338195800781250e+01
2.224387741088867188e+01
2.222188758850097656e+01
2.207391357421875000e+01
2.214239883422851562e+01
2.206150436401367188e+01
2.211748504638671875e+01
2.217846870422363281e+01
2.230049133300781250e+01
2.222167205810546875e+01
2.223141479492187500e+01
2.217581558227539062e+01
2.218325996398925781e+01
2.214477157592773438e+01
2.205336761474609375e+01
2.208445358276367188e+01
2.203431320190429688e+01
2.213658142089843750e+01
2.202002716064453125e+01
2.202669715881347656e+01
2.209593582153320312e+01
2.204726219177246094e+01
2.211200141906738281e+01
2.212061119079589844e+01
2.209803009033203125e+01
2.202333831787109375e+01
2.184519195556640625e+01
2.187879943847656250e+01
2.201495361328125000e+01
2.193612670898437500e+01
2.204150772094726562e+01
2.198920440673828125e+01
2.208181190490722656e+01
2.209039306640625000e+01
2.202151870727539062e+01
2.214132308959960938e+01
2.205860710144042969e+01
2.222229576110839844e+01
2.222314453125000000e+01
2.199114799499511719e+01
2.200597572326660156e+01
2.182792663574218750e+01
2.176845169067382812e+01
2.191165924072265625e+01
2.193140411376953125e+01
2.197846603393554688e+01
2.194127655029296875e+01
2.197101211547851562e+01
2.205115509033203125e+01
2.191891098022460938e+01
2.189486694335937500e+01
2.180600738525390625e+01
2.179864501953125000e+01
2.170620727539062500e+01
2.163338470458984375e+01
2.164500427246093750e+01
2.174238204956054688e+01
2.182294654846191406e+01
2.174597167968750000e+01
2.170808410644531250e+01
2.189834976196289062e+01
2.203780937194824219e+01
2.209762191772460938e+01
2.208647727966308594e+01
2.203326797485351562e+01
2.198485183715820312e+01
2.184363555908203125e+01
2.193993949890136719e+01
2.200208473205566406e+01
2.191990470886230469e+01
2.195364761352539062e+01
2.192380332946777344e+01
2.201614952087402344e+01
2.202319145202636719e+01
2.205643463134765625e+01
2.198369216918945312e+01
2.205698966979980469e+01
2.200636291503906250e+01
2.199669647216796875e+01
2.206770896911621094e+01
2.211131668090820312e+01
2.195929718017578125e+01
2.205123519897460938e+01
2.198662185668945312e+01
2.222904968261718750e+01
2.202298927307128906e+01
2.212948608398437500e+01
2.224318504333496094e+01
2.205476379394531250e+01
2.209773063659667969e+01
2.216065216064453125e+01
2.207456207275390625e+01
2.217598724365234375e+01
2.217905807495117188e+01
2.208151245117187500e+01
2.213657379150390625e+01
2.207079696655273438e+01
2.193814849853515625e+01
2.192359542846679688e+01
2.192856979370117188e+01
2.199165916442871094e+01
2.193066406250000000e+01
2.194762229919433594e+01
2.188154220581054688e+01
2.184011077880859375e+01
2.190591239929199219e+01
2.192985725402832031e+01
2.198740196228027344e+01
2.202727317810058594e+01
2.195559310913085938e+01
2.197409057617187500e+01
2.181859397888183594e+01
2.195523071289062500e+01
2.197756195068359375e+01
2.197798156738281250e+01
2.191174316406250000e+01
2.199806404113769531e+01
2.209765625000000000e+01
2.214427566528320312e+01
2.210505867004394531e+01
2.217491722106933594e+01
2.224936294555664062e+01
2.233706283569335938e+01
2.233322906494140625e+01
2.233494758605957031e+01
2.230916213989257812e+01
2.245474433898925781e+01
2.244048500061035156e+01
2.238319015502929688e+01
2.239344406127929688e+01
2.233298683166503906e+01
2.236052131652832031e+01
2.242090797424316406e+01
2.237020492553710938e+01
2.243542480468750000e+01
2.234801483154296875e+01
2.240124130249023438e+01
2.233934783935546875e+01
2.227869796752929688e+01
2.242108726501464844e+01
2.240707588195800781e+01
2.237236022949218750e+01
2.232885742187500000e+01
2.242779922485351562e+01
2.252879142761230469e+01
2.246627807617187500e+01
2.236532783508300781e+01
2.235745620727539062e+01
2.234266090393066406e+01
2.235533905029296875e+01
2.234875106811523438e+01
2.231002998352050781e+01
2.236854934692382812e+01
2.223359298706054688e+01
2.223508071899414062e+01
2.225420379638671875e+01
2.221774673461914062e+01
2.222509193420410156e+01
2.213836860656738281e+01
2.213894653320312500e+01
2.222315979003906250e+01
2.220147895812988281e+01
2.215319252014160156e+01
2.215458869934082031e+01
2.218344879150390625e+01
2.235218238830566406e+01
2.240614318847656250e+01
2.255239868164062500e+01
2.249983978271484375e+01
2.256100082397460938e+01
2.253355407714843750e+01
2.247705078125000000e+01
2.232224273681640625e+01
2.229765701293945312e+01
2.230576324462890625e+01
2.228679656982421875e+01
2.212984466552734375e+01
2.201663208007812500e+01
2.199586868286132812e+01
2.195003890991210938e+01
2.204553794860839844e+01
2.203544044494628906e+01
2.218317413330078125e+01
2.227617263793945312e+01
2.216141510009765625e+01
2.207283401489257812e+01
2.208833122253417969e+01
2.203225708007812500e+01
2.206269454956054688e+01
2.213672256469726562e+01
2.212420463562011719e+01
2.215038681030273438e+01
2.213926696777343750e+01
2.221031570434570312e+01
2.224431228637695312e+01
2.215757369995117188e+01
2.219440841674804688e+01
2.222496032714843750e+01
2.208868980407714844e+01
2.197536468505859375e+01
2.202277565002441406e+01
2.191048812866210938e+01
2.200901412963867188e+01
2.177535629272460938e+01
2.191394042968750000e+01
2.202964210510253906e+01
2.202253723144531250e+01
2.198336791992187500e+01
2.209938430786132812e+01
2.216052818298339844e+01
2.211851882934570312e+01
2.210484695434570312e+01
2.210892105102539062e+01
2.212707138061523438e+01
2.225103759765625000e+01
2.227324295043945312e+01
2.215251541137695312e+01
2.199961662292480469e+01
2.212599754333496094e+01
2.217228126525878906e+01
2.225528717041015625e+01
2.223353195190429688e+01
2.226597976684570312e+01
2.231529808044433594e+01
2.225179672241210938e+01
2.219256210327148438e+01
2.208849334716796875e+01
2.193412780761718750e+01
2.199755859375000000e+01
2.219757080078125000e+01
2.207315444946289062e+01
2.207403182983398438e+01
2.207548904418945312e+01
2.205792617797851562e+01
2.206632995605468750e+01
2.210394096374511719e+01
2.198370933532714844e+01
2.203918457031250000e+01
2.204311370849609375e+01
2.214387321472167969e+01
2.216134643554687500e+01
2.220800209045410156e+01
2.215384864807128906e+01
2.226146125793457031e+01
2.237274551391601562e+01
2.234519195556640625e+01
2.236688232421875000e+01
2.236841583251953125e+01
2.233222961425781250e+01
2.218277359008789062e+01
2.232359695434570312e+01
2.222278022766113281e+01
2.218210601806640625e+01
2.224486160278320312e+01
2.233444976806640625e+01
2.226901435852050781e+01
2.205073165893554688e+01
2.204884910583496094e+01
2.221105384826660156e+01
2.223423767089843750e+01
2.241207885742187500e+01
2.229668045043945312e+01
2.244573402404785156e+01
2.236343765258789062e+01
2.231472778320312500e+01
2.234173583984375000e+01
2.226944732666015625e+01
2.231203842163085938e+01
2.218597030639648438e+01
2.206951141357421875e+01
2.219155120849609375e+01
2.214150619506835938e+01
2.208412170410156250e+01
2.211767959594726562e+01
2.209087371826171875e+01
2.203070068359375000e+01
2.204093360900878906e+01
2.216422653198242188e+01
2.215942382812500000e+01
2.224853324890136719e+01
2.220635604858398438e+01
2.225082588195800781e+01
2.231696701049804688e+01
2.223270416259765625e+01
2.219627571105957031e+01
2.229161262512207031e+01
2.214798736572265625e+01
2.221714782714843750e+01
2.200207519531250000e+01
2.216080474853515625e+01
2.205252838134765625e+01
2.209439659118652344e+01
2.207508468627929688e+01
2.204137802124023438e+01
2.208498191833496094e+01
2.218164062500000000e+01
2.224986076354980469e+01
2.215972137451171875e+01
2.220105171203613281e+01
2.204116821289062500e+01
2.206890487670898438e+01
2.211301040649414062e+01
2.215996170043945312e+01
2.224899482727050781e+01
2.236752700805664062e+01
2.232708740234375000e+01
2.249415969848632812e+01
2.234115791320800781e+01
2.241851997375488281e+01
2.247323226928710938e+01
2.244515991210937500e+01
2.236559486389160156e+01
2.237695312500000000e+01
2.242869186401367188e+01
2.238979148864746094e+01
2.230944061279296875e+01
2.230370330810546875e+01
2.236414337158203125e+01
2.254456329345703125e+01
2.236665534973144531e+01
2.235903930664062500e+01
2.236207580566406250e+01
2.226458740234375000e+01
2.235865402221679688e+01
2.226285552978515625e+01
2.245870971679687500e+01
2.237057685852050781e+01
2.241749572753906250e+01
2.243727684020996094e+01
2.241868019104003906e+01
2.259535217285156250e+01
2.247634887695312500e+01
2.251815223693847656e+01
2.256437683105468750e+01
2.249643898010253906e+01
2.254637145996093750e+01
2.262798309326171875e+01
2.262174034118652344e+01
2.258201217651367188e+01
2.262511825561523438e+01
2.257133102416992188e+01
2.246919631958007812e+01
2.248839950561523438e+01
2.239830017089843750e+01
2.247960090637207031e+01
2.253022956848144531e+01
2.236989021301269531e+01
2.238512229919433594e+01
2.237578010559082031e+01
2.240385246276855469e+01
2.238748359680175781e+01
2.236046218872070312e+01
2.242707252502441406e+01
2.234011459350585938e+01
2.249397659301757812e+01
2.234556961059570312e+01
2.239598464965820312e+01
2.240767097473144531e+01
2.234275627136230469e+01
2.244449806213378906e+01
2.256572151184082031e+01
2.245946693420410156e+01
2.252163696289062500e+01
2.256364059448242188e+01
2.255950164794921875e+01
2.254849815368652344e+01
2.257771492004394531e+01
2.240892410278320312e+01
2.256966781616210938e+01
2.248335266113281250e+01
2.254435729980468750e+01
2.271191215515136719e+01
2.269273757934570312e+01
2.270609283447265625e+01
2.268358039855957031e+01
2.272562217712402344e+01
2.252098655700683594e+01
2.260166549682617188e+01
2.253179931640625000e+01
2.266650390625000000e+01
2.252930450439453125e+01
2.251617431640625000e+01
2.241226959228515625e+01
2.247404861450195312e+01
2.260179901123046875e+01
2.253858566284179688e+01
2.241953659057617188e+01
2.245712280273437500e+01
2.244573211669921875e+01
2.263636016845703125e+01
2.269734954833984375e+01
2.267278671264648438e+01
2.271622085571289062e+01
2.275376701354980469e+01
2.280756950378417969e+01
2.278103256225585938e+01
2.283908843994140625e+01
2.282707977294921875e+01
2.281095123291015625e+01
2.286413955688476562e+01
2.296402549743652344e+01
2.280574226379394531e+01
2.279326248168945312e+01
2.274991035461425781e+01
2.264669036865234375e+01
2.269639968872070312e+01
2.278487014770507812e+01
2.284189224243164062e+01
2.292795181274414062e+01
2.295310020446777344e+01
2.286402511596679688e+01
2.289651107788085938e+01
2.291368865966796875e+01
2.290816116333007812e+01
2.290911865234375000e+01
2.287631797790527344e+01
2.301888847351074219e+01
2.297955322265625000e+01
2.290926742553710938e+01
2.288073921203613281e+01
2.292949104309082031e+01
2.291116333007812500e+01
2.301584815979003906e+01
2.297684669494628906e+01
2.297567558288574219e+01
2.288392639160156250e+01
2.292161369323730469e+01
2.306639480590820312e+01
2.292338943481445312e+01
2.278643035888671875e+01
2.282177734375000000e+01
2.286579513549804688e+01
2.287253189086914062e+01
2.278393363952636719e+01
2.273696136474609375e+01
2.278440666198730469e+01
2.261334800720214844e+01
2.275798988342285156e+01
2.284334182739257812e+01
2.273399353027343750e+01
2.280768775939941406e+01
2.292618751525878906e+01
2.298472213745117188e+01
2.300985336303710938e+01
2.289147758483886719e+01
2.275045585632324219e+01
2.276929473876953125e+01
2.284407424926757812e+01
2.291025924682617188e+01
2.272933387756347656e+01
2.266234207153320312e+01
2.276440811157226562e+01
2.279534530639648438e+01
2.280521774291992188e+01
2.272607612609863281e+01
2.287161445617675781e+01
2.290046882629394531e+01
2.285627555847167969e+01
2.279117965698242188e+01
2.274473953247070312e+01
2.285901260375976562e+01
2.287281036376953125e+01
2.289027786254882812e+01
2.288953590393066406e+01
2.277157402038574219e+01
2.280151176452636719e+01
2.279825210571289062e+01
2.292361450195312500e+01
2.296592330932617188e+01
2.296955871582031250e+01
2.293577384948730469e+01
2.295042228698730469e+01
2.297491073608398438e+01
2.294918251037597656e+01
2.299814987182617188e+01
2.303357696533203125e+01
2.311724281311035156e+01
2.304063796997070312e+01
2.302817535400390625e+01
2.304359054565429688e+01
2.293528747558593750e+01
2.288749313354492188e+01
2.274967384338378906e+01
2.282808494567871094e+01
2.279304695129394531e+01
2.270597076416015625e+01
2.275492858886718750e+01
2.273399734497070312e+01
2.288426589965820312e+01
2.290574073791503906e+01
2.288225364685058594e+01
2.280837631225585938e+01
2.273001098632812500e+01
2.286598396301269531e+01
2.284752464294433594e+01
2.273263740539550781e+01
2.267497253417968750e+01
2.287277221679687500e+01
2.288548660278320312e+01
2.289665603637695312e+01
2.285274124145507812e+01
2.290797615051269531e+01
2.304454994201660156e+01
2.302161407470703125e+01
2.289712524414062500e+01
2.295870208740234375e+01
2.312517738342285156e+01
2.308231735229492188e+01
2.316601371765136719e+01
2.304419136047363281e+01
2.304824447631835938e+01
2.305223464965820312e+01
2.298740196228027344e+01
2.304780960083007812e+01
2.290522003173828125e+01
2.289164543151855469e+01
2.291893386840820312e+01
2.284876251220703125e+01
2.278109931945800781e+01
2.288457870483398438e+01
2.284166336059570312e+01
2.295379066467285156e+01
2.295318794250488281e+01
2.289817047119140625e+01
2.297791290283203125e+01
2.292735671997070312e+01
2.282146453857421875e+01
2.286530494689941406e+01
2.285586357116699219e+01
2.288309288024902344e+01
2.285936355590820312e+01
2.286680984497070312e+01
2.290467834472656250e+01
2.292339706420898438e+01
2.278302001953125000e+01
2.276349067687988281e+01
2.273217391967773438e+01
2.265914916992187500e+01
2.268564987182617188e+01
2.253262329101562500e+01
2.265946578979492188e+01
2.270824813842773438e+01
2.275870132446289062e+01
2.268524169921875000e+01
2.275042343139648438e+01
2.278238296508789062e+01
2.268626403808593750e+01
2.262251853942871094e+01
2.262033843994140625e+01
2.260767936706542969e+01
2.283970642089843750e+01
2.275013542175292969e+01
2.277122116088867188e+01
2.282607269287109375e+01
2.286916351318359375e+01
2.276420974731445312e+01
2.272032356262207031e+01
2.272456741333007812e+01
2.279487609863281250e+01
2.302127456665039062e+01
2.292292022705078125e+01
2.278877830505371094e+01
2.264372634887695312e+01
2.260281753540039062e+01
2.277200698852539062e+01
2.285705184936523438e+01
2.286394119262695312e+01
2.287950134277343750e+01
2.288534927368164062e+01
2.295613098144531250e+01
2.292945480346679688e+01
2.284128189086914062e+01
2.291788101196289062e+01
2.275493812561035156e+01
2.286408615112304688e+01
2.290654373168945312e+01
2.289221572875976562e+01
2.295982742309570312e+01
2.300443458557128906e+01
2.296064949035644531e+01
2.302586364746093750e+01
2.312655830383300781e+01
2.315701293945312500e+01
2.315927124023437500e+01
2.322338104248046875e+01
2.317574691772460938e+01
2.324076461791992188e+01
2.320220184326171875e+01
2.309492683410644531e+01
2.301135063171386719e+01
2.301726341247558594e+01
2.316240501403808594e+01
2.303935050964355469e+01
2.298875999450683594e+01
2.295556259155273438e+01
2.281921768188476562e+01
2.283454704284667969e+01
2.270932388305664062e+01
2.283666992187500000e+01
2.294841766357421875e+01
2.294627952575683594e+01
2.291233444213867188e+01
2.304207038879394531e+01
2.297052383422851562e+01
2.281573486328125000e+01
2.275384140014648438e+01
2.267047882080078125e+01
2.288432693481445312e+01
2.283061790466308594e+01
2.279648590087890625e+01
2.287741088867187500e+01
2.290455436706542969e+01
2.282584762573242188e+01
2.301078033447265625e+01
2.314107131958007812e+01
2.316798400878906250e+01
2.313615417480468750e+01
2.311207580566406250e+01
2.299519729614257812e+01
2.304898834228515625e+01
2.307217216491699219e+01
2.314110565185546875e+01
2.322896194458007812e+01
2.314550399780273438e+01
2.318022155761718750e+01
2.316672515869140625e+01
2.315615463256835938e+01
2.322727584838867188e+01
2.311044120788574219e+01
2.316653633117675781e+01
2.316469001770019531e+01
2.314137268066406250e+01
2.301732254028320312e+01
2.297633743286132812e+01
2.310925674438476562e+01
2.312583923339843750e+01
2.316111373901367188e+01
2.302155494689941406e+01
2.311299133300781250e+01
2.314080047607421875e+01
2.307872200012207031e+01
2.304434204101562500e+01
2.302456665039062500e+01
2.297063446044921875e+01
2.287688446044921875e+01
2.299948310852050781e+01
2.314059066772460938e+01
2.302135086059570312e+01
2.306134223937988281e+01
2.281353378295898438e+01
2.298105812072753906e+01
2.297328948974609375e+01
2.291899108886718750e+01
2.288760375976562500e+01
2.308254432678222656e+01
2.324457168579101562e+01
2.326660537719726562e+01
2.331407928466796875e+01
2.337081909179687500e+01
2.329983139038085938e+01
2.331752395629882812e+01
2.326997566223144531e+01
2.316860198974609375e+01
2.337835884094238281e+01
2.322861289978027344e+01
2.315291023254394531e+01
2.307216644287109375e+01
2.326522254943847656e+01
2.310935592651367188e+01
2.315606307983398438e+01
2.307951927185058594e+01
2.307545089721679688e+01
2.317618179321289062e+01
2.310648918151855469e+01
2.302105903625488281e+01
2.314669227600097656e+01
2.305686187744140625e+01
2.322305107116699219e+01
2.316375160217285156e+01
2.321640396118164062e+01
2.321527862548828125e+01
2.319334411621093750e+01
2.317705535888671875e+01
2.322006607055664062e+01
2.307844161987304688e+01
2.309582519531250000e+01
2.320276641845703125e+01
2.322345161437988281e+01
2.305559921264648438e+01
2.312126541137695312e+01
2.310017776489257812e+01
2.323591232299804688e+01
2.309737777709960938e+01
2.323632812500000000e+01
2.311163520812988281e+01
2.318002891540527344e+01
2.291777038574218750e+01
2.297145843505859375e+01
2.295877838134765625e+01
2.297256851196289062e+01
2.297808265686035156e+01
2.289117050170898438e+01
2.298466110229492188e+01
2.309361267089843750e+01
2.300012588500976562e+01
2.292770385742187500e+01
2.301786231994628906e+01
2.291857528686523438e+01
2.290090370178222656e+01
2.294180297851562500e+01
2.300101089477539062e+01
2.304380607604980469e+01
2.308953094482421875e+01
2.300043869018554688e+01
2.294264984130859375e+01
2.279001808166503906e+01
2.291671371459960938e+01
2.291415786743164062e+01
2.318400573730468750e+01
2.308710861206054688e+01
2.313406944274902344e+01
2.310646247863769531e+01
2.316461753845214844e+01
2.312484550476074219e+01
2.302421951293945312e+01
2.308928108215332031e+01
2.318663024902343750e+01
2.309461593627929688e+01
2.311233139038085938e+01
2.293935012817382812e+01
2.309035110473632812e+01
2.298177337646484375e+01
2.304808807373046875e+01
2.325184631347656250e+01
2.309128379821777344e+01
2.326744079589843750e+01
2.316521072387695312e+01
2.309175682067871094e+01
2.298023223876953125e+01
2.307823181152343750e+01
2.322122764587402344e+01
2.312063598632812500e+01
2.317717742919921875e+01
2.303883361816406250e+01
2.302949905395507812e+01
2.309025001525878906e+01
2.311115646362304688e+01
2.302675628662109375e+01
2.312363624572753906e+01
2.304143142700195312e+01
2.316594696044921875e+01
2.318532562255859375e+01
2.309310340881347656e+01
2.324203491210937500e+01
2.322118568420410156e+01
2.309564971923828125e+01
2.312415313720703125e+01
2.312014007568359375e+01
2.311791038513183594e+01
2.313377380371093750e+01
2.304896163940429688e+01
2.325128936767578125e+01
2.323228073120117188e+01
2.318641471862792969e+01
2.311956787109375000e+01
2.299763488769531250e+01
2.303022003173828125e+01
2.321568298339843750e+01
2.299937057495117188e+01
2.309315490722656250e+01
2.304918289184570312e+01
2.298055267333984375e+01
2.302345657348632812e+01
2.284369659423828125e+01
2.300199890136718750e+01
2.287839317321777344e+01
2.301642417907714844e+01
2.295722579956054688e+01
2.288762283325195312e+01
2.299724960327148438e+01
2.295600700378417969e+01
2.308937835693359375e+01
2.297845649719238281e+01
2.290854454040527344e+01
2.287088775634765625e+01
2.308236694335937500e+01
2.309389495849609375e+01
2.292645645141601562e+01
2.286579704284667969e+01
2.291764259338378906e+01
2.283173370361328125e+01
2.296589088439941406e+01
2.300139236450195312e+01
2.303351593017578125e+01
2.310750579833984375e+01
2.305455780029296875e+01
2.303032684326171875e+01
2.301871871948242188e+01
2.288858795166015625e+01
2.288268661499023438e+01
2.287781715393066406e+01
2.294835281372070312e+01
2.281574630737304688e+01
2.267878723144531250e+01
2.288463592529296875e+01
2.262577629089355469e+01
2.268430709838867188e+01
2.289961242675781250e+01
2.290274810791015625e+01
2.286570358276367188e+01
2.287514114379882812e+01
2.283811378479003906e+01
2.284995269775390625e+01
2.291304779052734375e+01
2.302918243408203125e+01
2.308164024353027344e+01
2.293869400024414062e+01
2.300978088378906250e+01
2.294299697875976562e+01
2.297926712036132812e+01
2.291377067565917969e+01
2.288397598266601562e+01
2.319440841674804688e+01
2.322118759155273438e+01
2.306401824951171875e+01
2.298625183105468750e+01
2.297788238525390625e+01
2.285096740722656250e+01
2.283550643920898438e+01
2.282651901245117188e+01
2.310662841796875000e+01
2.306440925598144531e+01
2.312204551696777344e+01
2.313683319091796875e+01
2.303514862060546875e+01
2.297727775573730469e+01
2.292717361450195312e+01
2.303871917724609375e+01
2.287566947937011719e+01
2.299216461181640625e+01
2.299674034118652344e+01
2.294718170166015625e+01
2.302350234985351562e+01
2.297497940063476562e+01
2.303424072265625000e+01
2.308056259155273438e+01
2.295118713378906250e+01
2.291934394836425781e+01
2.307717704772949219e+01
2.307134628295898438e+01
2.298785400390625000e+01
2.292339897155761719e+01
2.289109802246093750e+01
2.293817710876464844e+01
2.300766372680664062e+01
2.301777267456054688e+01
2.293016433715820312e+01
2.303702163696289062e+01
2.302935409545898438e+01
2.290756607055664062e+01
2.284752845764160156e+01
2.302404403686523438e+01
2.296508407592773438e+01
2.293010330200195312e+01
2.298085594177246094e+01
2.290684509277343750e+01
2.296633720397949219e+01
2.300064086914062500e+01
2.298535156250000000e+01
2.302406311035156250e+01
2.292373275756835938e+01
2.305920600891113281e+01
2.303077697753906250e+01
2.289028930664062500e+01
2.282373809814453125e+01
2.280228805541992188e+01
2.287639236450195312e+01
2.296289253234863281e+01
2.304589080810546875e+01
2.299652099609375000e+01
2.301128768920898438e+01
2.294315528869628906e+01
2.297246551513671875e+01
2.308698272705078125e+01
2.307688140869140625e+01
2.311615753173828125e+01
2.310309600830078125e+01
2.297245025634765625e+01
2.298604202270507812e+01
2.297570800781250000e+01
2.296907424926757812e+01
2.311763000488281250e+01
2.319222259521484375e+01
2.296661376953125000e+01
2.308349990844726562e+01
2.313141250610351562e+01
2.300648117065429688e+01
2.302100753784179688e+01
2.304866027832031250e+01
2.295610046386718750e+01
2.302792549133300781e+01
2.310278320312500000e+01
2.311889457702636719e+01
2.306845474243164062e+01
2.290017318725585938e+01
2.302690505981445312e+01
2.296430397033691406e+01
2.305261230468750000e+01
2.302872657775878906e+01
2.296843147277832031e+01
2.287228584289550781e+01
2.292770385742187500e+01
2.303759956359863281e+01
2.304120063781738281e+01
2.304363632202148438e+01
2.304496574401855469e+01
2.305994415283203125e+01
2.309090423583984375e+01
2.317619323730468750e+01
2.323153686523437500e+01
2.318871879577636719e+01
2.323347854614257812e+01
2.324454498291015625e+01
2.323572540283203125e+01
2.318438339233398438e+01
2.315441131591796875e+01
2.320131683349609375e+01
2.317212677001953125e+01
2.321489143371582031e+01
2.310999298095703125e+01
2.318752670288085938e+01
2.316612434387207031e+01
2.317246246337890625e+01
2.310430908203125000e+01
2.311908340454101562e+01
2.317833518981933594e+01
2.332621574401855469e+01
2.338400650024414062e+01
2.327221298217773438e+01
2.331775665283203125e+01
2.327307128906250000e+01
2.330757904052734375e+01
2.318824386596679688e+01
2.327353286743164062e+01
2.325996780395507812e+01
2.325355529785156250e+01
2.302219772338867188e+01
2.321424484252929688e+01
2.314314270019531250e+01
2.315914916992187500e+01
2.308148193359375000e+01
2.297950553894042969e+01
2.307895851135253906e+01
2.300382614135742188e+01
2.306187438964843750e+01
2.318227386474609375e+01
2.327158546447753906e+01
2.319324874877929688e+01
2.306495285034179688e+01
2.298868942260742188e+01
2.318508529663085938e+01
2.313665580749511719e+01
2.307927894592285156e+01
2.301607894897460938e+01
2.309698867797851562e+01
2.323365020751953125e+01
2.316594505310058594e+01
2.298257064819335938e+01
2.298197937011718750e+01
2.291928482055664062e+01
2.308727645874023438e+01
2.297125244140625000e+01
2.310494995117187500e+01
2.288220977783203125e+01
2.310385513305664062e+01
2.306363677978515625e+01
2.295035552978515625e+01
2.288930511474609375e+01
2.295980834960937500e+01
2.302696609497070312e+01
2.289379119873046875e+01
2.284045028686523438e+01
2.284125900268554688e+01
2.278038978576660156e+01
2.282995223999023438e+01
2.296459007263183594e+01
2.299027633666992188e+01
2.285067749023437500e+01
2.295833778381347656e+01
2.285552787780761719e+01
2.294396209716796875e+01
2.289725112915039062e+01
2.296671867370605469e+01
2.306583786010742188e+01
2.286500930786132812e+01
2.291483306884765625e+01
2.281488418579101562e+01
2.277433776855468750e+01
2.291114807128906250e+01
2.300241088867187500e+01
2.312960815429687500e+01
2.317411422729492188e+01
2.317644500732421875e+01
2.318156242370605469e+01
2.308397102355957031e+01
2.288195991516113281e+01
2.298118972778320312e+01
2.293287277221679688e+01
2.293138885498046875e+01
2.306299209594726562e+01
2.318511199951171875e+01
2.296071243286132812e+01
2.301105880737304688e+01
2.296802330017089844e+01
2.299715614318847656e+01
2.298919296264648438e+01
2.302165603637695312e+01
2.312634658813476562e+01
2.306300354003906250e+01
2.303805160522460938e+01
2.302335739135742188e+01
2.294881820678710938e+01
2.299636650085449219e+01
2.295739173889160156e+01
2.298267364501953125e+01
2.299367523193359375e+01
2.304456901550292969e+01
2.302053260803222656e+01
2.293327713012695312e+01
2.299478912353515625e+01
2.299566268920898438e+01
2.308529281616210938e+01
2.298471069335937500e+01
2.305773735046386719e+01
2.299841308593750000e+01
2.298751068115234375e+01
2.308526611328125000e+01
2.298780822753906250e+01
2.301430511474609375e+01
2.320578956604003906e+01
2.323758316040039062e+01
2.307351112365722656e+01
2.309127807617187500e+01
2.315076637268066406e+01
2.311813163757324219e+01
2.304801940917968750e+01
2.318907165527343750e+01
2.307335281372070312e+01
2.312592124938964844e+01
2.323823356628417969e+01
2.306835365295410156e+01
2.309045600891113281e+01
2.314167022705078125e+01
2.299986076354980469e+01
2.304629898071289062e+01
2.301453781127929688e+01
2.302802276611328125e+01
2.299175071716308594e+01
2.295413208007812500e+01
2.284130287170410156e+01
2.278692626953125000e+01
2.298902130126953125e+01
2.300900268554687500e+01
2.288714599609375000e+01
2.301493644714355469e+01
2.307358741760253906e+01
2.303187942504882812e+01
2.312842559814453125e+01
2.303795814514160156e+01
2.303423690795898438e+01
2.297160530090332031e+01
2.299734115600585938e+01
2.284070205688476562e+01
2.293695068359375000e+01
2.288707733154296875e+01
2.288547706604003906e+01
2.307685470581054688e+01
2.296871376037597656e+01
2.289454460144042969e+01
2.295367431640625000e+01
2.279901123046875000e+01
2.280640983581542969e+01
2.287965583801269531e+01
2.281816482543945312e+01
2.280362892150878906e+01
2.272659683227539062e+01
2.275295829772949219e+01
2.276743316650390625e+01
2.280879974365234375e+01
2.284002494812011719e+01
2.285878372192382812e+01
2.286667633056640625e+01
2.288114547729492188e+01
2.295760917663574219e+01
2.300562667846679688e+01
2.306548118591308594e+01
2.309103775024414062e+01
2.298274230957031250e+01
2.284568023681640625e+01
2.287828826904296875e+01
2.294258117675781250e+01
2.300811386108398438e+01
2.301982879638671875e+01
2.312815666198730469e+01
2.317389106750488281e+01
2.313121414184570312e+01
2.313936614990234375e+01
2.318804931640625000e+01
2.308291435241699219e+01
2.301190567016601562e+01
2.311807632446289062e+01
2.298575592041015625e+01
2.309360885620117188e+01
2.308517837524414062e+01
2.292590522766113281e+01
2.290356445312500000e+01
2.302487754821777344e+01
2.300119781494140625e+01
2.289374923706054688e+01
2.296884346008300781e+01
2.291604995727539062e+01
2.298730087280273438e+01
2.288047027587890625e+01
2.280501365661621094e+01
2.272899246215820312e+01
2.292542457580566406e+01
2.291893005371093750e+01
2.278947067260742188e+01
2.281152725219726562e+01
2.284264373779296875e+01
2.299887466430664062e+01
2.297384834289550781e+01
2.281122589111328125e+01
2.281037330627441406e+01
2.289972305297851562e+01
2.286930847167968750e+01
2.298919296264648438e+01
2.297368621826171875e+01
2.294071197509765625e+01
2.300009155273437500e+01
2.306501007080078125e+01
2.295118713378906250e+01
2.297939109802246094e+01
2.297166061401367188e+01
2.300991058349609375e+01
2.293505287170410156e+01
2.308645629882812500e+01
2.308945465087890625e+01
2.289122772216796875e+01
2.304008674621582031e+01
2.298989486694335938e+01
2.295777320861816406e+01
2.297378540039062500e+01
2.313850402832031250e+01
2.333548736572265625e+01
2.328017044067382812e+01
2.335426902770996094e+01
2.348595046997070312e+01
2.344483566284179688e+01
2.346932411193847656e+01
2.334823989868164062e+01
2.345283317565917969e+01
2.338433074951171875e+01
2.337265777587890625e+01
2.352649307250976562e+01
2.347313308715820312e+01
2.337943840026855469e+01
2.348294448852539062e+01
2.356820678710937500e+01
2.335646057128906250e+01
2.340477943420410156e+01
2.342459869384765625e+01
2.362917518615722656e+01
2.358326721191406250e+01
2.359178543090820312e+01
2.345497894287109375e+01
2.342512512207031250e+01
2.351555633544921875e+01
2.361383438110351562e+01
2.358261680603027344e+01
2.355096817016601562e+01
2.361656570434570312e+01
2.340874481201171875e+01
2.347299957275390625e+01
2.345160675048828125e+01
2.329041671752929688e+01
2.341855239868164062e+01
2.341119384765625000e+01
2.333473968505859375e+01
2.327570724487304688e+01
2.328083801269531250e+01
2.319808578491210938e+01
2.320494651794433594e+01
2.324851989746093750e+01
2.333428955078125000e+01
2.336622810363769531e+01
2.308950042724609375e+01
