-7.891260832548141479e-02
-9.043169021606445312e-02
-9.139528870582580566e-02
-9.810525178909301758e-02
-9.494305402040481567e-02
-1.003815829753875732e-01
-1.096066609025001526e-01
-1.072730496525764465e-01
-1.112970262765884399e-01
-1.104929372668266296e-01
-1.126087531447410583e-01
-1.162447929382324219e-01
-1.150117591023445129e-01
-1.156150773167610168e-01
-1.148166507482528687e-01
-1.143326461315155029e-01
-1.162069514393806458e-01
-1.151806414127349854e-01
-1.168329268693923950e-01
-1.148836314678192139e-01
-1.170162335038185120e-01
-1.152250915765762329e-01
-1.144176200032234192e-01
-1.139328405261039734e-01
-1.127005144953727722e-01
-1.128260716795921326e-01
-1.127407327294349670e-01
-1.121745184063911438e-01
-1.110100746154785156e-01
-1.100918725132942200e-01
-1.085145100951194763e-01
-1.080126166343688965e-01
-1.072392538189888000e-01
-1.058315113186836243e-01
-1.046807542443275452e-01
-1.033262982964515686e-01
-1.018748804926872253e-01
-1.005170270800590515e-01
-9.913229942321777344e-02
-9.687064588069915771e-02
-9.536092728376388550e-02
-9.371199458837509155e-02
-9.210946410894393921e-02
-9.050629287958145142e-02
-8.918507397174835205e-02
-8.765887469053268433e-02
-8.581932634115219116e-02
-8.460392802953720093e-02
-8.306795358657836914e-02
-8.129086345434188843e-02
-7.937449961900711060e-02
-7.758992910385131836e-02
-7.634261250495910645e-02
-7.451603561639785767e-02
-7.276412099599838257e-02
-7.116547971963882446e-02
-6.959062069654464722e-02
-6.803351640701293945e-02
-6.625914573669433594e-02
-6.478455662727355957e-02
-6.311034411191940308e-02
-6.182743608951568604e-02
-6.022761389613151550e-02
-5.852549523115158081e-02
-5.695010349154472351e-02
-5.535002052783966064e-02
-5.402305722236633301e-02
-5.250275507569313049e-02
-5.103280395269393921e-02
-4.954903572797775269e-02
-4.821481928229331970e-02
-4.685850441455841064e-02
-4.551397636532783508e-02
-4.416353628039360046e-02
-4.282593354582786560e-02
-4.147877544164657593e-02
-4.014515131711959839e-02
-3.891731426119804382e-02
-3.775872662663459778e-02
-3.656360134482383728e-02
-3.542574122548103333e-02
-3.426484018564224243e-02
-3.328187763690948486e-02
-3.219566121697425842e-02
-3.119814023375511169e-02
-3.012348338961601257e-02
-2.912841737270355225e-02
-2.824363484978675842e-02
-2.728832885622978210e-02
-2.637482061982154846e-02
-2.550228498876094818e-02
-2.464804425835609436e-02
-2.380726486444473267e-02
-2.302677370607852936e-02
-2.228468656539916992e-02
-2.146293222904205322e-02
-2.074115909636020660e-02
-2.004079334437847137e-02
-1.937211118638515472e-02
-1.868576742708683014e-02
-1.802282221615314484e-02
-1.739943772554397583e-02
-1.678122207522392273e-02
-1.620839536190032959e-02
-1.562777161598205566e-02
-1.506819855421781540e-02
-1.454137079417705536e-02
-1.402895152568817139e-02
-1.352664735168218613e-02
-1.303294766694307327e-02
-1.256167888641357422e-02
-1.211587060242891312e-02
-1.167850103229284286e-02
-1.125584542751312256e-02
-1.084262132644653320e-02
-1.044858526438474655e-02
-1.006672438234090805e-02
-9.695836342871189117e-03
-9.344901889562606812e-03
-8.997129276394844055e-03
-8.667201735079288483e-03
-8.347713388502597809e-03
-8.038161322474479675e-03
-7.737562991678714752e-03
-7.454638369381427765e-03
-7.177044637501239777e-03
-6.917565129697322845e-03
-6.658732891082763672e-03
-6.410907488316297531e-03
-6.171792279928922653e-03
-5.941637326031923294e-03
-5.720455665141344070e-03
-5.505307111889123917e-03
-5.300355609506368637e-03
-5.103738047182559967e-03
-4.911452997475862503e-03
-4.726438783109188080e-03
-4.549278412014245987e-03
-4.378889221698045731e-03
-4.214970394968986511e-03
-4.056686069816350937e-03
-3.903850447386503220e-03
-3.756306599825620651e-03
-3.614278743043541908e-03
-3.476996906101703644e-03
-3.345329314470291138e-03
-3.218868048861622810e-03
-3.097277600318193436e-03
-2.980760997161269188e-03
-2.867479808628559113e-03
-2.758709248155355453e-03
-2.653666539117693901e-03
-2.553158439695835114e-03
-2.456329995766282082e-03
-2.362583298236131668e-03
-2.273060381412506104e-03
-2.186859259381890297e-03
-2.103479811921715736e-03
-2.023878041654825211e-03
-1.946819946169853210e-03
-1.872664201073348522e-03
-1.801453647203743458e-03
-1.732867909595370293e-03
-1.666501630097627640e-03
-1.603073789738118649e-03
-1.541815116070210934e-03
-1.483106985688209534e-03
-1.426560804247856140e-03
-1.372190890833735466e-03
-1.319768489338457584e-03
-1.269363216124475002e-03
-1.221018610522150993e-03
-1.174361328594386578e-03
-1.129597309045493603e-03
-1.086427713744342327e-03
-1.044907839968800545e-03
-1.004966208711266518e-03
-9.666194091551005840e-04
-9.296581265516579151e-04
-8.940917323343455791e-04
-8.598977583460509777e-04
-8.270674152299761772e-04
-7.954057073220610619e-04
-7.649754406884312630e-04
-7.356532150879502296e-04
-7.075269240885972977e-04
-6.804267759434878826e-04
-6.544246571138501167e-04
-6.293782498687505722e-04
-6.052771350368857384e-04
-5.821096128784120083e-04
-5.598185816779732704e-04
-5.383721436373889446e-04
-5.177591810934245586e-04
-4.979204386472702026e-04
-4.788517835550010204e-04
-4.605123831424862146e-04
-4.428694373928010464e-04
-4.259114211890846491e-04
-4.095898184459656477e-04
-3.938951122108846903e-04
-3.788017202168703079e-04
-3.642891824711114168e-04
-3.503371844999492168e-04
-3.369048645254224539e-04
-3.239878860767930746e-04
-3.115756262559443712e-04
-2.996278053615242243e-04
-2.881413965951651335e-04
-2.770907885860651731e-04
-2.664659696165472269e-04
-2.562479930929839611e-04
-2.464272547513246536e-04
-2.369782159803435206e-04
-2.278941101394593716e-04
-2.191534731537103653e-04
-2.107512846123427153e-04
-2.026644651778042316e-04
-1.948927674675360322e-04
-1.874187437351793051e-04
-1.802304323064163327e-04
-1.733178069116547704e-04
-1.666695607127621770e-04
-1.602739939698949456e-04
-1.541242672828957438e-04
-1.482115330873057246e-04
-1.425257942173629999e-04
-1.370585669064894319e-04
-1.317996211582794785e-04
-1.267423212993890047e-04
-1.218808683915995061e-04
-1.172042975667864084e-04
-1.127084469771943986e-04
-1.083838433260098100e-04
-1.042243966367095709e-04
-1.002246572170406580e-04
-9.637925541028380394e-05
-9.268000576412305236e-05
-8.912361954571679235e-05
-8.570333011448383331e-05
-8.241434261435642838e-05
-7.925248792162165046e-05
-7.621175609529018402e-05
-7.328694482566788793e-05
-7.047437247820198536e-05
-6.776935333618894219e-05
-6.516827852465212345e-05
-6.266705167945474386e-05
-6.026182018104009330e-05
-5.794890603283420205e-05
-5.572475129156373441e-05
-5.358596899895928800e-05
-5.152925950824283063e-05
-4.955150507157668471e-05
-4.764966433867812157e-05
-4.582081237458623946e-05
-4.406216612551361322e-05
-4.237100438331253827e-05
-4.074475509696640074e-05
-3.918091533705592155e-05
-3.767710586544126272e-05
-3.623100201366469264e-05
-3.484040644252672791e-05
-3.350319821038283408e-05
-3.221731094527058303e-05
-3.098077286267653108e-05
-2.979170130856800824e-05
-2.864825546566862613e-05
-2.754870183707680553e-05
-2.649134876264724880e-05
-2.547456642787437886e-05
-2.449681778671219945e-05
-2.355659853492397815e-05
-2.265246985189151019e-05
-2.178304384869989008e-05
-2.094698174914810807e-05
-2.014301207964308560e-05
-1.936989974637981504e-05
-1.862646058725658804e-05
-1.791155045793857425e-05
-1.722407978377304971e-05
-1.656299718888476491e-05
-1.592729131516534835e-05
-1.531598354631569237e-05
-1.472813892178237438e-05
-1.416285431332653388e-05
-1.361926842946559191e-05
-1.309654271608451381e-05
-1.259387954632984474e-05
-1.211051130667328835e-05
-1.164569493994349614e-05
-1.119872013077838346e-05
-1.076890202966751531e-05
-1.035557943396270275e-05
-9.958122063835617155e-06
-9.575918738846667111e-06
-9.208381015923805535e-06
-8.854954103298950940e-06
-8.515090485161636025e-06
-8.188272659026551992e-06
-7.873995855334214866e-06
-7.571781679871492088e-06
-7.281166290340479463e-06
-7.001705853326711804e-06
-6.732971996825654060e-06
-6.474553629232104868e-06
-6.226051482371985912e-06
-5.987088570691412315e-06
-5.757297003583516926e-06
-5.536324806598713621e-06
-5.323834102455293760e-06
-5.119498382555320859e-06
-4.923006599710788578e-06
-4.734054982691304758e-06
-4.552357040665810928e-06
-4.377632194518810138e-06
-4.209613962302682921e-06
-4.048044502269476652e-06
-3.892675977112958208e-06
-3.743268962352885865e-06
-3.599597903303219937e-06
-3.461440883256727830e-06
-3.328586444695247337e-06
-3.200831997673958540e-06
-3.077979954468901269e-06
-2.959843641292536631e-06
-2.846241386578185484e-06
-2.736998794716782868e-06
-2.631949428177904338e-06
-2.530932306399336085e-06
-2.433792133160750382e-06
-2.340380433452082798e-06
-2.250554416605154984e-06
-2.164175384677946568e-06
-2.081111688312375918e-06
-2.001235770876519382e-06
-1.924425760080339387e-06
-1.850562966865254566e-06
-1.779536205503973179e-06
-1.711234972390229814e-06
-1.645555698814860079e-06
-1.582397658239642624e-06
-1.521663421044650022e-06
-1.463260105083463714e-06
-1.407098125127959065e-06
-1.353091988676169422e-06
-1.301158476962882560e-06
-1.251218350262206513e-06
-1.203195097332354635e-06
-1.157015276476158760e-06
-1.112607719733205158e-06
-1.069904669748211745e-06
-1.028840415528975427e-06
-9.893522019410738721e-07
-9.513793770565825980e-07
-9.148641879619390238e-07
-8.797506438895652536e-07
-8.459848004349623807e-07
-8.135148164001293480e-07
-7.822911811672383919e-07
-7.522658052039332688e-07
-7.233927590277744457e-07
-6.956277616154693533e-07
-6.689286351502232719e-07
-6.432543386836186983e-07
-6.185654228829662316e-07
-5.948240868747234344e-07
-5.719940645576571114e-07
-5.500402266989112832e-07
-5.289288651511014905e-07
-5.086276928523147944e-07
-4.891060143563663587e-07
-4.703337026512599550e-07
-4.522816254848294193e-07
-4.349225264377309941e-07
-4.182297175248095300e-07
-4.021775339424493723e-07
-3.867414761771215126e-07
-3.718978973665798549e-07
-3.576240032998612151e-07
-3.438979376824136125e-07
-3.306987821360962698e-07
-3.180062151386664482e-07
-3.058005972889077384e-07
-2.940635397408186691e-07
-2.827769947089109337e-07
-2.719236249504319858e-07
-2.614868606087838998e-07
-2.514506434181384975e-07
-2.417996256554033607e-07
-2.325191275076576858e-07
-2.235947391682202579e-07
-2.150128750599833438e-07
-2.067604043531900970e-07
-1.988246651762892725e-07
-1.911935356702088029e-07
-1.838553345123727922e-07
-1.767987498624279397e-07
-1.700129814707906917e-07
-1.634876838352283812e-07
-1.572127672488932149e-07
-1.511787388608354377e-07
-1.453763331937807379e-07
-1.397965547766943928e-07
-1.344310192052944330e-07
-1.292713704970083199e-07
-1.243098068925974076e-07
-1.195386545305154868e-07
-1.149506374531483743e-07
-1.105386999711299723e-07
-1.062960706121884868e-07
-1.022163189645652892e-07
-9.829309277620268404e-08
-9.452048033153914730e-08
-9.089266228556880378e-08
-8.740411772123479750e-08
-8.404943230289063649e-08
-8.082349722826620564e-08
-7.772140975248476025e-08
-7.473835950122520444e-08
-7.186981321183338878e-08
-6.911132288678345503e-08
-6.645874606192592182e-08
-6.390799711653016857e-08
-6.145511832755801152e-08
-5.909639355650142534e-08
-5.682820969354906993e-08
-5.464707797386836319e-08
-5.254965529388755385e-08
-5.053271934229996987e-08
-4.859320412720080640e-08
-4.672812892181354982e-08
-4.493465155519515974e-08
-4.321000801610352937e-08
-4.155155153284795233e-08
-3.995674902057544386e-08
-3.842316331770234683e-08
-3.694843897505961650e-08
-3.553030936132017814e-08
-3.416661442656732106e-08
-3.285525096430319536e-08
-3.159423656029503036e-08
-3.038161011659212818e-08
-2.921552777479519136e-08
-2.809419896721010446e-08
-2.701590773313000682e-08
-2.597900561340793502e-08
-2.498190099231578643e-08
-2.402306620297167683e-08
-2.310103219826942222e-08
-2.221438855087853881e-08
-2.136177279510320659e-08
-2.054188286138014519e-08
-1.975346286542389862e-08
-1.899530310822683532e-08
-1.826624185241598752e-08
-1.756516532225305127e-08
-1.689099171642283181e-08
-1.624269607702899521e-08
-1.561928542059831670e-08
-1.501979696172384138e-08
-1.444331765299011749e-08
-1.388896730958322223e-08
-1.335589150386340407e-08
-1.284327666439821769e-08
-1.235033852964306789e-08
-1.187631504251385195e-08
-1.142048766666903248e-08
-1.098215562933546607e-08
-1.056064746762785944e-08
-1.015531658765667089e-08
-9.765544817241789133e-09
-9.390730859593077184e-09
-9.030302727808248164e-09
-8.683709751267087995e-09
-8.350419022917776601e-09
-8.029918951990566711e-09
-7.721720152176203555e-09
-7.425351444823036218e-09
-7.140354973955709283e-09
-6.866299528951458342e-09
-6.602761448704086433e-09
-6.349339276567889101e-09
-6.105644878573457390e-09
-5.871302999338467998e-09
-5.645955258870571924e-09
-5.429255711675295970e-09
-5.220874399469721538e-09
-5.020490689844336885e-09
-4.827799049422765165e-09
-4.642502826612826539e-09
-4.464317360231007115e-09
-4.292971755859298355e-09
-4.128201780417839473e-09
-3.969756079413855332e-09
-3.817391291960348099e-09
-3.670873383043726790e-09
-3.529980530103671299e-09
-3.394495351471960021e-09
-3.264210235442988051e-09
-3.138926674139952411e-09
-3.018450600578148624e-09
-2.902598383869303689e-09
-2.791193054463292356e-09
-2.684062749835902650e-09
-2.581044711291724525e-09
-2.481981287161261207e-09
-2.386719710756324275e-09
-2.295114320816082909e-09
-2.207025451284039264e-09
-2.122317210861979220e-09
-2.040859925500626559e-09
-1.962528362042803565e-09
-1.887204170714085194e-09
-1.814771111163793194e-09
-1.745118050067162585e-09
-1.678138406013829353e-09
-1.613729594396318134e-09
-1.551792805365437289e-09
-1.492232892807976441e-09
-1.434959262525126178e-09
-1.379883429741823875e-09
-1.326921572619710332e-09
-1.275992533855685451e-09
-1.227018153748815621e-09
-1.179923603267241106e-09
-1.134636495869756345e-09
-1.091087664661927192e-09
-1.049210274217671213e-09
-1.008940042623862610e-09
-9.702154635249371495e-10
-9.329775840782872365e-10
-8.971690057535397500e-10
-8.627345504663708198e-10
-8.296217601788669072e-10
-7.977797866765001800e-10
-7.671600021907920564e-10
-7.377154442878008922e-10
-7.094010379127269061e-10
-6.821734843676097171e-10
-6.559908172221184941e-10
-6.308130684473667316e-10
-6.066014912597950115e-10
-5.833194482995907038e-10
-5.609308573184534907e-10
-5.394015234472249176e-10
-5.186986951066785423e-10
-4.987904533848563915e-10
-4.796463226597325047e-10
-4.612369930434567777e-10
-4.435341816044768848e-10
-4.265107433898407407e-10
-4.101407546919233482e-10
-3.943989301813388693e-10
-3.792614555742090943e-10
-3.647049606758656637e-10
-3.507071300035136119e-10
-3.372466472750801358e-10
-3.243026402977022826e-10
-3.118555413905710338e-10
-2.998860881842091430e-10
-2.883761562877396045e-10
-2.773078711104659533e-10
-2.666643850179895026e-10
-2.564295442653019563e-10
-2.465875281743024061e-10
-2.371231822007047185e-10
-2.280221428341278056e-10
-2.192703379977345435e-10
-2.108545005263806615e-10
-2.027616269328902376e-10
-1.949793104749630857e-10
-1.874957272773869477e-10
-1.802994142874325689e-10
-1.733792970304293135e-10
-1.667248145098554346e-10
-1.603256971627331495e-10
-1.541721889042335647e-10
-1.482548944720107897e-10
-1.425646961594750906e-10
-1.370928787158831597e-10
-1.318310738351868849e-10
-1.267712185226699262e-10
-1.219056106060989464e-10
-1.172267005689064945e-10
-1.127274107393105851e-10
-1.084007952845134071e-10
-1.042402414386245368e-10
-1.002393654192523798e-10
-9.639202630529197791e-11
-9.269239542586404923e-11
-8.913474125460396635e-11
-8.571365145426668164e-11
-8.242386634327303341e-11
-7.926034134575488110e-11
-7.621825393044900920e-11
-7.329290646618247251e-11
-7.047983030528115478e-11
-6.777474415020634524e-11
-6.517345690904008393e-11
-6.267203422893885545e-11
-6.026659726821037566e-11
-5.795349269921423740e-11
-5.572915739993078432e-11
-5.359020172068795773e-11
-5.153334356466920951e-11
-4.955543267404216579e-11
-4.765343675217081909e-11
-4.582444146361552839e-11
-4.406564002579216321e-11
-4.237434708675991146e-11
-4.074796403075175988e-11
-3.918399979485620577e-11
-3.768008474680506481e-11
-3.623386660156491246e-11
-3.484317001589687379e-11
-3.350585434103159344e-11
-3.221986219492656289e-11
-3.098322640116002447e-11
-2.979405264169621148e-11
-2.865051425271492036e-11
-2.755087477601669832e-11
-2.649343591731856407e-11
-2.547658785323481112e-11
-2.449877106736053634e-11
-2.355847635027163989e-11
-2.265427602454739286e-11
-2.178477884196006187e-11
-2.094864906543314476e-11
-2.014461340793527455e-11
-1.937144021579850772e-11
-1.862794467288875211e-11
-1.791298186171186302e-11
-1.722546411064840299e-11
-1.656432976893107423e-11
-1.592856922749685822e-11
-1.531721104119920795e-11
-1.472931672463761998e-11
-1.416398075215763441e-11
-1.362034963980907065e-11
-1.309758117934434196e-11
-1.259487826532623700e-11
-1.211147414997837402e-11
-1.164662116748260701e-11
-1.119960981593726146e-11
-1.076975401220758854e-11
-1.035639803081966903e-11
-9.958905228257819431e-12
-9.576670186028923837e-12
-9.209106567598102089e-12
-8.855651455197399713e-12
-8.515761880378835968e-12
-8.188917426099617813e-12
-7.874617624636925939e-12
-7.572379355502700804e-12
-7.281739447528856601e-12
-7.002255979909888239e-12
-6.733500909628098441e-12
-6.475061372496204726e-12
-6.226540550519077399e-12
-5.987558972936346535e-12
-5.757748878371105050e-12
-5.536758117957729652e-12
-5.324247986937535870e-12
-5.119896694105730006e-12
-4.923388519789684281e-12
-4.734422489466316719e-12
-4.552709771676877182e-12
-4.377970642260864409e-12
-4.209939688526453949e-12
-4.048355834590511293e-12
-3.892972749719447734e-12
-3.743556679924875397e-12
-3.599875172261013390e-12
-3.461707483165543664e-12
-3.328842843736135038e-12
-3.201078074485663727e-12
-3.078216934820909856e-12
-2.960071207244729941e-12
-2.846460046834753399e-12
-2.737209330722079059e-12
-2.632151658091275159e-12
-2.531127000701682839e-12
-2.433979233440464185e-12
-2.340559386929119690e-12
-2.250725430683053752e-12
-2.164339671026360712e-12
-2.081269184772693848e-12
-2.001387553948741349e-12
-1.924571396347274366e-12
-1.850703834974098960e-12
-1.779672004383059392e-12
-1.711365966473865630e-12
-1.645681529417741817e-12
-1.582518079253081300e-12
-1.521779013566315619e-12
-1.463371416231262767e-12
-1.407205515308040944e-12
-1.353195225144154801e-12
-1.301258037954278191e-12
-1.251314264878733429e-12
-1.203287035983491293e-12
-1.157103059201691764e-12
-1.112692186652775028e-12
-1.069985246238136511e-12
-1.028918053189165072e-12
-9.894267479979013125e-13
-9.514516995448585313e-13
-9.149337103914190195e-13
-8.798175404368946406e-13
-8.460491422029869923e-13
-8.135766366157426432e-13
-7.823506382662048786e-13
-7.523229001576980934e-13
-7.234478315888692723e-13
-6.956809260605378853e-13
-6.689800623183028705e-13
-6.433037154189580331e-13
-6.186128540842938950e-13
-5.948698022888165848e-13
-5.720379139990960926e-13
-5.500824947456128822e-13
-5.289693379498250358e-13
-5.086668391184046012e-13
-4.891437190186753714e-13
-4.703696741999163766e-13
-4.523163256702628088e-13
-4.349559449591533511e-13
-4.182618064830362359e-13
-4.022084314908580538e-13
-3.867711001730861353e-13
-3.719262311324689207e-13
-3.576512187537100873e-13
-3.439241079428168035e-13
-3.307239464928057870e-13
-3.180302971927256861e-13
-3.058238883489605708e-13
-2.940860445790893785e-13
-2.827986597068316010e-13
-2.719444407075360948e-13
-2.615069619182897043e-13
-2.514699332014508348e-13
-2.418183112518762501e-13
-2.325369985543140894e-13
-2.236119411381035094e-13
-2.150294509508168805e-13
-2.067763684885856601e-13
-1.988400085859917676e-13
-1.912082823888119898e-13
-1.838694940661106392e-13
-1.768123679152938665e-13
-1.700261025722182850e-13
-1.635002896960280339e-13
-1.572249681792634024e-13
-1.511904750700621136e-13
-1.453876488600666650e-13
-1.398074771187182708e-13
-1.344415572791801683e-13
-1.292815003271427510e-13
-1.243195135594912792e-13
-1.195480075610183546e-13
-1.149596097569510755e-13
-1.105473067144861765e-13
-1.063043763801542474e-13
-1.022242864358660630e-13
-9.830080271912983170e-14
-9.452790790788825892e-14
-9.089980152051854723e-14
-8.741094734967744251e-14
-8.405600569966545366e-14
-8.082984016269043059e-14
-7.772749729007683017e-14
-7.474422692105645027e-14
-7.187544830145053965e-14
-6.911677718872411003e-14
-6.646400552319520205e-14
-6.391302688913552688e-14
-6.145996526377844882e-14
-5.910105304457458075e-14
-5.683268525930040838e-14
-5.465135519155429888e-14
-5.255376957723732756e-14
-5.053668258609561592e-14
-4.859701779446473635e-14
-4.673181736329287683e-14
-4.493819460429579471e-14
-4.321341529511975310e-14
-4.155482314044216252e-14
-3.995989737021199417e-14
-3.842618836514578862e-14
-3.695135153804554595e-14
-3.553311684061262465e-14
-3.416930570410668666e-14
-3.285785475626822050e-14
-3.159672434176023781e-14
-3.038400016612194388e-14
-2.921782214500116825e-14
-2.809639456854973183e-14
-2.701801659460954796e-14
-2.598102973266989274e-14
-2.498384494892171709e-14
-2.402493588999406876e-14
-2.310283210669051429e-14
-2.221611397179145547e-14
-2.136343131477896895e-14
-2.054346954051891605e-14
-1.975498351057883295e-14
-1.899676196784414600e-14
-1.826764278311122230e-14
-1.756650956695558069e-14
-1.689228828160010271e-14
-1.624394215871734909e-14
-1.562048016975903231e-14
-1.502093839123117697e-14
-1.444441558007790449e-14
-1.389002489280343963e-14
-1.335690828503221378e-14
-1.284425514623370457e-14
-1.235127688873401824e-14
-1.187722134727599299e-14
-1.142135837945909560e-14
-1.098299341826657755e-14
-1.056145137843947715e-14
-1.015608682087198664e-14
-9.766283105578504875e-15
-9.391439686199428566e-15
-9.030983121429466548e-15
-8.684361145787009018e-15
-8.351045210712969291e-15
-8.030520320175416754e-15
-7.722297736163785675e-15
-7.425903120227613646e-15
-7.140890086003697651e-15
-6.866816058777097317e-15
-6.603258792623606377e-15
-6.349818064475647172e-15
-6.106103392144535472e-15
-5.871743775199373891e-15
-5.646378377604632098e-15
-5.429664151016672102e-15
-5.221267364454275708e-15
-5.020869110012801673e-15
-4.828162338248870311e-15
-4.642849317081521737e-15
-4.464651796187582913e-15
-4.293292795793301683e-15
-4.128510159201502841e-15
-3.970052741143325487e-15
-3.817678290195854890e-15
-3.671150907683280729e-15
-3.530248247456948749e-15
-3.394753469082361849e-15
-3.264458414212732286e-15
-3.139164453621928925e-15
-3.018678887314451414e-15
-2.902818332657219197e-15
-2.791404489214835243e-15
-2.684266891606664623e-15
-2.581242274232124073e-15
-2.482170759622419343e-15
-2.386902211187649607e-15
-2.295289668711466245e-15
-2.207193795274045925e-15
-2.122478853845591144e-15
-2.041014824868698369e-15
-1.962678465049542097e-15
-1.887349072193138591e-15
-1.814910179269240385e-15
-1.745252201390296454e-15
-1.678266930097295061e-15
-1.613853039073920911e-15
-1.551911425465345249e-15
-1.492346480427646747e-15
-1.435068100831061230e-15
-1.379988407007311062e-15
-1.327022695661670814e-15
-1.276090286905914514e-15
-1.227112300796829106e-15
-1.180013774918582583e-15
-1.134723876140960805e-15
-1.091171771333749631e-15
-1.049291286047944818e-15
-1.009018045779555041e-15
-9.702905347607859547e-16
-9.330498842018033860e-16
-8.972381782248388220e-16
-8.628010479025903772e-16
-8.296857124945322681e-16
-7.978413500238292367e-16
-7.672191502168957539e-16
-7.377721556847184094e-16
-7.094556324997703355e-16
-6.822257996465903255e-16
-6.560412054503221221e-16
-6.308616158459711461e-16
-6.066484908344373268e-16
-5.833647727242782886e-16
-5.609744096756765202e-16
-5.394435203707418497e-16
-5.187391234640905627e-16
-4.988292434619638095e-16
-4.796836518760564522e-16
-4.612727554927737936e-16
-4.435685492852972384e-16
-4.265437958504166406e-16
-4.101725018645631339e-16
-3.944295475068947078e-16
-3.792908452779738182e-16
-3.647332605904285820e-16
-3.507343735409363620e-16
-3.372727436080197837e-16
-3.243278037729283286e-16
-3.118796487614015206e-16
-2.999092997414649431e-16
-2.883984925651934253e-16
-2.773293601313558216e-16
-2.666851205996846564e-16
-2.564494950557248860e-16
-2.466066545712746957e-16
-2.371416172510795251e-16
-2.280398511861380425e-16
-2.192873406281511495e-16
-2.108708374524281967e-16
-2.027773449971847510e-16
-1.949945151102366208e-16
-1.875104496256528434e-16
-1.803135547799678755e-16
-1.733928985542062162e-16
-1.667378798016373861e-16
-1.603382547175555284e-16
-1.541842824230672186e-16
-1.482664867370750493e-16
-1.425758811694042443e-16
-1.371036645183372395e-16
-1.318414723335198987e-16
-1.267812445670635051e-16
-1.219152255735447615e-16
-1.172359508751159895e-16
-1.127362736312847308e-16
-1.084092852295749426e-16
-1.042484013123107028e-16
-1.002471963404936994e-16
-9.639957564737064184e-17
-9.269966294186995329e-17
-8.914173413415276684e-17
-8.572036953684563504e-17
-8.243031489869762107e-17
-7.926653434413950209e-17
-7.622417728605926715e-17
-7.329859827813681845e-17
-7.048531731017456878e-17
-6.778001319065254113e-17
-6.517854339906306994e-17
-6.267691761613119941e-17
-6.027131095870448432e-17
-5.795801104019378670e-17
-5.573349737991208086e-17
-5.359436199373564832e-17
-5.153734909877348037e-17
-4.955928563019582360e-17
-4.765713418079338328e-17
-4.582800292714467403e-17
-4.406906952899966492e-17
-4.237763406883898287e-17
-4.075110912570656201e-17
-3.918702639265454410e-17
-3.768298373718407515e-17
-3.623666174485755647e-17
-3.484585349780069659e-17
-3.350842817875555890e-17
-3.222233437980301189e-17
-3.098559348491782873e-17
-2.979631290485848809e-17
-2.865269931205697499e-17
-2.755297757691875065e-17
-2.649546355971665711e-17
-2.547853267772764020e-17
-2.450063810320622578e-17
-2.356027436743756732e-17
-2.265600383051704768e-17
-2.178643848337680287e-17
-2.095024656523062251e-17
-2.014614925485149963e-17
-1.937291901621040552e-17
-1.862936470922526384e-17
-1.791434151592830119e-17
-1.722676252099462289e-17
-1.656557720504628659e-17
-1.592976648156862698e-17
-1.531836089488373189e-17
-1.473042242217696620e-17
-1.416504943658064710e-17
-1.362138001589649434e-17
-1.309857457180276660e-17
-1.259583487500835021e-17
-1.211238916600173318e-17
-1.164750042685713078e-17
-1.120045562788652229e-17
-1.077056903636210126e-17
-1.035718056215505036e-17
-9.959661547999829295e-18
-9.577398225881923722e-18
-9.209804124747033541e-18
-8.856317588959235248e-18
-8.516401778300981926e-18
-8.189528951541464745e-18
-7.875206109035602100e-18
-7.572945214221987704e-18
-7.282288836221879734e-18
-7.002784507240211682e-18
-6.734010365164581506e-18
-6.475550751737181308e-18
-6.227010688215517018e-18
-5.988011325879039350e-18
-5.758182087813324546e-18
-5.537176385341712888e-18
-5.324652179280913700e-18
-5.120287696372643853e-18
-4.923763231310151602e-18
-4.734783067024449241e-18
-4.553057276710836932e-18
-4.378304205370740369e-18
-4.210260395979061415e-18
-4.048663218691314481e-18
-3.893270309588021532e-18
-3.743842613472154741e-18
-3.600149346952811815e-18
-3.461970686782206786e-18
-3.329096529084751186e-18
-3.201321939863685001e-18
-3.078451497699292579e-18
-2.960296605411911829e-18
-2.846675696857087363e-18
-2.737416304877101873e-18
-2.632350925397913371e-18
-2.531318464995227156e-18
-2.434163206918730120e-18
-2.340736672248468995e-18
-2.250896379123931521e-18
-2.164504395177974481e-18
-2.081427751127129976e-18
-2.001540508723136807e-18
-1.924718384078958883e-18
-1.850845985499145055e-18
-1.779807921288244177e-18
-1.711496968159354061e-18
-1.645807660584374198e-18
-1.582639599516455963e-18
-1.521895798028777514e-18
-1.463483611892732912e-18
-1.407313292011860153e-18
-1.353299018397606860e-18
-1.301357762795988024e-18
-1.251410115868198554e-18
-1.203379666805153864e-18
-1.157192382942030458e-18
-1.112778264119491035e-18
-1.070068447551540558e-18
-1.028998206355246750e-18
-9.895039510210195976e-19
-9.515256075568724379e-19
-9.150049631271968513e-19
-8.798859762454923701e-19
-8.461147767743664783e-19
-8.136399761182643192e-19
-7.824114781513381500e-19
-7.523816165907896024e-19
-7.235044312138336989e-19
-6.957353576649691451e-19
-6.690321063353791674e-19
-6.433538351823189602e-19
-6.186612014279039700e-19
-5.949162581615333267e-19
-5.720826094362546970e-19
-5.501254619675525693e-19
-5.290109013503122695e-19
-5.087069260345856522e-19
-4.891821031570957024e-19
-4.704066542157905111e-19
-4.523518346843838606e-19
-4.349900374099317936e-19
-4.182944307213146213e-19
-4.022397597604553340e-19
-3.868012608077656254e-19
-3.719553075169994498e-19
-3.576793075176764526e-19
-3.439511595778049825e-19
-3.307499256881297910e-19
-3.180552623754609021e-19
-3.058479118411623157e-19
-2.941091074250867348e-19
-2.828208837983052735e-19
-2.719658960173484605e-19
-2.615274970723886660e-19
-2.514897895860283866e-19
-2.418372639217822529e-19
-2.325551859249891643e-19
-2.236294418264474346e-19
-2.150462022002909429e-19
-2.067924001777807657e-19
-1.988554341792725403e-19
-1.912231291401252519e-19
-1.838837623600953756e-19
-1.768260893527310187e-19
-1.700392792218865649e-19
-1.635129405111168168e-19
-1.572370565801916401e-19
-1.512021019273696039e-19
-1.453987836954565577e-19
-1.398181838434734142e-19
-1.344517979207473626e-19
-1.292913928952440860e-19
-1.243290459276589750e-19
-1.195571314467200563e-19
-1.149683340738850642e-19
-1.105557132468267958e-19
-1.063124511878402242e-19
-1.022320467742985655e-19
-9.830827030221352974e-20
-9.453508593805289400e-20
-9.090672280457439381e-20
-8.741761035734036738e-20
-8.406241715880896900e-20
-8.083598625484881342e-20
-7.773338041117872473e-20
-7.474987565101920089e-20
-7.188087078221291567e-20
-6.912197787010421670e-20
-6.646897700109937641e-20
-6.391781628266659208e-20
-6.146456660689623683e-20
-5.910547334928914418e-20
-5.683691113231685907e-20
-5.465544198655845797e-20
-5.255772164664678315e-20
-5.054048985774563925e-20
-4.860068669782343365e-20
-4.673532979303100054e-20
-4.494156924766415332e-20
-4.321665210124673893e-20
-4.155794817792478019e-20
-3.996290808120099451e-20
-3.842908258098040066e-20
-3.695413230709312211e-20
-3.553576958815756690e-20
-3.417186831150553232e-20
-3.286030882681735124e-20
-3.159908457487272900e-20
-3.038627300698233338e-20
-2.922001942911645563e-20
-2.809851438368513601e-20
-2.702006311978492115e-20
-2.598300642942930331e-20
-2.498574326576859489e-20
-2.402675982365833849e-20
-2.310457945645815626e-20
-2.221779498777442771e-20
-2.136505094000181691e-20
-2.054503384080046917e-20
-1.975649645690301936e-20
-1.899821578884911077e-20
-1.826904153859941184e-20
-1.756785087309586720e-20
-1.689357588924297380e-20
-1.624517938010077259e-20
-1.562166452840765180e-20
-1.502208783127741815e-20
-1.444552678845661893e-20
-1.389108798026021153e-20
-1.335793372475927261e-20
-1.284523845692838304e-20
-1.235222346376900656e-20
-1.187813022712178060e-20
-1.142222688601505178e-20
-1.098382681591691573e-20
-1.056225308581827145e-20
-1.015685946086556189e-20
-9.767030402360773936e-21
-9.392159257335130922e-21
-9.031674915736801797e-21
-8.685030501320963905e-21
-8.351688831365597947e-21
-8.031140995923527743e-21
-7.722894240918916040e-21
-7.426479238289367029e-21
-7.141443623637390773e-21
-6.867345533881867637e-21
-6.603768147542253321e-21
-6.350307567835074668e-21
-6.106574842157847027e-21
-5.872196365985857726e-21
-5.646813075078599128e-21
-5.430082061066902521e-21
-5.221668089620485185e-21
-5.021254505661104163e-21
-4.828533135942969437e-21
-4.643209135814145600e-21
-4.464997758042284076e-21
-4.293625968401757010e-21
-4.128831233983306850e-21
-3.970362734884396765e-21
-3.817974497963891600e-21
-3.671436705951995130e-21
-3.530522368856395440e-21
-3.395016209691501335e-21
-3.264711231355782823e-21
-3.139407302993028955e-21
-3.018912977527873452e-21
-2.903043472181877345e-21
-2.791621274318704182e-21
-2.684475333650553079e-21
-2.581442071980117408e-21
-2.482363161768275691e-21
-2.387086737824442021e-21
-2.295467195358174323e-21
-2.207364988030782623e-21
-2.122643396781061255e-21
-2.041173780483474019e-21
-1.962831335031927709e-21
-1.887495497236555587e-21
-1.815051358462459541e-21
-1.745387645145792715e-21
-1.678397223664738853e-21
-1.613978211055666852e-21
-1.552031652606625789e-21
-1.492462834521891206e-21
-1.435180577102594040e-21
-1.380096729875741272e-21
-1.327126878413587014e-21
-1.276190142385240766e-21
-1.227208266788904602e-21
-1.180106631693831857e-21
-1.134812737627389099e-21
-1.091257417265406550e-21
-1.049373724716023534e-21
-1.009097541364863687e-21
-9.703672729524473527e-22
-9.331233447032122396e-22
-8.973087061964927647e-22
-8.628689323407159197e-22
-8.297507087604632478e-22
-7.979038512803882092e-22
-7.672791349800050126e-22
-7.378299602679204426e-22
-7.095112421656793077e-22
-6.822793598206665070e-22
-6.560926613770863711e-22
-6.309110600791791889e-22
-6.066958323228294715e-22
-5.834099710652514908e-22
-5.610180343636954771e-22
-5.394854890431744755e-22
-5.187794175158354234e-22
-4.988682148583715465e-22
-4.797210334539450821e-22
-4.613088432212438970e-22
-4.436031189499351995e-22
-4.265770015039180246e-22
-4.102043133229135182e-22
-3.944602147547380810e-22
-3.793203710181874554e-22
-3.647615832917609017e-22
-3.507616372523673964e-22
-3.372989749091890595e-22
-3.243529470391708260e-22
-3.119037122128245768e-22
-2.999324639861698431e-22
-2.884206735942647937e-22
-2.773507210399304122e-22
-2.667056426582608258e-22
-2.564691816037212400e-22
-2.466255859017562017e-22
-2.371597346665344344e-22
-2.280571633444978057e-22
-2.193040384708123599e-22
-2.108869052338786475e-22
-2.027928515584000109e-22
-1.950093945094122328e-22
-1.875247201059987234e-22
-1.803273172898304977e-22
-1.734061293864599779e-22
-1.667505793488699608e-22
-1.603504940268267161e-22
-1.541960284362330856e-22
-1.482778172204222855e-22
-1.425867474582172027e-22
-1.371140470163517795e-22
-1.318514107672158491e-22
-1.267907860186889154e-22
-1.219243851359146365e-22
-1.172447612719477262e-22
-1.127447578806560194e-22
-1.084174582296225383e-22
-1.042562926852286022e-22
-1.002547988989386407e-22
-9.640689317545158932e-23
-9.270666221342191134e-23
-8.914846407965546610e-23
-8.572683985668812419e-23
-8.243654519722197633e-23
-7.927251876968912450e-23
-7.622996429978582495e-23
-7.330416755474247692e-23
-7.049066673727915036e-23
-6.778511364608626705e-23
-6.518344406978012835e-23
-6.268160010786427737e-23
-6.027580784976813678e-23
-5.796235018290630518e-23
-5.573769932131063421e-23
-5.359841583143436025e-23
-5.154124645090435185e-23
-4.956303258065610409e-23
-4.766073552848270561e-23
-4.583146490802742664e-23
-4.407238397547509241e-23
-4.238083269185329768e-23
-4.075420150528757134e-23
-3.919001654797914029e-23
-3.768584812833992382e-23
-3.623941801607564365e-23
-3.484851424520806005e-23
-3.351097849230048835e-23
-3.222479127343556274e-23
-3.098794572647040099e-23
-2.979858960599954414e-23
-2.865488644383563769e-23
-2.755508181332547010e-23
-2.649747177491376399e-23
-2.548047545134645646e-23
-2.450250407676043238e-23
-2.356206985948844492e-23
-2.265772918407393964e-23
-2.178808734443648578e-23
-2.095183167602979559e-23
-2.014767318013473792e-23
-1.937438596690459933e-23
-1.863077254548525432e-23
-1.791569537845137419e-23
-1.722807372636280616e-23
-1.656683789383207053e-23
-1.593098129434410529e-23
-1.531953362898548859e-23
-1.473154668694814479e-23
-1.416613694401822635e-23
-1.362242245370369617e-23
-1.309957727863678786e-23
-1.259679914727689165e-23
-1.211331892024141705e-23
-1.164839427941855109e-23
-1.120131603885450008e-23
-1.077139473411810086e-23
-1.035797639951892520e-23
-9.960424424306459757e-24
-9.578132174444589563e-24
-9.210512737419830189e-24
-8.857002077684948610e-24
-8.517061403241678877e-24
-8.190166121588049016e-24
-7.875818461492864569e-24
-7.573535640082130276e-24
-7.282853807143576183e-24
-7.003329622848468081e-24
-6.734533158003460518e-24
-6.476053416076933348e-24
-6.227495177755370843e-24
-5.988476239930193424e-24
-5.758632148863188982e-24
-5.537609889299271116e-24
-5.325068673327384347e-24
-5.120685462406840672e-24
-4.924147473188719959e-24
-4.735152966376775172e-24
-4.553412035588337588e-24
-4.378646607354316801e-24
-4.210588863397390278e-24
-4.048980846201550747e-24
-3.893577220025274473e-24
-3.744136593431563829e-24
-3.600431774479715160e-24
-3.462242276546719196e-24
-3.329357868201334537e-24
-3.201571670671166971e-24
-3.078691201895342573e-24
-2.960526938041381993e-24
-2.846898229961989621e-24
-2.737631133827564224e-24
-2.632557819480520030e-24
-2.531517359296191954e-24
-2.434353756030572540e-24
-2.340920478770516986e-24
-2.251072968755143542e-24
-2.164674555832622666e-24
-2.081591528079519397e-24
-2.001697667750998374e-24
-1.924870504191524034e-24
-1.850991116619634310e-24
-1.779947486786787819e-24
-1.711630949103290365e-24
-1.645936190638294944e-24
-1.582762434411159571e-24
-1.522013833821899894e-24
-1.463597106068473528e-24
-1.407422518222911582e-24
-1.353404084446544967e-24
-1.301458678521486019e-24
-1.251507019926760025e-24
-1.203472096116494785e-24
-1.157281430495023117e-24
-1.112863433935196216e-24
-1.070150363006778227e-24
-1.029076742254635805e-24
-9.895795614139644228e-25
-9.515984726255146727e-25
-9.150749029670738945e-25
-8.799528433143713964e-25
-8.461791441639179127e-25
-8.137018393035820093e-25
-7.824709346734953045e-25
-7.524388521003116562e-25
-7.235593446134624824e-25
-6.957883346098685591e-25
-6.690830756892282227e-25
-6.434028429073094386e-25
-6.187082918264643087e-25
-5.949612613004027667e-25
-5.721258581579372564e-25
-5.501669780887854428e-25
-5.290507493778293988e-25
-5.087450259431813681e-25
-4.892186970828916971e-25
-4.704418846901751399e-25
-4.523856967343779770e-25
-4.350224244762043204e-25
-4.183257396829424187e-25
-4.022700043751725891e-25
-3.868303940862836579e-25
-3.719833909005387236e-25
-3.577061671554929533e-25
-3.439769552205429046e-25
-3.307747023702804918e-25
-3.180791693921061383e-25
-3.058709798900353531e-25
-2.941312505061494080e-25
-2.828421579143709659e-25
-2.719861992633654357e-25
-2.615470796450593457e-25
-2.515085781070890889e-25
-2.418553118618028556e-25
-2.325726130267441925e-25
-2.236462328018125453e-25
-2.150624154249731224e-25
-2.068080460836766246e-25
-1.988705769591493802e-25
-1.912376574478440226e-25
-1.838977258071184064e-25
-1.768394914652665559e-25
-1.700521445626966144e-25
-1.635253436259792002e-25
-1.572490430045243895e-25
-1.512136777598563775e-25
-1.454098924946773088e-25
-1.398288741535616673e-25
-1.344620685260684629e-25
-1.293012542024510951e-25
-1.243385179217540657e-25
-1.195662052680064022e-25
-1.149771178854479627e-25
-1.105641930037866904e-25
-1.063205897198601219e-25
-1.022398923758375143e-25
-9.831580241042874374e-26
-9.454232324815896600e-26
-9.091367401770710840e-26
-8.742425873702675939e-26
-8.406879573583843140e-26
-8.084212660337907767e-26
-7.773930247006360075e-26
-7.475559017046067457e-26
-7.188636747270376977e-26
-6.912727715288670467e-26
-6.647409757257138244e-26
-6.392274884176361317e-26
-6.146931130784057994e-26
-5.911003171852666093e-26
-5.684131089594178525e-26
-5.465968524767396690e-26
-5.256177129999690640e-26
-5.054438895738643153e-26
-4.860443516151614558e-26
-4.673893627655191466e-26
-4.494503576320022362e-26
-4.321997877126862095e-26
-4.156114911752065105e-26
-3.996597375955061255e-26
-3.843203372934835509e-26
-3.695696860717403768e-26
-3.553852274387679399e-26
-3.417451752750353316e-26
-3.286285754627476190e-26
-3.160153983304831748e-26
-3.038864153936772367e-26
-2.922228603909516956e-26
-2.810070147668181889e-26
-2.702216221889750069e-26
-2.598501966970981950e-26
-2.498767761838086717e-26
-2.402861843211446655e-26
-2.310637070043310581e-26
-2.221952002038562696e-26
-2.136671053729118137e-26
-2.054662799655571921e-26
-1.975802439557527754e-26
-1.899968870960082567e-26
-1.827045459545804268e-26
-1.756920963601105052e-26
-1.689488609569868090e-26
-1.624643780937514266e-26
-1.562288024165286507e-26
-1.502325813127943204e-26
-1.444664703188153770e-26
-1.389216717866058597e-26
-1.335897116244104646e-26
-1.284623699632265470e-26
-1.235318044163205620e-26
-1.187905038569093995e-26
-1.142311882698032757e-26
-1.098468626774441761e-26
-1.056308171399058556e-26
-1.015765805325751732e-26
-9.767795136103120183e-27
-9.392894383500678607e-27
-9.032383409070720702e-27
-8.685709085733218455e-27
-8.352343708683409762e-27
-8.031770358324221089e-27
-7.723501389193733589e-27
-7.427066104013539021e-27
-7.142006131456873223e-27
-6.867886211356304679e-27
-6.604288031727912483e-27
-6.350804450981453171e-27
-6.107052979429971440e-27
-5.872655364432389636e-27
-5.647254923763007242e-27
-5.430507686333756700e-27
-5.222078540334314629e-27
-5.021648551765890504e-27
-4.828912268139304508e-27
-4.643571555499165498e-27
-4.465344842887604060e-27
-4.293959803810483838e-27
-4.129152585865423782e-27
-3.970671277415698041e-27
-3.818272440916336068e-27
-3.671723038844067007e-27
-3.530798122581386431e-27
-3.395281217602545212e-27
-3.264965093845527285e-27
-3.139651187933066326e-27
-3.019147484649706928e-27
-2.903269287313782353e-27
-2.791838062219447906e-27
-2.684684327531597510e-27
-2.581643031053997179e-27
-2.482555668752223843e-27
-2.387270862532648665e-27
-2.295644360242437042e-27
-2.207534606030676511e-27
-2.122806592208265528e-27
-2.041330703689946832e-27
-1.962982140215324129e-27
-1.887640531162873217e-27
-1.815190128142936424e-27
-1.745520382776705922e-27
-1.678524791138257097e-27
-1.614101278940537425e-27
-1.552150275605422087e-27
-1.492576832786652791e-27
-1.435290046590854461e-27
-1.380201998316065818e-27
-1.327228139637728264e-27
-1.276287485201680314e-27
-1.227302034845174286e-27
-1.180196484707384639e-27
-1.134899190194380168e-27
-1.091340528938671274e-27
-1.049453285985198843e-27
-1.009173809349300876e-27
-9.704403729762597631e-28
-9.331935619272911573e-28
-8.973762723795439772e-28
-8.629338079225976255e-28
-8.298132054829814531e-28
-7.979641501408983434e-28
-7.673372899415233737e-28
-7.378859210837051533e-28
-7.095648323619991920e-28
-6.823307866491539963e-28
-6.561421838583708019e-28
-6.309586757573146962e-28
-6.067416955988493248e-28
-5.834543136762910625e-28
-5.610606595444256970e-28
-5.395264516502431355e-28
-5.188184677022026981e-28
-4.989056520799511408e-28
-4.797569010148866096e-28
-4.613432774095946864e-28
-4.436363256491470496e-28
-4.266091790108194974e-28
-4.102353559578767053e-28
-3.944900601422846877e-28
-3.793490489208684701e-28
-3.647891148377981864e-28
-3.507881096987133834e-28
-3.373243186434910950e-28
-3.243774231112180358e-28
-3.119273934304725787e-28
-2.999553073395511190e-28
-2.884426518368632344e-28
-2.773718528116663914e-28
-2.667260102286985920e-28
-2.564886814610596301e-28
-2.466443627726971886e-28
-2.371777430205533888e-28
-2.280745462489154605e-28
-2.193207853915622912e-28
-2.109030270871317801e-28
-2.028082713084993133e-28
-1.950242763634558794e-28
-1.875390051898490582e-28
-1.803410466527583554e-28
-1.734193507291278491e-28
-1.667632164707040378e-28
-1.603626170047139554e-28
-1.542076819401926174e-28
-1.482890464427854408e-28
-1.425975262340701290e-28
-1.371244305551726345e-28
-1.318614297590834827e-28
-1.268004349400362471e-28
-1.219336701558804642e-28
-1.172537326133923956e-28
-1.127533639640941319e-28
-1.084257753049317081e-28
-1.042642740293483785e-28
-1.002624744758722843e-28
-9.641427385399214834e-29
-9.271378002178436095e-29
-8.915530546738190357e-29
-8.573342147575403469e-29
-8.244286785074014666e-29
-7.927861310036052784e-29
-7.623580628856775286e-29
-7.330978907230883511e-29
-7.049607162740092184e-29
-6.779034468559344661e-29
-6.518849157163028171e-29
-6.268646783262821393e-29
-6.028048781254030712e-29
-5.796686817034792069e-29
-5.574202788006070962e-29
-5.360257850868276762e-29
-5.154525801237078882e-29
-4.956687656965438184e-29
-4.766444297058867026e-29
-4.583502619053953976e-29
-4.407582761255655264e-29
-4.238414792545202867e-29
-4.075739013306658317e-29
-3.919306858206574137e-29
-3.768879090634670976e-29
-3.624224899924176175e-29
-3.485123105058039013e-29
-3.351359446329946410e-29
-3.222730798316076274e-29
-3.099037947637806052e-29
-2.980094018905219418e-29
-2.865713641361169102e-29
-2.755723782237214062e-29
-2.649955621736666605e-29
-2.548247261373576680e-29
-2.450441617486855202e-29
-2.356390634212027402e-29
-2.265949114486879712e-29
-2.178978933023213109e-29
-2.095347682137350970e-29
-2.014925662484600969e-29
-1.937590697884116040e-29
-1.863222869104202696e-29
-1.791710381930120334e-29
-1.722942344926789783e-29
-1.656813885190208082e-29
-1.593223590471741091e-29
-1.532073659641400395e-29
-1.473270955930781643e-29
-1.416724749983910966e-29
-1.362348976806398562e-29
-1.310060129279562014e-29
-1.259778461866641538e-29
-1.211425959358561761e-29
-1.164929797529300540e-29
-1.120218280627412523e-29
-1.077223023093544272e-29
-1.035878046780772834e-29
-9.961196304913288339e-30
-9.578872879878963603e-30
-9.211220376659285541e-30
-8.857682833446089244e-30
-8.517713316227824119e-30
-8.190793479015551570e-30
-7.876420774464408051e-30
-7.574114472404681281e-30
-7.283411898259887607e-30
-7.003865423781233901e-30
-6.735046228629540194e-30
-6.476545805008008725e-30
-6.227969562972955467e-30
-5.988931564219118447e-30
-5.759069568407348269e-30
-5.538029610678725326e-30
-5.325473900976597325e-30
-5.121075933990079868e-30
-4.924522369945017766e-30
-4.735513786920369566e-30
-4.553756781526170024e-30
-4.378977886756643844e-30
-4.210906644871553834e-30
-4.049285763667392011e-30
-3.893868859528226025e-30
-3.744416695843776523e-30
-3.600701696907724310e-30
-3.462501553228441875e-30
-3.329605616218261865e-30
-3.201811512769746714e-30
-3.078922888306535068e-30
-2.960749971020630176e-30
-2.847112957296130261e-30
-2.737837121652729098e-30
-2.632755449853061858e-30
-2.531706758111743787e-30
-2.434537009649043133e-30
-2.341096869662631434e-30
-2.251242645723064171e-30
-2.164837416248357566e-30
-2.081747645080258207e-30
-2.001847507303454075e-30
-1.925013999189075127e-30
-1.851129383222943002e-30
-1.780080811947378761e-30
-1.711759199486626095e-30
-1.646059973863235854e-30
-1.582882136602585387e-30
-1.522129767365647595e-30
-1.463708356406616367e-30
-1.407529412510761799e-30
-1.353506607372959505e-30
-1.301557092151363528e-30
-1.251601873625598611e-30
-1.203563839366250813e-30
-1.157369920644473019e-30
-1.112948459324639103e-30
-1.070232217129882030e-30
-1.029155272337007686e-30
-9.896549946070042604e-31
-9.516709165104654539e-31
-9.151442633298501524e-31
-8.800200219295398727e-31
-8.462441195693967897e-31
-8.137641762211482623e-31
-7.825309621813818530e-31
-7.524965172805840124e-31
-7.236147151204284741e-31
-6.958415451924204517e-31
-6.691340314230938821e-31
-6.434517368067804789e-31
-6.187551647332926130e-31
-5.950066053438559056e-31
-5.721696653333688986e-31
-5.502090328515328905e-31
-5.290912298192364625e-31
-5.087841887505891827e-31
-4.892564063969890137e-31
-4.704780722216991023e-31
-4.524205511823334176e-31
-4.350561016122125537e-31
-4.183581573390079267e-31
-4.023009985463235452e-31
-3.868602689912103712e-31
-3.720120826284596958e-31
-3.577337994368746819e-31
-3.440034846918689856e-31
-3.308001440643369207e-31
-3.181036530909924098e-31
-3.058944045260637371e-31
-2.941538255588079103e-31
-2.828638841058833157e-31
-2.720072768904458492e-31
-2.615673118927138343e-31
-2.515280964290641536e-31
-2.418741374839529694e-31
-2.325907413779950032e-31
-2.236636140998842558e-31
-2.150791199151511888e-31
-2.068241403068406255e-31
-1.988859799359636850e-31
-1.912524606810458486e-31
-1.839119451480139756e-31
-1.768531838559306967e-31
-1.700653387468814304e-31
-1.635380419606919241e-31
-1.572612430206626472e-31
-1.512253734027779065e-31
-1.454211584566097139e-31
-1.398396996899223448e-31
-1.344724747686723376e-31
-1.293112904972344609e-31
-1.243481535140231233e-31
-1.195755171453060455e-31
-1.149860815711646213e-31
-1.105727703156069004e-31
-1.063288595509461794e-31
-1.022478370384789027e-31
-9.832344327078694178e-32
-9.454964796185057819e-32
-9.092072057670955331e-32
-8.743107751719746128e-32
-8.407536440654630657e-32
-8.084847372180176635e-32
-7.774540961197284590e-32
-7.476144071229748551e-32
-7.189200022722274059e-32
-6.913269768534828989e-32
-6.647930718448292730e-32
-6.392775563670105359e-32
-6.147414040075793877e-32
-5.911468226231568917e-32
-5.684580771854780505e-32
-5.466399616387357365e-32
-5.256591507180841379e-32
-5.054836709771808885e-32
-4.860824012030879682e-32
-4.674259540370348198e-32
-4.494854710927087562e-32
-4.322336221264531591e-32
-4.156440760648096094e-32
-3.996911189688538695e-32
-3.843505062676002298e-32
-3.695987280740322444e-32
-3.554129504103851904e-32
-3.417717498921153317e-32
-3.286541145577017198e-32
-3.160399728411040642e-32
-3.039100466349688794e-32
-2.922456161917593205e-32
-2.810289315467779708e-32
-2.702427129330677429e-32
-2.598704446549995835e-32
-2.498962575388373918e-32
-2.403048407706617074e-32
-2.310816623015604899e-32
-2.222124839562094042e-32
-2.136836846938182972e-32
-2.054822753018105826e-32
-1.975956192159149206e-32
-1.900116088443178419e-32
-1.827186508739843616e-32
-1.757056662706579796e-32
-1.689618551799905162e-32
-1.624768879453741205e-32
-1.562408169458649588e-32
-1.502441059835419855e-32
-1.444775568151100161e-32
-1.389323091518997275e-32
-1.335998994345851994e-32
-1.284721432837488316e-32
-1.235412236619576558e-32
-1.187995806711679462e-32
-1.142399042058855267e-32
-1.098552441557611606e-32
-1.056388781624760828e-32
-1.015843336602610781e-32
-9.768539522273617382e-33
-9.393611190975033198e-33
-9.033072379898452340e-33
-8.686371341382957599e-33
-8.352979837654648208e-33
-8.032379916515193096e-33
-7.724085951860908807e-33
-7.427625541899558634e-33
-7.142543182570198939e-33
-6.868402471595086950e-33
-6.604783904427772962e-33
-6.351283404885161813e-33
-6.107514161857436045e-33
-5.873100384494317158e-33
-5.647683914360788986e-33
-5.430917613281374322e-33
-5.222472342837842926e-33
-5.022027413477611092e-33
-4.829276461985495762e-33
-4.643922676037914308e-33
-4.465683936990669381e-33
-4.294285840381240903e-33
-4.129465736690617020e-33
-3.970969792607417044e-33
-3.818559235841630197e-33
-3.671997865497138126e-33
-3.531061970305299966e-33
-3.395535553179152119e-33
-3.265211433239362159e-33
-3.139888307078351768e-33
-3.019375891548081589e-33
-2.903488495275320163e-33
-2.792048875752482568e-33
-2.684886953640684203e-33
-2.581837057704856052e-33
-2.482743067601529531e-33
-2.387452169065097742e-33
-2.295819078340638744e-33
-2.207702919777046176e-33
-2.122968511523975477e-33
-2.041485998189859247e-33
-1.963131401854884197e-33
-1.887784234348091044e-33
-1.815327680918366821e-33
-1.745653192009252785e-33
-1.678652769077267137e-33
-1.614224474721674507e-33
-1.552268391922655000e-33
-1.492690664803135149e-33
-1.435399366031460806e-33
-1.380307068215289562e-33
-1.327329190862659908e-33
-1.276384092217487389e-33
-1.227394905969487767e-33
-1.180285684163338383e-33
-1.134985346125012953e-33
-1.091423086686973663e-33
-1.049532692456490604e-33
-1.009250521434726287e-33
-9.705142173197894361e-34
-9.332646380521543048e-34
-8.974449374596990966e-34
-8.629997387382405430e-34
-8.298767874904647468e-34
-7.980252068515001809e-34
-7.673960944196427150e-34
-7.379424304208594577e-34
-7.096192613797810721e-34
-6.823831950244729075e-34
-6.561924462041830779e-34
-6.310070205603347781e-34
-6.067883012667935728e-34
-5.834990031121193175e-34
-5.611036775947950277e-34
-5.395678404860133776e-34
-5.188586146781498065e-34
-4.989442710072817282e-34
-4.797941823354404528e-34
-4.613790531393515811e-34
-4.436709195104350047e-34
-4.266422767175914053e-34
-4.102672271509042294e-34
-3.945207915554185033e-34
-3.793784728125340829e-34
-3.648174957192037863e-34
-3.508153605788689058e-34
-3.373506926797986688e-34
-3.244028060764834879e-34
-3.119518183840051579e-34
-2.999787196546589747e-34
-2.884651427892133401e-34
-2.773935012901539986e-34
-2.667468285495657615e-34
-2.565087089725103877e-34
-2.466636453190112164e-34
-2.371963699378319814e-34
-2.280925105738239571e-34
-2.193380163960749709e-34
-2.109195482987680745e-34
-2.028242033946930702e-34
-1.950395609329945897e-34
-1.875536363814240151e-34
-1.803550995356428542e-34
-1.734328268211789704e-34
-1.667762571559741947e-34
-1.603752082793920097e-34
-1.542198193550324513e-34
-1.483006887239763450e-34
-1.426086787543559707e-34
-1.371351913478435365e-34
-1.318717891182295269e-34
-1.268103905418520388e-34
-1.219432699575967811e-34
-1.172629312930898577e-34
-1.127622572973790244e-34
-1.084342914316303133e-34
-1.042724444989943886e-34
