9.601701736450195312e+00
1.091836357116699219e+01
1.281081771850585938e+01
1.489102554321289062e+01
1.691603851318359375e+01
1.850903892517089844e+01
1.977823638916015625e+01
2.078637695312500000e+01
2.170864868164062500e+01
2.248268508911132812e+01
2.336213302612304688e+01
2.390566635131835938e+01
2.470779037475585938e+01
2.528785705566406250e+01
2.596585464477539062e+01
2.650783157348632812e+01
2.701362609863281250e+01
2.755908012390136719e+01
2.803109169006347656e+01
2.849811553955078125e+01
2.888739204406738281e+01
2.933627510070800781e+01
2.977954864501953125e+01
3.014071655273437500e+01
3.048894309997558594e+01
3.063962173461914062e+01
3.086411666870117188e+01
3.104360389709472656e+01
3.122121810913085938e+01
3.153350448608398438e+01
3.172789382934570312e+01
3.192795944213867188e+01
3.211643981933593750e+01
3.216085433959960938e+01
3.240945053100585938e+01
3.248954772949218750e+01
3.261973953247070312e+01
3.277606964111328125e+01
3.289052200317382812e+01
3.310744094848632812e+01
3.327421569824218750e+01
3.329679107666015625e+01
3.335500335693359375e+01
3.335459518432617188e+01
3.346959686279296875e+01
3.351799774169921875e+01
3.374594116210937500e+01
3.356743621826171875e+01
3.353288650512695312e+01
3.355310058593750000e+01
3.356452941894531250e+01
3.359056854248046875e+01
3.367804718017578125e+01
3.378179168701171875e+01
3.362215423583984375e+01
3.380200958251953125e+01
3.378208160400390625e+01
3.381628417968750000e+01
3.384878540039062500e+01
3.385001373291015625e+01
3.386884307861328125e+01
3.391012573242187500e+01
3.400169372558593750e+01
3.383253097534179688e+01
3.381588745117187500e+01
3.380441284179687500e+01
3.379951095581054688e+01
3.378816986083984375e+01
3.394331359863281250e+01
3.382751083374023438e+01
3.377187347412109375e+01
3.374241256713867188e+01
3.381373214721679688e+01
3.383621215820312500e+01
3.387475585937500000e+01
3.389157867431640625e+01
3.382160949707031250e+01
3.370351791381835938e+01
3.372172546386718750e+01
3.371501159667968750e+01
3.367243576049804688e+01
3.372329711914062500e+01
3.372119140625000000e+01
3.377159500122070312e+01
3.370578384399414062e+01
3.374986267089843750e+01
3.375129699707031250e+01
3.381226730346679688e+01
3.373360443115234375e+01
3.371953582763671875e+01
3.372824859619140625e+01
3.361589813232421875e+01
3.364880752563476562e+01
3.359785461425781250e+01
3.366452026367187500e+01
3.381240463256835938e+01
3.364623260498046875e+01
3.367165756225585938e+01
3.369604492187500000e+01
3.365220642089843750e+01
3.355817413330078125e+01
3.341554641723632812e+01
3.350261688232421875e+01
3.342630767822265625e+01
3.343699645996093750e+01
3.341929244995117188e+01
3.343671417236328125e+01
3.338360595703125000e+01
3.339002227783203125e+01
3.329796981811523438e+01
3.329191589355468750e+01
3.335694122314453125e+01
3.310631561279296875e+01
3.314568328857421875e+01
3.312201690673828125e+01
3.318659973144531250e+01
3.309834289550781250e+01
3.304483795166015625e+01
3.310866546630859375e+01
3.309761428833007812e+01
3.315333557128906250e+01
3.317233276367187500e+01
3.316088104248046875e+01
3.305196762084960938e+01
3.309225845336914062e+01
3.302162170410156250e+01
3.310742568969726562e+01
3.319533920288085938e+01
3.297208404541015625e+01
3.295455169677734375e+01
3.301935577392578125e+01
3.304159164428710938e+01
3.312508392333984375e+01
3.304239654541015625e+01
3.301235198974609375e+01
3.291977691650390625e+01
3.305131530761718750e+01
3.311545562744140625e+01
3.308021545410156250e+01
3.306950378417968750e+01
3.301772308349609375e+01
3.300016021728515625e+01
3.295609664916992188e+01
3.289058303833007812e+01
3.286920166015625000e+01
3.293674850463867188e+01
3.295854949951171875e+01
3.283922195434570312e+01
3.286189270019531250e+01
3.280943298339843750e+01
3.275738906860351562e+01
3.283366775512695312e+01
3.268466567993164062e+01
3.274921417236328125e+01
3.266891479492187500e+01
3.269321441650390625e+01
3.255838012695312500e+01
3.259907913208007812e+01
3.257649993896484375e+01
3.273162841796875000e+01
3.268294525146484375e+01
3.264075088500976562e+01
3.267323684692382812e+01
3.267414855957031250e+01
3.258698654174804688e+01
3.264247512817382812e+01
3.273514556884765625e+01
3.278756713867187500e+01
3.287353134155273438e+01
3.278251647949218750e+01
3.276382446289062500e+01
3.277257919311523438e+01
3.278910064697265625e+01
3.271358108520507812e+01
3.269367218017578125e+01
3.274314880371093750e+01
3.270946502685546875e+01
3.271656799316406250e+01
3.275357055664062500e+01
3.267742919921875000e+01
3.256259155273437500e+01
3.256801986694335938e+01
3.231806182861328125e+01
3.230260467529296875e+01
3.241166687011718750e+01
3.241911315917968750e+01
3.242453384399414062e+01
3.234328460693359375e+01
3.228143310546875000e+01
3.231400299072265625e+01
3.212835693359375000e+01
3.213438034057617188e+01
3.202600860595703125e+01
3.203990173339843750e+01
3.210137176513671875e+01
3.212287139892578125e+01
3.206423187255859375e+01
3.214625549316406250e+01
3.221781921386718750e+01
3.214567565917968750e+01
3.217357254028320312e+01
3.213449859619140625e+01
3.208289337158203125e+01
3.197763061523437500e+01
3.197472953796386719e+01
3.201654434204101562e+01
3.195752906799316406e+01
3.197356986999511719e+01
3.173882102966308594e+01
3.179607391357421875e+01
3.177073097229003906e+01
3.177084541320800781e+01
3.185262107849121094e+01
3.185130310058593750e+01
3.207208251953125000e+01
3.193553352355957031e+01
3.201260375976562500e+01
3.202759933471679688e+01
3.200191116333007812e+01
3.191471099853515625e+01
3.179300308227539062e+01
3.191502761840820312e+01
3.199217033386230469e+01
3.183414459228515625e+01
3.186413002014160156e+01
3.184945106506347656e+01
3.179135704040527344e+01
3.194512748718261719e+01
3.190412712097167969e+01
3.180466461181640625e+01
3.176902961730957031e+01
3.175597000122070312e+01
3.172163200378417969e+01
3.169167709350585938e+01
3.170281028747558594e+01
3.175645065307617188e+01
3.177484512329101562e+01
3.173091506958007812e+01
3.166058731079101562e+01
3.178774642944335938e+01
3.163462257385253906e+01
3.169312667846679688e+01
3.179015541076660156e+01
3.190552520751953125e+01
3.184262275695800781e+01
3.192233657836914062e+01
3.179319381713867188e+01
3.169939422607421875e+01
3.174812316894531250e+01
3.163962936401367188e+01
3.174080085754394531e+01
3.158774948120117188e+01
3.163577651977539062e+01
3.151607513427734375e+01
3.173730087280273438e+01
3.174798011779785156e+01
3.174651718139648438e+01
3.176528930664062500e+01
3.171643257141113281e+01
3.158211708068847656e+01
3.159309959411621094e+01
3.140213012695312500e+01
3.146228790283203125e+01
3.142139625549316406e+01
3.121179199218750000e+01
3.128598022460937500e+01
3.126210784912109375e+01
3.119736289978027344e+01
3.134358787536621094e+01
3.138539886474609375e+01
3.135605621337890625e+01
3.145981216430664062e+01
3.134833335876464844e+01
3.127565193176269531e+01
3.125822448730468750e+01
3.124813842773437500e+01
3.138599205017089844e+01
3.141455841064453125e+01
3.144318389892578125e+01
3.143794059753417969e+01
3.138215255737304688e+01
3.136666107177734375e+01
3.139352798461914062e+01
3.150488471984863281e+01
3.147581672668457031e+01
3.136153221130371094e+01
3.137804222106933594e+01
3.129869842529296875e+01
3.132127761840820312e+01
3.126965332031250000e+01
3.122704315185546875e+01
3.137335014343261719e+01
3.136681938171386719e+01
3.126033210754394531e+01
3.133846855163574219e+01
3.117051696777343750e+01
3.114434242248535156e+01
3.103439712524414062e+01
3.107271575927734375e+01
3.106690979003906250e+01
3.107003974914550781e+01
3.115749549865722656e+01
3.118710899353027344e+01
3.126089477539062500e+01
3.138432312011718750e+01
3.136076354980468750e+01
3.146835327148437500e+01
3.138336944580078125e+01
3.131433105468750000e+01
3.130351448059082031e+01
3.140082740783691406e+01
3.118316268920898438e+01
3.118229675292968750e+01
3.095354461669921875e+01
3.091455078125000000e+01
3.110990715026855469e+01
3.112291908264160156e+01
3.114799880981445312e+01
3.106859016418457031e+01
3.115568161010742188e+01
3.116039657592773438e+01
3.121770858764648438e+01
3.117905235290527344e+01
3.107349395751953125e+01
3.105770492553710938e+01
3.091598892211914062e+01
3.104341506958007812e+01
3.095812988281250000e+01
3.099226379394531250e+01
3.096661376953125000e+01
3.096010589599609375e+01
3.089506149291992188e+01
3.070728492736816406e+01
3.076964187622070312e+01
3.073448371887207031e+01
3.079062843322753906e+01
3.086762619018554688e+01
3.086789703369140625e+01
3.089064407348632812e+01
3.092284393310546875e+01
3.079195404052734375e+01
3.084189033508300781e+01
3.085334777832031250e+01
3.092523956298828125e+01
3.081277847290039062e+01
3.095322990417480469e+01
3.099236106872558594e+01
3.078659057617187500e+01
3.083355140686035156e+01
3.098479461669921875e+01
3.087695884704589844e+01
3.091402435302734375e+01
3.062701034545898438e+01
3.080612564086914062e+01
3.091720008850097656e+01
3.079114913940429688e+01
3.070394897460937500e+01
3.070404434204101562e+01
3.082814407348632812e+01
3.082374763488769531e+01
3.089319229125976562e+01
3.099602127075195312e+01
3.098776245117187500e+01
3.094646453857421875e+01
3.095843124389648438e+01
3.092348098754882812e+01
3.115520095825195312e+01
3.109341621398925781e+01
3.092802429199218750e+01
3.081118774414062500e+01
3.072705459594726562e+01
3.071974372863769531e+01
3.067119216918945312e+01
3.074040603637695312e+01
3.074999427795410156e+01
3.084700393676757812e+01
3.085879516601562500e+01
3.092510414123535156e+01
3.090360641479492188e+01
3.076175117492675781e+01
3.085671615600585938e+01
3.081113052368164062e+01
3.082550048828125000e+01
3.084512710571289062e+01
3.068248748779296875e+01
3.075477218627929688e+01
3.068726539611816406e+01
3.065753936767578125e+01
3.072901535034179688e+01
3.061981201171875000e+01
3.082756805419921875e+01
3.081139373779296875e+01
3.075926971435546875e+01
3.065135383605957031e+01
3.068195343017578125e+01
3.070735931396484375e+01
3.064702606201171875e+01
3.038915252685546875e+01
3.046548461914062500e+01
3.043275833129882812e+01
3.049885559082031250e+01
3.045645523071289062e+01
3.065933036804199219e+01
3.073339462280273438e+01
3.079121017456054688e+01
3.082172775268554688e+01
3.083220291137695312e+01
3.099037742614746094e+01
3.075501060485839844e+01
3.081812095642089844e+01
3.056665039062500000e+01
3.054376983642578125e+01
3.056712341308593750e+01
3.049720001220703125e+01
3.060272216796875000e+01
3.048483848571777344e+01
3.049531936645507812e+01
3.060626029968261719e+01
3.072192764282226562e+01
3.076923751831054688e+01
3.081818771362304688e+01
3.072119712829589844e+01
3.050220489501953125e+01
3.061259460449218750e+01
3.041416358947753906e+01
3.046960258483886719e+01
3.058294105529785156e+01
3.071669769287109375e+01
3.066352081298828125e+01
3.052617645263671875e+01
3.061050415039062500e+01
3.048827362060546875e+01
3.047037315368652344e+01
3.037700271606445312e+01
3.039764404296875000e+01
3.043312072753906250e+01
3.033943367004394531e+01
3.036700248718261719e+01
3.052046203613281250e+01
3.058540344238281250e+01
3.056292533874511719e+01
3.061770820617675781e+01
3.071748542785644531e+01
3.062719154357910156e+01
3.063515090942382812e+01
3.058088302612304688e+01
3.062425994873046875e+01
3.048594284057617188e+01
3.057384681701660156e+01
3.059511375427246094e+01
3.067190170288085938e+01
3.067625808715820312e+01
3.062241363525390625e+01
3.063245201110839844e+01
3.057118606567382812e+01
3.054519653320312500e+01
3.060861968994140625e+01
3.059166526794433594e+01
3.053714942932128906e+01
3.045276641845703125e+01
3.045252609252929688e+01
3.047071266174316406e+01
3.050902175903320312e+01
3.045262145996093750e+01
3.043859672546386719e+01
3.036621284484863281e+01
3.026531791687011719e+01
3.019933509826660156e+01
3.018133163452148438e+01
3.040217781066894531e+01
3.042745018005371094e+01
3.035279464721679688e+01
3.024492073059082031e+01
3.027472686767578125e+01
3.023008918762207031e+01
3.029938888549804688e+01
3.021656799316406250e+01
3.032115936279296875e+01
3.029722213745117188e+01
3.018982887268066406e+01
3.028334426879882812e+01
3.034070777893066406e+01
3.045068168640136719e+01
3.029358673095703125e+01
3.022788047790527344e+01
3.012895202636718750e+01
3.019434356689453125e+01
3.016943740844726562e+01
3.026704406738281250e+01
3.010910415649414062e+01
3.011440849304199219e+01
3.020569229125976562e+01
3.004323577880859375e+01
3.014163970947265625e+01
3.010718154907226562e+01
3.020130348205566406e+01
3.040087890625000000e+01
3.030574607849121094e+01
3.030289077758789062e+01
3.030968475341796875e+01
3.027700424194335938e+01
3.026363754272460938e+01
3.038696289062500000e+01
3.035239982604980469e+01
3.031414031982421875e+01
3.018637466430664062e+01
3.021026802062988281e+01
3.025427818298339844e+01
3.031442260742187500e+01
3.032727241516113281e+01
3.038377761840820312e+01
3.046208190917968750e+01
3.051955223083496094e+01
3.035758399963378906e+01
3.022415542602539062e+01
3.019488906860351562e+01
3.015132904052734375e+01
3.008668136596679688e+01
3.019850921630859375e+01
3.013787651062011719e+01
3.011437797546386719e+01
3.014546394348144531e+01
3.023297119140625000e+01
3.014059448242187500e+01
3.031268692016601562e+01
3.034570503234863281e+01
3.044764328002929688e+01
3.039053153991699219e+01
3.041103172302246094e+01
3.041654968261718750e+01
3.036394882202148438e+01
3.047578811645507812e+01
3.032277107238769531e+01
3.022276306152343750e+01
3.024885940551757812e+01
3.033651733398437500e+01
3.039877700805664062e+01
3.017189979553222656e+01
3.026557159423828125e+01
3.022028160095214844e+01
3.022422409057617188e+01
3.039608383178710938e+01
3.042547607421875000e+01
3.042946052551269531e+01
3.036904335021972656e+01
3.022968673706054688e+01
3.021195411682128906e+01
3.015801620483398438e+01
3.016950225830078125e+01
2.997190856933593750e+01
2.994470214843750000e+01
2.998675346374511719e+01
2.997983741760253906e+01
3.004980850219726562e+01
2.998641014099121094e+01
2.994365692138671875e+01
3.005977249145507812e+01
3.016879463195800781e+01
3.018891525268554688e+01
3.013147735595703125e+01
3.012551307678222656e+01
3.031237220764160156e+01
3.030070304870605469e+01
3.025389480590820312e+01
3.027691268920898438e+01
3.033681488037109375e+01
3.023535728454589844e+01
3.023260498046875000e+01
3.017459106445312500e+01
3.009228897094726562e+01
3.017803764343261719e+01
3.007965850830078125e+01
3.004875755310058594e+01
3.020385360717773438e+01
3.004897117614746094e+01
2.991972732543945312e+01
2.989357757568359375e+01
2.986828613281250000e+01
2.994028854370117188e+01
3.001683425903320312e+01
2.985315132141113281e+01
2.996785545349121094e+01
2.994389152526855469e+01
2.999997329711914062e+01
2.993666267395019531e+01
2.993435668945312500e+01
2.993921089172363281e+01
2.988726043701171875e+01
2.986938858032226562e+01
2.988895988464355469e+01
2.983692169189453125e+01
3.003482246398925781e+01
2.985655975341796875e+01
2.998063659667968750e+01
2.993800735473632812e+01
2.990136528015136719e+01
3.003699111938476562e+01
2.992316055297851562e+01
2.995918083190917969e+01
3.007440185546875000e+01
3.002181434631347656e+01
2.999051475524902344e+01
3.014313697814941406e+01
3.012034606933593750e+01
3.006681442260742188e+01
3.009163284301757812e+01
3.011432647705078125e+01
3.018309402465820312e+01
3.020251274108886719e+01
3.022627830505371094e+01
3.018651580810546875e+01
3.005501174926757812e+01
2.992426300048828125e+01
2.994422340393066406e+01
2.979970932006835938e+01
2.989148712158203125e+01
2.998606109619140625e+01
3.015195274353027344e+01
3.007354927062988281e+01
2.983662796020507812e+01
2.987461853027343750e+01
2.992840957641601562e+01
2.986225318908691406e+01
2.977758026123046875e+01
2.982357788085937500e+01
2.986069297790527344e+01
2.988323593139648438e+01
2.999512290954589844e+01
2.979726791381835938e+01
2.977688026428222656e+01
2.987307929992675781e+01
2.987878227233886719e+01
3.016192245483398438e+01
3.004966735839843750e+01
2.983354187011718750e+01
3.008906745910644531e+01
3.006005477905273438e+01
2.994915771484375000e+01
3.001160049438476562e+01
2.992676353454589844e+01
2.986523818969726562e+01
3.012476348876953125e+01
3.024293327331542969e+01
2.993216514587402344e+01
3.000600814819335938e+01
2.997141647338867188e+01
3.025833702087402344e+01
3.014628219604492188e+01
3.022040557861328125e+01
3.015341758728027344e+01
3.016531372070312500e+01
3.016289329528808594e+01
3.009684944152832031e+01
3.007979202270507812e+01
2.991237831115722656e+01
2.983734130859375000e+01
2.982476997375488281e+01
2.982847976684570312e+01
2.982392501831054688e+01
2.980307388305664062e+01
2.982849502563476562e+01
2.975643157958984375e+01
2.969921875000000000e+01
2.961995315551757812e+01
2.972954559326171875e+01
2.977157592773437500e+01
2.983656311035156250e+01
2.979366683959960938e+01
2.976465606689453125e+01
2.988809967041015625e+01
2.985544395446777344e+01
2.996813201904296875e+01
2.997216987609863281e+01
3.006507492065429688e+01
2.990404129028320312e+01
2.993206405639648438e+01
2.988542938232421875e+01
3.001102638244628906e+01
2.983725929260253906e+01
2.988799858093261719e+01
3.004975128173828125e+01
2.992453002929687500e+01
2.986512565612792969e+01
2.987030220031738281e+01
2.986508560180664062e+01
2.977979850769042969e+01
2.978919601440429688e+01
2.979837036132812500e+01
2.968541717529296875e+01
2.965597915649414062e+01
2.975515747070312500e+01
2.977960586547851562e+01
2.972684478759765625e+01
2.972196197509765625e+01
2.975823211669921875e+01
2.977731513977050781e+01
2.984024047851562500e+01
2.996075057983398438e+01
2.996714019775390625e+01
2.992042732238769531e+01
2.996517562866210938e+01
2.992179870605468750e+01
2.981492805480957031e+01
2.977542495727539062e+01
2.970557403564453125e+01
2.966077995300292969e+01
2.976046371459960938e+01
2.990255165100097656e+01
2.982705307006835938e+01
2.984833908081054688e+01
2.997005462646484375e+01
2.991787528991699219e+01
2.976761627197265625e+01
2.982498741149902344e+01
2.979336929321289062e+01
2.978034210205078125e+01
2.966613388061523438e+01
2.970941543579101562e+01
2.980882644653320312e+01
2.972914123535156250e+01
2.983256530761718750e+01
2.989371871948242188e+01
2.999593734741210938e+01
2.992879867553710938e+01
2.967937278747558594e+01
2.977178955078125000e+01
2.983758544921875000e+01
2.989958000183105469e+01
2.988671493530273438e+01
2.972810363769531250e+01
2.988414382934570312e+01
2.986656188964843750e+01
2.981701660156250000e+01
2.982305908203125000e+01
2.979618453979492188e+01
2.967035293579101562e+01
2.978765487670898438e+01
2.979291343688964844e+01
2.962190055847167969e+01
2.962128829956054688e+01
2.969286155700683594e+01
2.966935157775878906e+01
2.960934066772460938e+01
2.957334136962890625e+01
2.966104125976562500e+01
2.968826293945312500e+01
2.978537940979003906e+01
2.972127151489257812e+01
2.964539909362792969e+01
2.958816909790039062e+01
2.975645256042480469e+01
2.951535224914550781e+01
2.966710662841796875e+01
2.957071876525878906e+01
2.986302566528320312e+01
2.985736656188964844e+01
2.996412277221679688e+01
2.987168693542480469e+01
2.978457641601562500e+01
2.976480484008789062e+01
2.978152847290039062e+01
2.975014114379882812e+01
2.985214614868164062e+01
2.969927597045898438e+01
2.973992538452148438e+01
2.982728958129882812e+01
2.991390800476074219e+01
2.997887039184570312e+01
2.996802520751953125e+01
2.975072479248046875e+01
2.962990188598632812e+01
2.969689178466796875e+01
2.972909355163574219e+01
2.979199028015136719e+01
2.976750946044921875e+01
2.972719573974609375e+01
2.986565589904785156e+01
2.969936561584472656e+01
2.972996902465820312e+01
2.968178176879882812e+01
2.972803878784179688e+01
2.966494941711425781e+01
2.987901687622070312e+01
2.971733474731445312e+01
2.965982818603515625e+01
2.966625022888183594e+01
2.968564987182617188e+01
2.988729858398437500e+01
2.992140769958496094e+01
2.990841293334960938e+01
2.981195640563964844e+01
2.968258094787597656e+01
2.989141464233398438e+01
2.981947898864746094e+01
2.972314453125000000e+01
2.956742477416992188e+01
2.955500221252441406e+01
2.958407211303710938e+01
2.971743011474609375e+01
2.956394386291503906e+01
2.969116592407226562e+01
2.985844230651855469e+01
2.967722702026367188e+01
2.966237449645996094e+01
2.985315322875976562e+01
2.975723075866699219e+01
2.992190551757812500e+01
2.993680572509765625e+01
2.978112030029296875e+01
2.982648086547851562e+01
2.968935012817382812e+01
2.961701774597167969e+01
2.956937026977539062e+01
2.948463630676269531e+01
2.961393928527832031e+01
2.956487083435058594e+01
2.983788299560546875e+01
2.971110725402832031e+01
2.968646812438964844e+01
2.972167015075683594e+01
2.969726562500000000e+01
2.975519371032714844e+01
2.976212310791015625e+01
2.977791976928710938e+01
2.985806465148925781e+01
2.986759185791015625e+01
2.996506118774414062e+01
3.007192230224609375e+01
2.998581695556640625e+01
2.988868713378906250e+01
2.992338943481445312e+01
2.986779212951660156e+01
2.989572143554687500e+01
2.978032684326171875e+01
2.982790374755859375e+01
2.979207611083984375e+01
2.987981224060058594e+01
2.981960487365722656e+01
2.966117477416992188e+01
2.979257965087890625e+01
2.971318054199218750e+01
2.983338737487792969e+01
3.007340621948242188e+01
3.002732658386230469e+01
2.974709320068359375e+01
2.973955726623535156e+01
2.962113380432128906e+01
2.969654083251953125e+01
2.965501403808593750e+01
2.962042999267578125e+01
2.967298126220703125e+01
2.966338729858398438e+01
2.958755874633789062e+01
2.947891426086425781e+01
2.959521865844726562e+01
2.979821395874023438e+01
2.971668243408203125e+01
2.963062286376953125e+01
2.959456634521484375e+01
2.965409469604492188e+01
2.950110816955566406e+01
2.964741134643554688e+01
2.970134735107421875e+01
2.985383796691894531e+01
2.979794692993164062e+01
2.982108688354492188e+01
2.965957450866699219e+01
2.964319229125976562e+01
2.959446334838867188e+01
2.969215774536132812e+01
2.961483383178710938e+01
2.949676895141601562e+01
2.960383796691894531e+01
2.964549255371093750e+01
2.955558776855468750e+01
2.951086616516113281e+01
2.944579505920410156e+01
2.958531379699707031e+01
2.953168106079101562e+01
2.958866882324218750e+01
2.958535766601562500e+01
2.943995666503906250e+01
2.944929313659667969e+01
2.950008583068847656e+01
2.958155441284179688e+01
2.965229797363281250e+01
2.942235946655273438e+01
2.942728233337402344e+01
2.941250610351562500e+01
2.954450416564941406e+01
2.948452949523925781e+01
2.974713706970214844e+01
2.954751777648925781e+01
2.945428085327148438e+01
2.969531250000000000e+01
2.957677078247070312e+01
2.973092079162597656e+01
2.967359161376953125e+01
2.976472854614257812e+01
2.968940162658691406e+01
2.957761955261230469e+01
2.967797851562500000e+01
2.971541213989257812e+01
2.965358734130859375e+01
2.968367767333984375e+01
2.971956253051757812e+01
2.971905136108398438e+01
2.972284698486328125e+01
2.963731002807617188e+01
2.964064407348632812e+01
2.976962661743164062e+01
2.961880493164062500e+01
2.952407073974609375e+01
2.958620071411132812e+01
2.975820541381835938e+01
2.957875633239746094e+01
2.938634872436523438e+01
2.952398681640625000e+01
2.952944946289062500e+01
2.958778762817382812e+01
2.944519233703613281e+01
2.934191894531250000e+01
2.954813957214355469e+01
2.955870437622070312e+01
2.941461181640625000e+01
2.958900451660156250e+01
2.953767585754394531e+01
2.941660881042480469e+01
2.951844787597656250e+01
2.965059852600097656e+01
2.962427520751953125e+01
2.948759078979492188e+01
2.947909545898437500e+01
2.951954650878906250e+01
2.948848533630371094e+01
2.930400085449218750e+01
2.942572021484375000e+01
2.929451942443847656e+01
2.930558776855468750e+01
2.929526329040527344e+01
2.954281425476074219e+01
2.955771255493164062e+01
2.946127319335937500e+01
2.943881607055664062e+01
2.943659782409667969e+01
2.955186271667480469e+01
2.954742431640625000e+01
2.956218338012695312e+01
2.936507415771484375e+01
2.938728904724121094e+01
2.928626632690429688e+01
2.933379554748535156e+01
2.937452697753906250e+01
2.922607231140136719e+01
2.925089645385742188e+01
2.923887252807617188e+01
2.923522567749023438e+01
2.931439590454101562e+01
2.928402137756347656e+01
2.919933128356933594e+01
2.913624572753906250e+01
2.909543609619140625e+01
2.917216300964355469e+01
2.920191574096679688e+01
2.905933761596679688e+01
2.908205032348632812e+01
2.919655609130859375e+01
2.905640411376953125e+01
2.920328140258789062e+01
2.915472602844238281e+01
2.916452980041503906e+01
2.912506866455078125e+01
2.914809417724609375e+01
2.916245841979980469e+01
2.925544166564941406e+01
2.922060394287109375e+01
2.921173095703125000e+01
2.928934860229492188e+01
2.920494461059570312e+01
2.930017662048339844e+01
2.911958312988281250e+01
2.914824867248535156e+01
2.906889343261718750e+01
2.916972923278808594e+01
2.913129615783691406e+01
2.924562644958496094e+01
2.911158370971679688e+01
2.926436996459960938e+01
2.917200851440429688e+01
2.923221206665039062e+01
2.928805923461914062e+01
2.931929397583007812e+01
2.935807418823242188e+01
2.945407676696777344e+01
2.942527770996093750e+01
2.956348228454589844e+01
2.942488098144531250e+01
2.940334701538085938e+01
2.936331748962402344e+01
2.912316513061523438e+01
2.912655639648437500e+01
2.917316818237304688e+01
2.923301124572753906e+01
2.931239318847656250e+01
2.909935188293457031e+01
2.927530479431152344e+01
2.934222984313964844e+01
2.926292419433593750e+01
2.912532997131347656e+01
2.910608673095703125e+01
2.916973876953125000e+01
2.915473556518554688e+01
2.921120452880859375e+01
2.921875953674316406e+01
2.915037536621093750e+01
2.930442619323730469e+01
2.930499649047851562e+01
2.924009323120117188e+01
2.922655296325683594e+01
2.918346786499023438e+01
2.920182991027832031e+01
2.932753944396972656e+01
2.935719680786132812e+01
2.933587646484375000e+01
2.941007423400878906e+01
2.932102394104003906e+01
2.921168518066406250e+01
2.929877281188964844e+01
2.917034912109375000e+01
2.928614807128906250e+01
2.934583282470703125e+01
2.925422477722167969e+01
2.914468383789062500e+01
2.924838829040527344e+01
2.922289276123046875e+01
2.918298530578613281e+01
2.937039947509765625e+01
2.924602508544921875e+01
2.918578720092773438e+01
2.935994911193847656e+01
2.926843261718750000e+01
2.931857109069824219e+01
2.929878044128417969e+01
2.926612854003906250e+01
2.931932449340820312e+01
2.933936882019042969e+01
2.923211097717285156e+01
2.922398757934570312e+01
2.915402793884277344e+01
2.913963317871093750e+01
2.920228576660156250e+01
2.931995010375976562e+01
2.945588684082031250e+01
2.940787124633789062e+01
2.936728096008300781e+01
2.932467269897460938e+01
2.925448417663574219e+01
2.934386062622070312e+01
2.934095573425292969e+01
2.926695632934570312e+01
2.938201904296875000e+01
2.942505455017089844e+01
2.926521492004394531e+01
2.925421524047851562e+01
2.909547805786132812e+01
2.904989433288574219e+01
2.917126464843750000e+01
2.914549255371093750e+01
2.898699760437011719e+01
2.913874816894531250e+01
2.930927658081054688e+01
2.931024169921875000e+01
2.925790405273437500e+01
2.933310508728027344e+01
2.930967330932617188e+01
2.931953811645507812e+01
2.927128028869628906e+01
2.916011238098144531e+01
2.914770889282226562e+01
2.903180313110351562e+01
2.919605255126953125e+01
2.922093963623046875e+01
2.934069061279296875e+01
2.937856292724609375e+01
2.925060462951660156e+01
2.916419219970703125e+01
2.916315269470214844e+01
2.924821662902832031e+01
2.927297973632812500e+01
2.924912261962890625e+01
2.934643554687500000e+01
2.931335830688476562e+01
2.939481353759765625e+01
2.929822921752929688e+01
2.927635955810546875e+01
2.925026130676269531e+01
2.906816291809082031e+01
2.920113372802734375e+01
2.923695182800292969e+01
2.917112350463867188e+01
2.936229324340820312e+01
2.918268585205078125e+01
2.925631713867187500e+01
2.915216445922851562e+01
2.916132354736328125e+01
2.909825706481933594e+01
2.914602470397949219e+01
2.918714904785156250e+01
2.906528854370117188e+01
2.908474731445312500e+01
2.898468589782714844e+01
2.914822387695312500e+01
2.908766746520996094e+01
2.901801681518554688e+01
2.907864570617675781e+01
2.904524803161621094e+01
2.913912200927734375e+01
2.907864761352539062e+01
2.897584533691406250e+01
2.911911964416503906e+01
2.910915184020996094e+01
2.915184402465820312e+01
2.918901252746582031e+01
2.911941528320312500e+01
2.934345817565917969e+01
2.931193351745605469e+01
2.922999954223632812e+01
2.915591049194335938e+01
2.926092720031738281e+01
2.916375923156738281e+01
2.933254432678222656e+01
2.914202880859375000e+01
2.919589042663574219e+01
2.924764442443847656e+01
2.918290901184082031e+01
2.931149482727050781e+01
2.918706512451171875e+01
2.902301216125488281e+01
2.916200065612792969e+01
2.908829879760742188e+01
2.900789642333984375e+01
2.899671554565429688e+01
2.897265815734863281e+01
2.911319160461425781e+01
2.908509826660156250e+01
2.910902786254882812e+01
2.902810287475585938e+01
2.906812667846679688e+01
2.922098541259765625e+01
2.916608428955078125e+01
2.920504379272460938e+01
2.921045494079589844e+01
2.918745422363281250e+01
2.905461883544921875e+01
2.891960716247558594e+01
2.890308761596679688e+01
2.892075538635253906e+01
2.910604286193847656e+01
2.901832199096679688e+01
2.907158279418945312e+01
2.886351776123046875e+01
2.906998825073242188e+01
2.897746276855468750e+01
2.912775039672851562e+01
2.898575401306152344e+01
2.876799392700195312e+01
2.893862724304199219e+01
2.896960258483886719e+01
2.921219253540039062e+01
2.918145751953125000e+01
2.915812110900878906e+01
2.908226013183593750e+01
2.887358665466308594e+01
2.883994293212890625e+01
2.880894851684570312e+01
2.873212432861328125e+01
2.882940864562988281e+01
2.891028404235839844e+01
2.883790016174316406e+01
2.886829757690429688e+01
2.890327835083007812e+01
2.891989707946777344e+01
2.881523513793945312e+01
2.875783538818359375e+01
2.899529266357421875e+01
2.895753288269042969e+01
2.883013725280761719e+01
2.891347694396972656e+01
2.898748016357421875e+01
2.890880012512207031e+01
2.893441772460937500e+01
2.890908622741699219e+01
2.886971855163574219e+01
2.893350219726562500e+01
2.893938446044921875e+01
2.885538291931152344e+01
2.888527297973632812e+01
2.884190750122070312e+01
2.886971664428710938e+01
2.887349128723144531e+01
2.867638397216796875e+01
2.877568626403808594e+01
2.901502227783203125e+01
2.899287414550781250e+01
2.913385772705078125e+01
2.922859191894531250e+01
2.933154296875000000e+01
2.934347152709960938e+01
2.918465995788574219e+01
2.899818420410156250e+01
2.908788299560546875e+01
2.905687713623046875e+01
2.893591690063476562e+01
2.896216201782226562e+01
2.892367935180664062e+01
2.890498542785644531e+01
2.903801918029785156e+01
2.903198623657226562e+01
2.907577896118164062e+01
2.903242111206054688e+01
2.912581634521484375e+01
2.898593139648437500e+01
2.891984176635742188e+01
2.900551033020019531e+01
2.902480506896972656e+01
2.895744132995605469e+01
2.894130134582519531e+01
2.890191841125488281e+01
2.884540939331054688e+01
2.895566177368164062e+01
2.890412330627441406e+01
2.889062118530273438e+01
2.890865898132324219e+01
2.887991333007812500e+01
2.903507614135742188e+01
2.903504180908203125e+01
2.898423194885253906e+01
2.889084053039550781e+01
2.873002433776855469e+01
2.870113372802734375e+01
2.875670242309570312e+01
2.891407203674316406e+01
2.891865921020507812e+01
2.897948455810546875e+01
2.881710433959960938e+01
2.879079055786132812e+01
2.878180694580078125e+01
2.898516654968261719e+01
2.895252227783203125e+01
2.885704421997070312e+01
2.889059066772460938e+01
2.879296112060546875e+01
2.877341842651367188e+01
2.882242584228515625e+01
2.886109733581542969e+01
2.880645179748535156e+01
2.905571937561035156e+01
2.890743637084960938e+01
2.895951080322265625e+01
2.894890594482421875e+01
2.896333312988281250e+01
2.892424011230468750e+01
2.885587310791015625e+01
2.878981399536132812e+01
2.875646400451660156e+01
2.873394775390625000e+01
2.874899291992187500e+01
2.870558738708496094e+01
2.873529624938964844e+01
2.879269027709960938e+01
2.890525436401367188e+01
2.885186004638671875e+01
2.895011711120605469e+01
2.879813766479492188e+01
2.886907958984375000e+01
2.879755401611328125e+01
2.871645355224609375e+01
2.864249038696289062e+01
2.874450874328613281e+01
2.880366516113281250e+01
2.874637985229492188e+01
2.863431167602539062e+01
2.877433204650878906e+01
2.871144485473632812e+01
2.877837371826171875e+01
2.878394889831542969e+01
2.869217300415039062e+01
2.881689453125000000e+01
2.880269813537597656e+01
2.883536148071289062e+01
2.860604476928710938e+01
2.877495193481445312e+01
2.885123062133789062e+01
2.875545501708984375e+01
2.871847915649414062e+01
2.879409027099609375e+01
2.881243515014648438e+01
2.865850448608398438e+01
2.866927719116210938e+01
2.867536926269531250e+01
2.866357994079589844e+01
2.869834899902343750e+01
2.865873336791992188e+01
2.872015571594238281e+01
2.889801597595214844e+01
2.884798049926757812e+01
2.885139846801757812e+01
2.873336791992187500e+01
2.881551742553710938e+01
2.880445098876953125e+01
2.883119964599609375e+01
2.890136718750000000e+01
2.877816390991210938e+01
2.865592575073242188e+01
2.883295440673828125e+01
2.882047271728515625e+01
2.889290618896484375e+01
2.871997451782226562e+01
2.861403656005859375e+01
2.863105392456054688e+01
2.862044143676757812e+01
2.862909507751464844e+01
2.863621520996093750e+01
2.853914260864257812e+01
2.850968360900878906e+01
2.854825973510742188e+01
2.863039398193359375e+01
2.860873413085937500e+01
2.878055953979492188e+01
2.883352279663085938e+01
2.883756828308105469e+01
2.882830810546875000e+01
2.893298149108886719e+01
2.890909385681152344e+01
2.881760597229003906e+01
2.891991043090820312e+01
2.894634056091308594e+01
2.889759826660156250e+01
2.885737228393554688e+01
2.876570320129394531e+01
2.868201828002929688e+01
2.870702171325683594e+01
2.866829490661621094e+01
2.881321716308593750e+01
2.880276107788085938e+01
2.869542312622070312e+01
2.853285598754882812e+01
2.845647621154785156e+01
2.831731986999511719e+01
2.850421524047851562e+01
2.844123840332031250e+01
2.854305648803710938e+01
2.861813735961914062e+01
2.855442810058593750e+01
2.863912582397460938e+01
2.857330703735351562e+01
2.845371627807617188e+01
2.844285202026367188e+01
2.844524574279785156e+01
2.848068809509277344e+01
2.847179412841796875e+01
2.841768836975097656e+01
2.855405616760253906e+01
2.846977615356445312e+01
2.861429214477539062e+01
2.847164344787597656e+01
2.835887145996093750e+01
2.826197242736816406e+01
2.844149780273437500e+01
2.854730987548828125e+01
2.849774169921875000e+01
2.858052444458007812e+01
2.856070709228515625e+01
2.848618888854980469e+01
2.857551193237304688e+01
2.853227806091308594e+01
2.850711441040039062e+01
2.851256561279296875e+01
2.860919189453125000e+01
2.860562896728515625e+01
2.857150459289550781e+01
2.865466499328613281e+01
2.863468742370605469e+01
2.868548011779785156e+01
2.866464996337890625e+01
2.843426513671875000e+01
2.849880027770996094e+01
2.855913925170898438e+01
2.863938903808593750e+01
2.855508804321289062e+01
2.834034156799316406e+01
2.840744972229003906e+01
2.844946670532226562e+01
2.844597053527832031e+01
2.832561874389648438e+01
2.827323150634765625e+01
2.840213584899902344e+01
2.823017501831054688e+01
2.820309638977050781e+01
2.826676940917968750e+01
2.827169990539550781e+01
2.820444107055664062e+01
2.844730567932128906e+01
2.852452659606933594e+01
2.838842773437500000e+01
2.854520034790039062e+01
2.846137619018554688e+01
2.845304870605468750e+01
2.843786621093750000e+01
2.840665435791015625e+01
2.841532135009765625e+01
2.844776344299316406e+01
2.856485366821289062e+01
2.866940498352050781e+01
2.872703170776367188e+01
2.857421875000000000e+01
2.864548683166503906e+01
2.854172134399414062e+01
2.850644302368164062e+01
2.855110931396484375e+01
2.867076873779296875e+01
2.847900199890136719e+01
2.842257690429687500e+01
2.847177124023437500e+01
2.845467758178710938e+01
2.849250411987304688e+01
2.844604873657226562e+01
2.845943260192871094e+01
2.867610549926757812e+01
2.858892250061035156e+01
2.842118072509765625e+01
2.837258529663085938e+01
2.837493896484375000e+01
2.825687599182128906e+01
2.846136474609375000e+01
2.823481369018554688e+01
2.840538024902343750e+01
2.859089088439941406e+01
2.853152847290039062e+01
2.834768676757812500e+01
2.835708999633789062e+01
2.829997634887695312e+01
2.816082763671875000e+01
2.821934509277343750e+01
2.826654815673828125e+01
2.850409698486328125e+01
2.839660835266113281e+01
2.838913726806640625e+01
2.832937240600585938e+01
2.844707298278808594e+01
2.840203666687011719e+01
2.821662712097167969e+01
2.831420516967773438e+01
2.840932464599609375e+01
2.830726242065429688e+01
2.833788299560546875e+01
2.839439582824707031e+01
2.847524452209472656e+01
2.840259170532226562e+01
2.826283264160156250e+01
2.834973907470703125e+01
2.830376815795898438e+01
2.835468482971191406e+01
2.835296630859375000e+01
2.833808135986328125e+01
2.853130340576171875e+01
2.839888381958007812e+01
2.846938133239746094e+01
2.841581726074218750e+01
2.850273513793945312e+01
2.846284675598144531e+01
2.852885437011718750e+01
2.847403526306152344e+01
2.843655395507812500e+01
2.831121253967285156e+01
2.831217002868652344e+01
2.826190185546875000e+01
2.833172798156738281e+01
2.837503051757812500e+01
2.850570869445800781e+01
2.847263336181640625e+01
2.856672477722167969e+01
2.860256004333496094e+01
2.866152954101562500e+01
2.869541549682617188e+01
2.858748245239257812e+01
2.843410491943359375e+01
2.848952865600585938e+01
2.850918579101562500e+01
2.848202514648437500e+01
2.847211265563964844e+01
2.849869537353515625e+01
2.842069244384765625e+01
2.846838760375976562e+01
2.852304077148437500e+01
2.843335533142089844e+01
2.847229003906250000e+01
2.858289527893066406e+01
2.856966209411621094e+01
2.850620460510253906e+01
2.837041473388671875e+01
2.848291015625000000e+01
2.840248489379882812e+01
2.837705993652343750e+01
2.839782714843750000e+01
2.825614738464355469e+01
2.825226211547851562e+01
2.830384826660156250e+01
2.837193679809570312e+01
2.832416915893554688e+01
2.814086532592773438e+01
2.819584083557128906e+01
2.831433486938476562e+01
2.834771728515625000e+01
2.829564285278320312e+01
2.826594543457031250e+01
2.844853782653808594e+01
2.838161659240722656e+01
2.849267578125000000e+01
2.846691703796386719e+01
2.851088905334472656e+01
2.836823654174804688e+01
2.838234329223632812e+01
2.838893127441406250e+01
2.823218917846679688e+01
2.839888381958007812e+01
2.848927688598632812e+01
2.853485488891601562e+01
2.864784049987792969e+01
2.863964843750000000e+01
2.849962806701660156e+01
2.838924789428710938e+01
2.855256843566894531e+01
2.847865676879882812e+01
2.860397720336914062e+01
2.867798042297363281e+01
2.863660812377929688e+01
2.852536392211914062e+01
2.858514022827148438e+01
2.865561103820800781e+01
2.861331176757812500e+01
2.860050964355468750e+01
2.841465759277343750e+01
2.835868835449218750e+01
2.840781784057617188e+01
2.848901367187500000e+01
2.828145217895507812e+01
2.836722564697265625e+01
2.835844802856445312e+01
2.836808395385742188e+01
2.832558822631835938e+01
2.816317749023437500e+01
2.819467163085937500e+01
2.815744781494140625e+01
2.808113861083984375e+01
2.816092872619628906e+01
2.815802955627441406e+01
2.809454917907714844e+01
2.819264221191406250e+01
2.827493667602539062e+01
2.828342247009277344e+01
2.828659820556640625e+01
2.830479049682617188e+01
2.831592941284179688e+01
2.825661849975585938e+01
2.833810997009277344e+01
2.828273391723632812e+01
2.841471862792968750e+01
2.838001251220703125e+01
2.832503128051757812e+01
2.828410148620605469e+01
2.827523803710937500e+01
2.826326370239257812e+01
2.834605598449707031e+01
2.833228111267089844e+01
2.839670562744140625e+01
2.832205390930175781e+01
2.818330764770507812e+01
2.820658874511718750e+01
2.815196037292480469e+01
2.817090415954589844e+01
2.826177787780761719e+01
2.824969291687011719e+01
2.832933425903320312e+01
2.824168014526367188e+01
2.814204025268554688e+01
2.824412918090820312e+01
2.822097396850585938e+01
2.820641517639160156e+01
2.817220687866210938e+01
2.809132957458496094e+01
2.829760742187500000e+01
2.818245506286621094e+01
2.817135620117187500e+01
2.811322975158691406e+01
2.820681190490722656e+01
2.823423194885253906e+01
2.810690879821777344e+01
2.818573951721191406e+01
2.827957153320312500e+01
2.833854293823242188e+01
2.822415161132812500e+01
2.813677215576171875e+01
2.811132431030273438e+01
2.820774078369140625e+01
2.823247337341308594e+01
2.831073570251464844e+01
2.817703437805175781e+01
2.815479660034179688e+01
2.825038909912109375e+01
2.820507621765136719e+01
2.809990119934082031e+01
2.823230743408203125e+01
2.830951881408691406e+01
2.824284362792968750e+01
2.826873779296875000e+01
2.845625877380371094e+01
2.833815002441406250e+01
2.819630432128906250e+01
2.817315292358398438e+01
2.815814399719238281e+01
2.831106948852539062e+01
2.830251121520996094e+01
2.826572799682617188e+01
2.820800018310546875e+01
2.821800994873046875e+01
2.818407821655273438e+01
2.845910263061523438e+01
2.833547973632812500e+01
2.818123626708984375e+01
2.825503540039062500e+01
2.832032394409179688e+01
2.831553649902343750e+01
2.818070411682128906e+01
2.823487091064453125e+01
2.816728782653808594e+01
2.805724906921386719e+01
2.814932060241699219e+01
2.815430831909179688e+01
2.818563842773437500e+01
2.823221206665039062e+01
2.816281318664550781e+01
2.824000930786132812e+01
2.809094619750976562e+01
2.810488891601562500e+01
2.805646514892578125e+01
2.828978729248046875e+01
2.829825019836425781e+01
2.825829315185546875e+01
2.820372009277343750e+01
2.817316246032714844e+01
2.812835311889648438e+01
2.805304718017578125e+01
2.825732803344726562e+01
2.812086677551269531e+01
2.813164138793945312e+01
2.809174346923828125e+01
2.816296005249023438e+01
2.814811325073242188e+01
2.825867843627929688e+01
2.825340461730957031e+01
2.829755020141601562e+01
2.819874191284179688e+01
2.824194526672363281e+01
2.824891853332519531e+01
2.818368721008300781e+01
2.813957786560058594e+01
2.802322959899902344e+01
2.803539085388183594e+01
2.798205184936523438e+01
2.815151405334472656e+01
2.814444351196289062e+01
2.816297149658203125e+01
2.820157051086425781e+01
2.827421569824218750e+01
2.825042152404785156e+01
2.819768905639648438e+01
2.808125114440917969e+01
2.838386154174804688e+01
2.825622177124023438e+01
2.810266113281250000e+01
2.806721496582031250e+01
2.810192108154296875e+01
2.805979919433593750e+01
2.827514839172363281e+01
2.823596382141113281e+01
2.829147720336914062e+01
2.830917167663574219e+01
2.808996009826660156e+01
2.814835929870605469e+01
2.821891403198242188e+01
2.826762771606445312e+01
2.846009063720703125e+01
2.844585037231445312e+01
2.841907119750976562e+01
2.860476684570312500e+01
2.849035263061523438e+01
2.853474044799804688e+01
2.842369079589843750e+01
2.829706954956054688e+01
2.834653091430664062e+01
2.842584991455078125e+01
2.844278335571289062e+01
2.838772964477539062e+01
2.838780212402343750e+01
2.845856857299804688e+01
2.846125602722167969e+01
2.860472488403320312e+01
2.851192092895507812e+01
2.849112701416015625e+01
2.849083328247070312e+01
2.846027565002441406e+01
2.831392669677734375e+01
2.839243316650390625e+01
2.828084182739257812e+01
2.831994247436523438e+01
2.831182861328125000e+01
2.821381759643554688e+01
2.819397354125976562e+01
2.820105171203613281e+01
2.818696975708007812e+01
2.833473968505859375e+01
2.839264297485351562e+01
2.833208847045898438e+01
2.823887634277343750e+01
2.825423049926757812e+01
2.833105850219726562e+01
2.824313926696777344e+01
2.817106246948242188e+01
2.811520767211914062e+01
2.796132278442382812e+01
2.805497169494628906e+01
2.806211853027343750e+01
2.807285690307617188e+01
2.801909255981445312e+01
2.829116630554199219e+01
2.821009063720703125e+01
2.837028121948242188e+01
2.825837707519531250e+01
2.826661300659179688e+01
2.823307800292968750e+01
2.811820602416992188e+01
2.828789329528808594e+01
2.823954772949218750e+01
2.817084884643554688e+01
2.815771102905273438e+01
2.819868087768554688e+01
2.802642822265625000e+01
2.793884468078613281e+01
2.802740669250488281e+01
2.802853965759277344e+01
2.803322982788085938e+01
2.799934196472167969e+01
2.813581848144531250e+01
2.816078186035156250e+01
2.815962600708007812e+01
2.821514320373535156e+01
2.816877937316894531e+01
2.821985435485839844e+01
2.814771270751953125e+01
2.807041740417480469e+01
2.813352203369140625e+01
2.803291130065917969e+01
2.797901153564453125e+01
2.797450447082519531e+01
2.803307914733886719e+01
2.800564575195312500e+01
2.804324531555175781e+01
2.818970108032226562e+01
2.824402236938476562e+01
2.824036788940429688e+01
2.822393417358398438e+01
2.817082977294921875e+01
2.820815467834472656e+01
2.810473251342773438e+01
2.815201377868652344e+01
2.815657043457031250e+01
2.823352050781250000e+01
2.821466445922851562e+01
2.806663894653320312e+01
2.805590057373046875e+01
2.793146705627441406e+01
2.805300712585449219e+01
2.795763397216796875e+01
2.806811141967773438e+01
2.796125793457031250e+01
2.813674926757812500e+01
2.804176902770996094e+01
2.798586273193359375e+01
2.799131965637207031e+01
2.799839401245117188e+01
2.808845138549804688e+01
2.815551376342773438e+01
2.807189559936523438e+01
2.820405769348144531e+01
2.819937324523925781e+01
2.799550247192382812e+01
2.813816833496093750e+01
2.807045745849609375e+01
2.824973678588867188e+01
2.822984695434570312e+01
2.824683761596679688e+01
2.818556594848632812e+01
2.820496749877929688e+01
2.807664871215820312e+01
2.800153541564941406e+01
2.797848129272460938e+01
2.797955131530761719e+01
2.806534385681152344e+01
2.802250289916992188e+01
2.796669387817382812e+01
2.792967224121093750e+01
2.779482269287109375e+01
2.781247329711914062e+01
2.790611648559570312e+01
2.790727996826171875e+01
2.781128692626953125e+01
2.793327903747558594e+01
2.792898559570312500e+01
2.789177513122558594e+01
2.788276290893554688e+01
2.807019233703613281e+01
2.803754425048828125e+01
2.787075424194335938e+01
2.792579650878906250e+01
2.802158737182617188e+01
2.797616958618164062e+01
2.791837692260742188e+01
2.777613258361816406e+01
2.774893188476562500e+01
2.784437561035156250e+01
2.764369201660156250e+01
2.768587493896484375e+01
2.785371780395507812e+01
2.787993431091308594e+01
2.787978363037109375e+01
2.783872604370117188e+01
2.792976760864257812e+01
2.782949638366699219e+01
2.775315093994140625e+01
2.777662658691406250e+01
2.786358070373535156e+01
2.791838836669921875e+01
2.791999816894531250e+01
2.796420669555664062e+01
2.793610191345214844e+01
2.807929611206054688e+01
2.801298904418945312e+01
2.805574798583984375e+01
2.815942382812500000e+01
2.813471221923828125e+01
2.799437522888183594e+01
2.789668273925781250e+01
2.771794891357421875e+01
2.784841918945312500e+01
2.782506561279296875e+01
2.781431198120117188e+01
2.779439544677734375e+01
2.777424621582031250e+01
2.776862335205078125e+01
2.766834640502929688e+01
2.779065704345703125e+01
2.800192070007324219e+01
2.794538116455078125e+01
2.795653915405273438e+01
2.801344299316406250e+01
2.790047264099121094e+01
2.796538352966308594e+01
2.789855003356933594e+01
2.795017051696777344e+01
2.791705894470214844e+01
2.798957252502441406e+01
2.807731628417968750e+01
2.801793670654296875e+01
2.795425033569335938e+01
2.794481658935546875e+01
2.806314849853515625e+01
2.797759628295898438e+01
2.792684173583984375e+01
2.798598480224609375e+01
2.795866775512695312e+01
2.788953399658203125e+01
2.782478332519531250e+01
2.795687294006347656e+01
2.800115966796875000e+01
2.788806533813476562e+01
2.786803817749023438e+01
2.790402221679687500e+01
2.794001388549804688e+01
2.794719696044921875e+01
2.771426010131835938e+01
2.772621917724609375e+01
2.773521423339843750e+01
2.783413505554199219e+01
2.790118217468261719e+01
2.795354270935058594e+01
2.787231063842773438e+01
2.775361251831054688e+01
2.771875000000000000e+01
2.781930541992187500e+01
2.782369613647460938e+01
2.781832504272460938e+01
2.786398124694824219e+01
2.780183792114257812e+01
2.775823593139648438e+01
2.788091278076171875e+01
2.780686759948730469e+01
2.779783058166503906e+01
2.782863616943359375e+01
2.791654014587402344e+01
2.785649108886718750e+01
2.787879371643066406e+01
2.790875053405761719e+01
2.784966468811035156e+01
2.793101501464843750e+01
2.784734916687011719e+01
2.763791465759277344e+01
2.784545707702636719e+01
2.803935623168945312e+01
2.807886695861816406e+01
2.798932456970214844e+01
2.798426055908203125e+01
2.789438056945800781e+01
2.790040588378906250e+01
2.787038230895996094e+01
2.783164596557617188e+01
2.797711944580078125e+01
2.773371505737304688e+01
2.777076530456542969e+01
2.775799942016601562e+01
2.763005828857421875e+01
2.778228950500488281e+01
2.785170555114746094e+01
2.790180397033691406e+01
2.766502189636230469e+01
2.774208450317382812e+01
2.768680000305175781e+01
2.769454574584960938e+01
2.771117782592773438e+01
2.770676994323730469e+01
2.774240875244140625e+01
2.776035881042480469e+01
2.782552909851074219e+01
2.785962677001953125e+01
2.786474990844726562e+01
2.778303909301757812e+01
2.778487968444824219e+01
2.787456130981445312e+01
2.780494499206542969e+01
2.785321426391601562e+01
2.784090232849121094e+01
2.781219291687011719e+01
2.769119262695312500e+01
2.784509849548339844e+01
2.778609466552734375e+01
2.783986663818359375e+01
2.774177932739257812e+01
2.768217468261718750e+01
2.762944221496582031e+01
2.765586471557617188e+01
2.746927833557128906e+01
2.755316543579101562e+01
2.777661323547363281e+01
2.768174362182617188e+01
2.752140808105468750e+01
2.763736343383789062e+01
2.770143890380859375e+01
2.763189697265625000e+01
2.761062240600585938e+01
2.769098091125488281e+01
2.764500045776367188e+01
2.770747756958007812e+01
2.762919425964355469e+01
2.747556877136230469e+01
2.768908309936523438e+01
2.770960807800292969e+01
2.783459854125976562e+01
2.809240722656250000e+01
2.790548324584960938e+01
2.780397796630859375e+01
2.786113929748535156e+01
2.793593597412109375e+01
2.784450340270996094e+01
2.786575126647949219e+01
2.795406150817871094e+01
2.768130493164062500e+01
2.775178909301757812e+01
2.783482170104980469e+01
2.789379882812500000e+01
2.776213455200195312e+01
2.774964141845703125e+01
2.778493309020996094e+01
2.787980842590332031e+01
2.783864212036132812e+01
2.779460525512695312e+01
2.778400611877441406e+01
2.767738342285156250e+01
2.759288406372070312e+01
2.768087005615234375e+01
2.786660194396972656e+01
