-5.049203336238861084e-02
-4.888615012168884277e-02
-4.384580254554748535e-02
-3.686046972870826721e-02
-2.476218156516551971e-02
-2.577163465321063995e-02
-2.067522704601287842e-02
-2.211681753396987915e-02
-2.530790306627750397e-02
-2.649269439280033112e-02
-1.989485323429107666e-02
-2.246963232755661011e-02
-2.890481427311897278e-02
-2.849359996616840363e-02
-2.626818977296352386e-02
-2.699586190283298492e-02
-2.757510542869567871e-02
-3.033429011702537537e-02
-2.336361259222030640e-02
-2.447526715695858002e-02
-2.526955865323543549e-02
-2.701624110341072083e-02
-2.518590353429317474e-02
-2.313854359090328217e-02
-2.321416325867176056e-02
-2.319681458175182343e-02
-2.494801208376884460e-02
-2.695749327540397644e-02
-2.726978249847888947e-02
-2.534897252917289734e-02
-2.612315304577350616e-02
-2.739644795656204224e-02
-2.612783201038837433e-02
-2.559578232467174530e-02
-2.650968544185161591e-02
-2.553509548306465149e-02
-2.623161301016807556e-02
-2.578534930944442749e-02
-2.597923763096332550e-02
-2.686633728444576263e-02
-2.668215520679950714e-02
-2.627577073872089386e-02
-2.529052272439002991e-02
-2.542590722441673279e-02
-2.617801725864410400e-02
-2.466423064470291138e-02
-2.412930503487586975e-02
-2.542238123714923859e-02
-2.454370446503162384e-02
-2.371098473668098450e-02
-2.283113449811935425e-02
-2.288687229156494141e-02
-2.141308225691318512e-02
-2.125306427478790283e-02
-2.056608162820339203e-02
-2.105809003114700317e-02
-1.997852325439453125e-02
-1.917235367000102997e-02
-1.946015842258930206e-02
-1.971646025776863098e-02
-1.881283707916736603e-02
-1.834063790738582611e-02
-1.798104122281074524e-02
-1.928193680942058563e-02
-1.788866892457008362e-02
-1.709741912782192230e-02
-1.715956069529056549e-02
-1.631388813257217407e-02
-1.557347550988197327e-02
-1.537565048784017563e-02
-1.537188701331615448e-02
-1.506767328828573227e-02
-1.412430219352245331e-02
-1.392794679850339890e-02
-1.360214222222566605e-02
-1.276183500885963440e-02
-1.215026341378688812e-02
-1.137286424636840820e-02
-1.111039798706769943e-02
-1.108662225306034088e-02
-1.057087816298007965e-02
-1.049069594591856003e-02
-9.997501038014888763e-03
-1.025936566293239594e-02
-9.777706116437911987e-03
-9.586177766323089600e-03
-9.139944799244403839e-03
-9.080622345209121704e-03
-8.789059706032276154e-03
-8.321393281221389771e-03
-8.124809712171554565e-03
-7.700870279222726822e-03
-7.503407076001167297e-03
-7.417057640850543976e-03
-7.063897326588630676e-03
-6.692323833703994751e-03
-6.395994685590267181e-03
-6.518148817121982574e-03
-6.068990565836429596e-03
-5.842240061610937119e-03
-5.704849027097225189e-03
-5.527990404516458511e-03
-5.490533541887998581e-03
-5.339437630027532578e-03
-5.090967752039432526e-03
-4.899373743683099747e-03
-4.802765790373086929e-03
-4.682671278715133667e-03
-4.534436855465173721e-03
-4.348765593022108078e-03
-4.266223870217800140e-03
-4.139049444347620010e-03
-4.018129315227270126e-03
-3.898068564012646675e-03
-3.819626057520508766e-03
-3.671448677778244019e-03
-3.509030211716890335e-03
-3.415082581341266632e-03
-3.301535500213503838e-03
-3.183869877830147743e-03
-3.080503316596150398e-03
-3.017775481566786766e-03
-2.919463673606514931e-03
-2.820736262947320938e-03
-2.686722669750452042e-03
-2.603393746539950371e-03
-2.534147817641496658e-03
-2.460526069626212120e-03
-2.364508574828505516e-03
-2.255101688206195831e-03
-2.212172839790582657e-03
-2.145754173398017883e-03
-2.083893632516264915e-03
-2.013465855270624161e-03
-1.953619299456477165e-03
-1.893539098091423512e-03
-1.822143211029469967e-03
-1.761131337843835354e-03
-1.708584954030811787e-03
-1.652934239245951176e-03
-1.599800889380276203e-03
-1.553341280668973923e-03
-1.501798513345420361e-03
-1.449291245080530643e-03
-1.395655446685850620e-03
-1.350890728645026684e-03
-1.302216202020645142e-03
-1.261162688024342060e-03
-1.220174599438905716e-03
-1.178593141958117485e-03
-1.134736696258187294e-03
-1.091312966309487820e-03
-1.056192442774772644e-03
-1.018502982333302498e-03
-9.793214267119765282e-04
-9.440190042369067669e-04
-9.086643694899976254e-04
-8.798996568657457829e-04
-8.458741940557956696e-04
-8.154144743457436562e-04
-7.857140153646469116e-04
-7.570660673081874847e-04
-7.300477591343224049e-04
-7.019033655524253845e-04
-6.764869904145598412e-04
-6.518293521367013454e-04
-6.285724812187254429e-04
-6.061564781703054905e-04
-5.833014729432761669e-04
-5.618662107735872269e-04
-5.401221569627523422e-04
-5.199210718274116516e-04
-5.002770340070128441e-04
-4.819871974177658558e-04
-4.636588564608246088e-04
-4.456185270100831985e-04
-4.291188088245689869e-04
-4.124600091017782688e-04
-3.966932417824864388e-04
-3.812780778389424086e-04
-3.671227896120399237e-04
-3.530351968947798014e-04
-3.397090185899287462e-04
-3.268358123023062944e-04
-3.142897912766784430e-04
-3.024754696525633335e-04
-2.909014583565294743e-04
-2.797508786898106337e-04
-2.691335976123809814e-04
-2.589362848084419966e-04
-2.490516926627606153e-04
-2.395051997154951096e-04
-2.303939400007948279e-04
-2.216756256530061364e-04
-2.132963709300383925e-04
-2.052148338407278061e-04
-1.973338221432641149e-04
-1.897556794574484229e-04
-1.826538646128028631e-04
-1.757006830302998424e-04
-1.689362397883087397e-04
-1.625647419132292271e-04
-1.563921105116605759e-04
-1.504096580902114511e-04
-1.446610403945669532e-04
-1.390956458635628223e-04
-1.337499707005918026e-04
-1.286505575990304351e-04
-1.237855904037132859e-04
-1.190525072161108255e-04
-1.145101850852370262e-04
-1.101385132642462850e-04
-1.059428832377307117e-04
-1.018843395286239684e-04
-9.799343388294801116e-05
-9.422046423424035311e-05
-9.061650780495256186e-05
-8.712667477084323764e-05
-8.381249062949791551e-05
-8.060474647209048271e-05
-7.752727833576500416e-05
-7.455404556822031736e-05
-7.169269520090892911e-05
-6.896261038491502404e-05
-6.631846918025985360e-05
-6.377686804626137018e-05
-6.133505667094141245e-05
-5.898810559301637113e-05
-5.673902342095971107e-05
-5.456539656734094024e-05
-5.247282024356536567e-05
-5.047218655818141997e-05
-4.854554572375491261e-05
-4.668406836572103202e-05
-4.488922422751784325e-05
-4.317379716667346656e-05
-4.152261317358352244e-05
-3.993181599071249366e-05
-3.840415229205973446e-05
-3.693104736157692969e-05
-3.551608824636787176e-05
-3.415552055230364203e-05
-3.284736521891318262e-05
-3.158879553666338325e-05
-3.037805436179041862e-05
-2.921263876487500966e-05
-2.809255056490655988e-05
-2.701466110011097044e-05
-2.597824095573741943e-05
-2.498116373317316175e-05
-2.402366772003006190e-05
-2.310259151272475719e-05
-2.221686008851975203e-05
-2.136562579835299402e-05
-2.054659489658661187e-05
-1.975799568754155189e-05
-1.899965536722447723e-05
-1.827042615332175046e-05
-1.756918027240317315e-05
-1.689485543465707451e-05
-1.624641481612343341e-05
-1.562285615364089608e-05
-1.502323357271961868e-05
-1.444662302674259990e-05
-1.389214230584912002e-05
-1.335894648946123198e-05
-1.284620975638972595e-05
-1.235315630765398964e-05
-1.187902762467274442e-05
-1.142309520218987018e-05
-1.098466600524261594e-05
-1.056305882229935378e-05
-1.015763609757414088e-05
-9.767773917701561004e-06
-9.392874744662549347e-06
-9.032361049321480095e-06
-8.685687134857289493e-06
-8.352320037374738604e-06
-8.031749530346132815e-06
-7.723479939159005880e-06
-7.427044238283997402e-06
-7.141985406633466482e-06
-6.867867796245263889e-06
-6.604270765819819644e-06
-6.350787771225441247e-06
-6.107036369940033183e-06
-5.872640031157061458e-06
-5.647241778206080198e-06
-5.430494184111012146e-06
-5.222063464316306636e-06
-5.021635388402501121e-06
-4.828898909181589261e-06
-4.643559350370196626e-06
-4.465334768610773608e-06
-4.293949132261332124e-06
-4.129142325837165117e-06
-3.970661055063828826e-06
-3.818262030108598992e-06
-3.671712647701497190e-06
-3.530787580530159175e-06
-3.395271733097615652e-06
-3.264956831117160618e-06
-3.139644149996456690e-06
-3.019141104232403450e-06
-2.903262611653190106e-06
-2.791832230286672711e-06
-2.684678065634216182e-06
-2.581637090770527720e-06
-2.482551508364849724e-06
-2.387268068559933454e-06
-2.295641706950846128e-06
-2.207532588727190159e-06
-2.122804517057375051e-06
-2.041329253188450821e-06
-1.962981059477897361e-06
-1.887638859443541151e-06
-1.815189079934498295e-06
-1.745519966789288446e-06
-1.678524881754128728e-06
-1.614101506675069686e-06
-1.552150138195429463e-06
-1.492576643613574561e-06
-1.435289505025139078e-06
-1.380201524625590537e-06
-1.327227664660313167e-06
-1.276286980100849178e-06
-1.227301709150196984e-06
-1.180196250061271712e-06
-1.134898980126308743e-06
-1.091340209313784726e-06
-1.049453203449957073e-06
-1.009173729471513070e-06
-9.704403964860830456e-07
-9.331935189038631506e-07
-8.973763669928302988e-07
-8.629338026366895065e-07
-8.298133593598322477e-07
-7.979642759892158210e-07
-7.673374398109444883e-07
-7.378861255347146653e-07
-7.095650289556942880e-07
-6.823309490755491424e-07
-6.561423333550919779e-07
-6.309588798103504814e-07
-6.067419349164993037e-07
-5.834544367644411977e-07
-5.610608582173881587e-07
-5.395266384766728152e-07
-5.188188652027747594e-07
-4.989058197679696605e-07
-4.797572046300047077e-07
-4.613433191025251290e-07
-4.436363099102891283e-07
-4.266089774773718091e-07
-4.102352306745160604e-07
-3.944899731322948355e-07
-3.793489611325639999e-07
-3.647890309821377741e-07
-3.507878147956944304e-07
-3.373241952431271784e-07
-3.243772255245858105e-07
-3.119272093954350566e-07
-2.999550758886471158e-07
-2.884424645799299469e-07
-2.773717540094366996e-07
-2.667258343080902705e-07
-2.564884766798058990e-07
-2.466441344495251542e-07
-2.371776020027027698e-07
-2.280744695326575311e-07
-2.193207109257855336e-07
-2.109029253460903419e-07
-2.028082235483452678e-07
-1.950242136672386550e-07
-1.875389301631003036e-07
-1.803409759304486215e-07
-1.734191812374774599e-07
-1.667631437385352910e-07
-1.603625463530988782e-07
-1.542076120131241623e-07
-1.482888905002255342e-07
-1.425973863433682709e-07
-1.371243172343383776e-07
-1.318612987688538851e-07
-1.268002449705818435e-07
-1.219335103996854741e-07
-1.172535917248751502e-07
-1.127532485156734765e-07
-1.084256453509624407e-07
-1.042641386561626859e-07
-1.002623406520797289e-07
-9.641414777661339031e-08
-9.271365541962950374e-08
-8.915518634466934600e-08
-8.573331911065906752e-08
-8.244277438507197076e-08
-7.927852152533887420e-08
-7.623568620829246356e-08
-7.330967122243237100e-08
-7.049593619967708946e-08
-6.779021788361205836e-08
-6.518835249380572350e-08
-6.268634678008311312e-08
-6.028037802252583788e-08
-5.796675495162162406e-08
-5.574191419555063476e-08
-5.360247001817697310e-08
-5.154513971206142742e-08
-4.956676136202986527e-08
-4.766433292502370023e-08
-4.583491630683056428e-08
-4.407573328535363544e-08
-4.238404827106023731e-08
-4.075729265196059714e-08
-3.919297952847955457e-08
-3.768870016074288287e-08
-3.624216660114143451e-08
-3.485113353463020758e-08
-3.351350841285238857e-08
-3.222722710916059441e-08
-3.099031076203573321e-08
-2.980086044601648609e-08
-2.865707315891086182e-08
-2.755717787294997834e-08
-2.649950125999112061e-08
-2.548241617716939800e-08
-2.450435765410929889e-08
-2.356384598556360288e-08
-2.265943699342187756e-08
-2.178974689570623013e-08
-2.095342921393239521e-08
-2.014920497117600462e-08
-1.937585736300206918e-08
-1.863218912490083312e-08
-1.791706338849508029e-08
-1.722938236525806133e-08
-1.656809445194085129e-08
-1.593219423057234962e-08
-1.532069404674984980e-08
-1.473266753038160459e-08
-1.416721140401477896e-08
-1.362345614097648649e-08
-1.310056951808746817e-08
-1.259775217476999387e-08
-1.211423494851260330e-08
-1.164927443397800744e-08
-1.120216008843044619e-08
-1.077221067902200957e-08
-1.035876096011634218e-08
-9.961180325035456917e-09
-9.578858595205019810e-09
-9.211211349224868172e-09
-8.857674593798492424e-09
-8.517707428268295189e-09
-8.190786715545073093e-09
-7.876415075713794067e-09
-7.574107563357301842e-09
-7.283403657964981903e-09
-7.003857049880934937e-09
-6.735040969374495035e-09
-6.476541525302081936e-09
-6.227964810534558637e-09
-5.988927576083824533e-09
-5.759065224708592723e-09
-5.538025149576242256e-09
-5.325468510619657536e-09
-5.121070234537228316e-09
-4.924517682525220152e-09
-4.735508873920935002e-09
-4.553753818470340775e-09
-4.378976292684910732e-09
-4.210906290325056034e-09
-4.049286683738273496e-09
-3.893870115234676632e-09
-3.744418997086995660e-09
-3.600702624950713471e-09
-3.462503617157608460e-09
-3.329608366797742747e-09
-3.201813925102214853e-09
-3.078925114863295676e-09
-2.960752087943774313e-09
-2.847114766169056566e-09
-2.737839288613486133e-09
-2.632757567511134766e-09
-2.531709064612641669e-09
-2.434539236872979018e-09
-2.341098648273032268e-09
-2.251244746176439548e-09
-2.164839862928147340e-09
-2.081750549720595700e-09
-2.001850019084372434e-09
-1.925016590575978626e-09
-1.851131914420989233e-09
-1.780082636848590028e-09
-1.711760733158484982e-09
-1.646060843185637168e-09
-1.582883157880132785e-09
-1.522130310682712206e-09
-1.463709042859306919e-09
-1.407530425545644448e-09
-1.353507306234291718e-09
-1.301557861488333856e-09
-1.251602488316905237e-09
-1.203564581331306726e-09
-1.157370310700400751e-09
-1.112949177262123612e-09
-1.070233013322763327e-09
-1.029156426746169473e-09
-9.896559127753334906e-10
-9.516716303892280848e-10
-9.151448487898505846e-10
-8.800205564263308133e-10
-8.462443523704621384e-10
-8.137644447181457963e-10
-7.825313175224835049e-10
-7.524967871042065326e-10
-7.236148902300953978e-10
-6.958415510460724818e-10
-6.691339704545384848e-10
-6.434517918485482824e-10
-6.187553802661227564e-10
-5.950067105686684954e-10
-5.721696449967339504e-10
-5.502090449915897352e-10
-5.290913818178921701e-10
-5.087840704298685068e-10
-4.892561356051317034e-10
-4.704779343889242682e-10
-4.524204899603034846e-10
-4.350560467436537238e-10
-4.183580704086864444e-10
-4.023009980702596522e-10
-3.868602105328022844e-10
-3.720120045347385940e-10
-3.577337592819418433e-10
-3.440034646029488385e-10
-3.308001927937453956e-10
-3.181037377952833367e-10
-3.058944486600267965e-10
-2.941538124190401504e-10
-2.828637879481732398e-10
-2.720070835238175277e-10
-2.615670735561792526e-10
-2.515277985892794277e-10
-2.418737987675001477e-10
-2.325903636357651294e-10
-2.236633239727225941e-10
-2.150788436239281509e-10
-2.068238219576912229e-10
-1.988856856982579302e-10
-1.912521807589939726e-10
-1.839117053092920173e-10
-1.768529489520886955e-10
-1.700651425240451431e-10
-1.635378360509420759e-10
-1.572610652811334830e-10
-1.512251018853660867e-10
-1.454209253015648073e-10
-1.398394872120789501e-10
-1.344722388996189011e-10
-1.293110479805292812e-10
-1.243479486046084048e-10
-1.195753218663497819e-10
-1.149858819271543098e-10
-1.105725858097095227e-10
-1.063286680924591110e-10
-1.022476547873907293e-10
-9.832323150105182208e-11
-9.454947241804845248e-11
-9.092054192860743456e-11
-8.743089585649954643e-11
-8.407521900899439515e-11
-8.084829333787624250e-11
-7.774523386183673779e-11
-7.476127356076389674e-11
-7.189185358136285231e-11
-6.913253303153510387e-11
-6.647912775825659537e-11
-6.392757850859354107e-11
-6.147397174638413730e-11
-5.911451883555685072e-11
-5.684563583741031323e-11
-5.466383595775781146e-11
-5.256577118029071016e-11
-5.054823573602540421e-11
-4.860810712270513534e-11
-4.674246753544331057e-11
-4.494843039437590448e-11
-4.322325830585782569e-11
-4.156430061241778162e-11
-3.996900033165218247e-11
-3.843494619792942046e-11
-3.695976857898131129e-11
-3.554120192594822925e-11
-3.417709518171996308e-11
-3.286533198365582109e-11
-3.160392086920538190e-11
-3.039092588696945541e-11
-2.922448741338179445e-11
-2.810281521381519099e-11
-2.702419364675190394e-11
-2.598697125544280340e-11
-2.498956076790737058e-11
-2.403043042331631796e-11
-2.310811438033244514e-11
-2.222119710459935504e-11
-2.136832377708230979e-11
-2.054817947738651895e-11
-1.975951867405623119e-11
-1.900112706065826274e-11
-1.827184237246370913e-11
-1.757054571283056532e-11
-1.689617022682110559e-11
-1.624767161090279188e-11
-1.562406801158822134e-11
-1.502440359624213073e-11
-1.444774508363444454e-11
-1.389322250994196040e-11
-1.335998499329971168e-11
-1.284721287686529934e-11
-1.235412293298931985e-11
-1.187995708751277135e-11
-1.142398849129921956e-11
-1.098552152023479778e-11
-1.056388396897256499e-11
-1.015842965301771983e-11
-9.768535806642386632e-12
-9.393609154417781326e-12
-9.033069431341189670e-12
-8.686369332155940981e-12
-8.352977164116648368e-12
-8.032379449074422695e-12
-7.724086127647300515e-12
-7.427626222411554124e-12
-7.142542200050394641e-12
-6.868402981780041827e-12
-6.604784427710619354e-12
-6.351284515676569598e-12
-6.107515101300142746e-12
-5.873101484310527809e-12
-5.647685010629066582e-12
-5.430919602922301692e-12
-5.222473061644583581e-12
-5.022028799761546480e-12
-4.829277602813597525e-12
-4.643924567809820658e-12
-4.465685200100155683e-12
-4.294287581779743235e-12
-4.129467167518496851e-12
-3.970972422412399894e-12
-3.818561352536553599e-12
-3.671999336540832104e-12
-3.531062161415965406e-12
-3.395535155131801375e-12
-3.265210367711657291e-12
-3.139887438594057834e-12
-3.019375331356211056e-12
-2.903487996905318447e-12
-2.792048276606395874e-12
-2.684884649675756130e-12
-2.581835786830133372e-12
-2.482741659828868741e-12
-2.387450697208248762e-12
-2.295817615877160378e-12
-2.207701469553180473e-12
-2.122967600326486348e-12
-2.041485036574641754e-12
-1.963129962409548845e-12
-1.887782248230496229e-12
-1.815326968607200442e-12
-1.745652667556329973e-12
-1.678652442743677753e-12
-1.614223837063943900e-12
-1.552268079699214987e-12
-1.492690194539181281e-12
-1.435398783340702256e-12
-1.380306459408675579e-12
-1.327328112872561139e-12
-1.276383512771595008e-12
-1.227394379708923733e-12
-1.180285144793125074e-12
-1.134984142260597739e-12
-1.091421983172302657e-12
-1.049531880674414719e-12
-1.009249324737671039e-12
-9.705127326786744391e-13
-9.332632323194589574e-13
-8.974438488358604804e-13
-8.629988000261046288e-13
-8.298758815555862256e-13
-7.980242443424157006e-13
-7.673949908686139576e-13
-7.379413920205468713e-13
-7.096183449878390448e-13
-6.823823732633738093e-13
-6.561917350635104729e-13
-6.310063691179756962e-13
-6.067875694092117467e-13
-5.834980935925937473e-13
-5.611027593076245434e-13
-5.395668178746759747e-13
-5.188575805982476030e-13
-4.989432261445769790e-13
-4.797932342225086355e-13
-4.613782229531682155e-13
-4.436700843952340323e-13
-4.266414424438508268e-13
-4.102663846670961956e-13
-3.945198659947857234e-13
-3.793776274033100471e-13
-3.648166567015581618e-13
-3.508145380096139299e-13
-3.373499396497336988e-13
-3.244020449402057471e-13
-3.119510671913822142e-13
-2.999780328652446038e-13
-2.884644563147520380e-13
-2.773928547798731881e-13
-2.667460978662827831e-13
-2.565080580666651011e-13
-2.466630144495191024e-13
-2.371958423945386141e-13
-2.280919593825037062e-13
-2.193375418357151885e-13
-2.109190914371256165e-13
-2.028237603909910369e-13
-1.950391210299093347e-13
-1.875531929198745451e-13
-1.803546461481841945e-13
-1.734324083001517747e-13
-1.667758948520683959e-13
-1.603748329883497581e-13
-1.542194242318620234e-13
-1.483003037863403484e-13
-1.426083643535358547e-13
-1.371348916584871902e-13
-1.318714695818304361e-13
-1.268100614749620436e-13
-1.219429695024573657e-13
-1.172626313541633158e-13
-1.127619387295865361e-13
-1.084340069449317434e-13
-1.042721749331017300e-13
-1.002700730063331436e-13
-9.642158219861501900e-14
-9.272078683184373227e-14
-8.916204227845878072e-14
-8.573989364627984666e-14
-8.244910965982468753e-14
-7.928462845020051164e-14
-7.624159143642186831e-14
-7.331535687793780398e-14
-7.050141855946892577e-14
-6.779548710617033791e-14
-6.519343577352301744e-14
-6.269122590843445586e-14
-6.028505602703737587e-14
-5.797124661820890479e-14
-5.574623675543878554e-14
-5.360661797814726681e-14
-5.154913429168510308e-14
-4.957061101656598523e-14
-4.766803949176126598e-14
-4.583847881887807840e-14
-4.407914395358585036e-14
-4.238733116671694612e-14
-4.076045192558455654e-14
-3.919601256519196497e-14
-3.769161767636433624e-14
-3.624497688201229473e-14
-3.485384385075972202e-14
-3.351612132902921648e-14
-3.222973239203411056e-14
-3.099271531146856329e-14
-2.980317612166251406e-14
-2.865929878397704966e-14
-2.755931299955240860e-14
-2.650155519568018342e-14
-2.548439229283806784e-14
-2.450627083260079747e-14
-2.356569495478352122e-14
-2.266121453898053972e-14
-2.179144892148782847e-14
-2.095506656651230371e-14
-2.015078506617182241e-14
-1.937737452862697135e-14
-1.863365080181748901e-14
-1.791846700313279306e-14
-1.723073723633450349e-14
-1.656940440430444694e-14
-1.593345037344002374e-14
-1.532190274991778595e-14
-1.473382810342985932e-14
-1.416832603795331255e-14
-1.362452326251952645e-14
-1.310159646110376983e-14
-1.259873756427436209e-14
-1.211518254831287986e-14
-1.165018941235752836e-14
-1.120304071950198321e-14
-1.077305545525665195e-14
-1.035957039282383446e-14
-9.961957033756668051e-15
-9.579604667300182369e-15
-9.211927146654877441e-15
-8.858363736009670919e-15
-8.518368946146531034e-15
-8.191425239934685409e-15
-7.877030326836412244e-15
-7.574698856972934824e-15
-7.283971738486841319e-15
-7.004400890949034203e-15
-6.735564068435307208e-15
-6.477045377768558473e-15
-6.228448407529472985e-15
-5.989393263441207191e-15
-5.759513180237599977e-15
-5.538455368696119929e-15
-5.325881862670812580e-15
-5.121465283927564144e-15
-4.924897312473574054e-15
-4.735873863480778018e-15
-4.554104404648267809e-15
-4.379312803235238527e-15
-4.211228855731516049e-15
-4.049597181703503204e-15
-3.894167482915286346e-15
-3.744703437174581526e-15
-3.600977616135050963e-15
-3.462768097164514031e-15
-3.329862698509683527e-15
-3.202058555779692048e-15
-3.079159792605487035e-15
-2.960977944156304408e-15
-2.847331957139668558e-15
-2.738047978043155542e-15
-2.632958506101445821e-15
-2.531901969779850638e-15
-2.434725056114916963e-15
-2.341276781483796719e-15
-2.251415267867824810e-15
-2.165002660654835598e-15
-2.081907034463294226e-15
-2.002000699076402108e-15
-1.925161046475044185e-15
-1.851270974354262550e-15
-1.780216556782651498e-15
-1.711890220575909734e-15
-1.646185768978275250e-15
-1.583002828585498411e-15
-1.522245472916302668e-15
-1.463819575434424387e-15
-1.407636515317757086e-15
-1.353609683447444013e-15
-1.301656705869364689e-15
-1.251697537970003580e-15
-1.203655946784107800e-15
-1.157457499291437378e-15
-1.113032950548554275e-15
-1.070313373249375671e-15
-1.029233122340489359e-15
-9.897300467793905543e-16
-9.517431601938769470e-16
-9.152141231897063973e-16
-8.800870845319193250e-16
-8.463083105679242851e-16
-8.138259734692611554e-16
-7.825903100502787455e-16
-7.525534100098979842e-16
-7.236694806294079359e-16
-6.958941585581961565e-16
-6.691848274511039141e-16
-6.435008826662222056e-16
-6.188024077759116722e-16
-5.950520274513747179e-16
-5.722132133967610008e-16
-5.502509196238778745e-16
-5.291315295126311838e-16
-5.088226969923476551e-16
-4.892934524208933031e-16
-4.705138320077590069e-16
-4.524548248745013067e-16
-4.350891671481304547e-16
-4.183899390627915252e-16
-4.023316502207280841e-16
-3.868896837269105533e-16
-3.720402167796974056e-16
-3.577608559455456054e-16
-3.440294724887081341e-16
-3.308252346926384563e-16
-3.181277872968228670e-16
-3.059175691341357124e-16
-2.941760778286354062e-16
-2.828852874604131928e-16
-2.720277809144911558e-16
-2.615870675181774380e-16
-2.515470271756946059e-16
-2.418923074148736753e-16
-2.326082175080357046e-16
-2.236804637741957773e-16
-2.150953348675202145e-16
-2.068396885424367737e-16
-1.989009384187448480e-16
-1.912668554582684535e-16
-1.839258194277624452e-16
-1.768665144964470977e-16
-1.700781806989143212e-16
-1.635504021768908480e-16
-1.572731071792382324e-16
-1.512368062899692661e-16
-1.454321953815539527e-16
-1.398503276684869186e-16
-1.344826931166262182e-16
-1.293211125640749272e-16
-1.243575789025035323e-16
-1.195846011842847533e-16
-1.149948340455791192e-16
-1.105811835854533754e-16
-1.063369330973335913e-16
-1.022555974852173510e-16
-9.833091002878395297e-17
-9.455685547061891145e-17
-9.092765678132415613e-17
-8.743773545484862940e-17
-8.408175783060258934e-17
-8.085460200623310759e-17
-7.775131151550976642e-17
-7.476711518065935996e-17
-7.189746681703529678e-17
-6.913795258888899391e-17
-6.648434394892908028e-17
-6.393261087321119754e-17
-6.147879612968489200e-17
-5.911916086198142398e-17
-5.685009194518516186e-17
-5.466809867711113185e-17
-5.256986902658667164e-17
-5.055216706305547378e-17
-4.861190905719394058e-17
-4.674613701113158242e-17
-4.495196571889181433e-17
-4.322665224956341048e-17
-4.156755955135355181e-17
-3.997213659925312479e-17
-3.843796140842857415e-17
-3.696266824232799823e-17
-3.554399724351790216e-17
-3.417978119879339701e-17
-3.286791906939859809e-17
-3.160640907825112706e-17
-3.039330900527270943e-17
-2.922677920078102726e-17
-2.810501310231826473e-17
-2.702629348293276177e-17
-2.598898748809533868e-17
-2.499149865922376814e-17
-2.403229505782360193e-17
-2.310990926548817098e-17
-2.222292184028633430e-17
-2.136997786037473003e-17
-2.054976210857939884e-17
-1.976103712270396143e-17
-1.900258363852551461e-17
-1.827323864010280884e-17
-1.757189205105379794e-17
-1.689746026477603746e-17
-1.624891923167118675e-17
-1.562526310011438132e-17
-1.502554557548486052e-17
-1.444884352421901515e-17
-1.389427848050631392e-17
-1.336100010267705229e-17
-1.284818865474419023e-17
-1.235506079666764002e-17
-1.188085883100630308e-17
-1.142485732036297040e-17
-1.098635729712003469e-17
-1.056468791780071543e-17
-1.015919819126293340e-17
-9.769275176672786786e-18
-9.394317513724949553e-18
-9.033750311893697343e-18
-8.687022668891069839e-18
-8.353602707583195443e-18
-8.032981711893354045e-18
-7.724664200634626381e-18
-7.428178680857857225e-18
-7.143076820671042835e-18
-6.868918559988305001e-18
-6.605281623106935404e-18
-6.351763173068620717e-18
-6.107974848575767294e-18
-5.873541936810888615e-18
-5.648108336520280600e-18
-5.431327045436977255e-18
-5.222866777725651091e-18
-5.022406587308631535e-18
-4.829641658130192795e-18
-4.644273791579509505e-18
-4.466019264706475977e-18
-4.294608003041093647e-18
-4.129774895197039269e-18
-3.971268891858403000e-18
-3.818847215515400526e-18
-3.672275360464373063e-18
-3.531329160759318742e-18
-3.395793342645820637e-18
-3.265458629428902831e-18
-3.140125877376093184e-18
-3.019604007765891946e-18
-2.903707111755627823e-18
-2.792259413465133299e-18
-2.685089272917303618e-18
-2.582032701555700145e-18
-2.482931501088172111e-18
-2.387633263486856622e-18
-2.295992818554250622e-18
-2.207869752381373233e-18
-2.123129234528378313e-18
-2.041639950073023068e-18
-1.963279476284649650e-18
-1.887926631203519041e-18
-1.815466436724486370e-18
-1.745786603079397563e-18
-1.678781251149845833e-18
-1.614347500347144896e-18
-1.552386916178400944e-18
-1.492804269475593807e-18
-1.435507949985883239e-18
-1.380411207142527741e-18
-1.327429358330317196e-18
-1.276481236451644839e-18
-1.227488362745894701e-18
-1.180375567174901026e-18
-1.135071402013254546e-18
-1.091505970499194530e-18
-1.049612787990987029e-18
-1.009327231003276337e-18
-9.705878813755803916e-19
-9.333355956941016520e-19
-8.975130917014208207e-19
-8.630653618868031215e-19
-8.299398802813514369e-19
-7.980857235786054714e-19
-7.674542432187894499e-19
-7.379982382081995652e-19
-7.096729890949696694e-19
-6.824347587042110211e-19
-6.562420846077193998e-19
-6.310548485457859836e-19
-6.068342764271973494e-19
-5.835433002207534646e-19
-5.611462477625379799e-19
-5.396087910571299446e-19
-5.188978428800272377e-19
-4.989821254643176978e-19
-4.798305161394540171e-19
-4.614141152827851244e-19
-4.437044885607545093e-19
-4.266744682601186332e-19
-4.102981532879469296e-19
-3.945504180331331001e-19
-3.794070674627599688e-19
-3.648450180678584776e-19
-3.508417808755248413e-19
-3.373760818343799615e-19
-3.244271638809275857e-19
-3.119752522286488682e-19
-3.000012183258785201e-19
-2.884867866509579480e-19
-2.774143796158704001e-19
-2.667668332229054010e-19
-2.565280691489064513e-19
-2.466821900164760474e-19
-2.372142290264058081e-19
-2.281096846685819130e-19
-2.193545724207733876e-19
-2.109354376733291739e-19
-2.028394849761488424e-19
-1.950542419965587419e-19
-1.875678309379504938e-19
-1.803688005187190671e-19
-1.734460096499891382e-19
-1.667889505530418695e-19
-1.603873739430998460e-19
-1.542315087491772852e-19
-1.483119199424122540e-19
-1.426195343854608115e-19
-1.371456408324970086e-19
-1.318818253057275324e-19
-1.268200874176653467e-19
-1.219525689524911976e-19
-1.172718769834803925e-19
-1.127708253790613770e-19
-1.084425511250893751e-19
-1.042803398414359292e-19
-1.002779295123700712e-19
-9.642910982094911798e-20
-9.272803880409691377e-20
-8.916904898214776321e-20
-8.574662797180082463e-20
-8.245558004483349932e-20
-7.929081287059975772e-20
-7.624753784883474206e-20
-7.332105038980455699e-20
-7.050690439771672999e-20
-6.780077009905242882e-20
-6.519849866605181717e-20
-6.269610929201698362e-20
-6.028976980426633484e-20
-5.797577081474045334e-20
-5.575057095644184648e-20
-5.361079042108641087e-20
-5.155313664209527332e-20
-4.957446568690587877e-20
-4.767174025170650908e-20
-4.584204258613335414e-20
-4.408257126209624414e-20
-4.239062178673304281e-20
-4.076361245180378973e-20
-3.919903586607668352e-20
-3.769452680998770537e-20
-3.624776530041258547e-20
-3.485652828945508755e-20
-3.351869289562127670e-20
-3.223220086090257370e-20
-3.099509409369270067e-20
-2.980545650765086097e-20
-2.866147541401282705e-20
-2.756141567219679823e-20
-2.650358091571218725e-20
-2.548633940155376254e-20
-2.450814339724725496e-20
-2.356749202234527827e-20
-2.266294417312440022e-20
-2.179311206023660706e-20
-2.095666605547070514e-20
-2.015232176705524982e-20
-1.937884973318134881e-20
-1.863506895965412659e-20
-1.791983237960851940e-20
-1.723204139379348024e-20
-1.657065071733338059e-20
-1.593464899268240365e-20
-1.532305555845027660e-20
-1.473493498968647560e-20
-1.416938901994455635e-20
-1.362555007893361851e-20
-1.310258694707327431e-20
-1.259969344638371134e-20
-1.211610055738919669e-20
-1.165106914897597450e-20
-1.120388593942443116e-20
-1.077386834317049704e-20
-1.036035396948927616e-20
-9.962711931604983438e-21
-9.580331537581007469e-21
-9.212626329287745225e-21
-8.859030043434767337e-21
-8.519009536267889237e-21
-8.192041357555729713e-21
-7.877617405144679531e-21
-7.575265927591642043e-21
-7.284520020214922279e-21
-7.004931357584865032e-21
-6.736072616904555702e-21
-6.477534650732335979e-21
-6.228919216839701330e-21
-5.989845036663053094e-21
-5.759946987510131535e-21
-5.538872467488964587e-21
-5.326284222785352162e-21
-5.121853885314330584e-21
-4.925272474036542886e-21
-4.736233835190116414e-21
-4.554451202058785227e-21
-4.379645885861952845e-21
-4.211549699135393091e-21
-4.049905359628033564e-21
-3.894463259127687851e-21
-3.744988733603158049e-21
-3.601251965784647930e-21
-3.463031216338030730e-21
-3.330116256987508671e-21
-3.202302514012252598e-21
-3.079394501369061503e-21
-2.961203599260053421e-21
-2.847547448287490220e-21
-2.738255402060354492e-21
-2.633157218084412301e-21
-2.532093559078583485e-21
-2.434909126729622616e-21
-2.341453469485685942e-21
-2.251585627369341331e-21
-2.165167467680640963e-21
-2.082065704481038695e-21
-2.002153716128915693e-21
-1.925308516053704380e-21
-1.851412368343022331e-21
-1.780353393587847480e-21
-1.712021126017899919e-21
-1.646311865134022915e-21
-1.583124232843564705e-21
-1.522362202686254545e-21
-1.463931969634130795e-21
-1.407744373472241755e-21
-1.353713586134099379e-21
-1.301756404882308197e-21
-1.251793564973111600e-21
-1.203748124069257953e-21
-1.157546875878742746e-21
-1.113119138464458176e-21
-1.070396350347409674e-21
-1.029313080248674589e-21
-9.898070270894021859e-22
-9.518168995327004134e-22
-9.152851422869243463e-22
-8.801555127249753474e-22
-8.463741411133576842e-22
-8.138891772024929899e-22
-7.826511436364058029e-22
-7.526121281591566197e-22
-7.237258845890377636e-22
-6.959485901250423972e-22
-6.692371792726326948e-22
-6.435509594308737358e-22
-6.188507021246706897e-22
-5.950984915434750139e-22
-5.722577750283823875e-22
-5.502940194044058554e-22
-5.291729944191460677e-22
-5.088626407654148423e-22
-4.893319593650806143e-22
-4.705507589335787652e-22
-4.524904637734785691e-22
-4.351232554938183123e-22
-4.184226031246336015e-22
-4.023629854379187267e-22
-3.869197899734307923e-22
-3.720692877951407502e-22
-3.577888859267230708e-22
-3.440565215063805326e-22
-3.308512423884704657e-22
-3.181527275160743768e-22
-3.059415898435855543e-22
-2.941991743883173317e-22
-2.829074572563072193e-22
-2.720491718600617397e-22
-2.616076322137136579e-22
-2.515667834201199160e-22
-2.419113783757044022e-22
-2.326264981430275768e-22
-2.236980063346678792e-22
-2.151121452164382550e-22
-2.068557628993268595e-22
-1.989163638265949918e-22
-1.912817048769936219e-22
-1.839400730438020281e-22
-1.768802728130533139e-22
-1.700913863498192204e-22
-1.635630511772487645e-22
-1.572852456064020185e-22
-1.512484275757694288e-22
-1.454433200811055965e-22
-1.398610247713996286e-22
-1.344929840835516875e-22
-1.293309812423729911e-22
-1.243671276388113293e-22
-1.195937492339807122e-22
-1.150036011293275899e-22
-1.105895898875922151e-22
-1.063450133465238302e-22
-1.022633712922634139e-22
-9.833837808111816523e-23
-9.456403837020840452e-23
-9.093455245415894689e-23
-8.744439199574600347e-23
-8.408815487549062079e-23
-8.086075451827593376e-23
-7.775719270140646204e-23
-7.477277412477433018e-23
-7.190289184069304746e-23
-6.914315978252958506e-23
-6.648934965583195837e-23
-6.393740356010371048e-23
-6.148340243436770342e-23
-5.912358498982784340e-23
-5.685432246632011377e-23
-5.467218805207223445e-23
-5.257381173329710128e-23
-5.055597495750141253e-23
-4.861557592360583918e-23
-4.674965167005037112e-23
-4.495533705402724562e-23
-4.322989315047353534e-23
-4.157067885307856033e-23
-3.997514456339664627e-23
-3.844085427895247068e-23
-3.696545088336123319e-23
-3.554667192354675992e-23
-3.418233383252339912e-23
-3.287037610560671350e-23
-3.160876979254847463e-23
-3.039558060640908057e-23
-2.922896261267031417e-23
-2.810712036391189239e-23
-2.702833729880405433e-23
-2.599096627577669850e-23
-2.499339959630498449e-23
-2.403411791428545662e-23
-2.311166025932164558e-23
-2.222460194861872222e-23
-2.137159560775056906e-23
-2.055132857217089834e-23
-1.976254339759678775e-23
-1.900403628228687004e-23
-1.827463655665779722e-23
-1.757323350455501811e-23
-1.689875111970381124e-23
-1.625015757204014755e-23
-1.562644785277077545e-23
-1.502668795058391327e-23
-1.444994858733321065e-23
-1.389534466108300963e-23
-1.336202420205567150e-23
-1.284917547237972385e-23
-1.235600724456723001e-23
-1.188176852303641956e-23
-1.142573197803267874e-23
-1.098719315676764519e-23
-1.056548941608093324e-23
-1.015997310116935646e-23
-9.770022589639600685e-24
-9.395037558342792723e-24
-9.034442138818121238e-24
-8.687690439319173288e-24
-8.354246034430398587e-24
-8.033600108867929582e-24
-7.725260413426908361e-24
-7.428754420425107537e-24
-7.143630112563835472e-24
-6.869448883179789283e-24
-6.605790663840938781e-24
-6.352252741055168639e-24
-6.108445417535299678e-24
-5.873995562073162359e-24
-5.648543454095975901e-24
-5.431745150249063942e-24
-5.223267356799970605e-24
-5.022792557234344433e-24
-4.830012306938244010e-24
-4.644630783072211457e-24
-4.466364784571272430e-24
-4.294941365562220459e-24
-4.130096257641806506e-24
-3.971577814181265068e-24
-3.819144643743598515e-24
-3.672560876918145764e-24
-3.531604054929634491e-24
-3.396056846598676306e-24
-3.265711189861519168e-24
-3.140369080630952602e-24
-3.019837839630876377e-24
-2.903932873409468775e-24
-2.792476885478281375e-24
-2.685297904159975995e-24
-2.582233029677624498e-24
-2.483123503774051153e-24
-2.387818259585906138e-24
-2.296170568984818345e-24
-2.208040409160111042e-24
-2.123293870973122965e-24
-2.041798820222229593e-24
-1.963432391821442754e-24
-1.888073692837037328e-24
-1.815607155146398436e-24
-1.745922141007568832e-24
-1.678911759767891069e-24
-1.614472572041168040e-24
-1.552507252113218105e-24
-1.492919953384056910e-24
-1.435619956849584039e-24
-1.380519403126480501e-24
-1.327533292452208733e-24
-1.276581161014436191e-24
-1.227584319937867079e-24
-1.180468123259344859e-24
-1.135160291598428657e-24
-1.091591602410685328e-24
-1.049694903911557933e-24
-1.009406495582949876e-24
-9.706645504514144596e-25
-9.334092136957680403e-25
-8.975838845460610102e-25
-8.631333427389278984e-25
-8.300051290241715076e-25
-7.981482632657919300e-25
-7.675143291257312260e-25
-7.380559949496761347e-25
-7.097284435774487876e-25
-6.824883369630686053e-25
-6.562936189595259925e-25
-6.311043534834941356e-25
-6.068816891353908998e-25
-5.835887959717037789e-25
-5.611898794288583697e-25
-5.396507226650907108e-25
-5.189382921299946722e-25
-4.990209347797482609e-25
-4.798679343428544337e-25
-4.614501029658200132e-25
-4.437390416560570429e-25
-4.267077319275617033e-25
-4.103300427628485483e-25
-3.945810510876932515e-25
-3.794365487330668432e-25
-3.648733382579751679e-25
-3.508690603861358677e-25
-3.374023172654948225e-25
-3.244523519934834046e-25
-3.119994183955678004e-25
-3.000243619428931122e-25
-2.885090388346392569e-25
-2.774356997004387615e-25
-2.667873593789260863e-25
-2.565477476139310478e-25
-2.467011364911558021e-25
-2.372324636976912856e-25
-2.281271106548876213e-25
-2.193712229930968652e-25
-2.109514886845434128e-25
-2.028549778059526259e-25
-1.950691548645024769e-25
-1.875821622947113624e-25
-1.803825492875019337e-25
-1.734592471382978084e-25
-1.668016555286850793e-25
-1.603996055485573817e-25
-1.542432487625510970e-25
-1.483232051214650817e-25
-1.426304273767925822e-25
-1.371561024731080826e-25
-1.318918241113903215e-25
-1.268296297268772243e-25
-1.219617293181297335e-25
-1.172806780103548257e-25
-1.127793020996956475e-25
-1.084506744013282268e-25
-1.042882005311229817e-25
-1.002855141350557457e-25
-9.643642758540119166e-26
-9.273507372917673815e-26
-8.917578262862610920e-26
-8.575310005014680015e-26
-8.246179362726589976e-26
-7.929681588278515797e-26
-7.625331655473262995e-26
-7.332662410743521004e-26
-7.051225805747027576e-26
-6.780587350688328951e-26
-6.520340905460752748e-26
-6.270082178850373200e-26
-6.029426601165895062e-26
-5.798010556833818026e-26
-5.575476593256463819e-26
-5.361483897870873677e-26
-5.155702751470568504e-26
-4.957821307478953120e-26
-4.767534498592836587e-26
-4.584550199758254247e-26
-4.408589844468049933e-26
-4.239381645488471716e-26
-4.076668914876531667e-26
-3.920201127665063893e-26
-3.769739776689755479e-26
-3.625052209613324447e-26
-3.485918100050132898e-26
-3.352124825334320480e-26
-3.223465925775848882e-26
-3.099745726892368361e-26
-2.980771943838231294e-26
-2.866366158463389649e-26
-2.756352109659333106e-26
-2.650559699293373384e-26
-2.548827919622159710e-26
-2.451001001431790044e-26
-2.356929030335393284e-26
-2.266467022326755959e-26
-2.179476156375486637e-26
-2.095825161096575884e-26
-2.015384459923365327e-26
-1.938031563711391937e-26
-1.863647989250477012e-26
-1.792118488892748420e-26
-1.723334594263738271e-26
-1.657191226625680797e-26
-1.593586234654325701e-26
-1.532422551480475865e-26
-1.473606345797240743e-26
-1.417047175934431910e-26
-1.362659684676914124e-26
-1.310358977032738796e-26
-1.260065858762592723e-26
-1.211702907482711538e-26
-1.165196398594824097e-26
-1.120474610467801420e-26
-1.077469442218809973e-26
-1.036114872969356164e-26
-9.963475011056707630e-27
-9.581066213159066854e-27
-9.213333001437656814e-27
-8.859715315464649704e-27
-8.519670042995728322e-27
-8.192674871829974851e-27
-7.878229830553826363e-27
-7.575855747797119314e-27
-7.285084237397378729e-27
-7.005474646583328809e-27
-6.736597107791382321e-27
-6.478037931269484888e-27
-6.229402686565026004e-27
-5.990310809920994751e-27
-5.760395989461968677e-27
-5.539304624450158286e-27
-5.326700832703262442e-27
-5.122254895014802053e-27
-4.925655966291753017e-27
-4.736603216276802048e-27
-4.554806599920324430e-27
-4.379987627752361767e-27
-4.211878595510644233e-27
-4.050221428582623940e-27
-3.894769222749430443e-27
-3.745283547883948603e-27
-3.601534833136807461e-27
-3.463303522494346873e-27
-3.330376993290706487e-27
-3.202552830288731204e-27
-3.079634396041099089e-27
-2.961434297564221263e-27
-2.847770341885358694e-27
-2.738469773088499846e-27
-2.633364072303510836e-27
-2.532292616973029770e-27
-2.435099984550544596e-27
-2.341637493244348621e-27
-2.251762624238557189e-27
-2.165337288356157735e-27
-2.082229366802965295e-27
-2.002310977830672556e-27
-1.925459824887810929e-27
-1.851558426247772792e-27
-1.780493152043839299e-27
-1.712155572420141448e-27
-1.646440531601715696e-27
-1.583247303452470590e-27
-1.522480265550667305e-27
-1.464045528811516963e-27
-1.407853633789102776e-27
-1.353818684007905074e-27
-1.301857479294326328e-27
-1.251890478741663346e-27
-1.203841126634626734e-27
-1.157636045042335339e-27
-1.113204456039332931e-27
-1.070478278002085420e-27
-1.029392029312483640e-27
-9.898827320613461284e-28
-9.518899120484191268e-28
-9.153551172998904820e-28
-8.802227847368646224e-28
-8.464384105419153891e-28
-8.139510538680137398e-28
-7.827106405366056064e-28
-7.526692630403243564e-28
-7.237809398017477444e-28
-6.960014225804034739e-28
-6.692881001762719770e-28
-6.435999502815378059e-28
-6.188978283700812898e-28
-5.951435047325063421e-28
-5.723011570718473603e-28
-5.503354927218734483e-28
-5.292128079085578294e-28
-5.089009396018292368e-28
-4.893685914400913779e-28
-4.705860078057034699e-28
-4.525242997494997043e-28
-4.351556857320322952e-28
-4.184538768095603569e-28
-4.023931377432020148e-28
-3.869489129261663318e-28
-3.720973449012672109e-28
-3.578157799175337973e-28
-3.440823586700972959e-28
-3.308760403743152761e-28
-3.181766268398959768e-28
-3.059646180261524771e-28
-2.942213564867485259e-28
-2.829287866284554927e-28
-2.720696473041468069e-28
-2.616271829233062996e-28
-2.515856249345143002e-28
-2.419294696017184916e-28
-2.326438391160984824e-28
-2.237147223373088553e-28
-2.151282766438743272e-28
-2.068714297862973696e-28
-1.989315067381314842e-28
-1.912962658071676594e-28
-1.839540310431180477e-28
-1.768936681634916605e-28
-1.701042114046676428e-28
-1.635754292638164374e-28
-1.572972226457921639e-28
-1.512599378267485811e-28
-1.454544386765120022e-28
-1.398717094355302644e-28
-1.345032639749859114e-28
-1.293408448702423829e-28
-1.243766039567763011e-28
-1.196028254777479644e-28
-1.150123233070523781e-28
-1.105980437262682238e-28
-1.063531737582172318e-28
-1.022712013522749427e-28
-9.834593343996393622e-29
-9.457128528636616404e-29
-9.094152123136599788e-29
-8.745107413371794341e-29
-8.409455740810879255e-29
-8.086689141431022399e-29
-7.776312290124651679e-29
-7.477848519230531254e-29
-7.190841022239976778e-29
-6.914846233412671566e-29
-6.649446466691926634e-29
-6.394231860111452075e-29
-6.148814218416832336e-29
-5.912814374150266181e-29
-5.685872419153396244e-29
-5.467642287889340444e-29
-5.257787544470938637e-29
-5.055986799338721201e-29
-4.861932204628139990e-29
-4.675325241197814982e-29
-4.495880329748180008e-29
-4.323323025262159885e-29
-4.157387609592739939e-29
-3.997821906287826964e-29
-3.844380660206065400e-29
-3.696828847708929241e-29
-3.554940472954506797e-29
-3.418498266970946883e-29
-3.287292784876797388e-29
-3.161122104954451462e-29
-3.039794536989131814e-29
-2.923124108370583550e-29
-2.810930865019627988e-29
-2.703044482506808383e-29
-2.599297946594759903e-29
-2.499533421306008938e-29
-2.403598035951219753e-29
-2.311344938372132818e-29
-2.222632693088457198e-29
-2.137325883150978165e-29
-2.055292401802572907e-29
-1.976407815913240779e-29
-1.900550701618519242e-29
-1.827605352658468158e-29
-1.757459523428516207e-29
-1.690005783148953040e-29
-1.625141816791483084e-29
-1.562766362570749103e-29
-1.502785832328516032e-29
-1.445107239759656423e-29
-1.389642262920626894e-29
-1.336306341449806691e-29
-1.285017472861282453e-29
-1.235696588703040469e-29
-1.188268983958097281e-29
-1.142661683937153842e-29
-1.098805024143003018e-29
-1.056631822722506616e-29
-1.016076929076764660e-29
-9.770788037255229024e-30
-9.395772613580192416e-30
-9.035150506973912292e-30
-8.688370269526530899e-30
-8.354900765870572695e-30
-8.034230420864559820e-30
-7.725867971909396625e-30
-7.429340964315600614e-30
-7.144193494354148874e-30
-6.869991475471169748e-30
-6.606311353542174950e-30
-6.352752896250596509e-30
-6.108923770601903977e-30
-5.874455717725871747e-30
-5.648985744966965899e-30
-5.432170043737457928e-30
-5.223677970986348543e-30
-5.023186782984675975e-30
-4.830391039280322561e-30
-4.644993951059592691e-30
-4.466713399678289015e-30
-4.295275165814251711e-30
-4.130417443365665637e-30
-3.971887077869137707e-30
-3.819441447290658201e-30
-3.672847333551023975e-30
-3.531879417893069416e-30
-3.396321409356243220e-30
-3.265966420934800667e-30
-3.140613207995880979e-30
-3.020072374889679671e-30
-2.904158287548314887e-30
-2.792693587384134559e-30
-2.685506558182370569e-30
-2.582433759208484585e-30
-2.483316451705341565e-30
-2.388003420079651731e-30
-2.296347774557336330e-30
-2.208211088923642528e-30
-2.123457193912971072e-30
-2.041955938790798919e-30
-1.963583379432775367e-30
-1.888218769059183949e-30
-1.815746627104999885e-30
-1.746055610745313287e-30
-1.679038891053521426e-30
-1.614595657634097783e-30
-1.552625946447448430e-30
-1.493034119273190466e-30
-1.435729710066084608e-30
-1.380624697809141283e-30
-1.327634823067293549e-30
-1.276678459512820306e-30
-1.227677930479019219e-30
-1.180558098366985725e-30
-1.135246740803805305e-30
-1.091674926800745738e-30
-1.049775135962295793e-30
-1.009482951198030409e-30
-9.707376229598990889e-31
-9.334793420953319956e-31
-8.976511206382012644e-31
-8.631982275715326096e-31
-8.300674365111207980e-31
-7.982083422592025699e-31
-7.675723733892019484e-31
-7.381119458897976473e-31
-7.097822969361103539e-31
-6.825399332371596436e-31
-6.563431482533783415e-31
-6.311519281570644571e-31
-6.069276226939629535e-31
-5.836330862425878464e-31
-5.612324897351260725e-31
-5.396917438354037855e-31
-5.189774645038576324e-31
-4.990584306105297732e-31
-4.799040322825247956e-31
-4.614845060028798793e-31
-4.437722511642377169e-31
-4.267397611987890669e-31
-4.103610341714937404e-31
-3.946108204636960745e-31
-3.794652575400743769e-31
-3.649009295531602676e-31
-3.508955491300621559e-31
-3.374277928032561257e-31
-3.244767837930715731e-31
-3.120229618735108152e-31
-3.000471194668814159e-31
-2.885310364107456296e-31
-2.774568451909709577e-31
-2.668076892185666084e-31
-2.565672996517172015e-31
-2.467199013562347017e-31
-2.372505420439766495e-31
-2.281444339960097007e-31
-2.193879649877513330e-31
-2.109676403440541067e-31
-2.028704120776238943e-31
-1.950839962724946030e-31
-1.875964616610053865e-31
-1.803963001534616946e-31
-1.734724621029657978e-31
-1.668142975306992462e-31
-1.604117559599625093e-31
-1.542549279733781552e-31
-1.483344448809701301e-31
-1.426412083564630697e-31
-1.371664374570563314e-31
-1.319018214376896017e-31
-1.268392846521727314e-31
-1.219710335729597688e-31
-1.172896390757535170e-31
-1.127879188900704519e-31
-1.084589493541842301e-31
-1.042962182293912963e-31
-1.002931897671010784e-31
-9.644381017140684172e-32
-9.274217846066745836e-32
-8.918262875211196489e-32
-8.575967736459377534e-32
-8.246811685813874697e-32
-7.930289260703834396e-32
-7.625915569709542436e-32
-7.333224529320897780e-32
-7.051766512948710903e-32
-6.781111877407756260e-32
-6.520844497697842761e-32
-6.270568232222743294e-32
-6.029895755593861916e-32
-5.798461489068092896e-32
-5.575909845604312491e-32
-5.361899931840782239e-32
-5.156104960347973543e-32
-4.958206372156813563e-32
-4.767904416207842616e-32
-4.584906688281293658e-32
-4.408932539100907868e-32
-4.239712780460346942e-32
-4.076987921981666859e-32
-3.920507583368142474e-32
-3.770033433140144567e-32
-3.625335368278499675e-32
-3.486190338730139269e-32
-3.352386167764739927e-32
-3.223718025491670864e-32
-3.099987547239230820e-32
-2.981005772290525112e-32
-2.866591674515527108e-32
-2.756568342014438053e-32
-2.650767679095090360e-32
-2.549027761410658259e-32
-2.451192982896451651e-32
-2.357112439465183723e-32
-2.266643749363611126e-32
-2.179646734890398303e-32
-2.095989299867871598e-32
-2.015543021538203677e-32
-1.938184032184176642e-32
-1.863794194623532852e-32
-1.792259192030654840e-32
-1.723470144241297692e-32
-1.657321256763887401e-32
-1.593711437084253252e-32
-1.532543119171276994e-32
-1.473722116540098991e-32
-1.417158944683262896e-32
-1.362766617018807862e-32
-1.310461673447825504e-32
-1.260164327291253760e-32
-1.211797069390335287e-32
-1.165286798690128322e-32
-1.120561516161645000e-32
-1.077553043132537630e-32
-1.036195404982366309e-32
-9.964249046109958557e-33
-9.581807836541681428e-33
-9.214045612679297614e-33
-8.860396667866473889e-33
-8.520323213437709057e-33
-8.193302889090856464e-33
-7.878833170990939582e-33
-7.576434310506029065e-33
-7.285641987367550109e-33
-7.006010248406159509e-33
-6.737111507551745658e-33
-6.478529933677705172e-33
-6.229876144280328168e-33
-5.990766266985674242e-33
-5.760833694493080694e-33
-5.539725778497300837e-33
-5.327104564372473265e-33
-5.122644954462198687e-33
-4.926031034659693614e-33
-4.736964155931452260e-33
-4.555151914057707579e-33
-4.380319169891970230e-33
-4.212196661759504983e-33
-4.050526515587100198e-33
-3.895061877561083196e-33
-3.745563975391443198e-33
-3.601804689705723756e-33
-3.463562513287191793e-33
-3.330625857152699299e-33
-3.202791581184744796e-33
-3.079864994131473344e-33
-2.961657098541791796e-33
-2.847985141778345751e-33
-2.738675738424388919e-33
-2.633562115218898390e-33
-2.532482641688636099e-33
-2.435282850529064305e-33
-2.341813600894422430e-33
-2.251932180423680955e-33
-2.165500468530618263e-33
-2.082386038429774529e-33
-2.002460504097520881e-33
-1.925603928375874984e-33
-1.851696925119831449e-33
-1.780625801985146682e-33
-1.712283662454292783e-33
-1.646564161022718796e-33
-1.583367196999612512e-33
-1.522595883936527249e-33
-1.464156916969366490e-33
-1.407960480982887718e-33
-1.353921260801160159e-33
-1.301955777958176200e-33
-1.251985237598232284e-33
-1.203932589740051856e-33
-1.157724182315716209e-33
-1.113289577499672161e-33
-1.070560082340793536e-33
-1.029470769143296634e-33
-9.899582714148324413e-34
-9.519624369054174734e-34
-9.154247664039990900e-34
-8.802894239289132324e-34
-8.465030530568921077e-34
-8.140134912261179768e-34
-7.827706880911847347e-34
-7.527270728650825418e-34
-7.238364063754958496e-34
-6.960546994197649802e-34
-6.693392944099245468e-34
-6.436489112904515323e-34
-6.189447495642191855e-34
-5.951888811713142558e-34
-5.723448474197620210e-34
-5.503776589855262862e-34
-5.292533826527766737e-34
-5.089399678333540446e-34
-4.894062822940608400e-34
-4.706223417454014756e-34
-4.525591720883381052e-34
-4.351893604272675684e-34
-4.184862744683040479e-34
-4.024242921080194639e-34
-3.869787095979473171e-34
-3.721260170510711614e-34
-3.578433703877216967e-34
-3.441089127598133211e-34
-3.309015679209777755e-34
-3.182010861443122229e-34
-3.059881360578754062e-34
-2.942439373027030161e-34
-2.829505130804221258e-34
-2.720905753588809936e-34
-2.616474330366529045e-34
-2.516051526551544470e-34
-2.419482369744089601e-34
-2.326619234384090468e-34
-2.237321382573684949e-34
-2.151450142713674476e-34
-2.068875337988255099e-34
-1.989469087469026813e-34
-1.913110742272912057e-34
-1.839682982553568999e-34
-1.769073539416944494e-34
-1.701174391360682704e-34
-1.635881419891014508e-34
-1.573094179934017101e-34
-1.512717047779315977e-34
-1.454657039987051168e-34
-1.398825535303430213e-34
-1.345136782333915589e-34
-1.293508588309445892e-34
-1.243862433880806040e-34
-1.196121292025593519e-34
-1.150212842290583910e-34
-1.106066371343735560e-34
-1.063614380095372345e-34
-1.022791665343222091e-34
-9.835356641555271680e-35
-9.457861094879338930e-35
-9.094857763468988181e-35
-8.745785302853953712e-35
-8.410111641128370160e-35
-8.087323073485603762e-35
-7.776921392358997417e-35
-7.478434792887039444e-35
-7.191403523617088900e-35
-6.915387922111289401e-35
-6.649966693031016164e-35
-6.394733464305770077e-35
-6.149296213161326714e-35
-5.913279562007140288e-35
-5.686321908577088707e-35
-5.468073704013920618e-35
-5.258202618615914290e-35
-5.056385506230963791e-35
-4.862315291918790838e-35
-4.675691501415403504e-35
-4.496232601527892446e-35
