1.987975653012593602e+00
1.901890351527776524e+00
1.756069128329937223e+00
1.681469265008584069e+00
1.629798674889099797e+00
1.591866109004387519e+00
1.559244519319289868e+00
1.530020867249904493e+00
1.497133163611094053e+00
1.482374929159115506e+00
1.454623103753114322e+00
1.444933392145694828e+00
1.426962018013000488e+00
1.413393073815565781e+00
1.402428727577894163e+00
1.392272705909533448e+00
1.385952989260355706e+00
1.377232930599114891e+00
1.370344199889745429e+00
1.363577160774133157e+00
1.362104100447434574e+00
1.353061589827904365e+00
1.348796595976902823e+00
1.347667430914365250e+00
1.340787914471748499e+00
1.337717519967983826e+00
1.332669113843868880e+00
1.328677153893006224e+00
1.327795923367524722e+00
1.324631996796681310e+00
1.318367438591443674e+00
1.317078359921773245e+00
1.310411400214219757e+00
1.313287671712728644e+00
1.308872660918113606e+00
1.303436629283122539e+00
1.303917395151578562e+00
1.301526456765639495e+00
1.300014595802013728e+00
1.297706738496438028e+00
1.296123489202597234e+00
1.293048819517477854e+00
1.286165026212349849e+00
1.287482256308580153e+00
1.282292347229444074e+00
1.280408525925416319e+00
1.277779816511349864e+00
1.273041318471615169e+00
1.276164331191625312e+00
1.272777296793766499e+00
1.266751378621810531e+00
1.265528512765199620e+00
1.263796679484538554e+00
1.255196942427219575e+00
1.260572490936670453e+00
1.258569233998274139e+00
1.257681766381630428e+00
1.250943980920009135e+00
1.252900675626901439e+00
1.252490963385655354e+00
1.250980537824141647e+00
1.244631915367566677e+00
1.242317734467677681e+00
1.240169257842577366e+00
1.238288586109112410e+00
1.236287676829558091e+00
1.232896395065845585e+00
1.233782341541387995e+00
1.230852627754211337e+00
1.228975807092128614e+00
1.232046543787687298e+00
1.221215963363647461e+00
1.221692937001203960e+00
1.223399015420522540e+00
1.210862041589541249e+00
1.213412648897904678e+00
1.215493372617623802e+00
1.210563816015536975e+00
1.214725002722862435e+00
1.213759722465123980e+00
1.209856997086451669e+00
1.210274153794997698e+00
1.207437481941320945e+00
1.202018814667677349e+00
1.199741511620008083e+00
1.196452544132868390e+00
1.194300619913981620e+00
1.193892492392124360e+00
1.191833981336691384e+00
1.186903297748321151e+00
1.190076318918130260e+00
1.189464435821924404e+00
1.181343381985639818e+00
1.180431896142470460e+00
1.180291303915855128e+00
1.177202064104569290e+00
1.178305257589389088e+00
1.179011918184084795e+00
1.172627935959742684e+00
1.177877370822123959e+00
1.172804860885326761e+00
1.171343183364623730e+00
1.170053766323969846e+00
1.168591879728512861e+00
1.170335026582082216e+00
1.164599245481002132e+00
1.166499862456933156e+00
1.158388649347500854e+00
1.152450475020286413e+00
1.161161771493080419e+00
1.154440107712378927e+00
1.151307134292064660e+00
1.147037792969972658e+00
1.146108825695820288e+00
1.147190323395606892e+00
1.148550307445037166e+00
1.154545109088604304e+00
1.141170290647408825e+00
1.141189365662061306e+00
1.143932124590262278e+00
1.135677735163615365e+00
1.135842593052448279e+00
1.131756580640108201e+00
1.134037921978877206e+00
1.134247677906965679e+00
1.135172965282049029e+00
1.127765984107286457e+00
1.127728204390941569e+00
1.131511905407294183e+00
1.125664253418262151e+00
1.127355883518854851e+00
1.120836526613969042e+00
1.119307480102930352e+00
1.113380710895244929e+00
1.115915901844318103e+00
1.107578726303882988e+00
1.114179708713140204e+00
1.110227362773357207e+00
1.109407175504244281e+00
1.105231402776180261e+00
1.102169139110124929e+00
1.104683115084966083e+00
1.098869304626415966e+00
1.105080502155499689e+00
1.099366294267850153e+00
1.102697412020120948e+00
1.103390589738503458e+00
1.104746352250759456e+00
1.103929488781171031e+00
1.098833089914077465e+00
1.097835395275018167e+00
1.091522924716656018e+00
1.088179935400302556e+00
1.088764444375649454e+00
1.090951122381748295e+00
1.089347281211461738e+00
1.089929802906818956e+00
1.091785230544897178e+00
1.083357320993374451e+00
1.079312796470446534e+00
1.084304098135385752e+00
1.080539467854377600e+00
1.072491747446549182e+00
1.075948787041199450e+00
1.078869317586605314e+00
1.066657534776589866e+00
1.077997904251783323e+00
1.065117456209965230e+00
1.068384198653392403e+00
1.069892979738039873e+00
1.064997379137919475e+00
1.059177089960147145e+00
1.055199376894877528e+00
1.061289954032653471e+00
1.057448627092899329e+00
1.055056029711014087e+00
1.060632997598403460e+00
1.054985536367465393e+00
1.053311229669130711e+00
1.057700664722002415e+00
1.056174018596991449e+00
1.050464870838018649e+00
1.052085595406018870e+00
1.052978375019171242e+00
1.045671350069535155e+00
1.043338614855057189e+00
1.042732330621817249e+00
1.050399194619594523e+00
1.040190919851645468e+00
1.037441349335205931e+00
1.041894551576712180e+00
1.037243803495015770e+00
1.030672764778137296e+00
1.036985186277291637e+00
1.032550211747487401e+00
1.036380527416864927e+00
1.030376374874359513e+00
1.034101773836673788e+00
1.028379833392607967e+00
1.029493481226456453e+00
1.028445439460950128e+00
1.026198431314566228e+00
1.023831917995061680e+00
1.026416214307149355e+00
1.018305425766186767e+00
1.019856712604180426e+00
1.019651188147373766e+00
1.015188252620208065e+00
1.021248080638738731e+00
1.003979551486479993e+00
1.015099069094046458e+00
1.010753441773928119e+00
1.015760472951791282e+00
1.018018625944088651e+00
1.014704735309649664e+00
1.023741668157088558e+00
1.016846687365800861e+00
1.008422656089831726e+00
1.008054544222660498e+00
1.008268977739872119e+00
1.008341119533930019e+00
1.008039631904699807e+00
1.004258583142207284e+00
1.009004854391782668e+00
1.007954002343691258e+00
1.003473859108411359e+00
1.000855293029393911e+00
1.003876321132366467e+00
1.002444414603404610e+00
1.000450021334183592e+00
9.983451112722738774e-01
9.942553349030323062e-01
9.974668733584575175e-01
9.998500027717688310e-01
9.955866387257209515e-01
9.832570985341683167e-01
9.927468836307525857e-01
9.960121012651003136e-01
9.939556071391472125e-01
9.890571407782725588e-01
9.945234263554597609e-01
9.769321724390371831e-01
9.848646816534873949e-01
9.824665564757126823e-01
9.826616981090643410e-01
9.872727756316844738e-01
9.797005627399836269e-01
9.895041699592883599e-01
9.909435304311605686e-01
9.854141570054567589e-01
9.770038662812648989e-01
9.790332098801930449e-01
9.788718677484071762e-01
9.807790499467116119e-01
9.719684953872974598e-01
9.808576058118770868e-01
9.789824160245749196e-01
9.779779159105741471e-01
9.823832881756318081e-01
9.799427850124163841e-01
9.742812884159577358e-01
9.722525758621020087e-01
9.642024400906684667e-01
9.697134271646157266e-01
9.713607843105609430e-01
9.734765063493679982e-01
9.706735042425301829e-01
9.654140623716207514e-01
9.605420629183450965e-01
9.620032672698680676e-01
9.675917736994914531e-01
9.568364780682784287e-01
9.587922684657268491e-01
9.586594619812109919e-01
9.584168949188329734e-01
9.567991100824796424e-01
9.620649207860995089e-01
9.608392052161387475e-01
9.597994300035329607e-01
9.564989100664089694e-01
9.563634053254739253e-01
9.517282935289236301e-01
9.493630027159666307e-01
9.465044648219377299e-01
9.456686154389992716e-01
9.492639245131077042e-01
9.472859697464185436e-01
9.419270756917121901e-01
9.424158328618759128e-01
9.396297593911488999e-01
9.387400119732587367e-01
9.442885220050811768e-01
9.397612993533794867e-01
9.392761611021481771e-01
9.397169570128123262e-01
9.412768360895987785e-01
9.357419631420037520e-01
9.314273866323324880e-01
9.380154528678992243e-01
9.334029486546149279e-01
9.357853151284731830e-01
9.316063176362942011e-01
9.257828339552267582e-01
9.330667101419889420e-01
9.297782664115612494e-01
9.253747600775498183e-01
9.261510491371154341e-01
9.268709214834066623e-01
9.345497904679713752e-01
9.308528102361238732e-01
9.282081567324125260e-01
9.191067428160936137e-01
9.219138859174190737e-01
9.264699755570827699e-01
9.208654362421769823e-01
9.227854464298639314e-01
9.208134516691550697e-01
9.210309889072026968e-01
9.182079729361412035e-01
9.208938114154032739e-01
9.166758214816068673e-01
9.235727631128751725e-01
9.179812273918054322e-01
9.134220052988101246e-01
9.184244938385792700e-01
9.158156937513596274e-01
9.191232312948275363e-01
9.186143925556770062e-01
9.167606836710220364e-01
9.288331617147495001e-01
9.263835668563842329e-01
9.184908642218663211e-01
9.165261282370640306e-01
9.237831506973658291e-01
9.127768596013386970e-01
9.173193398194435799e-01
9.247548635189349886e-01
9.204252707652557097e-01
9.120704705898577958e-01
9.171849866708119414e-01
9.091807052111013920e-01
9.013122428686191068e-01
9.028186469505994349e-01
9.240043423114678856e-01
9.157421899147523137e-01
9.143362893508031330e-01
9.170772196390689635e-01
9.117833432478782418e-01
9.092643853945610033e-01
9.126948089171678102e-01
9.030295423972301005e-01
9.158008960577157520e-01
9.147760172684987756e-01
9.035911020560142282e-01
8.961434289430960654e-01
9.065879349525157727e-01
9.084241116658234860e-01
9.091951547524868005e-01
8.900269447228847941e-01
9.074053865212660108e-01
9.029709858772082542e-01
8.917528780607076877e-01
8.966040459962991704e-01
8.993993126429044027e-01
8.914880854961199086e-01
8.926945984363555686e-01
8.885766961635687133e-01
8.936094183188217910e-01
8.945228787568899609e-01
8.884708988360869863e-01
8.942167508296477996e-01
8.984084034577394240e-01
8.821708295589838489e-01
8.950603089271447210e-01
8.948930864150707043e-01
8.904786171057285094e-01
8.965148963989355568e-01
8.862970145849081716e-01
8.875514371272844594e-01
8.798646706801194206e-01
8.851242713439159138e-01
8.869776783845363388e-01
8.875793006175604072e-01
8.849083102666415179e-01
8.859881222248077171e-01
8.835689978721814608e-01
8.812142686966137894e-01
8.854001512894263959e-01
8.890752665507487551e-01
8.873880696602356455e-01
8.757406720748314166e-01
8.857322407074463833e-01
8.906105707853267939e-01
8.857935822927034408e-01
8.830381347582890728e-01
8.794418253959753740e-01
8.862004782909002065e-01
8.880678233427878876e-01
8.772792970522855782e-01
8.912545566375439376e-01
8.795601724049983972e-01
8.747459717285939185e-01
8.834274159027979412e-01
8.803004200641925125e-01
8.830000545734014716e-01
8.872239704315478814e-01
8.868547048324193494e-01
8.881672435846084124e-01
8.917779146096644904e-01
8.894113670556973439e-01
8.894435861171819946e-01
8.906783996484218813e-01
8.835180993263538340e-01
8.754902939001719675e-01
8.824934899806976540e-01
8.851351574445381898e-01
8.844069276100550159e-01
8.802362509262867674e-01
8.694921355981093392e-01
8.745078053229894399e-01
8.767876452360398032e-01
8.640861181112435840e-01
8.714110268996312358e-01
8.741291217314891560e-01
8.737759675735082832e-01
8.689932821652828210e-01
8.722479733136984104e-01
8.691675554483364596e-01
8.678427436412908813e-01
8.660787898760575754e-01
8.643039278495006084e-01
8.625607797732719462e-01
8.631250413564535151e-01
8.599916893702287402e-01
8.590523305611732496e-01
8.574875394503275183e-01
8.703649556025480072e-01
8.614419357898908114e-01
8.656012591643210685e-01
8.675556240937648544e-01
8.703607369691898077e-01
8.640105858827248353e-01
8.632221122582753869e-01
8.735888024171193367e-01
8.609121646636571645e-01
8.720754916851337635e-01
8.598989564638871430e-01
8.602414206052437784e-01
8.646529274109082674e-01
8.610442506961333287e-01
8.584400739425267490e-01
8.628285439350665831e-01
8.552232586420499549e-01
8.567434219213632129e-01
8.543808643634502875e-01
8.617942337806407949e-01
8.592621398277772160e-01
8.716837017964094159e-01
8.603935044545393263e-01
8.647262075008490534e-01
8.618023070005270680e-01
8.613043247125087287e-01
8.662723443447015725e-01
8.580421920006091607e-01
8.522240921472892250e-01
8.653847008179396116e-01
8.618341886080228553e-01
8.552581580785604265e-01
8.550336070549793277e-01
8.576210715831854570e-01
8.593030681976905338e-01
8.650526436475607373e-01
8.553617763213622327e-01
8.598586802299206244e-01
8.637443560820359245e-01
8.733837294272887020e-01
8.739885253783984398e-01
8.677710164815951588e-01
8.591789971559475880e-01
8.572858189925168793e-01
8.634615041506595867e-01
8.606056318833277263e-01
8.618989190994165162e-01
8.648589786810753077e-01
8.687057710610903705e-01
8.734987767843099826e-01
8.696815794859177329e-01
8.647630538695897373e-01
8.671220452357560893e-01
8.660832759661551972e-01
8.615785997647505967e-01
8.565331152616403321e-01
8.498015377766047207e-01
8.573686015911591296e-01
8.554276717014801523e-01
8.512531295800820352e-01
8.491404992647659800e-01
8.555204289081769220e-01
8.484372314734336396e-01
8.556022190130674332e-01
8.501690992942223524e-01
8.464670674923139293e-01
8.583464918992458337e-01
8.513470440338819500e-01
8.493646510136433347e-01
8.482067053134624279e-01
8.465780797677162628e-01
8.445942097749465916e-01
8.461363326280545438e-01
8.488195121288300005e-01
8.431540058209345823e-01
8.364257859878051482e-01
8.469761813298249953e-01
8.559166934245672209e-01
8.506065539824656518e-01
8.484467771572944406e-01
8.365002523630092890e-01
8.472131839165321088e-01
8.331055330924498348e-01
8.449242654519203422e-01
8.372891126534878214e-01
8.418402201090103842e-01
8.395927481162241968e-01
8.397125282348730790e-01
8.350867924017784105e-01
8.329445576056455636e-01
8.441841347095293546e-01
8.402824880220951531e-01
8.369066232290023333e-01
8.296515165231166389e-01
8.307873200147579684e-01
8.394303107872987946e-01
8.322135914594699369e-01
8.361704098872649871e-01
8.317721233153954064e-01
8.327279103107941838e-01
8.400329310160417062e-01
8.405507359749231355e-01
8.394430680152696889e-01
8.380853477196815726e-01
8.390634645254183566e-01
8.411260901353297958e-01
8.297249991160172700e-01
8.315879928760039341e-01
8.372017848950166208e-01
8.255711511159554705e-01
8.319311629503201022e-01
8.341691749218183016e-01
8.323183454000032677e-01
8.433554284083537578e-01
8.434955467016268527e-01
8.375858886119647018e-01
8.307980830088640412e-01
8.201988730675134898e-01
8.319255329095400775e-01
8.297411544200701261e-01
8.322637240091960154e-01
8.304888005440052012e-01
8.396420492575719097e-01
8.399566364593994416e-01
8.414573336258912573e-01
8.325364076174222028e-01
8.294087608655293931e-01
8.168194284805885275e-01
8.299938255395644671e-01
8.332309166590372573e-01
8.404029064453565345e-01
8.270368244403447644e-01
8.249430411137067543e-01
8.252392715368515042e-01
8.204370240370432166e-01
8.263300831501300125e-01
8.297312227579263233e-01
8.320809835042708436e-01
8.297681884887890824e-01
8.266481068653938058e-01
8.166569631833296983e-01
8.253938537377577545e-01
8.243937732317508926e-01
8.301856904457777242e-01
8.253475040961534281e-01
8.271963803431926499e-01
8.220325583066695474e-01
8.208168760324136004e-01
8.287655223638583646e-01
8.328138982638334520e-01
8.350332139394222031e-01
8.358207305272420395e-01
8.346289477287194281e-01
8.271418890891930609e-01
8.300226836632459415e-01
8.351725862576411252e-01
8.278971779040801282e-01
8.297605826304509380e-01
8.344541751421414855e-01
8.280792957697159506e-01
8.265333556211911237e-01
8.268318232817527536e-01
8.251553545395533540e-01
8.183024753362704296e-01
8.091969998983236101e-01
8.124975921251834654e-01
8.103806212926522035e-01
8.091561456521352280e-01
8.147948971161476095e-01
8.006506542364756340e-01
8.080808077103052156e-01
8.130550642808278550e-01
8.116909934924199099e-01
8.058774115183414688e-01
8.118329024467713095e-01
8.093458722799252714e-01
8.085262371179384733e-01
8.166054063882582925e-01
8.087028662363687781e-01
8.099914350570776023e-01
8.131550305928939570e-01
8.030874561040829418e-01
8.038041891195835120e-01
8.090091396600772589e-01
7.991911005515318633e-01
8.036926014301104537e-01
8.031310012707343349e-01
7.998153352584593812e-01
8.063745287748483870e-01
8.133373613540942904e-01
7.995184407020226036e-01
8.093180233851456906e-01
7.929004368109581202e-01
7.974085292755028753e-01
7.974420450436763286e-01
7.995890227647928228e-01
7.985010588780427909e-01
7.876243258898074640e-01
7.957758171436114525e-01
7.929606076998588771e-01
7.958878478942773560e-01
7.890962494489474066e-01
7.920981459128551005e-01
8.008300216534198768e-01
7.874645480742821224e-01
7.952992449968289135e-01
7.979294099868872170e-01
7.983739163631048408e-01
7.947836706271538265e-01
7.941459314945417125e-01
7.962017740958776679e-01
7.949806085763833075e-01
7.843988906114529591e-01
7.854287463885086806e-01
7.901818550550020470e-01
7.816372393033443888e-01
7.920665839543709064e-01
7.985957498733814441e-01
8.014048262284352298e-01
7.959958224724500431e-01
8.101699162752200589e-01
7.979120884186182705e-01
7.963666564378982793e-01
7.986816594233879796e-01
7.873057600015248569e-01
8.005615086891711973e-01
8.016172057543045071e-01
7.972243264699593324e-01
7.960448903915209318e-01
8.032124796738990824e-01
7.938592420174525044e-01
8.003030272630544673e-01
7.930777965447841638e-01
7.838114694142952477e-01
7.870782770407505069e-01
7.853813610015771829e-01
7.822433028465661797e-01
7.831383882424770571e-01
7.803135077158610544e-01
7.864497737242625020e-01
7.797765467411432727e-01
7.720741518032856465e-01
7.722645472257565480e-01
7.757324506074954051e-01
7.686810637895877818e-01
7.656646360189486300e-01
7.677262709690974019e-01
7.602846510899372579e-01
7.679727542094695325e-01
7.614730575145819413e-01
7.669429377103462731e-01
7.626933408089172639e-01
7.604566542766033610e-01
7.650966344735561364e-01
7.625307827423780660e-01
7.634770205387702013e-01
7.543879494453087364e-01
7.739762122814471956e-01
7.707905617279884325e-01
7.589610428382188578e-01
7.608759282491146525e-01
7.615256247612146590e-01
7.581403233301945432e-01
7.699857016404469956e-01
7.578483411898979671e-01
7.598070801832736976e-01
7.583684513202080257e-01
7.607133118005898753e-01
7.513461444622431262e-01
7.620388156328445906e-01
7.611240389255377048e-01
7.595386195641297133e-01
7.560994303379303672e-01
7.499512887153869656e-01
7.536053500878505673e-01
7.567701966334612340e-01
7.613031079371770371e-01
7.631273878690524315e-01
7.600713626696513625e-01
7.503168409451460574e-01
7.491232525843840584e-01
7.526569064611043913e-01
7.545612692068784932e-01
7.600709333633764997e-01
7.538039532991556158e-01
7.489160471237622518e-01
7.450436199322725273e-01
7.513112554183373204e-01
7.399040353603851816e-01
7.412758688131968476e-01
7.349075282231355422e-01
7.422354271014531824e-01
7.475595423044302246e-01
7.373764222249006295e-01
7.404091977156125326e-01
7.386498749256134033e-01
7.266637710424569407e-01
7.296077163555683143e-01
7.295185253406182291e-01
7.296355290290637008e-01
7.171135037373274068e-01
7.300682139702332485e-01
7.367247144381204871e-01
7.348142432860839124e-01
7.342372555763293507e-01
7.317586305049749162e-01
7.193657864362765775e-01
7.270113273308826951e-01
7.270466994780760972e-01
7.383908693607036389e-01
7.331762535449786178e-01
7.390746789865004773e-01
7.235282317186013668e-01
7.264575549425222878e-01
7.216342121362686601e-01
7.224399536848068459e-01
7.325773226144985939e-01
7.207380420886553285e-01
7.258059763755553284e-01
7.229721170969498623e-01
7.138705544746839493e-01
7.208317668010026935e-01
7.239891218069272050e-01
7.052875654055521526e-01
7.126376210879057371e-01
7.028231306717945825e-01
7.095684315913762807e-01
7.141088999998874698e-01
7.140164430324847933e-01
7.263976605274737874e-01
7.091133929215944764e-01
7.142456321380077355e-01
7.150584723704900281e-01
7.163190767551079752e-01
7.153456103343229788e-01
7.265701847962844351e-01
7.146172193380502247e-01
7.181027475075844047e-01
7.179330194607759230e-01
7.079106982701863782e-01
6.962555104341262568e-01
7.082602371007967745e-01
7.080986955226995505e-01
7.134464147763374120e-01
7.060370922088623491e-01
7.030776684100811247e-01
7.117855555736101181e-01
7.108739660336420574e-01
7.028556939118947300e-01
7.031188509403131226e-01
6.969587235878675902e-01
7.068045078943937520e-01
7.075427077519588215e-01
7.066157190463482340e-01
7.014194541252576354e-01
7.071710671369846324e-01
7.092926212610342063e-01
7.018532219605567724e-01
6.936071085624205823e-01
6.971388976543377858e-01
7.028596296524389775e-01
6.949259278865961287e-01
6.981739227588360519e-01
7.075127859910329553e-01
7.095138737024404563e-01
7.086227528559856381e-01
7.082620516037330116e-01
7.039135216138301399e-01
7.109494919196153173e-01
7.053709941796767469e-01
7.027892872309073891e-01
7.080269176990557911e-01
7.038787451310035692e-01
6.968771807658367123e-01
7.146501319530682572e-01
6.950347464054058566e-01
7.026094885208667984e-01
7.116971841989419012e-01
7.050116077447549090e-01
7.073915093373029928e-01
6.987718651692073069e-01
7.070122621762446880e-01
7.045796920091678128e-01
7.034225313327251428e-01
7.122322414165888071e-01
6.980912973483403006e-01
6.960377422662881175e-01
7.098412107962828177e-01
7.018878472157014103e-01
6.999622948658772437e-01
6.924975098707737420e-01
6.940615036548711814e-01
7.002029762818262615e-01
6.940830525679465568e-01
6.963902412316738122e-01
6.935265608322925823e-01
6.845852382672138470e-01
6.873277528927876912e-01
6.903477327181742895e-01
6.802248602494215257e-01
6.917868102972324351e-01
6.906462757251201623e-01
6.886458704104789774e-01
6.831476881718023808e-01
6.920397242674460880e-01
6.888581975912436706e-01
6.870552322039237270e-01
6.810849295976834084e-01
6.724000489864594421e-01
6.685261327486772265e-01
6.829772936227994640e-01
6.821312958613420241e-01
6.903976122538248994e-01
6.821944893934788201e-01
6.798113352213150939e-01
6.736797798902560697e-01
6.750611072931533840e-01
6.844059508580427886e-01
6.855630417664845266e-01
6.730892860736602534e-01
6.672722503924981563e-01
6.749482685174696961e-01
6.770462088859998673e-01
6.717512945334116470e-01
6.721668960192264120e-01
6.781258139090660109e-01
6.731767937158926740e-01
6.783314999861594918e-01
6.701370304211592410e-01
6.680185003922536335e-01
6.673084276608931553e-01
6.669341536668630388e-01
6.718205447380359852e-01
6.624172732616082637e-01
6.682694915013435155e-01
6.650951928053147055e-01
6.729742983976999549e-01
6.646322058561521251e-01
6.588871208521035472e-01
6.673853434049166200e-01
6.688427181580127723e-01
6.646670106129768385e-01
6.632008807781415438e-01
6.594231972327598834e-01
6.659937525406861569e-01
6.648461308234777656e-01
6.735446754938516634e-01
6.607638572271054000e-01
6.616848431336573855e-01
6.593894088115447305e-01
6.684340998148307067e-01
6.663387540823374477e-01
6.703092826482577316e-01
6.687310131696554416e-01
6.539224298336566710e-01
6.689380252208465549e-01
6.644495656857123400e-01
6.701396816816085344e-01
6.642371960939504882e-01
6.713971053178493520e-01
6.715477986977650415e-01
6.701189838922940734e-01
6.701830311463429224e-01
6.737107796546740746e-01
6.849656785909946644e-01
6.788477875483341917e-01
6.672349304724962682e-01
6.680722627884302378e-01
6.676777653205089313e-01
6.786411977731264811e-01
6.721839263653144325e-01
6.763356943925221687e-01
6.650743088661096314e-01
6.771204596146559451e-01
6.723261677301847206e-01
6.876401890546847140e-01
6.809520823069107331e-01
6.827634350611613279e-01
6.635850948400986438e-01
6.798575229369676620e-01
6.833860769485815556e-01
6.733370320155069866e-01
6.786115155770228169e-01
6.725712559926204648e-01
6.669219691019792062e-01
6.793589363495509126e-01
6.793740998475980009e-01
6.708799165028792588e-01
6.738836822601464993e-01
6.683453634763375506e-01
6.772569981905129932e-01
6.678892782865426536e-01
6.609891650768426885e-01
6.710320947261957381e-01
6.686855640166845527e-01
6.749961180564684193e-01
6.751333145759044196e-01
6.662658565319501403e-01
6.771902206616523534e-01
6.722066134978563756e-01
6.655578493307798826e-01
6.692405096231363038e-01
6.713960850085967103e-01
6.705683246637001993e-01
6.721712282834908514e-01
6.693652795675473222e-01
6.637429450566951772e-01
6.734382969446671696e-01
6.766783074690745359e-01
6.689435491959253577e-01
6.744436325935216914e-01
6.701665014792711483e-01
6.596152104628392188e-01
6.600384801626205666e-01
6.644431105026832318e-01
6.644041960056011886e-01
6.700925873640256603e-01
6.604702601830164665e-01
6.700515890732789970e-01
6.644393862057954570e-01
6.597881455452013766e-01
6.638216171509180308e-01
6.640079028331316024e-01
6.573757889179082659e-01
6.620441270944399381e-01
6.540346202942041165e-01
6.547697995717708386e-01
6.566699502559808499e-01
6.520509093999862227e-01
6.536787501512429932e-01
6.554480658127711523e-01
6.592952797810236465e-01
6.535653037902636742e-01
6.604682011482042592e-01
6.564864454361108992e-01
6.561961822784864173e-01
6.595050922571084051e-01
6.565702169369428409e-01
6.577370786514037393e-01
6.522422633874110920e-01
6.640787236965619567e-01
6.600576721704922711e-01
6.595892865688373075e-01
6.616690563849914053e-01
6.510826626649269810e-01
6.519514612662486996e-01
6.634034593135882396e-01
6.557420367613816525e-01
6.707531243562698808e-01
6.555466781059900994e-01
6.609424876096920975e-01
6.601652716979001800e-01
6.590384733982574961e-01
6.617390091602618485e-01
6.601927202481490120e-01
6.660390899731563064e-01
6.667628736068040851e-01
6.547950221177859520e-01
6.595410891832449440e-01
6.734940645786432478e-01
6.741030478324645525e-01
6.687904875247906444e-01
6.719644573254462960e-01
6.742415270744226419e-01
6.644155140870656728e-01
6.709160936184418444e-01
6.683978384886032353e-01
6.745609786265935881e-01
6.699282596508662202e-01
6.612758777080438577e-01
6.644290304336792907e-01
6.720701026610839124e-01
6.702593856132947892e-01
6.648837354702826774e-01
6.713201987437712459e-01
6.753017971148858045e-01
6.826174376866755988e-01
6.718070879196509360e-01
6.760108153789471386e-01
6.727480332820843234e-01
6.784889516922143482e-01
6.675885219604541509e-01
6.665710980311417844e-01
6.629741782561326957e-01
6.717861533929140316e-01
6.725677108917480496e-01
6.689330347837545432e-01
6.683795902209404005e-01
6.876278797021279088e-01
6.684835505791199006e-01
6.683774615709597855e-01
6.663069351361348147e-01
6.701971727303969173e-01
6.688381383816400794e-01
6.714036037524541145e-01
6.682235403702809773e-01
6.746062538562677124e-01
6.797701489466887459e-01
6.799943742843774785e-01
6.731458790791340352e-01
6.782996581915097245e-01
6.795441642785683412e-01
6.759490349353888261e-01
6.795617572772196802e-01
6.876004028778809340e-01
6.734824099601843805e-01
6.786306322385102785e-01
6.842704944121531518e-01
6.824779610603283198e-01
6.769389090629723826e-01
6.720250239739051779e-01
6.676905758869953189e-01
6.705812597121947327e-01
6.750471502542495505e-01
6.738792532529586099e-01
6.742333760628334005e-01
6.839761443627185855e-01
6.763816475104063031e-01
6.815301367105581765e-01
6.723986088465421229e-01
6.779341524992233969e-01
6.721621721218793422e-01
6.684266212659004669e-01
6.751239302830818190e-01
6.794298184987825895e-01
6.681269262081537263e-01
6.728938092788060432e-01
6.752482158251297273e-01
6.874341047727144938e-01
6.842875340046026267e-01
6.694706267271286482e-01
6.723264956321471919e-01
6.602783349079963671e-01
6.842338792024514893e-01
6.749955624341964500e-01
6.767257163157829325e-01
6.714995713570178770e-01
6.675533057023317340e-01
6.741180912042274986e-01
6.833318844055518149e-01
6.702640945330644584e-01
6.822477809129616766e-01
6.710378639973126891e-01
6.793432472608028627e-01
6.809468312141222501e-01
6.717652286474521395e-01
6.730102992974794640e-01
6.650202773320369465e-01
6.655940597638105860e-01
6.601378651765676953e-01
6.612431436012953245e-01
6.687309556282483580e-01
6.607670551691300354e-01
6.707377270246163148e-01
6.657284947542043696e-01
6.598858442061986684e-01
6.631812365391315245e-01
6.670185293906774060e-01
6.612666830802574891e-01
6.651082265835541740e-01
6.682190192051422617e-01
6.655289456630364420e-01
6.743635945595227721e-01
6.709918764157173365e-01
6.698181082804998132e-01
6.719071944554646514e-01
6.730122058055340029e-01
6.751074422628451366e-01
6.648460106971936234e-01
6.709446812287355177e-01
6.702088025900033719e-01
6.833114003523802493e-01
6.600908648509246079e-01
6.714413785781615518e-01
6.622692899062083693e-01
6.720038248178286100e-01
6.695703696746092559e-01
6.684645105630923068e-01
6.666974748556430130e-01
6.644601142559296569e-01
6.716673322977163574e-01
6.594116612886771200e-01
6.639847452059770561e-01
6.626365559223370560e-01
6.568980200168413885e-01
6.676067884151751786e-01
6.664840404803936691e-01
6.746974407098231818e-01
6.708654323449501078e-01
6.652912479180556060e-01
6.686450332403183205e-01
6.558093628822229126e-01
6.685178909546289905e-01
6.606240614102436570e-01
6.593451593166742564e-01
6.661120607302739582e-01
6.566846039814826508e-01
6.654163877169291252e-01
6.561887793051890405e-01
6.730950447993401253e-01
6.673771597636051212e-01
6.607638599780889521e-01
6.588397788695800061e-01
6.632969287725595242e-01
6.697832782299090182e-01
6.614757311649811511e-01
6.605452743860391607e-01
6.693223633063145606e-01
6.612951622559474218e-01
6.683558909556804872e-01
6.598972006486012454e-01
6.701931507159502033e-01
6.631532157078767753e-01
6.629960096035247830e-01
6.613763485963527478e-01
6.624711207090280274e-01
6.695220702733748475e-01
6.606196162028190599e-01
6.619831565863046885e-01
6.578248578004347591e-01
6.668894789921931965e-01
6.670472764816040012e-01
6.577679949693190364e-01
6.627070492658859724e-01
6.635464014151157830e-01
6.633936951557795059e-01
6.644742268018233311e-01
6.546924523818187236e-01
6.575727624770922874e-01
6.615074923405280805e-01
6.557906051476796172e-01
6.528230894070404799e-01
6.581054468185473239e-01
6.610465520467513345e-01
6.677198646160272810e-01
6.487001133270752229e-01
6.647987227409314359e-01
6.660665694719706265e-01
6.659910873724863567e-01
6.548653335907520523e-01
6.568082748315273722e-01
6.515411858375256271e-01
6.597919252438423365e-01
6.612347946717188618e-01
6.647833298414181913e-01
6.569142932311082816e-01
6.613306733278128124e-01
6.527642166767364529e-01
6.617791044406401424e-01
6.569035589694977029e-01
6.491745233535766157e-01
6.521218774410394436e-01
6.527136200513594666e-01
6.481415455922102664e-01
6.479407580999227978e-01
6.623235706335458550e-01
6.550814364200983064e-01
6.556993115406769546e-01
6.591647421702360177e-01
6.517259482389841097e-01
6.515523364910712489e-01
6.545251486393121043e-01
6.557249105129486777e-01
6.670439247137460725e-01
