2.030837205128792178e+00
1.888909740631397050e+00
1.744690331128927463e+00
1.673462739968911261e+00
1.614303601705110891e+00
1.570608850931509926e+00
1.540023179848988955e+00
1.513794212157909769e+00
1.492001422246297171e+00
1.477646217285058405e+00
1.459221610656151302e+00
1.449175576980297420e+00
1.444021605833982758e+00
1.429530847683931016e+00
1.423689414904667716e+00
1.415498494796263884e+00
1.413021296721238329e+00
1.404027211971772049e+00
1.398129869118714952e+00
1.393792535097171159e+00
1.388253896358685680e+00
1.383990958409431649e+00
1.376383058688579464e+00
1.373880309477830464e+00
1.368519374651786524e+00
1.363922010171107813e+00
1.361383865276972527e+00
1.359559237957000732e+00
1.350645643319839051e+00
1.349540160405330091e+00
1.343394918319506415e+00
1.343574740642156318e+00
1.338725158037283425e+00
1.333403990971736341e+00
1.335276789084459015e+00
1.324721884880310396e+00
1.326678106876520102e+00
1.321318965080456875e+00
1.318103749018449067e+00
1.314235072411023664e+00
1.310610115375274276e+00
1.307394543977884238e+00
1.305764168042403028e+00
1.300482856463163417e+00
1.297139175732930472e+00
1.300254851579666138e+00
1.293422488677196114e+00
1.295343086964044765e+00
1.289756870422607893e+00
1.283127043033257531e+00
1.282669413853914309e+00
1.277966900513722415e+00
1.275222676533919186e+00
1.276216923579191587e+00
1.268405078313289636e+00
1.269789958764345306e+00
1.263273583467189987e+00
1.264171466919091991e+00
1.257240849274855465e+00
1.256848958211067346e+00
1.255001224615635014e+00
1.255244844234906676e+00
1.250605894357730286e+00
1.242448289119280291e+00
1.241324320817605020e+00
1.247547817383056978e+00
1.241022700071334750e+00
1.238145940273235990e+00
1.239565293147013803e+00
1.235619690632208778e+00
1.231672196052013390e+00
1.229756087676072696e+00
1.227300106562100979e+00
1.226424963963337333e+00
1.224005941549936916e+00
1.227315413340544170e+00
1.214970540236204100e+00
1.215711094477237797e+00
1.209786020486782743e+00
1.212294311706836325e+00
1.208230377466250616e+00
1.211443330080081315e+00
1.207507986135971878e+00
1.199977223689739469e+00
1.204316537196819636e+00
1.202791383786079304e+00
1.200831388204525618e+00
1.193027664453555348e+00
1.199477117183880948e+00
1.194932585496168764e+00
1.193806014152673622e+00
1.183744831268604081e+00
1.191424509500845774e+00
1.188380866784315870e+00
1.183294347157845205e+00
1.183703408791468625e+00
1.179879404795475484e+00
1.177310445828315455e+00
1.179558405509361751e+00
1.175249473406718259e+00
1.170528291433285517e+00
1.170123391426526549e+00
1.167730075885087926e+00
1.166805177927017212e+00
1.163952959042328983e+00
1.162405752982848650e+00
1.173639830564841224e+00
1.161554485559463501e+00
1.164694934166394802e+00
1.154531422486672065e+00
1.152150245049060828e+00
1.153337976565727896e+00
1.150139828523000007e+00
1.144422717277820301e+00
1.143926385885629893e+00
1.146692290978553963e+00
1.144344168748611112e+00
1.137448493945292904e+00
1.139266276206725603e+00
1.132862117962959436e+00
1.129667111237843802e+00
1.133144834408393198e+00
1.136165022697204208e+00
1.132095806873761656e+00
1.129737393519817168e+00
1.124988612609031824e+00
1.122626538765736148e+00
1.117746560237346642e+00
1.118067382849179836e+00
1.119971851202157920e+00
1.115205733898358531e+00
1.113730009702535773e+00
1.111074637449704694e+00
1.109780831520374100e+00
1.108600544776672026e+00
1.108798506779548498e+00
1.098371090797277683e+00
1.108774443314625602e+00
1.105570348562338490e+00
1.100490664060299162e+00
1.099830326361533883e+00
1.097605732771066434e+00
1.099050273803564126e+00
1.092202206147022681e+00
1.092677238201483769e+00
1.089498874010183860e+00
1.092120900979408837e+00
1.090268037258050438e+00
1.088278558621039727e+00
1.089949849630013512e+00
1.083628230522840408e+00
1.085446293078936142e+00
1.077987823883692409e+00
1.081854562576000545e+00
1.080555366552793162e+00
1.081305632530114691e+00
1.078361769364430289e+00
1.078272729959243392e+00
1.082087194766753857e+00
1.066111597800866173e+00
1.075375701525272509e+00
1.068895622705801962e+00
1.064292323130827667e+00
1.062095949588677923e+00
1.067474419795549911e+00
1.062848846423320337e+00
1.060174157222111946e+00
1.050831159261556680e+00
1.060166027454229498e+00
1.060126782380617527e+00
1.059937773148218687e+00
1.058506439129511589e+00
1.056461042471421141e+00
1.067238710782466793e+00
1.047417596823129848e+00
1.051759846699543477e+00
1.050009604447927236e+00
1.046000166428394884e+00
1.048737592422045228e+00
1.046012034477331598e+00
1.044051782748637969e+00
1.051763755388748889e+00
1.044421183604460568e+00
1.041075249971487482e+00
1.041310603037858717e+00
1.040501391734832470e+00
1.043322950754410172e+00
1.040764175164393901e+00
1.040565573557829193e+00
1.036687890688578362e+00
1.035520735765114830e+00
1.033995621632306960e+00
1.031370670673174672e+00
1.033882407805858605e+00
1.031795221567153975e+00
1.033025115575545883e+00
1.025393392795171499e+00
1.030814302578950459e+00
1.021885307171405799e+00
1.020979226552523045e+00
1.021530597026531595e+00
1.019819272481478079e+00
1.012064128349988934e+00
1.013123005322920989e+00
1.019285112772232438e+00
1.016633761540437275e+00
1.022617286749375243e+00
1.010086671511332135e+00
1.015930413282834621e+00
1.007843309640884311e+00
1.014110513833852867e+00
1.010139962648733958e+00
1.005920026241204690e+00
1.005397766522872161e+00
1.000250349289331764e+00
9.990603874891231806e-01
1.005513335038454192e+00
9.981187766943222517e-01
1.007127743195264769e+00
1.002638997787084429e+00
9.994365933613899022e-01
9.959268198563502317e-01
9.941588591306637079e-01
9.896588051930451657e-01
1.001162162958047386e+00
9.917823177117567335e-01
9.938084953870528482e-01
9.824330777694016970e-01
9.847492004052186276e-01
9.898961071784679877e-01
9.837382209606659877e-01
9.836098489088890284e-01
9.810027746053842090e-01
9.898586439780699964e-01
9.895332140800280341e-01
9.845759478899148709e-01
9.798407432360526359e-01
9.816945088215363047e-01
9.760209873700753658e-01
9.797135369899945267e-01
9.786960714902632752e-01
9.722107440997392880e-01
9.691395641901554558e-01
9.682969901806268709e-01
9.689816390856718087e-01
9.699002441687462062e-01
9.675209824855510732e-01
9.776789524616339433e-01
9.699906621223840508e-01
9.622389281407380812e-01
9.663821530647767055e-01
9.583954237974606771e-01
9.605219986194218906e-01
9.662402261526156222e-01
9.569259111697857589e-01
9.566733636917211792e-01
9.557960626406547533e-01
9.642131829873109572e-01
9.605180133611728177e-01
9.586086655274416168e-01
9.610578721914535549e-01
9.604435181006406586e-01
9.492107868194580300e-01
9.575420104540310895e-01
9.550027158015813589e-01
9.572253635296454899e-01
9.537368944058051135e-01
9.525517718914228160e-01
9.388309717178344727e-01
9.442017672917781823e-01
9.419657858518454274e-01
9.452092682703947535e-01
9.433194932265159816e-01
9.448727137003190002e-01
9.478138807492378914e-01
9.366777265683198239e-01
9.489247552859477741e-01
9.379020642011594022e-01
9.397141824930141940e-01
9.482143628291594961e-01
9.384375777000035779e-01
9.396326661109923872e-01
9.331373916222498455e-01
9.456085174511640323e-01
9.375541576972374891e-01
9.291534408544882551e-01
9.305965743003747903e-01
9.316954450729565407e-01
9.300281718755379901e-01
9.290901249799973227e-01
9.254600868775294531e-01
9.355602897130526063e-01
9.319837432641249197e-01
9.278643589753371446e-01
9.315569110405750308e-01
9.269725009416922568e-01
9.223509163428575963e-01
9.334825196327307673e-01
9.286096018094283089e-01
9.278193250680580872e-01
9.246016121827639322e-01
9.222572970084654820e-01
9.218340456485748513e-01
9.222484357846089109e-01
9.197081935711396428e-01
9.178977830287737838e-01
9.176671048005421438e-01
9.218687428877904155e-01
9.179861427881779168e-01
9.105226504497039297e-01
9.187568458227011181e-01
9.247899601092705035e-01
9.095112251929747815e-01
9.236032262826576744e-01
9.159740188182928788e-01
9.202613119895641791e-01
9.089596670407514845e-01
9.114681152197030567e-01
9.096689111147171491e-01
9.053190607291001779e-01
9.089546173046796351e-01
9.112318251377496958e-01
9.003647353404607978e-01
9.001890715880271898e-01
9.056547889342674296e-01
9.113193385111979516e-01
8.978682305568304045e-01
9.057392609425080066e-01
9.037388016016055792e-01
9.051150942460084448e-01
9.094098133918566695e-01
8.970045963923136689e-01
9.049026914131946819e-01
9.000993057703360334e-01
8.990137376846411010e-01
9.002264334605289964e-01
9.063570531514975048e-01
9.037779876819023173e-01
9.003757297992706077e-01
9.011460369978195883e-01
9.037980432693775157e-01
8.983009168734916727e-01
8.926884904885903360e-01
8.998562673727671379e-01
8.894934259928189979e-01
8.948746592570573366e-01
8.937704521876115304e-01
8.938779652118682417e-01
8.944973572706564902e-01
8.902316952363038549e-01
8.928056058211204515e-01
8.958595256010691843e-01
8.932474206655452997e-01
8.858030854127345588e-01
8.961414165985890357e-01
8.898265841679695587e-01
8.870185457743131607e-01
8.900960355232923060e-01
8.858492106963427037e-01
8.904820819695790091e-01
8.807728940095657100e-01
8.868852057518102905e-01
8.957728847479209389e-01
8.848020270848885316e-01
8.853135978564238284e-01
8.821558991303810604e-01
8.882357629445882807e-01
8.833641744576967714e-01
8.850134765490507149e-01
8.848279448655935742e-01
8.836474915345510217e-01
8.816369441839364551e-01
8.799967443331694339e-01
8.762925028800964133e-01
8.744301390953552744e-01
8.824462552865346421e-01
8.720332209880535812e-01
8.713494369616875401e-01
8.663669745127360322e-01
8.768751742748114308e-01
8.737807828646440012e-01
8.839304511363689221e-01
8.727634023397397023e-01
8.695719587497222625e-01
8.739688816743019784e-01
8.736640175183614243e-01
8.684583686865292584e-01
8.738576241028614966e-01
8.630689755464211466e-01
8.672647618330442398e-01
8.652690143157274472e-01
8.678968843741294847e-01
8.676992936012072333e-01
8.664559500339703568e-01
8.698258153903178913e-01
8.618802999838804935e-01
8.631558934847514131e-01
8.661550219242389881e-01
8.615775771630116431e-01
8.683425452464665906e-01
8.574353320476336693e-01
8.602592608867547508e-01
8.610417204025464510e-01
8.616347426023238665e-01
8.591675593302799951e-01
8.572567190879430976e-01
8.553139069141485473e-01
8.625762361746568407e-01
8.609297191485379974e-01
8.632625520993502111e-01
8.485702022528036625e-01
8.510433968825218409e-01
8.605910709271064052e-01
8.544595826894808566e-01
8.534057091443966181e-01
8.599652440120012509e-01
8.512936770915985329e-01
8.556785539174691646e-01
8.571834065975286743e-01
8.585829549875014788e-01
8.554862992885785555e-01
8.485074345882122060e-01
8.534103955213839798e-01
8.423951200949839624e-01
8.414493128275259970e-01
8.383933064265128854e-01
8.492429059285383497e-01
8.472480552318768510e-01
8.465884089469909446e-01
8.377688226027366625e-01
8.504478841255872501e-01
8.468397466035989529e-01
8.507824581402998465e-01
8.409565589366815308e-01
8.458497674037248615e-01
8.380549716643798108e-01
8.418973597960593969e-01
8.464613112119527827e-01
8.404383014409969599e-01
8.424187284249525787e-01
8.436565935611725076e-01
8.364885301162034992e-01
8.349965442449618358e-01
8.422546991935142557e-01
8.315678098262884177e-01
8.315170879547412186e-01
8.415008344711401023e-01
8.314806435352716241e-01
8.401514660089444142e-01
8.323429223818656908e-01
8.274762910145979644e-01
8.329065318291003495e-01
8.346620150101490276e-01
8.373208340926048265e-01
8.383709893776820632e-01
8.313336838514376881e-01
8.292667358349531392e-01
8.255744103437815395e-01
8.337719853107745660e-01
8.245532553929548758e-01
8.344947183743501862e-01
8.326837622202359901e-01
8.254561149157010336e-01
8.357745230197906050e-01
8.261796958935566648e-01
8.250258404474991591e-01
8.244502507723294737e-01
8.288520201658591269e-01
8.185163760032408975e-01
8.295679664000487064e-01
8.260865952724065764e-01
8.256699766868199619e-01
8.248868644237518089e-01
8.287079257842822066e-01
8.254045510903382787e-01
8.203803410896888249e-01
8.214601935484470152e-01
8.201053627790548806e-01
8.268137587950780132e-01
8.227357882719773530e-01
8.198449701070785745e-01
8.316529940336178095e-01
8.253400833178788920e-01
8.227815928367467890e-01
8.169636940344785492e-01
8.092175084810990793e-01
8.285252944017067467e-01
8.168098296874608533e-01
8.166773665409822192e-01
8.144915827573874223e-01
8.126416640403942848e-01
8.240616911496871921e-01
8.077655203831501929e-01
8.062006108271769778e-01
8.102797246896303873e-01
8.065106769402822229e-01
8.101495227752587569e-01
8.076464669826702858e-01
8.127212692529727223e-01
8.085137784481049028e-01
8.089859069922031853e-01
8.083970363323504937e-01
8.041228601565727496e-01
8.059974211912889208e-01
8.037722411064001093e-01
8.139405796161064410e-01
8.046240563576038118e-01
8.112383440518990962e-01
8.142453531424204138e-01
8.123915444581936152e-01
8.070505626690693823e-01
8.131606736244298972e-01
8.022365275101783766e-01
8.079034019739199657e-01
8.038942934610904256e-01
8.143509233609224074e-01
8.022019202892597400e-01
7.947505060678873301e-01
8.002888778845469453e-01
8.062052980447427242e-01
7.979256926438746955e-01
8.042500485212374928e-01
8.081974634757408404e-01
8.005944635623540862e-01
7.960647067962548507e-01
7.929938837503776039e-01
7.966754522079076972e-01
8.071112826848640953e-01
8.031982772625410050e-01
8.083803441279974189e-01
7.973865181207656638e-01
7.960465244757823911e-01
8.050702143938113231e-01
7.960091618391184065e-01
7.980539418183840716e-01
8.007174747876631971e-01
7.986143278769958220e-01
8.023611634205549681e-01
7.975600427541977844e-01
7.862735625260915961e-01
7.980275455193641676e-01
7.857005136135296608e-01
7.988257054335031748e-01
7.975528380045524557e-01
7.917554545861024140e-01
7.971516043711931454e-01
7.841988306779127393e-01
7.929586626780338321e-01
7.877554632150209901e-01
7.910889384074089037e-01
7.840717026820549496e-01
7.948330723322354352e-01
7.819548949217185463e-01
7.873636986964788198e-01
7.830033924335088047e-01
7.913168555650955671e-01
7.818414891377473142e-01
7.942349531711676569e-01
7.870359272528917316e-01
7.838643668553768595e-01
7.786138309118074696e-01
7.833769446000075076e-01
7.831089925307493926e-01
7.837181960925078128e-01
7.865375608969957799e-01
7.803501708385272018e-01
7.808859826662601922e-01
7.743970504938028077e-01
7.720681913388081075e-01
7.783501521899149900e-01
7.778736129785195352e-01
7.703777065643897526e-01
7.859569832300528081e-01
7.682927438846001156e-01
7.790135693855774202e-01
7.761361114489726543e-01
7.755175026563497775e-01
7.749585546744175435e-01
7.794503805729059431e-01
7.802338977654774688e-01
7.668186303132619175e-01
7.691926292884043725e-01
7.735094341712119848e-01
7.712849199771880659e-01
7.702288880562171425e-01
7.747290050372098724e-01
7.672343224287032637e-01
7.688491576757185975e-01
7.766216839735324839e-01
7.696018559046280405e-01
7.653704704382480184e-01
7.712873560495865366e-01
7.685050627359977238e-01
7.682871295855595584e-01
7.716195801893870332e-01
7.700149216713049194e-01
7.644876928665699234e-01
7.751734348443838352e-01
7.663392982421777244e-01
7.690299218281720917e-01
7.574862133998137015e-01
7.596725866580620323e-01
7.638389070064594000e-01
7.726237105253415116e-01
7.758774809348277790e-01
7.686777712442935950e-01
7.583457300296196912e-01
7.575496551318046112e-01
7.639883559483747755e-01
7.620191697890942306e-01
7.586640066061264287e-01
7.586109331020942648e-01
7.631780032164011685e-01
7.536664655575385785e-01
7.626977858635095586e-01
7.591432505693190835e-01
7.477484680139101503e-01
7.547318674815006734e-01
7.601989302115562674e-01
7.607194447364562517e-01
7.605180189395561730e-01
7.590380232303570729e-01
7.681234804483559886e-01
7.531388614422235284e-01
7.487908023290145154e-01
7.562531727246749602e-01
7.545821558206509128e-01
7.511461531504606270e-01
7.491620432107876093e-01
7.467752675215403313e-01
7.497496405473121905e-01
7.494856723608114280e-01
7.525502637410774742e-01
7.526007364193598725e-01
7.513511367333240987e-01
7.530922063650229425e-01
7.450212482458505869e-01
7.402538342353625067e-01
7.463208268850277660e-01
7.417005589375129659e-01
7.373484308138872345e-01
7.507907834572670192e-01
7.554177402685849918e-01
7.367382449981493275e-01
7.500505319772622359e-01
7.485529941626084538e-01
7.572146247594784274e-01
7.421651805058503415e-01
7.458848274671114886e-01
7.475261478087841249e-01
7.486953307420779469e-01
7.388700949840056875e-01
7.465758971678905231e-01
7.427215285026109726e-01
7.397108282798375845e-01
7.460411518048017943e-01
7.381355723509421818e-01
7.459257446038417561e-01
7.474158010421655396e-01
7.408338778294050186e-01
7.354373519237225043e-01
7.397847686058435235e-01
7.488364240297904484e-01
7.478989778420863654e-01
7.361238463566853740e-01
7.416082928578059397e-01
7.400245010852813943e-01
7.430215406112181675e-01
7.479212945852524719e-01
7.384520014127095022e-01
7.434200228788914178e-01
7.424469814850733762e-01
7.301217241164965621e-01
7.335847778198046898e-01
7.421748344714824697e-01
7.424064077627964275e-01
7.345460878732876786e-01
7.327226179532515538e-01
7.379932384460400341e-01
7.358903510448260299e-01
7.392233283091813600e-01
7.316985792074448547e-01
7.366898321952575213e-01
7.324676243158486644e-01
7.373216849107008253e-01
7.354288768309813484e-01
7.391100725302329755e-01
7.434488420303051459e-01
7.369155785976312378e-01
7.367008578318815504e-01
7.386645915416570896e-01
7.428624133268991736e-01
7.405520140360563053e-01
7.377645533818465440e-01
7.238755949032612547e-01
7.479805217339442480e-01
7.401200807247406699e-01
7.352611753420952301e-01
7.266996361506290469e-01
7.304980201598925138e-01
7.266223768393198501e-01
7.347492777384244667e-01
7.361262604212149840e-01
7.405860587572440368e-01
7.363105408656291928e-01
7.311034866632559748e-01
7.333523900080949343e-01
7.301737238199282887e-01
7.296511220626341609e-01
7.328926402024733555e-01
7.381083246224965366e-01
7.244863622463666442e-01
7.339564757469373424e-01
7.272975240762417082e-01
7.369889169167249676e-01
7.294328250181980611e-01
7.224924387075961629e-01
7.212358552675980361e-01
7.349261040870960215e-01
7.210811508007538562e-01
7.243368038764366190e-01
7.314729230526165749e-01
7.269699696546946255e-01
7.333899724177824764e-01
7.247356723516414911e-01
7.281233499447504753e-01
7.179411519032258271e-01
7.367783104762052337e-01
7.302020018681502078e-01
7.279957666611059919e-01
7.225657634246043237e-01
7.243446367673385122e-01
7.234123288820951680e-01
7.266888163028619729e-01
7.311349893227602204e-01
7.267262689578227741e-01
7.269096844471417684e-01
7.194083327666307426e-01
7.294980405232844856e-01
7.333309888075559835e-01
7.274392611705340350e-01
7.210589188031660823e-01
7.282564824972397322e-01
7.212148247620998598e-01
7.230485643331820977e-01
7.180286303544656246e-01
7.148425498834023450e-01
7.188137859106064065e-01
7.179595815065579201e-01
7.192176404671791756e-01
7.221515462948725483e-01
7.277569309259072083e-01
7.300040084582108957e-01
7.254457822212806439e-01
7.269168768173609463e-01
7.217946831232462390e-01
7.231740677203887246e-01
7.183087245011940958e-01
7.146050724463585135e-01
7.255327427998566892e-01
7.182738035153120038e-01
7.214953861939601421e-01
7.176988917283523284e-01
7.108395848518762605e-01
7.173137180316142558e-01
7.149444323319654737e-01
7.077059966631424892e-01
7.268336584170659309e-01
7.154913799884992098e-01
7.293203926239257839e-01
7.144722078091059192e-01
7.142155774892904319e-01
7.148950802974212149e-01
7.171067417432099855e-01
7.219213219025195638e-01
7.122278617742734408e-01
7.133901524238097647e-01
7.153992467201673033e-01
7.252851571792211516e-01
7.096751375840260057e-01
7.266335721199329578e-01
7.130081888956901759e-01
7.111147735363397837e-01
7.064151318409503943e-01
7.223675921177252768e-01
7.096788984078626905e-01
7.211565056672463170e-01
7.204660327006608966e-01
7.131612739501855813e-01
7.098259726395973468e-01
7.132928000046656614e-01
7.084349052264140578e-01
7.022045828593083128e-01
7.166132190288641013e-01
7.127007339245233775e-01
7.214254952394045795e-01
7.182927413628651392e-01
7.093668133020401001e-01
7.062660099604191055e-01
7.039906196869336608e-01
7.052096742085921521e-01
7.171658153717334061e-01
7.052017164536011906e-01
7.068546734559230105e-01
7.193926760019400124e-01
7.150713166365256779e-01
7.181102687731767409e-01
6.919688731431961060e-01
7.079000907066540504e-01
6.960836086517725452e-01
7.015209985085022470e-01
7.027939865222343485e-01
7.051858607010963453e-01
7.047940008151225566e-01
6.996694501393880827e-01
7.038898528386384745e-01
7.019216205065067493e-01
7.032866878387254994e-01
7.059819887845943942e-01
7.050056838072262799e-01
7.084871370058792861e-01
7.029605168562669260e-01
7.087698529928158075e-01
7.012058856395574358e-01
7.023846058509288781e-01
7.027762549809920545e-01
7.006151906954936059e-01
6.993980441337976917e-01
6.997725217006145471e-01
6.995957716153218264e-01
6.937934814355312119e-01
7.033157472427075119e-01
7.038722611390627604e-01
6.981410579039499797e-01
7.059535354375838789e-01
6.893090258806179316e-01
6.876226909649677532e-01
6.881371015921616818e-01
6.962750287392200921e-01
6.895432541767756440e-01
6.994296422371497624e-01
6.926123202611238483e-01
6.909644899459985723e-01
6.953481882810592651e-01
6.938906777363557099e-01
6.929215958485236415e-01
6.958189274256045831e-01
6.754855158237310642e-01
6.897087531976210384e-01
6.802119339123749997e-01
6.907374942914034088e-01
6.930042269138189104e-01
6.810883580874174115e-01
6.873894676948204552e-01
6.800166071989597327e-01
6.919239611961902625e-01
6.965601625350805737e-01
6.947582839391170939e-01
6.915602497565440654e-01
6.828567504882812056e-01
6.842996773047325121e-01
6.782306268429144636e-01
6.816659708053637301e-01
6.748829592496921048e-01
6.832141834955949289e-01
6.910108761145518086e-01
6.770395081012676730e-01
6.919038825310193097e-01
6.865398526191711648e-01
6.722462084048833608e-01
6.686930809265527742e-01
6.808067792501204529e-01
6.853937603724308270e-01
6.909234697237992551e-01
6.752068329315918938e-01
6.773591316663302164e-01
6.795381101278158420e-01
6.736920534036098251e-01
6.722977437269993528e-01
6.715161728553282749e-01
6.816007496454776771e-01
6.699417192202348215e-01
6.691896260548860775e-01
6.755860562507922662e-01
6.781845244077535639e-01
6.723738326476170757e-01
6.678126969398596735e-01
6.586626350115507567e-01
6.725226834034307988e-01
6.759079955327205180e-01
6.728191409355555042e-01
6.672475319642287017e-01
6.713005546575937510e-01
6.641466675660548935e-01
6.686835634402740203e-01
6.753872444996467106e-01
6.598709500752962809e-01
6.648086937574240185e-01
6.624402443567911636e-01
6.708015295939567801e-01
6.673125876066011708e-01
6.671931063517545502e-01
6.654504494025157424e-01
6.599298474880365140e-01
6.714973811155710015e-01
6.708982327045538430e-01
6.701200783252716509e-01
6.655582884947458533e-01
6.559940034762407057e-01
6.637499733613088093e-01
6.608452391165953177e-01
6.667916865685047378e-01
6.705997737554403315e-01
6.530974462246283974e-01
6.592656043859628223e-01
6.555274992417066127e-01
6.555019378662109153e-01
6.599421368195460547e-01
6.587447991737952480e-01
6.620272597441306806e-01
6.642170925170947093e-01
6.560126711924870735e-01
6.610812123005206375e-01
6.543095875244874238e-01
6.563787630735299361e-01
6.569193211121436837e-01
6.601444096137315531e-01
6.600367748584502481e-01
6.509914035980518543e-01
6.556098564313008747e-01
6.554844989226414897e-01
6.503786036601433285e-01
6.526905810221647064e-01
6.492950490651986373e-01
6.517895748217900076e-01
6.493680913478899752e-01
6.520201187103222829e-01
6.521919234440877178e-01
6.493430366118748687e-01
6.429527091674315242e-01
6.511388593759291910e-01
6.491427531609168522e-01
6.551491835178473444e-01
6.479260547802998538e-01
6.452515034339366684e-01
6.550952695883237586e-01
6.477778395781150778e-01
6.448192634643652443e-01
6.505952392633144177e-01
6.539978452982047052e-01
6.456049577547953167e-01
6.535288464564543709e-01
6.547101087295091881e-01
6.488815358051887028e-01
6.567645412224989432e-01
6.424493456498170385e-01
6.564624873491433643e-01
6.509747493725556167e-01
6.498061330654681944e-01
6.424808944647129039e-01
6.344546489990674498e-01
6.438519355578300463e-01
6.506028225788703656e-01
6.469468438472503191e-01
6.430357133730864039e-01
6.371703293843147264e-01
6.480831441970972273e-01
6.362533625883933786e-01
6.368759374587963373e-01
6.412936277878590330e-01
6.412471553454032192e-01
6.414918549549885052e-01
6.465153597104243977e-01
6.422619138772670544e-01
6.437329282363255523e-01
6.487096626024979606e-01
6.492095834933794274e-01
6.458199979403079771e-01
6.439989601954435594e-01
6.477504724111312617e-01
6.361363631792557038e-01
6.431751221418380293e-01
6.372890144586562666e-01
6.638236125310261748e-01
6.437710880469053043e-01
6.409960363919918747e-01
6.362065870792438238e-01
6.401929490841351544e-01
6.476178215100214519e-01
6.358068247636159409e-01
6.338268659053705179e-01
6.332074156174293256e-01
6.372745708777354245e-01
6.352387022513609205e-01
6.498394540487191229e-01
6.390540982668216907e-01
6.413714412695322720e-01
6.476973649783012155e-01
6.534582729522998568e-01
6.389531531395056252e-01
6.368821832614067757e-01
6.455236132328326937e-01
6.372750511536231510e-01
6.380462406537471542e-01
6.400272069833217170e-01
6.432626091516935318e-01
6.404196401437123320e-01
6.387776908202048576e-01
6.556508255310548039e-01
6.456300724011201364e-01
6.385224095521828680e-01
6.432016870914361029e-01
6.423098085782467104e-01
6.379110931585996180e-01
6.341299038666945442e-01
6.512107613759162694e-01
6.325135477078266399e-01
6.391120352042026775e-01
6.370759736268948314e-01
6.273796809789461415e-01
6.354432295530270114e-01
6.441222384189948524e-01
6.310298837148226037e-01
6.363940612627909665e-01
6.370602344855283983e-01
6.483517874509859835e-01
6.355245412160188678e-01
6.236350034291927580e-01
6.318599788042215115e-01
6.390026774926063080e-01
6.424742441146801264e-01
6.382733976229643114e-01
6.524256668793849689e-01
6.375493767933967382e-01
6.409915649738067156e-01
6.468261973980146129e-01
6.310023106061495302e-01
6.352181028097103610e-01
6.440405034101925885e-01
6.275065577947176454e-01
6.291048412903761378e-01
6.353951004835275418e-01
6.417101636146888000e-01
6.372666061688692096e-01
6.399922600159277941e-01
6.423858751853307458e-01
6.299352836150389212e-01
6.416365268138738420e-01
6.332440715569715994e-01
6.382000471536929398e-01
6.372774717899468699e-01
6.342199340080603154e-01
6.260816034598227775e-01
6.285640527040530223e-01
6.348796020715664623e-01
6.346230158439049029e-01
6.268663122867926818e-01
6.328496041970375074e-01
6.346809248129526848e-01
6.343308865259855711e-01
6.306022610419835805e-01
6.309143851964901240e-01
6.381605101701540717e-01
6.362879034800407174e-01
6.374419890917264464e-01
6.381677004771354467e-01
6.301402027790362625e-01
6.303409652068064917e-01
6.353632310262092853e-01
6.284087717533111128e-01
6.264401752215165153e-01
6.204050676180765667e-01
6.220784778014207816e-01
6.318390857714872855e-01
6.292386865768677673e-01
6.200796335171430140e-01
6.293903187299385582e-01
6.196326365073522302e-01
6.283417941668094642e-01
6.299045065274605504e-01
6.279312565540655644e-01
6.274424063853728528e-01
6.174729414475269573e-01
6.250069227738258570e-01
6.273239423831303840e-01
6.233884716645264890e-01
6.219918153989009157e-01
6.221161307432712118e-01
6.141797226973069179e-01
6.191553818109708507e-01
6.196667792705389255e-01
6.230272990006666678e-01
6.192597568035125288e-01
6.315997352966895573e-01
6.244663207194743881e-01
6.257870672604977091e-01
6.247121154497831119e-01
6.236414222381053696e-01
6.173264571489431862e-01
6.286048299227005032e-01
6.135510634917479278e-01
6.255341678093641056e-01
6.225576784366216865e-01
6.220365722209979520e-01
6.185497415371430385e-01
6.214135176860369203e-01
6.233702456339811349e-01
6.257254903897261356e-01
6.182841001412807680e-01
6.249229026146424504e-01
6.262213198038247830e-01
6.244705672447498079e-01
6.231140260513011730e-01
6.189052256254049533e-01
6.109902179394013366e-01
6.103796130571610412e-01
6.183932304382324663e-01
6.123804871852581710e-01
6.163879925623918510e-01
6.153938246078980434e-01
6.073892601789572243e-01
6.066904706068527720e-01
6.102417513346061195e-01
6.173808278945775996e-01
6.129315346479415894e-01
6.143892592344528669e-01
6.091885023392163978e-01
6.109100830096464430e-01
6.205621332694322145e-01
6.148126235375037663e-01
6.162649782040180435e-01
6.124328258710030060e-01
6.158789351964608638e-01
6.215277976714648211e-01
6.151888676942922629e-01
6.114366424389374721e-01
6.139915566413830517e-01
6.117352564365435841e-01
5.989644847619227663e-01
6.068615509149355436e-01
6.118866961735945909e-01
6.168246503059681141e-01
6.119879102095578949e-01
6.123346811685806967e-01
6.112128859911210021e-01
5.987725299902451059e-01
6.170232786582066087e-01
6.128450768116192604e-01
6.120763902480785834e-01
6.187378712189502972e-01
6.195935379236172658e-01
6.120456259220073969e-01
6.123832850884168844e-01
6.077954396223410605e-01
6.170937995115916008e-01
6.219349974241011880e-01
6.172222032760962263e-01
6.257212576193686981e-01
6.120056887467701934e-01
6.136511623095243229e-01
6.173614785457268717e-01
6.187515575152177094e-01
6.045325249433517456e-01
6.049021810293198076e-01
6.054638994045746792e-01
6.040962865719428088e-01
6.111289830544055501e-01
6.129345488853943369e-01
6.173908551534016409e-01
6.179731545540002591e-01
6.118383380847099984e-01
6.061604264454963920e-01
6.216914448982630015e-01
6.134865913635645374e-01
6.129148510786203152e-01
6.138648770558527978e-01
6.153448436504754815e-01
6.197614012620388246e-01
6.188934288727931943e-01
6.214322573863543253e-01
6.229806278760616767e-01
6.211147333566958695e-01
6.141305498587779077e-01
6.123332041196334341e-01
6.220592271058987821e-01
6.263522013639792885e-01
6.262840508650511229e-01
6.154296084092213404e-01
6.226229911431288011e-01
6.112013456148979174e-01
6.033550788194704806e-01
6.203928198569860220e-01
6.178001168446662916e-01
6.278295076046234158e-01
6.163899102272131225e-01
6.187132464005397070e-01
6.091433814702890137e-01
6.183462881889099094e-01
6.157348818503893817e-01
6.104750218299719311e-01
6.119261632363001135e-01
6.243112154496022193e-01
6.149738826048679607e-01
6.216050092990581533e-01
6.159564226865767989e-01
6.036553665613516584e-01
6.144577011848106896e-01
6.031994119668617760e-01
6.095168319268103874e-01
6.157428699426161778e-01
6.126974970866472248e-01
6.073703729953521258e-01
6.153342862159777438e-01
6.115463776466173451e-01
6.120986238504066979e-01
6.095288292719767131e-01
6.140946095570539720e-01
6.160693822762904892e-01
6.059184604730361023e-01
6.063919597711318055e-01
6.065653969844182480e-01
6.081887814478996734e-01
6.037387200655081054e-01
6.043457981867668138e-01
6.125654602662110593e-01
6.234211625196994788e-01
5.970838389335534346e-01
6.055323888093997464e-01
6.096445539058783503e-01
6.075961208496338806e-01
6.054472713898390035e-01
6.152623881896336355e-01
6.096024518593763375e-01
6.063077608744303904e-01
5.958708827312175771e-01
6.027815554386529717e-01
6.016340236633251903e-01
5.971371790537467472e-01
5.926258781781563734e-01
5.992439399162928781e-01
5.953011711438497278e-01
6.034711394554529429e-01
5.990173520186008460e-01
6.070940299676015339e-01
6.004127779068091364e-01
5.962077862177139753e-01
5.976650614769031256e-01
5.990540985113534944e-01
6.000834698096300102e-01
5.995859516736788963e-01
5.998013731760856171e-01
5.956835294381166435e-01
5.956257688693511465e-01
5.953268089355566728e-01
6.053177377352347843e-01
5.890588089441641806e-01
5.825102322376691788e-01
5.917286950808304802e-01
6.043945389680372982e-01
5.926522773809922429e-01
5.992904183956292430e-01
6.048135871306443700e-01
5.991678942472506986e-01
5.992346291358654486e-01
6.025875587493945140e-01
6.000042801484083421e-01
6.053001884466562288e-01
6.008552096593073877e-01
5.947636472873198965e-01
5.961128662029901992e-01
5.961748622166804790e-01
5.941208353409400678e-01
5.948121249675750732e-01
5.929941590015704866e-01
5.894111282550371644e-01
5.948562883413754943e-01
5.978120795427224188e-01
5.862176857697658505e-01
5.970983583193558708e-01
5.913054999632713082e-01
5.981682918774775537e-01
5.981727059835042493e-01
6.046453323119725942e-01
5.909501401277689192e-01
5.923999304954822298e-01
5.904759288598329103e-01
5.802906894531005833e-01
5.856920424180153129e-01
5.848606920395141850e-01
5.965313035708207368e-01
5.817903092274299137e-01
5.924278194323564506e-01
5.866683208025418317e-01
5.803171882262596615e-01
5.971807255958899718e-01
5.942681071085808009e-01
5.934485231454555976e-01
5.994725591861285174e-01
5.895548675304803643e-01
5.883674496259444497e-01
5.968263354056920766e-01
5.954228338522788988e-01
5.908751861407206540e-01
5.917072872320811028e-01
5.896981347829867159e-01
5.879452382906888985e-01
5.924113791722517286e-01
5.977332056332856913e-01
5.857235609720914393e-01
5.930834683088156423e-01
5.823883928549595801e-01
5.892496063159062825e-01
5.864817500114440918e-01
5.868024154351307864e-01
5.919106251918352379e-01
5.929803376778578494e-01
5.854771251097703466e-01
5.894872058660556302e-01
5.884562133214412682e-01
5.857852835685778414e-01
5.826908685458012105e-01
5.801137610887869833e-01
5.874506874726368455e-01
5.819849657706724910e-01
5.756027331719031359e-01
5.911539838100090538e-01
5.879948200323642515e-01
5.882743879006459009e-01
5.814377125257100820e-01
5.888667880724638426e-01
5.899921848987921269e-01
5.825967174309950591e-01
5.773561769571059488e-01
5.878661565291576352e-01
5.723958266851228993e-01
5.820552042661568670e-01
5.814418205848106425e-01
5.724144802643702512e-01
5.765593504294370675e-01
5.812215608664047517e-01
5.834072540967892850e-01
5.825134450044386902e-01
5.794533589711555743e-01
5.824396079931504211e-01
5.808609521541839849e-01
5.850626192795924663e-01
5.839999370850049720e-01
5.795767295819062026e-01
5.802216609319050811e-01
5.823631888780838040e-01
5.887877215177584889e-01
5.887542061316661801e-01
5.723120764279976402e-01
5.753858757324707973e-01
5.767591858521485815e-01
5.802554503465310320e-01
5.651350018305656420e-01
5.778484860291848157e-01
5.748449862767488483e-01
5.911989224262726994e-01
5.820031832426022511e-01
5.854765143914100189e-01
5.862877728847356584e-01
5.803203912881704785e-01
5.767396054206750389e-01
5.822156026577338661e-01
5.763110404595350733e-01
5.709521608474926735e-01
5.760666721906417820e-01
5.886229930015710599e-01
5.753041806893470778e-01
5.805658706487752951e-01
5.721191857105646372e-01
5.743540819638814909e-01
5.829439640809328527e-01
5.788637368342814948e-01
5.684029180269974946e-01
5.795233190823824154e-01
5.831213560624000092e-01
5.744634599257738561e-01
5.757199926254076283e-01
5.723455674373186808e-01
5.794633156978167277e-01
5.814927972280061752e-01
5.736253788073857329e-01
5.798262131519806850e-01
5.805467384747969861e-01
5.725575822286116390e-01
5.758377444285612823e-01
5.710964607886779287e-01
5.755392644649897083e-01
5.734056883133374916e-01
5.690917092256057019e-01
5.655774481785602603e-01
5.748987499720010774e-01
5.770113130410512436e-01
5.823937702637452807e-01
5.747356266547472003e-01
5.740354320177665226e-01
5.772654036680857637e-01
5.875261607842567901e-01
5.813296703956065681e-01
5.728031522952593546e-01
5.707317168896014481e-01
5.801078356229342203e-01
5.720777840186388463e-01
5.784935138928584131e-01
5.745664241986396803e-01
5.823725137955103603e-01
5.798990326814162932e-01
5.832632078574253587e-01
5.723858714103698953e-01
5.706323704658410323e-01
5.768404531937378898e-01
5.758817774363053088e-01
5.751242779768430680e-01
5.676113872191844711e-01
5.748531312514574276e-01
5.698826232017615290e-01
5.709740542448483724e-01
5.771932656184221022e-01
5.667611909218323030e-01
5.799530189770918387e-01
5.784038877640015341e-01
5.653090130060146601e-01
5.732825743082242687e-01
5.740489044250586259e-01
5.751954963574043012e-01
5.684116426950845957e-01
5.714551214988414785e-01
5.681468183413530548e-01
5.781002775980875752e-01
5.760455785653529892e-01
5.771119633546242245e-01
5.820985212540015219e-01
5.833290854325661190e-01
5.847263252123807709e-01
5.800189906970049103e-01
5.710255916302020562e-01
5.808682927718529232e-01
5.682975635314598817e-01
5.726340237336281502e-01
5.819372106821109059e-01
5.786219462370261191e-01
5.861498010464203379e-01
5.747910417807408079e-01
5.757869320038037086e-01
5.798056010252390369e-01
5.774077455966900585e-01
5.769267865480520729e-01
5.812677303949992380e-01
5.723678585046376721e-01
5.775472134351730125e-01
5.814168521991143201e-01
5.730872273445128950e-01
5.802968815351143839e-01
5.715714994913492220e-01
5.727712033650813606e-01
5.731389358257635847e-01
5.688050619302651434e-01
5.834080029756595343e-01
5.769444202001278166e-01
5.803209984913850761e-01
5.759412556122510685e-01
5.864656621829057448e-01
5.745220953837418820e-01
5.760657119445311558e-01
5.746468527958943362e-01
5.676671942075093291e-01
5.724100221426059454e-01
5.765205397819861410e-01
5.714803234124794518e-01
5.678423467354897225e-01
5.832162996133168908e-01
5.776190897593131979e-01
5.723616078878059898e-01
5.742289706682547346e-01
5.768070109379597188e-01
5.701308766236672376e-01
5.724352982563850611e-01
5.752036972687795124e-01
5.686896461706895112e-01
5.664931100912583561e-01
5.735553652812273029e-01
5.781326553760430809e-01
5.772618263195722355e-01
5.731318493684133264e-01
5.688586840262779276e-01
5.760879361476654026e-01
5.755581968105756285e-01
5.637443068699958815e-01
5.667758693297704209e-01
5.727592297853567604e-01
5.725139617155760030e-01
5.755881832960324518e-01
5.758386867168622247e-01
5.765684045278108849e-01
5.628458106364959690e-01
5.688088091520162592e-01
5.770321251490176939e-01
5.759755807809340267e-01
5.738419087269367447e-01
5.747548976005651955e-01
5.773676037024229046e-01
5.735440861720305650e-01
5.655344894299140224e-01
5.705586576308959712e-01
5.691944947609535177e-01
5.761298482998823411e-01
5.809306173752515345e-01
5.651641968733225330e-01
5.756671801591530802e-01
5.709718356529871475e-01
5.788862868761405212e-01
5.684571848465845845e-01
5.753637241247372414e-01
5.836084372722185609e-01
5.685798669472719169e-01
5.670934564028030644e-01
5.665358156729967121e-01
5.736233063233204810e-01
5.596615373324125287e-01
5.673728574544955050e-01
5.747112741837134831e-01
5.594404352781100487e-01
5.647384354701409093e-01
5.607170548194494453e-01
5.674805392821630212e-01
5.581973644403310786e-01
5.684209430064910418e-01
5.631751686334609541e-01
5.709875083886659652e-01
5.617878585289686200e-01
5.655122148684966765e-01
5.657226097125273023e-01
5.578169455130894683e-01
5.608419404580042844e-01
5.641745947110347048e-01
5.636401094687291113e-01
5.676108944874543871e-01
5.625212685419962444e-01
5.712504924107820736e-01
5.594231772881287368e-01
5.610600156279710315e-01
5.644724161961139908e-01
5.701538920402526855e-01
5.716400625614019848e-01
5.615061395443402548e-01
5.556592233670063496e-01
5.674562845474634409e-01
5.683107660366938374e-01
5.691090752681096099e-01
5.640514642764360431e-01
5.717017545149876145e-01
5.609153397572346211e-01
5.610263925332289459e-01
5.645013809204101340e-01
5.630614735377140745e-01
5.742198595633873914e-01
5.567273016159350885e-01
5.666661549837160861e-01
5.616222389233418433e-01
5.591030600743416290e-01
5.681856244802474531e-01
5.632387363757842547e-01
5.750376816743459907e-01
5.798089834359976269e-01
5.662455428105134247e-01
5.612904314047251209e-01
5.634526976408102961e-01
5.625449795753527660e-01
5.677823289846762878e-01
5.686999946832657082e-01
5.698729151334518406e-01
5.702168145240881225e-01
5.635189218398851674e-01
5.682121926393264300e-01
5.778084595998128625e-01
5.676984389623006555e-01
5.621758513725720885e-01
5.520311357119144224e-01
5.604992969677998760e-01
5.584084806533959888e-01
5.699518290849832081e-01
5.717721903171294473e-01
5.677002885402777643e-01
5.667709704392995818e-01
5.713483806603993909e-01
5.680428076248902336e-01
5.617373719429358259e-01
5.728991559682747869e-01
5.649967594788625203e-01
5.613076351391963481e-01
5.647517589422372808e-01
5.669904823486621170e-01
5.552865321055436842e-01
5.664465205027506833e-01
5.531872450541227559e-01
5.488159873546698542e-01
5.658124892375407944e-01
5.588306401020440850e-01
5.588767737150192039e-01
5.667723149825365514e-01
5.519083676429895613e-01
5.801212594295159786e-01
5.617123844531866084e-01
5.617486872734167580e-01
5.668181730386537831e-01
5.641831190158159703e-01
5.598146985738705617e-01
5.534965012318048272e-01
5.667689388379072435e-01
5.655502974987030029e-01
5.524982442458470366e-01
5.623249176985177789e-01
5.532328432951217900e-01
5.577730770294483387e-01
5.673252751429875840e-01
5.601253132025401094e-01
5.636735958930773061e-01
5.610062623635316825e-01
5.628730545441309463e-01
5.614574484336070093e-01
5.575944466468615301e-01
5.556063439601507392e-01
5.532033370091364866e-01
5.519989808400471709e-01
5.567069513675494408e-01
5.559067526688942218e-01
5.597280846956448341e-01
5.619247007064330779e-01
5.640718265221669192e-01
5.636283328135808235e-01
5.568202779079094444e-01
5.644299273307507026e-01
5.646484300876275508e-01
5.500803043444951745e-01
5.588980716772568025e-01
5.632189261607635222e-01
5.586009090527509491e-01
5.565399876771829346e-01
5.498024274141360968e-01
5.483380027306385962e-01
5.626803773335921077e-01
5.541999058081553686e-01
5.544407353951380513e-01
5.557452405874545587e-01
5.636760980654985653e-01
5.545312418387486897e-01
5.548529731921660879e-01
5.637173392069645406e-01
5.507592860704813020e-01
5.658782984201724542e-01
5.536886575130316457e-01
5.604667578752223767e-01
5.543806426036052004e-01
5.600779057313234333e-01
5.475215760561136236e-01
5.475011138579783943e-01
5.547292731511287434e-01
5.566584457953770437e-01
5.572620353637597335e-01
5.587293530121827390e-01
5.535058642045045385e-01
5.654112583551651472e-01
5.574133657492124083e-01
5.546700076414988745e-01
5.552949673854388202e-01
5.543423784848970914e-01
5.556172396892156140e-01
5.580158035724590571e-01
5.613927825903280988e-01
5.651234710827851560e-01
5.560068800663336974e-01
5.524754570080683269e-01
5.597665456625131597e-01
5.484390294704681867e-01
5.629914153080720629e-01
5.562519511351218249e-01
5.618457878247286041e-01
5.548999907878728877e-01
5.674423187971114890e-01
5.533463941934780861e-01
5.531472042585030557e-01
5.710755755503972297e-01
5.593461485245289078e-01
5.570664875018290774e-01
5.608431499737959181e-01
5.628399446224554570e-01
5.576448156283452251e-01
5.588732979236504805e-01
5.642232378323872588e-01
5.521832474531271906e-01
5.528994077291243814e-01
5.494197110335031775e-01
5.550588583334897796e-01
5.584901784475032605e-01
5.546637529746080153e-01
5.602082027838780620e-01
5.507423435266201039e-01
5.535136870084664817e-01
5.567060193954369574e-01
5.442730392401035067e-01
5.495838354031244988e-01
5.472086002429326079e-01
5.502237796019284755e-01
5.445755335765006810e-01
5.517554380190677898e-01
5.500873700930521970e-01
5.575811780416048968e-01
5.496284856246067552e-01
5.539136501458975514e-01
5.584282317222692971e-01
5.554734898683352240e-01
5.480758807598016258e-01
5.493483228561205634e-01
5.497392176053462753e-01
5.551675964624454007e-01
5.488314344332768657e-01
5.527762073736924853e-01
5.442321529755225207e-01
5.591747788664621632e-01
5.588231908205227860e-01
5.556402901044258380e-01
5.484279665427330697e-01
5.463022605730937231e-01
5.506982490038260236e-01
5.479551780682343498e-01
5.571347562930523134e-01
5.502990868611213893e-01
5.450449629471851853e-01
5.539423668995882011e-01
5.393411629475080016e-01
5.475362646274077871e-01
5.463568711127990696e-01
5.509635846584270968e-01
5.574149980759008915e-01
5.535311976304421178e-01
5.571341490134215091e-01
5.534330775340398079e-01
5.572054274571247579e-01
5.490622953726694844e-01
5.616360037754744017e-01
5.473233633316479940e-01
5.425171169715049535e-01
5.409223188956578943e-01
5.429751966244135142e-01
5.496727415384390358e-01
5.517773135350301228e-01
5.520200643783960137e-01
5.446794402140837654e-01
5.497575934116657459e-01
5.429608345031737837e-01
5.557387290856776740e-01
5.486710854829885964e-01
5.507076546167716247e-01
5.471099898601189393e-01
5.429768131329463232e-01
5.472012267662929030e-01
5.524130793718191601e-01
5.533808251986136462e-01
5.402296617245062604e-01
5.443950803616107725e-01
5.362474535520259655e-01
5.525688146169368542e-01
5.447823876753831174e-01
5.502972880235085240e-01
5.339828293292950834e-01
5.418424335045691764e-01
5.419243110296053656e-01
5.474740470831210848e-01
5.412951957720976148e-01
5.483817248008190370e-01
5.402034144370984059e-01
5.482835240853138892e-01
5.460323154162137760e-01
5.438593388367921611e-01
5.405502372063123451e-01
5.383604380564811498e-01
5.447534481684367380e-01
5.417890492158058402e-01
5.430248405688847813e-01
5.435218477096313006e-01
5.419048074728403108e-01
5.444123045756266155e-01
5.481790972061646450e-01
5.445967231041345391e-01
5.433469835764322964e-01
5.381444775141202008e-01
5.445991730078673099e-01
5.536209347920539869e-01
5.471251195822006697e-01
5.448622490351017200e-01
5.417176039555133826e-01
5.454811335374147863e-01
5.409445029038649766e-01
5.465474958603199207e-01
5.482894946367312672e-01
5.418218877835151437e-01
5.535774162182440783e-01
5.398464525357270505e-01
5.396208202991730207e-01
5.388270256611017439e-01
5.398712806976758705e-01
5.506849729097806900e-01
5.548140242313727155e-01
5.557351160507936205e-01
5.460738687943189618e-01
5.447110875294758348e-01
5.450465839642745225e-01
5.397677712715589493e-01
5.465150287518134586e-01
5.447430493739935375e-01
5.341048028988716334e-01
5.405104932112571037e-01
5.485639362763136129e-01
5.484005801952802628e-01
5.414680325067959821e-01
5.366826134614455235e-01
5.327880050509403720e-01
5.363929327481832265e-01
5.379461464209434052e-01
5.414015454359543122e-01
5.489858201681039329e-01
5.325708455764330829e-01
5.433315441394463985e-01
5.361292437865183835e-01
5.407714292024954350e-01
5.491748467469826922e-01
5.453143507624284014e-01
5.383172502884497890e-01
5.432989102907669343e-01
5.464799354473749426e-01
5.395944453202761171e-01
5.421006610760321642e-01
5.429010954422828217e-01
5.404296240745446456e-01
5.394042746378825415e-01
5.438850591580073335e-01
5.445353341408264436e-01
5.390496080502485965e-01
5.455296540871644728e-01
5.464583736963760652e-01
5.537128878709597357e-01
5.403294969063539011e-01
5.456461103298725357e-01
5.331255623163321244e-01
5.326848714779585103e-01
5.409670475201728834e-01
5.418603090139535450e-01
5.389153171808291898e-01
5.318024772864121674e-01
5.428230430835332410e-01
5.363378230577859895e-01
5.411857718076461543e-01
5.356564730405807273e-01
5.483360071976979278e-01
5.391422968644362657e-01
5.292760761884542919e-01
5.295763808183181487e-01
5.480108057077114347e-01
5.431071766676046630e-01
5.416058144508264505e-01
5.471467516361139261e-01
5.277962775566639175e-01
5.452676279422564720e-01
5.360937100190382720e-01
5.337352349972113164e-01
5.411065064943754166e-01
5.282777462250146661e-01
5.339811030870829089e-01
5.393658780134641395e-01
5.316634787198825096e-01
5.386751939853032800e-01
5.414744940323706901e-01
5.283255498378705006e-01
5.329167860822799918e-01
5.394482140357678146e-01
5.358906104014470317e-01
5.370796663638872648e-01
5.413458610574404251e-01
5.298518881583824669e-01
5.469984006423216361e-01
5.314242178048842469e-01
5.339553057383268353e-01
5.406787259456439232e-01
5.406141067926700794e-01
5.323325545359880451e-01
5.304812205143464299e-01
5.407123125516450912e-01
5.413849496688598606e-01
5.395897045349463683e-01
5.354573303308242105e-01
5.407519810474835653e-01
5.329253898217127805e-01
5.469222390498870157e-01
5.415200760731330165e-01
5.338246548022979043e-01
5.272482743630042545e-01
5.405236081435129680e-01
5.395402611066133503e-01
5.404269133622829901e-01
5.414454601514033794e-01
5.327744964605722888e-01
5.293294418316620842e-01
5.318610155429595032e-01
5.367681291622993234e-01
5.292952691897367945e-01
5.318022296214715006e-01
5.321695105387613811e-01
5.310879089893438820e-01
5.391942079250628961e-01
5.386251120231090317e-01
5.326138759270692136e-01
5.378920556643069784e-01
5.280143552865737000e-01
5.266413646630752066e-01
5.271581319662240750e-01
5.265931393855657339e-01
5.265585714425795594e-01
5.368066178682523448e-01
5.362789274026186215e-01
5.293657092711864243e-01
5.314849983423184376e-01
5.361347287129133443e-01
5.350941185003671441e-01
5.373599702731156613e-01
5.280693725133553951e-01
5.354815778823999173e-01
5.338194995354383909e-01
5.285257904957502140e-01
5.300548316194461096e-01
5.388494027730745817e-01
5.375831364821165304e-01
5.316924106616239820e-01
5.424952536057203734e-01
5.315865310338827587e-01
5.405572004043138756e-01
5.232540291089278206e-01
5.422920344731746445e-01
5.295146476763945564e-01
5.352677859556980167e-01
5.302081542137341286e-01
5.365664269679631948e-01
5.284525206455817914e-01
5.212993083091882474e-01
5.318675815294950926e-01
5.233818459969300507e-01
5.302435172673983788e-01
5.383046461221498991e-01
5.327191669971514942e-01
5.210051717666479565e-01
5.243571609258651511e-01
5.305418049677824710e-01
5.334890222702270979e-01
5.239169998810841999e-01
5.310647921684460426e-01
5.262387672295937291e-01
5.248727159622388339e-01
5.245085088106301585e-01
5.333484599987665664e-01
5.231397809126437926e-01
5.237100637876070941e-01
5.318756449681062426e-01
5.306060749750870498e-01
5.301632901032765632e-01
5.292251465412286526e-01
5.298015668606146367e-01
5.329421026584429955e-01
5.272190689276425868e-01
5.224440792432197833e-01
5.318619887034098381e-01
5.241331604810861577e-01
5.269934832285612103e-01
5.402570202564581647e-01
5.289401340943116203e-01
5.320296043004745234e-01
5.231464726038468349e-01
5.251999362921103698e-01
5.198064863681792769e-01
5.235214775189375169e-01
5.283401343302849273e-01
5.279591937859853257e-01
5.258796947124676491e-01
5.263489511150579725e-01
5.274518800851626388e-01
5.288707548227065125e-01
5.250072725308246868e-01
5.299226991641216022e-01
5.191349201477490904e-01
5.241322694680630168e-01
5.302169226683103309e-01
5.330579462723854522e-01
5.246641768094820746e-01
5.234344062132713082e-01
5.246730659252557549e-01
5.194011019590573097e-01
5.236430877294295794e-01
5.194504631635470382e-01
5.241996868298604006e-01
