-8.107595145702362061e-02
-8.373666554689407349e-02
-9.112542122602462769e-02
-9.482211619615554810e-02
-9.711892157793045044e-02
-1.029032245278358459e-01
-1.048750281333923340e-01
-1.097912862896919250e-01
-1.127686277031898499e-01
-1.162056550383567810e-01
-1.173347905278205872e-01
-1.188054308295249939e-01
-1.216196343302726746e-01
-1.218141913414001465e-01
-1.226706504821777344e-01
-1.238257512450218201e-01
-1.263812780380249023e-01
-1.267127990722656250e-01
-1.272065639495849609e-01
-1.281699091196060181e-01
-1.287813633680343628e-01
-1.291340440511703491e-01
-1.288548409938812256e-01
-1.302956044673919678e-01
-1.300806254148483276e-01
-1.299336999654769897e-01
-1.296919137239456177e-01
-1.301211267709732056e-01
-1.301524490118026733e-01
-1.288131922483444214e-01
-1.291266083717346191e-01
-1.277051120996475220e-01
-1.272175312042236328e-01
-1.268795132637023926e-01
-1.257270723581314087e-01
-1.242644861340522766e-01
-1.228516474366188049e-01
-1.218095943331718445e-01
-1.206049919128417969e-01
-1.189374551177024841e-01
-1.172212883830070496e-01
-1.152169927954673767e-01
-1.137215718626976013e-01
-1.115803122520446777e-01
-1.106681078672409058e-01
-1.092630922794342041e-01
-1.076060384511947632e-01
-1.061863154172897339e-01
-1.045827567577362061e-01
-1.033218130469322205e-01
-1.017242223024368286e-01
-1.000387743115425110e-01
-9.837830811738967896e-02
-9.650982916355133057e-02
-9.462582319974899292e-02
-9.285009652376174927e-02
-9.044967591762542725e-02
-8.867484331130981445e-02
-8.649182319641113281e-02
-8.506445586681365967e-02
-8.292078971862792969e-02
-8.086457848548889160e-02
-7.935162633657455444e-02
-7.792067527770996094e-02
-7.627402245998382568e-02
-7.477408647537231445e-02
-7.311647385358810425e-02
-7.160062342882156372e-02
-6.913728266954421997e-02
-6.779922544956207275e-02
-6.597138196229934692e-02
-6.434567272663116455e-02
-6.314230710268020630e-02
-6.139330938458442688e-02
-6.011096388101577759e-02
-5.880440026521682739e-02
-5.743258446455001831e-02
-5.596116185188293457e-02
-5.458287522196769714e-02
-5.310710147023200989e-02
-5.183653905987739563e-02
-5.033921822905540466e-02
-4.900465905666351318e-02
-4.775863513350486755e-02
-4.642349481582641602e-02
-4.524348303675651550e-02
-4.425482824444770813e-02
-4.296920821070671082e-02
-4.175926372408866882e-02
-4.059906303882598877e-02
-3.941564261913299561e-02
-3.843543305993080139e-02
-3.737969696521759033e-02
-3.631664812564849854e-02
-3.517167642712593079e-02
-3.423625603318214417e-02
-3.323667496442794800e-02
-3.238602355122566223e-02
-3.133083134889602661e-02
-3.029469214379787445e-02
-2.937972173094749451e-02
-2.857937291264533997e-02
-2.764055877923965454e-02
-2.686460688710212708e-02
-2.597038261592388153e-02
-2.517577446997165680e-02
-2.442955784499645233e-02
-2.367207966744899750e-02
-2.299297973513603210e-02
-2.222005650401115417e-02
-2.149230986833572388e-02
-2.076776139438152313e-02
-2.009634301066398621e-02
-1.945495605468750000e-02
-1.879743486642837524e-02
-1.813828013837337494e-02
-1.755457557737827301e-02
-1.697144284844398499e-02
-1.641624420881271362e-02
-1.584294624626636505e-02
-1.530208438634872437e-02
-1.477651856839656830e-02
-1.429777219891548157e-02
-1.379419770091772079e-02
-1.332592591643333435e-02
-1.286349538713693619e-02
-1.242482569068670273e-02
-1.198546867817640305e-02
-1.156280748546123505e-02
-1.115036290138959885e-02
-1.076399628072977066e-02
-1.038477569818496704e-02
-1.002837065607309341e-02
-9.670257568359375000e-03
-9.328611195087432861e-03
-9.007601067423820496e-03
-8.683408610522747040e-03
-8.385679684579372406e-03
-8.082747459411621094e-03
-7.800977677106857300e-03
-7.519681472331285477e-03
-7.249251008033752441e-03
-6.992201320827007294e-03
-6.738408468663692474e-03
-6.496067158877849579e-03
-6.256135646253824234e-03
-6.030054297298192978e-03
-5.811444949358701706e-03
-5.598727613687515259e-03
-5.393999628722667694e-03
-5.196626763790845871e-03
-5.003463011234998703e-03
-4.816928878426551819e-03
-4.640737082809209824e-03
-4.468319937586784363e-03
-4.302729852497577667e-03
-4.143605008721351624e-03
-3.989273216575384140e-03
-3.842481644824147224e-03
-3.698866581544280052e-03
-3.560272743925452232e-03
-3.426074516028165817e-03
-3.297679359093308449e-03
-3.174656769260764122e-03
-3.056299872696399689e-03
-2.941579557955265045e-03
-2.830292331054806709e-03
-2.724126912653446198e-03
-2.621673280373215675e-03
-2.523396164178848267e-03
-2.428555395454168320e-03
-2.336514182388782501e-03
-2.248126314952969551e-03
-2.163322875276207924e-03
-2.082070568576455116e-03
-2.003343543037772179e-03
-1.927105477079749107e-03
-1.853848923929035664e-03
-1.783611951395869255e-03
-1.716088154353201389e-03
-1.651237020269036293e-03
-1.588402432389557362e-03
-1.528051332570612431e-03
-1.470025628805160522e-03
-1.414273516274988651e-03
-1.360511989332735538e-03
-1.308812177740037441e-03
-1.258823089301586151e-03
-1.211010967381298542e-03
-1.164919696748256683e-03
-1.120574423111975193e-03
-1.077917637303471565e-03
-1.036924426443874836e-03
-9.974859422072768211e-04
-9.594112052582204342e-04
-9.227729751728475094e-04
-8.876124629750847816e-04
-8.537831017747521400e-04
-8.212670218199491501e-04
-7.899138727225363255e-04
-7.597687072120606899e-04
-7.307410705834627151e-04
-7.028160616755485535e-04
-6.759600946679711342e-04
-6.501104217022657394e-04
-6.252999301068484783e-04
-6.014006212353706360e-04
-5.784282111562788486e-04
-5.563187296502292156e-04
-5.350696737878024578e-04
-5.145872128196060658e-04
-4.948962014168500900e-04
-4.759543517138808966e-04
-4.577552608679980040e-04
-4.402522172313183546e-04
-4.234078223817050457e-04
-4.071955627296119928e-04
-3.916170098818838596e-04
-3.766355512198060751e-04
-3.622112853918224573e-04
-3.483357140794396400e-04
-3.350075858179479837e-04
-3.221656952518969774e-04
-3.098275919910520315e-04
-2.979504351969808340e-04
-2.865380665753036737e-04
-2.755584428086876869e-04
-2.649974776431918144e-04
-2.548404736444354057e-04
-2.450751489959657192e-04
-2.356830373173579574e-04
-2.266471856273710728e-04
-2.179587609134614468e-04
-2.096101234201341867e-04
-2.015735517488792539e-04
-1.938484638230875134e-04
-1.864148362074047327e-04
-1.792707043932750821e-04
-1.723946770653128624e-04
-1.657826796872541308e-04
-1.594241184648126364e-04
-1.533119211671873927e-04
-1.474317396059632301e-04
-1.417766034137457609e-04
-1.363397022942081094e-04
-1.311093947151675820e-04
-1.260809513041749597e-04
-1.212444549310021102e-04
-1.165923313237726688e-04
-1.121224267990328372e-04
-1.078197674360126257e-04
-1.036836183629930019e-04
-9.970666724257171154e-05
-9.588170360075309873e-05
-9.220232459483668208e-05
-8.866574353305622935e-05
-8.526394231012091041e-05
-8.199348667403683066e-05
-7.884614024078473449e-05
-7.581993122585117817e-05
-7.290987559827044606e-05
-7.011150592006742954e-05
-6.742053665220737457e-05
-6.483285687863826752e-05
-6.234447937458753586e-05
-5.995159517624415457e-05
-5.765058449469506741e-05
-5.543786755879409611e-05
-5.331009379005990922e-05
-5.126399992150254548e-05
-4.929643182549625635e-05
-4.740437361760996282e-05
-4.558494038064964116e-05
-4.383532359497621655e-05
-4.215286389808170497e-05
-4.053498560097068548e-05
-3.897920032613910735e-05
-3.748313974938355386e-05
-3.604449739214032888e-05
-3.466106863925233483e-05
-3.333074346301145852e-05
-3.205145912943407893e-05
-3.082127659581601620e-05
-2.963831502711400390e-05
-2.850076089089270681e-05
-2.740686977631412446e-05
-2.635495911817997694e-05
-2.534342638682574034e-05
-2.437071634631138295e-05
-2.343533014936838299e-05
-2.253584170830436051e-05
-2.167088496207725257e-05
-2.083913022943306714e-05
-2.003929694183170795e-05
-1.927016455738339573e-05
-1.853055437095463276e-05
-1.781932769517879933e-05
-1.713539859338197857e-05
-1.647771387069951743e-05
-1.584527853992767632e-05
-1.523711853224085644e-05
-1.465230070607503876e-05
-1.408992739015957341e-05
-1.354914002149598673e-05
-1.302910914091626182e-05
-1.252903530257754028e-05
-1.204815725941443816e-05
-1.158573468273971230e-05
-1.114105907618068159e-05
-1.071345286618452519e-05
-1.030225848808186129e-05
-9.906842024065554142e-06
-9.526603207632433623e-06
-9.160960871668066829e-06
-8.809349310467951000e-06
-8.471234650642145425e-06
-8.146097570715937763e-06
-7.833440577087458223e-06
-7.532784820796223357e-06
-7.243666914291679859e-06
-6.965645752643467858e-06
-6.698294328089104965e-06
-6.441205187002196908e-06
-6.193984063429525122e-06
-5.956252607575152069e-06
-5.727643838326912373e-06
-5.507810328708728775e-06
-5.296414656186243519e-06
-5.093131676403572783e-06
-4.897648068435955793e-06
-4.709670520242070779e-06
-4.528907084022648633e-06
-4.355081728135701269e-06
-4.187928425380960107e-06
-4.027191607747226954e-06
-3.872622528433566913e-06
-3.723987902048975229e-06
-3.581056716939201578e-06
-3.443611149123171344e-06
-3.311441560072125867e-06
-3.184343313478166237e-06
-3.062124505959218368e-06
-2.944595962617313489e-06
-2.831579195117228664e-06
-2.722899807849898934e-06
-2.618391363284899853e-06
-2.517894472475745715e-06
-2.421254521323135123e-06
-2.328324171685380861e-06
-2.238958813904901035e-06
-2.153024752260535024e-06
-2.070388973152148537e-06
-1.990925284189870581e-06
-1.914510903588961810e-06
-1.841029984461783897e-06
-1.770369067344290670e-06
-1.702420263427484315e-06
-1.637079321881174110e-06
-1.574245402480300982e-06
-1.513823804089042824e-06
-1.455721189813630190e-06
-1.399849111294315662e-06
-1.346121280221268535e-06
-1.294455273637140635e-06
-1.244772647623904049e-06
-1.196996777252934407e-06
-1.151054334513901267e-06
-1.106875629375281278e-06
-1.064392336047603749e-06
-1.023539880407042801e-06
-9.842550525718252175e-07
-9.464781669521471485e-07
-9.101511295739328489e-07
-8.752184044169553090e-07
-8.416265018240665086e-07
-8.093239216577785555e-07
-7.782610396134259645e-07
-7.483905619665165432e-07
-7.196663887043541763e-07
-6.920447503944160417e-07
-6.654832986896508373e-07
-6.399412200153165031e-07
-6.153796334729122464e-07
-5.917606245020579081e-07
-5.690482112186145969e-07
-5.472074917634017766e-07
-5.262049853627104312e-07
-5.060087460151407868e-07
-4.865875666837382596e-07
-4.679116329953103559e-07
-4.499526369272643933e-07
-4.326829241563245887e-07
-4.160760624927206663e-07
-4.001066145065124147e-07
-3.847500238407519646e-07
-3.699828425851592328e-07
-3.557824470590276178e-07
-3.421270946546428604e-07
-3.289958385721547529e-07
-3.163685562412865693e-07
-3.042259777430444956e-07
-2.925493731709138956e-07
-2.813210642216290580e-07
-2.705235715438902844e-07
-2.601405526547750924e-07
-2.501560345535835950e-07
-2.405547547823516652e-07
-2.313218629979019170e-07
-2.224434467734681675e-07
-2.139057642125408165e-07
-2.056957839613460237e-07
-1.978009720460249810e-07
-1.902091355532320449e-07
-1.829086926363743260e-07
-1.758883882985173841e-07
-1.691375786094795330e-07
-1.626458754344639601e-07
-1.564033453860247391e-07
-1.504004103480838239e-07
-1.446278616867857636e-07
-1.390768744613524177e-07
-1.337389363698093803e-07
-1.286058477489859797e-07
-1.236697926287888549e-07
-1.189231753073727305e-07
-1.143586985108413501e-07
-1.099694557638031256e-07
-1.057486898048409785e-07
-1.016899275896321342e-07
-9.778695897466604947e-08
-9.403376566297083627e-08
-9.042463489095098339e-08
-8.695399600355813163e-08
-8.361659808997501386e-08
-8.040727550451265415e-08
-7.732114681857638061e-08
-7.435346560669131577e-08
-7.149969860620331019e-08
-6.875545466300536646e-08
-6.611653446952914237e-08
-6.357888082675344776e-08
-6.113864259305046289e-08
-5.879207520820273203e-08
-5.653555845697155746e-08
-5.436566041794321791e-08
-5.227904154025964090e-08
-5.027251148703726358e-08
-4.834299360823024472e-08
-4.648752849334414350e-08
-4.470328107686327712e-08
-4.298749800568657520e-08
-4.133758224611483456e-08
-3.975099360786771285e-08
-3.822529137664787413e-08
-3.675814852499570407e-08
-3.534732329057987954e-08
-3.399064851805633225e-08
-3.268604231720928510e-08
-3.143149740481021581e-08
-3.022512018446832371e-08
-2.906505436328643555e-08
-2.794950226814307825e-08
-2.687676570189978520e-08
-2.584520153448011115e-08
-2.485322880829698988e-08
-2.389933051460957358e-08
-2.298204826445271465e-08
-2.209997163049592928e-08
-2.125174525247075508e-08
-2.043607949531178747e-08
-1.965171136930621287e-08
-1.889745604444215132e-08
-1.817214823063295626e-08
-1.747467415214032371e-08
-1.680397687664481055e-08
-1.615901723539536761e-08
-1.553881645577348536e-08
-1.494242063415640587e-08
-1.436891583495025770e-08
-1.381741743244901954e-08
-1.328708787440291417e-08
-1.277711270120107656e-08
-1.228670853947733121e-08
-1.181513020753754972e-08
-1.136165117543441738e-08
-1.092558044035740750e-08
-1.050624209852912827e-08
-1.010299932602265471e-08
-9.715233950657875539e-09
-9.342350892893591663e-09
-8.983779942184355605e-09
-8.638967763374694186e-09
-8.307395660267502535e-09
-7.988550265736193978e-09
-7.681939528936254646e-09
-7.387098044375761674e-09
-7.103572396971458147e-09
-6.830928267476110705e-09
-6.568749100210879988e-09
-6.316630329905592589e-09
-6.074189151661357755e-09
-5.841052974631111283e-09
-5.616866971536182973e-09
-5.401285640971309476e-09
-5.193977248296732796e-09
-4.994625157905829838e-09
-4.802926056868273008e-09
-4.618584625859512016e-09
-4.441317091874452672e-09
-4.270853004584296286e-09
-4.106932571801280574e-09
-3.949304439032630398e-09
-3.797724801302138076e-09
-3.651963620399101274e-09
-3.511796853317150635e-09
-3.377009560878718730e-09
-3.247395463645830205e-09
-3.122755831697077156e-09
-3.002900816895248681e-09
-2.887645456084442230e-09
-2.776814334026767028e-09
-2.670237142510245576e-09
-2.567750456705653050e-09
-2.469197513121912380e-09
-2.374426877338464692e-09
-2.283293554228293942e-09
-2.195658321824112136e-09
-2.111386177006124854e-09
-2.030348555948080502e-09
-1.952421557760430915e-09
-1.877485056311911649e-09
-1.805424698630986313e-09
-1.736130128549007168e-09
-1.669495319767122510e-09
-1.605418020744764362e-09
-1.543800420833463249e-09
-1.484547151875403870e-09
-1.427568618872498973e-09
-1.372776781138895785e-09
-1.320087816836235106e-09
-1.269421012750626687e-09
-1.220699430426464005e-09
-1.173847463675770086e-09
-1.128793725158061534e-09
-1.085469381045811588e-09
-1.043807928979845201e-09
-1.003745309091641502e-09
-9.652203480925436452e-10
-9.281740376287928029e-10
-8.925493677480744736e-10
-8.582922705890894122e-10
-8.253500105581679236e-10
-7.936720725076895633e-10
-7.632101617360831369e-10
-7.339172047871045379e-10
-7.057485151840126036e-10
-6.786610162734518781e-10
-6.526131857143013804e-10
-6.275651109888258361e-10
-6.034784894026756774e-10
-5.803162950179796553e-10
-5.580430562091009961e-10
-5.366248001514861699e-10
-5.160284421990013470e-10
-4.962226185512008669e-10
-4.771769090972100003e-10
-4.588621427270567210e-10
-4.412504250872473222e-10
-4.243146112248297186e-10
-4.080288329433301442e-10
-3.923683322692994579e-10
-3.773087120517715221e-10
-3.628271294520146739e-10
-3.489014632762632573e-10
-3.355101196866883129e-10
-3.226327538463635847e-10
-3.102497425633288231e-10
-2.983419900015604753e-10
-2.868912885034546889e-10
-2.758800965452223863e-10
-2.652915109813136496e-10
-2.551093503111445671e-10
-2.453178771233410771e-10
-2.359022421849488182e-10
-2.268479432077086244e-10
-2.181412550594785671e-10
-2.097687440416606819e-10
-2.017175593227449326e-10
-1.939754190605214035e-10
-1.865304022352631819e-10
-1.793711013053922443e-10
-1.724865389407526095e-10
-1.658662651671249932e-10
-1.595001075660462675e-10
-1.533782961748997309e-10
-1.474914496091273008e-10
-1.418305611844417058e-10
-1.363869156500996382e-10
-1.311522140889920252e-10
-1.261183935064025263e-10
-1.212777933634612282e-10
-1.166230167992665656e-10
-1.121468959364158025e-10
-1.078425543310501666e-10
-1.037034347284304658e-10
-9.972317416284681713e-11
-9.589568028545158995e-11
-9.221508279200207880e-11
-8.867576117843611883e-11
-8.527226841303914284e-11
-8.199941420317102825e-11
-7.885218172853925012e-11
-7.582572764119888120e-11
-7.291543063780991929e-11
-7.011682900959215203e-11
-6.742565533679467649e-11
-6.483776709975686003e-11
-6.234920219005957165e-11
-5.995616503273737408e-11
-5.765497801402119649e-11
-5.544210923691395010e-11
-5.331417599063748014e-11
-5.126790311726914240e-11
-4.930017505344608253e-11
-4.740797684976705284e-11
-4.558840457913326816e-11
-4.383866533674840582e-11
-4.215608764845946155e-11
-4.053808677628722990e-11
-3.898218553510801598e-11
-3.748597959818411596e-11
-3.604723117223151974e-11
-3.466368858617840942e-11
-3.333324935517190113e-11
-3.205388038329815004e-11
-3.082362143302930235e-11
-2.964057124743568750e-11
-2.850293091827271752e-11
-2.740895184427660780e-11
-2.635696175201651670e-11
-2.534535081810673773e-11
-2.437255952614236776e-11
-2.343711162644535051e-11
-2.253756382908367328e-11
-2.167254743723479038e-11
-2.084073018326915161e-11
-2.004083704543191402e-11
-1.927164504367251396e-11
-1.853197456602728721e-11
-1.782069630751337286e-11
-1.713670698400004966e-11
-1.647897963918953934e-11
-1.584649425567796754e-11
-1.523829153138311909e-11
-1.465342257256363467e-11
-1.409101047650240801e-11
-1.355018094256754679e-11
-1.303010910974622405e-11
-1.252999787260122844e-11
-1.204907441182401229e-11
-1.158661708244856925e-11
-1.114190597423236895e-11
-1.071426888182847037e-11
-1.030304227350731239e-11
-9.907595577285377431e-12
-9.527331180925191489e-12
-9.161661013168398426e-12
-8.810024758332257733e-12
-8.471886386862692575e-12
-8.146724614355171923e-12
-7.834044177257304398e-12
-7.533363689804506436e-12
-7.244224751318251165e-12
-6.966181971546081542e-12
-6.698811210598121235e-12
-6.441702640053170725e-12
-6.194461610320445288e-12
-5.956711252724788963e-12
-5.728085974293639637e-12
-5.508234493523112008e-12
-5.296822442463211544e-12
-5.093524126781323602e-12
-4.898028597294379338e-12
-4.710037915245379736e-12
-4.529260213409491698e-12
-4.355421839158379882e-12
-4.188256512438481849e-12
-4.027505759451877054e-12
-3.872925851550190757e-12
-3.724278697936345139e-12
-3.581335531951945761e-12
-3.443879946843364515e-12
-3.311699655825228739e-12
-3.184592997293456129e-12
-3.062364814856999296e-12
-2.944827324699583748e-12
-2.831801199781880385e-12
-2.723113184596726022e-12
-2.618596745690426886e-12
-2.518091854822324116e-12
-2.421444121603055777e-12
-2.328506745058467331e-12
-2.239135309459183709e-12
-2.153195156895382212e-12
-2.070552496818978128e-12
-1.991082212299266629e-12
-1.914662005331191352e-12
-1.841174998920558359e-12
-1.770507677099908417e-12
-1.702553462795686201e-12
-1.637207079976943369e-12
-1.574368998884245752e-12
-1.513943159205111133e-12
-1.455836211132488511e-12
-1.399959466928668572e-12
-1.346227057781590464e-12
-1.294557234847448779e-12
-1.244870634527217579e-12
-1.197091037408171132e-12
-1.151145368263883917e-12
-1.106963045532927126e-12
-1.064476523419954912e-12
-1.023620641374400897e-12
-9.843326240904781699e-13
-9.465526236082655309e-13
-9.102226351115350056e-13
-8.752867137681863419e-13
-8.416920047223108714e-13
-8.093868457403896599e-13
-7.783215803629228713e-13
-7.484488289549728890e-13
-7.197223502938832063e-13
-6.920985052422112815e-13
-6.655346304444698102e-13
-6.399906646303854529e-13
-6.154268717903366159e-13
-5.918060637898070464e-13
-5.690918656459098557e-13
-5.472493660486910105e-13
-5.262453884116724545e-13
-5.060474066696796225e-13
-4.866244668506880533e-13
-4.679472954960406383e-13
-4.499869444077320146e-13
-4.327158748505810504e-13
-4.161077407117963478e-13
-4.001370361352701854e-13
-3.847793123620130151e-13
-3.700110422048819014e-13
-3.558095387334175852e-13
-3.421531450092246684e-13
-3.290207733000483081e-13
-3.163925284960233952e-13
-3.042489220630995028e-13
-2.925714412491814409e-13
-2.813421425083145744e-13
-2.705438683411193201e-13
-2.601600304543566500e-13
-2.501747723912539634e-13
-2.405726171657990298e-13
-2.313391719941521041e-13
-2.224601660652178459e-13
-2.139218842215143135e-13
-2.057113024844445248e-13
-1.978158441088076480e-13
-1.902234066878533136e-13
-1.829224028108630828e-13
-1.759016245378788867e-13
-1.691503111623388067e-13
-1.626581221060227622e-13
-1.564151233665253549e-13
-1.504116926495657758e-13
-1.446386819993136785e-13
-1.390872687205904623e-13
-1.337489011687606477e-13
-1.286154613800577495e-13
-1.236790211260954675e-13
-1.189320994118836516e-13
-1.143673507677037127e-13
-1.099778227471245873e-13
-1.057567323103046630e-13
-1.016976555593719633e-13
-9.779435833183469651e-14
-9.404088429200777033e-14
-9.043148716837701162e-14
-8.696061042480843217e-14
-8.362298212823832122e-14
-8.041342521329306048e-14
-7.732705399393288714e-14
-7.435913863818033320e-14
-7.150514582570169364e-14
-6.876069809022555823e-14
-6.612154671448849941e-14
-6.358373436056094508e-14
-6.114333757183121332e-14
-5.879656841695918290e-14
-5.653989307448890889e-14
-5.436982854494128159e-14
-5.228304429476769710e-14
-5.027635886821826827e-14
-4.834667890096962239e-14
-4.649105671836531450e-14
-4.470667000662509327e-14
-4.299077099086806575e-14
-4.134074403335311065e-14
-3.975403109457952000e-14
-3.822821643658172452e-14
-3.676097918908424744e-14
-3.535004930378844723e-14
-3.399326854074471993e-14
-3.268855997516639800e-14
-3.143393138556153932e-14
-3.022746847746934917e-14
-2.906729422587871203e-14
-2.795165527258881150e-14
-2.687883891698029937e-14
-2.584719683293781878e-14
-2.485514506885000419e-14
-2.390116912980716490e-14
-2.298381720133770706e-14
-2.210166626809024343e-14
-2.125337801800811222e-14
-2.043764971441843631e-14
-1.965323113669106836e-14
-1.889891610990911824e-14
-1.817355775146200364e-14
-1.747603289566166535e-14
-1.680528783352171901e-14
-1.616027902045114734e-14
-1.554002559229702984e-14
-1.494358226029023073e-14
-1.437002914665003184e-14
-1.381848787821013044e-14
-1.328811565718800852e-14
-1.277810187305314371e-14
-1.228766302032932578e-14
-1.181604862782528742e-14
-1.136253363533817895e-14
-1.092642601695009361e-14
-1.050705576959975324e-14
-1.010378168934608634e-14
-9.715985442137597267e-15
-9.343075798977102525e-15
-8.984476777460469188e-15
-8.639641194303770977e-15
-8.308043042046762972e-15
-7.989170712789303574e-15
-7.682537162586721563e-15
-7.387672288153290800e-15
-7.104124620928124745e-15
-6.831457515426913804e-15
-6.569258466604345134e-15
-6.317122169195157552e-15
-6.074662799691876724e-15
-5.841511898762447030e-15
-5.617307359821917256e-15
-5.401708252109017547e-15
-5.194383809257845097e-15
-4.995016817429653172e-15
-4.803302344763430223e-15
-4.618946470826479009e-15
-4.441665863097942965e-15
-4.271189047518227089e-15
-4.107257255521945191e-15
-3.949615106675500101e-15
-3.798024161204239732e-15
-3.652251061531195525e-15
-3.512071979200055531e-15
-3.377273885424585294e-15
-3.247649468890944323e-15
-3.123000312131238299e-15
-3.003136044490571817e-15
-2.887872224544680254e-15
-2.777032034165824274e-15
-2.670446702039263459e-15
-2.567951056740283219e-15
-2.469389667723062391e-15
-2.374611127848279268e-15
-2.283471017998426993e-15
-2.195828942462498164e-15
-2.111550646518352975e-15
-2.030506957641535146e-15
-1.952574209021745548e-15
-1.877631274947526817e-15
-1.805565076520420503e-15
-1.736264970061691514e-15
-1.669624970573814655e-15
-1.605542904707527377e-15
-1.543920093124474553e-15
-1.484662832804866175e-15
-1.427679644190398781e-15
-1.372883282887505177e-15
-1.320189892634407187e-15
-1.269519111180234059e-15
-1.220793329131193618e-15
-1.173937795829690673e-15
-1.128880513475208607e-15
-1.085552766519901416e-15
-1.043887956998291230e-15
-1.003822133922860349e-15
-9.652939932840512438e-16
-9.282444545337929266e-16
-8.926175076184482068e-16
-8.583578836382087414e-16
-8.254130136107855602e-16
-7.937327108340538461e-16
-7.632682709135464767e-16
-7.339731599767236690e-16
-7.058022735191441313e-16
-6.787128363769715216e-16
-6.526629204193167520e-16
-6.276129268558956840e-16
-6.035244745062858570e-16
-5.803603468603672853e-16
-5.580853391112697119e-16
-5.366652523037477446e-16
-5.160673168506544825e-16
-4.962599278351454996e-16
-4.772128038293564547e-16
-4.588967221966070743e-16
-4.412837308496379667e-16
-4.243467512039165957e-16
-4.080598428754332986e-16
-3.923979125131256667e-16
-3.773372167246909778e-16
-3.628545415134185438e-16
-3.489277316737817445e-16
-3.355354790332012137e-16
-3.226572695124856364e-16
-3.102733037164929434e-16
-2.983646292830283197e-16
-2.869128761850481876e-16
-2.759008390658114441e-16
-2.653114184476953932e-16
-2.551283883558041945e-16
-2.453362639690708554e-16
-2.359200104526816121e-16
-2.268651223674147347e-16
-2.181577824883181374e-16
-2.097845971069133616e-16
-2.017327813196527877e-16
-1.939900531488012283e-16
-1.865444350190889155e-16
-1.793846243346259250e-16
-1.724996229019877514e-16
-1.658788692791133179e-16
-1.595122652450845771e-16
-1.533899905116692993e-16
-1.475026615419986831e-16
-1.418413447854571558e-16
-1.363973052147761573e-16
-1.311621519098219498e-16
-1.261279836413834268e-16
-1.212870315291474902e-16
-1.166319237394950674e-16
-1.121554207877050943e-16
-1.078507728799791383e-16
-1.037113361016371734e-16
-9.973077094046459319e-17
-9.590298934715300741e-17
-9.222206870851653638e-17
-8.868247022317352502e-17
-8.527871464674642208e-17
-8.200562713732309581e-17
-7.885815858444452254e-17
-7.583146501844359173e-17
-7.292098040233901068e-17
-7.012217178637398878e-17
-6.743079077092245369e-17
-6.484272792270124198e-17
-6.235397968754559698e-17
-5.996076088697247604e-17
-5.765939222161724329e-17
-5.544635982823777347e-17
-5.331825903143279832e-17
-5.127183735703375934e-17
-4.930395813615785544e-17
-4.741160712265294339e-17
-4.559189911054243823e-17
-4.384203161191101031e-17
-4.215931794412908738e-17
-4.054119715602020528e-17
-3.898517447085690407e-17
-3.748888084336483189e-17
-3.605002002016354152e-17
-3.466637515721139086e-17
-3.333583528958514457e-17
-3.205637547914527285e-17
-3.082600718369919821e-17
-2.964287420995235167e-17
-2.850515014311221613e-17
-2.741107970591895407e-17
-2.635901350023113477e-17
-2.534732198024202874e-17
-2.437446328128983715e-17
-2.343894847827196454e-17
-2.253933000511644313e-17
-2.167424135945133530e-17
-2.084235574357410601e-17
-2.004240095370264868e-17
-1.927315110816915975e-17
-1.853342002997523816e-17
-1.782208937093271222e-17
-1.713805401774321109e-17
-1.648027668591859327e-17
-1.584774325202786875e-17
-1.523948756911557560e-17
-1.465457492308952888e-17
-1.409211361324939644e-17
-1.355123758149383525e-17
-1.303112461029396762e-17
-1.253097233445561710e-17
-1.205001726627339724e-17
-1.158752569654397351e-17
-1.114278211403748754e-17
-1.071510988501287096e-17
-1.030384891934130645e-17
-9.908373868479703920e-18
-9.528079236219674553e-18
-9.162380205868143359e-18
-8.810718430511637044e-18
-8.472552106848933376e-18
-8.147365901358411818e-18
-7.834660196950090342e-18
-7.533955228868688192e-18
-7.244791084693625883e-18
-6.966726877158412653e-18
-6.699331645163908374e-18
-6.442202138161493444e-18
-6.194942550228061241e-18
-5.957172791872143648e-18
-5.728530557985442439e-18
-5.508662228856091195e-18
-5.297232796336005938e-18
-5.093916351263840777e-18
-4.898405596042032262e-18
-4.710398196156692261e-18
-4.529607533525571150e-18
-4.355755675462851111e-18
-4.188576683401596347e-18
-4.027814544942221695e-18
-3.873221519491267523e-18
-3.724561033393543666e-18
-3.581608507112741976e-18
-3.444141635859238828e-18
-3.311951556528364581e-18
-3.184834782689431192e-18
-3.062597133693641836e-18
-2.945051046337100114e-18
-2.832016815631728883e-18
-2.723320320058585728e-18
-2.618795916700006907e-18
-2.518282512131697717e-18
-2.421627698325795262e-18
-2.328682375976886861e-18
-2.239304270019613391e-18
-2.153356482062597327e-18
-2.070707903978749014e-18
-1.991231356748888423e-18
-1.914805244822970261e-18
-1.841311901758858858e-18
-1.770640278559318971e-18
-1.702681394178646738e-18
-1.637330506871777632e-18
-1.574487837977322444e-18
-1.514056917556342178e-18
-1.455945411572960601e-18
-1.400064398111328264e-18
-1.346328263978045927e-18
-1.294654497907011426e-18
-1.244964310944879086e-18
-1.197181188884987751e-18
-1.151231719447973340e-18
-1.107045799076921985e-18
-1.064556012551910612e-18
-1.023696805809394395e-18
-9.844061403034318571e-19
-9.466234250541534886e-19
-9.102909642138337157e-19
-8.753529230911252093e-19
-8.417561036328831527e-19
-8.094483934605167052e-19
-7.783807304239438152e-19
-7.485054999391543993e-19
-7.197767934821517642e-19
-6.921509255768354533e-19
-6.655852964216589856e-19
-6.400395809617604011e-19
-6.154739711301605852e-19
-5.918512954980829363e-19
-5.691353132149399749e-19
-5.472911275986396200e-19
-5.262854963283148970e-19
-5.060858491673465303e-19
-4.866616838306466271e-19
-4.679831701173749937e-19
-4.500214084048805588e-19
-4.327490241847666456e-19
-4.161396510750081264e-19
-4.001676723260099996e-19
-3.848087895072785200e-19
-3.700392987243852149e-19
-3.558365817574555875e-19
-3.421790802117749744e-19
-3.290458302286939848e-19
-3.164167209795699234e-19
-3.042722620212195093e-19
-2.925938417898602995e-19
-2.813637534505048307e-19
-2.705647037584719162e-19
-2.601800974027222107e-19
-2.501940370058582110e-19
-2.405912455759418281e-19
-2.313571182052826728e-19
-2.224772826307376362e-19
-2.139383617908380872e-19
-2.057271724945714620e-19
-1.978311131622933981e-19
-1.902380733528482362e-19
-1.829364725376602341e-19
-1.759151567031569969e-19
-1.691632949531929085e-19
-1.626705992288993406e-19
-1.564271304382285857e-19
-1.504232984559538572e-19
-1.446498750483663603e-19
-1.390980584967606479e-19
-1.337593055763726959e-19
-1.286254866527447565e-19
-1.236886918112692913e-19
-1.189413601041596829e-19
-1.143762537010560923e-19
-1.099863415667518188e-19
-1.057649222458154756e-19
-1.017055269273629567e-19
-9.780194529445157882e-20
-9.404818028764033252e-20
-9.043851272847523787e-20
-8.696736561017009750e-20
-8.362945273162281472e-20
-8.041964945044468211e-20
-7.733304438174866605e-20
-7.436490062405819335e-20
-7.151068807104982908e-20
-6.876603171276499198e-20
-6.612669871091288335e-20
-6.358868887174998505e-20
-6.114808601206374132e-20
-5.880114843205205684e-20
-5.654428952827768996e-20
-5.437405194427411044e-20
-5.228709787702269612e-20
-5.028025754456674963e-20
-4.835043871313200050e-20
-4.649468808943769298e-20
-4.471017839599951496e-20
-4.299414697881851006e-20
-4.134397981791203998e-20
-3.975714367265416109e-20
-3.823121516234403442e-20
-3.676385814798605125e-20
-3.535282050111556523e-20
-3.399593733497316025e-20
-3.269113423567891815e-20
-3.143641756870961544e-20
-3.022984539833031316e-20
-2.906958241755690930e-20
-2.795385794289065751e-20
-2.688094814285969438e-20
-2.584921804328452054e-20
-2.485709244670959069e-20
-2.390304139211910851e-20
-2.298561569785397229e-20
-2.210340010958489210e-20
-2.125504561205506759e-20
-2.043925327320884908e-20
-1.965476616625606810e-20
-1.890039037230477800e-20
-1.817497074655424555e-20
-1.747739253388208483e-20
-1.680659106236706059e-20
-1.616153558741774934e-20
-1.554123898529534268e-20
-1.494474967517797785e-20
-1.437114838798646993e-20
-1.381956432225565081e-20
-1.328914687135952601e-20
-1.277909389628611784e-20
-1.228861779830765363e-20
-1.181696571381973944e-20
-1.136341789875422607e-20
-1.092727641946927193e-20
-1.050787161509787851e-20
-1.010456452092859128e-20
-9.716735559295562404e-21
-9.343795040894921085e-21
-8.985168624500568487e-21
-8.640305394899847222e-21
-8.308680286274242186e-21
-7.989783580883010252e-21
-7.683125755824581953e-21
-7.388235867449427587e-21
-7.104663974740758055e-21
-6.831978715933824026e-21
-6.569760442270596887e-21
-6.317604853070820008e-21
-6.075127438596626942e-21
-5.841957421600789330e-21
-5.617735737842799534e-21
-5.402119882850272317e-21
-5.194780276847893581e-21
-4.995397841376719532e-21
-4.803668038262011408e-21
-4.619298446232534643e-21
-4.442003106365590242e-21
-4.271513023403385080e-21
-4.107566472230228552e-21
-3.949912632943583827e-21
-3.798309571370150481e-21
-3.652525854652998397e-21
-3.512336108386949552e-21
-3.377528488709072275e-21
-3.247895392672661361e-21
-3.123237295266681072e-21
-3.003362951364156867e-21
-2.888090405464134088e-21
-2.777241539085101073e-21
-2.670648129216741250e-21
-2.568145385971397572e-21
-2.469577203242257664e-21
-2.374791917787127353e-21
-2.283644328712348041e-21
-2.195994081885662804e-21
-2.111709506955659393e-21
-2.030659337467709032e-21
-1.952719779057677197e-21
-1.877772086071222781e-21
-1.805701349873447669e-21
-1.736396296900505007e-21
-1.669751409117712432e-21
-1.605664197716263631e-21
-1.544036717726166362e-21
-1.484774861196871379e-21
-1.427786943558530277e-21
-1.372986833822067403e-21
-1.320289915611345132e-21
-1.269615308595472962e-21
-1.220886373359786864e-21
-1.174027177308993882e-21
-1.128966533635006873e-21
-1.085635375987851927e-21
-1.043967465295039446e-21
-1.003898279045409592e-21
-9.653673336956372609e-22
-9.283153573927477663e-22
-8.926857036128589977e-22
-8.584231394708310008e-22
-8.254759156912812772e-22
-7.937931917665901432e-22
-7.633265000827408197e-22
-7.340290895870462888e-22
-7.058558248139534250e-22
-6.787641956270016784e-22
-6.527122977349057090e-22
-6.276604482786892788e-22
-6.035701256026286356e-22
-5.804042216897421828e-22
-5.581276480069656899e-22
-5.367060733277039384e-22
-5.161065800641038659e-22
-4.962979167025442370e-22
-4.772492861132852231e-22
-4.589319106505043619e-22
-4.413175680264564665e-22
-4.243792476437467693e-22
-4.080910748646840212e-22
-3.924280333322418534e-22
-3.773661669184505143e-22
-3.628823777760051327e-22
-3.489545020689126190e-22
-3.355612342418447641e-22
-3.226819755588444370e-22
-3.102970865388152553e-22
-2.983875083022870794e-22
-2.869350654940036172e-22
-2.759222138474327534e-22
-2.653319896976686153e-22
-2.551482119298233096e-22
-2.453553557612820867e-22
-2.359382750626647033e-22
-2.268827324723537304e-22
-2.181747683077703771e-22
-2.098008898919917432e-22
-2.017484880723087760e-22
-1.940051304008551924e-22
-1.865589902749399190e-22
-1.793986702322043226e-22
-1.725131262199753090e-22
-1.658918443001080926e-22
-1.595247018094668774e-22
-1.534019421163758898e-22
-1.475142124859428297e-22
-1.418524252405395508e-22
-1.364079723299682816e-22
-1.311724476524229869e-22
-1.261378994899790389e-22
-1.212965780731035465e-22
-1.166410617984001903e-22
-1.121642193632857724e-22
-1.078592223877646997e-22
-1.037194318184586322e-22
-9.973854938990028527e-23
-9.591044723057790217e-23
-9.222928145890560561e-23
-8.868942276346373845e-23
-8.528541853767541306e-23
-8.201206861045341253e-23
-7.886433689377880592e-23
-7.583741449157336594e-23
-7.292668183437611835e-23
-7.012767712490713310e-23
-6.743609633806752436e-23
-6.484781215360117578e-23
-6.235889288875646586e-23
-5.996547628054143250e-23
-5.766392094701757553e-23
-5.545069279132950481e-23
-5.332242811057735795e-23
-5.127581999984644845e-23
-4.930778559071917262e-23
-4.741529250187586088e-23
-4.559543456974167902e-23
-4.384543500393024908e-23
-4.216258958925847344e-23
-4.054433610550619424e-23
-3.898817544132567133e-23
-3.749176625755020873e-23
-3.605277983678759402e-23
-3.466902945660855456e-23
-3.333838834801261450e-23
-3.205882440530792451e-23
-3.082837494256229472e-23
-2.964513722727233204e-23
-2.850731265657413257e-23
-2.741316573647621008e-23
-2.636101146008501249e-23
-2.534925001748475159e-23
-2.437631315319584800e-23
-2.344072411960372800e-23
-2.254104245669545802e-23
-2.167589081333052216e-23
-2.084394074774452825e-23
-2.004392692704550178e-23
-1.927460926189043532e-23
-1.853482497130503310e-23
-1.782343336242034554e-23
-1.713934422946535719e-23
-1.648151154287974501e-23
-1.584893029387025741e-23
-1.524062860580166211e-23
-1.465567246736217744e-23
-1.409316415484166187e-23
-1.355225169846247673e-23
-1.303210521655232950e-23
-1.253191612668336865e-23
-1.205092633352567679e-23
-1.158839667441106182e-23
-1.114361875224663528e-23
-1.071591256893209666e-23
-1.030462258105520729e-23
-9.909118488752695591e-24
-9.528796813432067485e-24
-9.163069853718933318e-24
-8.811380673814207056e-24
-8.473185748554191421e-24
-8.147974684933208421e-24
-7.835243400832821826e-24
-7.534517001988088590e-24
-7.245334004769454419e-24
-6.967249491626374664e-24
-6.699839055391840419e-24
-6.442692488395136759e-24
-6.195413782461842735e-24
-5.957625467648810094e-24
-5.728964273509184560e-24
-5.509078762509690171e-24
-5.297633668765607998e-24
-5.094303981583986984e-24
-4.898780073059527882e-24
-4.710758231743720603e-24
-4.529953284419327749e-24
-4.356088340908616747e-24
-4.188895977364717674e-24
-4.028121391715244142e-24
-3.873515698344598922e-24
-3.724845788855289206e-24
-3.581882499154348289e-24
-3.444406131479672120e-24
-3.312204876678208856e-24
-3.185079152940937583e-24
-3.062831745041553046e-24
-2.945276679021649393e-24
-2.832233108518704707e-24
-2.723527286918344059e-24
-2.618994539506602564e-24
-2.518474333089267745e-24
-2.421812839789821505e-24
-2.328860767681950768e-24
-2.239475530157036837e-24
-2.153522232000286917e-24
-2.070867358503492352e-24
-1.991385086352270392e-24
-1.914952944891085474e-24
-1.841454379921191193e-24
-1.770777570409272472e-24
-1.702812667474277284e-24
-1.637456626160461135e-24
-1.574609162525247803e-24
-1.514173739715360868e-24
-1.456057765182050013e-24
-1.400172294858251568e-24
-1.346431934550975360e-24
-1.294754051080399487e-24
-1.245059856963615001e-24
-1.197273128515654921e-24
-1.151320501672333694e-24
-1.107131570597860344e-24
-1.064638591861999017e-24
-1.023776484440068979e-24
-9.844827311053314655e-25
-9.466972798213765263e-25
-9.103617548812178068e-25
-8.754210346291029888e-25
-8.418211807006375856e-25
-8.095110650484019604e-25
-7.784409401315606131e-25
-7.485634742958002830e-25
-7.198326670895852700e-25
-6.922047367326758077e-25
-6.656369861285768090e-25
-6.400890354597022733e-25
-6.155216388960174552e-25
-5.918971283292980516e-25
-5.691793147655170483e-25
-5.473335869324578737e-25
-5.263262703302289056e-25
-5.061251695731358116e-25
-4.866996176934881248e-25
-4.680195393692742942e-25
-4.500563876964866344e-25
-4.327826511510555626e-25
-4.161720015002693275e-25
-4.001987021570950937e-25
-3.848385942563104675e-25
-3.700680119707588188e-25
-3.558643741570281960e-25
-3.422059131845151568e-25
-3.290716502835214800e-25
-3.164414941528673178e-25
-3.042960437446648911e-25
-2.926168101314480824e-25
-2.813857974238165374e-25
-2.705859465046948515e-25
-2.602004694279437903e-25
-2.502137122349753743e-25
-2.406102921381377937e-25
-2.313753440397482900e-25
-2.224948410068359023e-25
-2.139552244925921442e-25
-2.057433427066127843e-25
-1.978465862003659305e-25
-1.902529864748051827e-25
-1.829507845720620902e-25
-1.759289241135119148e-25
-1.691765829136111557e-25
-1.626833825210754990e-25
-1.564394128707831057e-25
-1.504350350685483066e-25
-1.446611525620577719e-25
-1.391088660142244770e-25
-1.337697074962689401e-25
-1.286354802503478493e-25
-1.236982956674089943e-25
-1.189506349169494873e-25
-1.143851887096443901e-25
-1.099949189271049337e-25
-1.057731695554433160e-25
-1.017134201662398195e-25
-9.780953859855151533e-26
-9.405549746202444909e-26
-9.044553437426501421e-26
-8.697413963488830768e-26
-8.363595761790497748e-26
-8.042589770528601927e-26
-7.733904184232544580e-26
-7.437063837466446489e-26
-7.151619449292880998e-26
-6.877132832130901125e-26
-6.613178740648786167e-26
-6.359357197715685783e-26
-6.115276854366900488e-26
-5.880565466862779115e-26
-5.654860652224985763e-26
-5.437818516402650647e-26
-5.229108723891712468e-26
-5.028409875503051885e-26
-4.835413206147984735e-26
-4.649824433731008649e-26
-4.471358520620354316e-26
-4.299742446987105402e-26
-4.134713053763660834e-26
-3.976017658941317008e-26
-3.823413441272685580e-26
-3.676665899527737960e-26
-3.535551317684134129e-26
-3.399851834546565000e-26
-3.269360990424992264e-26
-3.143878488605199646e-26
-3.023212044241539526e-26
-2.907177076208141830e-26
-2.795595782652540730e-26
-2.688296832846883536e-26
-2.585116599783095110e-26
-2.485897311280131248e-26
-2.390485509240023176e-26
-2.298735285210184117e-26
-2.210507355937035985e-26
-2.125664903357329513e-26
-2.044079583499570733e-26
-1.965625363508198947e-26
-1.890182527577871042e-26
-1.817635057688737132e-26
-1.747871866201604961e-26
-1.680785563262775497e-26
-1.616275230143162849e-26
-1.554240564411263329e-26
-1.494586502165021984e-26
-1.437222601734250389e-26
-1.382060424415902281e-26
-1.329015229292424624e-26
-1.278006050268955376e-26
-1.228954694589752417e-26
-1.181785819875391318e-26
-1.136427473383149772e-26
-1.092809782374645409e-26
-1.050866417822593534e-26
-1.010532899592456061e-26
-9.717472897772214975e-27
-9.344507319577893693e-27
-8.985851400870369574e-27
-8.640964340521258681e-27
-8.309313041121954628e-27
-7.990392138655050204e-27
-7.683708595054782277e-27
-7.388797105646586890e-27
-7.105205462079521920e-27
-6.832500715302089117e-27
-6.570259931098501045e-27
-6.318085982714225053e-27
-6.075590602672472677e-27
-5.842402471679966057e-27
-5.618164137139026922e-27
-5.402529316845654447e-27
-5.195173684197213822e-27
-4.995775608892992377e-27
-4.804031949559743563e-27
-4.619647653729987254e-27
-4.442338839329920773e-27
-4.271837031725296538e-27
-4.107878763699722375e-27
-3.950212893988450189e-27
-3.798599836906398208e-27
-3.652804629000351190e-27
-3.512605403140715723e-27
-3.377787610731687072e-27
-3.248144406897238045e-27
-3.123476457888124565e-27
-3.003593481825841172e-27
-2.888311937586687763e-27
-2.777454832208775151e-27
-2.670852876449991698e-27
-2.568342366265064489e-27
-2.469766338363525964e-27
-2.374973992430730603e-27
-2.283819535569888291e-27
-2.196163915639014271e-27
-2.111872895320984752e-27
-2.030816666937548034e-27
-1.952871393193280018e-27
-1.877918244210612012e-27
-1.805841086413897465e-27
-1.736530912168284060e-27
-1.669881410140841621e-27
-1.605789061597059334e-27
-1.544156895964237303e-27
-1.484890253785608894e-27
-1.427898520057290688e-27
-1.373094161263310285e-27
-1.320393110561595183e-27
-1.269714767783972775e-27
-1.220981517953684256e-27
-1.174118731285384620e-27
-1.129054666888645443e-27
-1.085719991285468785e-27
-1.044049030264751040e-27
-1.003976976283863578e-27
-9.654430662530609829e-28
-9.283883667160450038e-28
-8.927556775534673403e-28
-8.584905912443990530e-28
-8.255406261978555897e-28
-7.938550823080509564e-28
-7.633859557711213013e-28
-7.340862057481749660e-28
-7.059110062197563379e-28
-6.788174089481055813e-28
-6.527636212534294934e-28
-6.277097763858792584e-28
-6.036175001913129605e-28
-5.804497666665497552e-28
-5.581714275901045755e-28
-5.367482014089673284e-28
-5.161472028693376020e-28
-4.963368467201274456e-28
-4.772868958612099796e-28
-4.589680280091819084e-28
-4.413521727351037879e-28
-4.244125114645000259e-28
-4.081229478466241754e-28
-3.924585410886964216e-28
-3.773954337335306677e-28
-3.629105386959185717e-28
-3.489815633367538513e-28
-3.355872983525239421e-28
-3.227070399963266813e-28
-3.103211197086050143e-28
-2.984104707829095074e-28
-2.869571339225087497e-28
-2.759433424236657689e-28
-2.653522684734914815e-28
-2.551677583345773396e-28
-2.453741156778765872e-28
-2.359564145463202232e-28
-2.269000660205795144e-28
-2.181913237756763968e-28
-2.098168266726216839e-28
-2.017638154255338105e-28
-1.940198798233336311e-28
-1.865731633598010119e-28
-1.794122789741397633e-28
-1.725262247915425733e-28
-1.659044683826260742e-28
-1.595368384298714708e-28
-1.534136330611839125e-28
-1.475253670715872921e-28
-1.418631450721509711e-28
-1.364182642669387497e-28
-1.311823348236303909e-28
-1.261473761700188402e-28
-1.213056725492643962e-28
-1.166498091310811681e-28
-1.121726238634884657e-28
-1.078672556210594097e-28
-1.037271803161073881e-28
-9.974604237981592321e-29
-9.591767281783189957e-29
-9.223623365501139340e-29
-8.869609756479814823e-29
-8.529181175803711772e-29
-8.201821233506491358e-29
-7.887025576683967174e-29
-7.584312120996934789e-29
-7.293218041405633647e-29
-7.013295559197993715e-29
-6.744116756814496454e-29
-6.485266957463990988e-29
-6.236354956626523658e-29
-5.996994364607001776e-29
-5.766822263981529872e-29
-5.545484765122826792e-29
-5.332643024731301905e-29
-5.127970236569517004e-29
-4.931153737948062973e-29
-4.741889893974145011e-29
-4.559889514229551223e-29
-4.384875445358222133e-29
-4.216577455314835907e-29
-4.054740358381761236e-29
-3.899114686445889211e-29
-3.749462707529709533e-29
-3.605553911893003355e-29
-3.467168021298381386e-29
-3.334094086231622461e-29
-3.206126874783027817e-29
-3.083071988398835866e-29
-2.964738940570484559e-29
-2.850948679998456644e-29
-2.741526368354988218e-29
-2.636304088623053019e-29
-2.535119340463593373e-29
-2.437818651334165923e-29
-2.344251858884419227e-29
-2.254276775317677820e-29
-2.167754823955911965e-29
-2.084552694335783608e-29
-2.004544599157799958e-29
-1.927607760388006327e-29
-1.853624214817308999e-29
-1.782479911281813790e-29
-1.714065763905764394e-29
-1.648277802564819281e-29
-1.585015066400175025e-29
-1.524180356134950833e-29
-1.465680384537465449e-29
-1.409425475494683343e-29
-1.355330316328599235e-29
-1.303310948530699994e-29
-1.253288153185695006e-29
-1.205185494948916401e-29
-1.158929021119765248e-29
-1.114447863494819173e-29
-1.071673862209640096e-29
-1.030541640970412686e-29
-9.909880052008367345e-30
-9.529527695901501420e-30
-9.163774039236367649e-30
-8.812058606306493964e-30
-8.473841233947790508e-30
-8.148606585436856789e-30
-7.835852865745213791e-30
-7.535102353968687334e-30
-7.245899146378254504e-30
-6.967791853143199542e-30
-6.700359177088187740e-30
-6.443191858100036810e-30
-6.195893425444101411e-30
-5.958086592453541622e-30
-5.729408366472823521e-30
-5.509506663433988815e-30
-5.298045574071346529e-30
-5.094699721548589052e-30
-4.899159151515291564e-30
-4.711123313575835823e-30
-4.530304070554948270e-30
-4.356425322339507765e-30
-4.189220372771199748e-30
-4.028433810437477552e-30
-3.873816994773255247e-30
-3.725136331541137429e-30
-3.582160859611074534e-30
-3.444673159547938471e-30
-3.312462582764061887e-30
-3.185326379993814954e-30
-3.063069137056316975e-30
-2.945505031804589962e-30
-2.832452755989963086e-30
-2.723739653002187569e-30
-2.619200025157571501e-30
-2.518671748275249474e-30
-2.422002290208258786e-30
-2.329042504233367106e-30
-2.239651331028475759e-30
-2.153690720537024176e-30
-2.071029769708104786e-30
-1.991541148993636521e-30
-1.915103547376614519e-30
-1.841599979659244947e-30
-1.770917034146560470e-30
-1.702946941516477702e-30
-1.637585505949739753e-30
-1.574733139564944961e-30
-1.514292323350749108e-30
-1.456171838945528385e-30
-1.400281690501783838e-30
-1.346537242426256261e-30
-1.294855739916647766e-30
-1.245157531475746634e-30
-1.197367009306907976e-30
-1.151410352364900153e-30
-1.107217783305058352e-30
-1.064721405573679080e-30
-1.023856143803500814e-30
-9.845593676555117427e-31
-9.467707977794016991e-31
-9.104327879322063583e-31
-8.754894786223746451e-31
-8.418869851888648660e-31
-8.095741501175292349e-31
-7.785014615863111172e-31
-7.486216177025334239e-31
-7.198886331271919872e-31
-6.922584503320179878e-31
-6.656887985401558561e-31
-6.401388645877450424e-31
-6.155694339832421152e-31
-5.919430789865168928e-31
-5.692232652331458185e-31
-5.473757623276329474e-31
-5.263668100722226632e-31
-5.061641058821543696e-31
-4.867369928647586213e-31
-4.680553783646543678e-31
-4.500909094580997754e-31
-4.328157034190933395e-31
-4.162036172532727724e-31
-4.002292602826603128e-31
-3.848680176555497418e-31
-3.700962854453765481e-31
-3.558915646902659930e-31
-3.422320382150668148e-31
-3.290967587104473604e-31
-3.164656017131215522e-31
-3.043192656058488882e-31
-2.926391540679993600e-31
-2.814072585261183700e-31
-2.706065578220060114e-31
-2.602203129161065750e-31
-2.502326546346839599e-31
-2.406283720808385256e-31
-2.313927480652979771e-31
-2.225115826163043812e-31
-2.139712635092752157e-31
-2.057587897766903863e-31
-1.978614895894480286e-31
-1.902673729051697553e-31
-1.829646730254038352e-31
-1.759422462637044732e-31
-1.691893721115921699e-31
-1.626956474440621482e-31
-1.564512098635110089e-31
-1.504464203162620094e-31
-1.446721334562657523e-31
-1.391194272813994963e-31
-1.337798734971678458e-31
-1.286451613585104870e-31
-1.237076031323730424e-31
-1.189595698604186751e-31
-1.143937147029547460e-31
-1.100031610180289446e-31
-1.057811262032370263e-31
-1.017211215297624522e-31
-9.781693450996112632e-32
-9.406261126494613392e-32
-9.045236836251142930e-32
-8.698069273415165593e-32
-8.364225351298583474e-32
-8.043196080847490522e-32
-7.734488342181716788e-32
-7.437628411077880889e-32
-7.152165485452442479e-32
-6.877655228440790733e-32
-6.613682102789909973e-32
-6.359841738443117330e-32
-6.115742108034413573e-32
-5.881012343096114270e-32
-5.655289803620990745e-32
-5.438233008500129123e-32
-5.229507529590720464e-32
-5.028791869187814872e-32
-4.835781868128137080e-32
-4.650178656972990522e-32
-4.471699529331002437e-32
-4.300070301144843527e-32
-4.135026192311991072e-32
-3.976318879650833863e-32
-3.823702097094874631e-32
-3.676943978383413680e-32
-3.535818828601093131e-32
-3.400108887419423155e-32
-3.269608443327009852e-32
-3.144117662284213432e-32
-3.023442293849560513e-32
-2.907399254777910524e-32
-2.795809576054350771e-32
-2.688502517124424317e-32
-2.585314978146954569e-32
-2.486087679637405108e-32
-2.390668542014138300e-32
-2.298911657040858329e-32
-2.210676847016229637e-32
-2.125828048469144544e-32
-2.044236250894600304e-32
-1.965776117207440491e-32
-1.890327306173499673e-32
-1.817774472409603413e-32
-1.748005943952423594e-32
-1.680915632436798504e-32
-1.616400535170237340e-32
-1.554361029006507914e-32
-1.494702633587162884e-32
-1.437334395036807375e-32
-1.382167563531954306e-32
-1.329118385100107587e-32
-1.278105603694266629e-32
-1.229050240787735559e-32
-1.181877725957634087e-32
-1.136515839769783571e-32
-1.092895081120691641e-32
-1.050948446832361428e-32
-1.010611945931070044e-32
-9.718233506846208324e-33
-9.345234455650911219e-33
-8.986552925648629576e-33
-8.641638638546384712e-33
-8.309961887202337332e-33
-7.991016474361664591e-33
-7.684310896448928918e-33
-7.389376425091739926e-33
-7.105764903068846619e-33
-6.833036989366629167e-33
-6.570776118174514920e-33
-6.318581152045285775e-33
-6.076064545185155007e-33
-5.842857853583536756e-33
-5.618601082095491697e-33
-5.402951867991342838e-33
-5.195581440194844571e-33
-4.996168374469443926e-33
-4.804409613677819533e-33
-4.620010549548296556e-33
-4.442687594068739117e-33
-4.272172220248381251e-33
-4.108201043884241839e-33
-3.950523537742801880e-33
-3.798898358140158174e-33
-3.653091875574084792e-33
-3.512881848143879394e-33
-3.378052646104563016e-33
-3.248398925286726392e-33
-3.123720851650729731e-33
-3.003826856351587465e-33
-2.888536023461868350e-33
-2.777670375790018200e-33
-2.671060017668144730e-33
-2.568541849255071349e-33
-2.469958097168398627e-33
-2.375157783852442827e-33
-2.283995441881289691e-33
-2.196332950668717600e-33
-2.112034761022397359e-33
-2.030972119576715465e-33
-1.953021048411858629e-33
-1.878061610369844514e-33
-1.805979745764444896e-33
-1.736663782632331657e-33
-1.670008477494907740e-33
-1.605911158267468510e-33
-1.544274111982101865e-33
-1.485003115419749705e-33
-1.428006884097230987e-33
-1.373198357964187936e-33
-1.320493415706139832e-33
-1.269811425757459958e-33
-1.221074419781910180e-33
-1.174208102863098683e-33
-1.129140200465549128e-33
-1.085802203309127653e-33
-1.044127806165608189e-33
-1.004052632352183985e-33
-9.655157030994061324e-34
-9.284579681832450448e-34
-8.928225814315789250e-34
-8.585548088886976103e-34
-8.256020288153025718e-34
-7.939144663724761783e-34
-7.634432650762623783e-34
-7.341414510703763594e-34
-7.059642545504411009e-34
-6.788684669155142679e-34
-6.528125785213324484e-34
-6.277567786803111532e-34
-6.036627719905524999e-34
-5.804934569116086601e-34
-5.582134767774588073e-34
-5.367886228657840896e-34
-5.161859721512118672e-34
-4.963739791408118702e-34
-4.773225217918442774e-34
-4.590022586632866106e-34
-4.413851340110626035e-34
-4.244442859525460437e-34
-4.081536332068280617e-34
-3.924881965189536838e-34
-3.774241216187958719e-34
-3.629381282080785752e-34
-3.490080609733536783e-34
-3.356127288738827247e-34
-3.227314230052820874e-34
-3.103446053657441538e-34
-2.984332200898161406e-34
-2.869790148726366473e-34
-2.759644491344394974e-34
-2.653725792261835415e-34
-2.551871961827968942e-34
-2.453928257231769340e-34
-2.359743838670797108e-34
-2.269172687706161041e-34
-2.182079346981028100e-34
-2.098328818316046040e-34
-2.017792991194074462e-34
